# Radius RDF_mean RDF_std
7.500000000000896228e-02 1.743475908266685337e+03 1.055472787356115383e+00
2.249999999999577616e-01 1.416326999168023015e-01 6.304681229921109686e-01
3.750000000000000000e-01 1.453201784945142294e-01 4.915152665963162248e-01
5.249999999999700462e-01 1.563586695615705457e-01 4.315994346547689653e-01
6.750000000001169509e-01 1.434950628348393431e-01 3.649125611450885764e-01
8.249999999998777200e-01 1.506228336393322376e-01 3.385321440667642956e-01
9.750000000001839418e-01 1.529787878482307129e-01 3.146450545518701958e-01
1.125000000000000000e+00 1.611316396686548746e-01 2.950393611578965292e-01
1.274999999999773648e+00 1.671689820458968356e-01 2.850575489352965564e-01
1.424999999999764455e+00 1.748023636780679513e-01 2.762695809643084810e-01
1.575000000000282396e+00 1.809019523028548293e-01 2.658840588101740177e-01
1.725000000000170397e+00 1.864144308655492632e-01 2.617785795956943384e-01
1.875000000000000000e+00 1.931568324072540643e-01 2.545250905256564167e-01
2.025000000000070521e+00 2.060394174989726435e-01 2.513383514174274969e-01
2.174999999999594813e+00 2.163359297239803858e-01 2.495232346474874907e-01
2.325000000000426059e+00 2.218164349718254047e-01 2.439129900545575769e-01
2.474999999999678124e+00 2.419209430531722715e-01 2.452426368055091177e-01
2.625000000000000000e+00 2.560163698242538532e-01 2.465291074763318602e-01
2.775000000000444444e+00 2.660284760151704342e-01 2.455977209042840281e-01
2.924999999999512212e+00 2.900128839443268380e-01 2.480533228482834640e-01
3.075000000000499334e+00 3.053207733665962986e-01 2.495032758468960499e-01
3.224999999999414779e+00 3.206469215675201156e-01 2.503176369506943666e-01
3.375000000000000000e+00 3.442205381409711440e-01 2.531453020875389370e-01
3.525000000000659384e+00 3.688370134431651626e-01 2.526512745628654022e-01
3.674999999999857714e+00 3.949843704720086834e-01 2.578597418074215497e-01
3.825000000000022382e+00 4.177992105098582987e-01 2.558364576766254950e-01
3.974999999999250466e+00 4.452646195106790272e-01 2.663403926814359446e-01
4.125000000000000000e+00 4.815968922614893843e-01 2.719939104859159795e-01
4.275000000000798828e+00 5.294207680477884814e-01 2.756654806819872072e-01
4.425000000000374634e+00 5.752381354458641072e-01 2.857984021773536387e-01
4.574999999999541878e+00 6.417092004766556945e-01 2.974073658814870291e-01
4.724999999999138112e+00 7.293811342573328638e-01 3.109468739247042701e-01
4.875000000000000000e+00 8.069647175596849076e-01 3.179271885133559961e-01
5.025000000000897415e+00 8.613414597695855379e-01 3.295285839974397279e-01
5.175000000000743228e+00 8.788247693318770315e-01 3.244246152962258489e-01
5.324999999999196376e+00 8.866945926953381241e-01 3.243390531689810952e-01
5.474999999999057287e+00 8.818377708283405836e-01 3.204347973497027047e-01
5.625000000000000000e+00 8.721222061622324606e-01 3.164520319257653758e-01
5.775000000000969358e+00 8.746442325377323801e-01 3.064026332056635771e-01
5.925000000001017675e+00 8.875514821765779772e-01 3.068048960216388510e-01
6.074999999998936140e+00 9.121750107944534003e-01 3.065627498069965484e-01
6.224999999998995115e+00 9.418519010152057724e-01 3.100371191946479366e-01
6.375000000000000000e+00 9.803171658425282597e-01 3.092668106407172046e-01
6.525000000001025313e+00 1.036616887944415311e+00 3.166201045855986940e-01
6.675000000001229949e+00 1.090188540181296961e+00 3.162652410254931934e-01
6.824999999998733635e+00 1.161758360693459391e+00 3.244612672924676033e-01
6.974999999999387690e+00 1.229763291948138049e+00 3.346128499151129199e-01
7.125000000000000000e+00 1.313606902137122834e+00 3.404942677535998108e-01
7.275000000000346745e+00 1.397163860729914386e+00 3.430459450927948462e-01
7.425000000001398703e+00 1.488104159086381495e+00 3.562471992277072008e-01
7.574999999998571099e+00 1.552350483246494939e+00 3.595718919395047841e-01
7.725000000000012079e+00 1.627779323258173649e+00 3.662527414961718741e-01
7.875000000000000000e+00 1.684866429356839612e+00 3.682239729917415327e-01
8.024999999999771205e+00 1.726770713922347600e+00 3.643422726475513684e-01
8.175000000001539036e+00 1.749422567188023470e+00 3.672110123394628500e-01
8.324999999998437872e+00 1.750480207383612763e+00 3.670970560494078438e-01
8.475000000000525446e+00 1.741176655609102619e+00 3.624545153988645296e-01
8.625000000000000000e+00 1.686299986104854431e+00 3.516535838118542423e-01
8.774999999999291589e+00 1.631487219675799905e+00 3.394059487735104907e-01
8.925000000001652722e+00 1.550022746531177553e+00 3.305315900640542481e-01
9.074999999998325961e+00 1.468882572886471172e+00 3.193283766655689582e-01
9.225000000000957101e+00 1.393890068354038947e+00 3.112918481272567983e-01
9.375000000000000000e+00 1.321940956591512339e+00 2.985642535175369039e-01
9.524999999998890132e+00 1.261595435656430064e+00 2.904344632400617798e-01
9.675000000001750422e+00 1.208857604560302557e+00 2.800389321421631328e-01
9.824999999998231814e+00 1.169507757310194629e+00 2.721128577949010752e-01
9.975000000001321254e+00 1.118738908276401212e+00 2.635857153627814142e-01
1.012500000000000000e+01 1.076967228243085106e+00 2.572460993702090359e-01
1.027499999999854730e+01 1.036488566311198456e+00 2.518950619900854893e-01
1.042500000000183391e+01 1.005121286353480192e+00 2.450396661804799259e-01
1.057499999999815010e+01 9.747865073840948913e-01 2.442962537154124425e-01
1.072500000000163745e+01 9.512780479619397100e-01 2.356714371485209569e-01
1.087500000000000000e+01 9.443817589433025628e-01 2.331679333402535692e-01
1.102499999999824887e+01 9.335854274795998275e-01 2.330351925246269273e-01
1.117500000000190674e+01 9.410326089107137193e-01 2.293964457229035192e-01
1.132499999999808082e+01 9.550591716635833395e-01 2.320978469498799768e-01
1.147500000000190923e+01 9.673332097809931307e-01 2.303547512651118734e-01
1.162500000000000000e+01 9.837241237970179020e-01 2.324818525198087682e-01
1.177499999999798952e+01 1.007773803014851755e+00 2.317438122767440378e-01
1.192500000000196891e+01 1.027955809857247660e+00 2.346535969187189541e-01
1.207499999999801865e+01 1.050520171035632000e+00 2.371552873004019457e-01
1.222500000000215081e+01 1.079183897137156567e+00 2.334560871273330396e-01
1.237500000000000000e+01 1.098934645389946230e+00 2.343387577971514091e-01
1.252499999999776215e+01 1.116450883367772873e+00 2.368727664168875646e-01
1.267500000000202398e+01 1.133284752287625929e+00 2.387669360398092244e-01
1.282499999999796536e+01 1.141216788533493620e+00 2.371808623219491818e-01
1.297500000000236220e+01 1.144997946175587256e+00 2.371962812660148023e-01
1.312500000000000000e+01 1.155650997322742457e+00 2.356573867019309543e-01
1.327499999999756142e+01 1.154827571370564021e+00 2.367386977687764571e-01
1.342500000000173088e+01 1.157089202255716431e+00 2.350220013694362953e-01
1.357499999999841833e+01 1.153948359585626804e+00 2.319952268068989631e-01
1.372500000000255049e+01 1.150418211119709877e+00 2.335476472300659356e-01
1.387500000000000000e+01 1.141627965416053048e+00 2.322650133186255073e-01
1.402499999999738023e+01 1.131192762962379028e+00 2.253814575790363262e-01
1.417500000000102034e+01 1.120845385431497920e+00 2.244915322565757265e-01
1.432499999999911111e+01 1.114080123457223293e+00 2.254805213437386102e-01
1.447500000000271925e+01 1.111619336950124604e+00 2.233478231751881427e-01
1.462500000000000000e+01 1.106007196482739374e+00 2.217056790134427080e-01
1.477499999999721680e+01 1.103886786129560260e+00 2.188430971966967009e-01
1.492500000000038618e+01 1.100920397295665376e+00 2.167394265104831685e-01
1.507499999999973639e+01 1.096065898949913464e+00 2.148614806377861786e-01
1.522500000000287201e+01 1.099184025209092974e+00 2.157216962842523622e-01
1.537500000000000000e+01 1.101096638137998074e+00 2.172359082997282476e-01
1.552499999999706937e+01 1.099826518477539539e+00 2.127856733612961959e-01
1.567499999999980886e+01 1.102899339806806100e+00 2.119854414022555866e-01
1.582500000000029772e+01 1.107109439676057017e+00 2.108194858287893159e-01
1.597500000000300879e+01 1.111980175711523744e+00 2.104872891064245299e-01
1.612500000000000000e+01 1.112351690578178731e+00 2.101058908823073557e-01
1.627499999999693969e+01 1.118876315698114965e+00 2.083052117142012993e-01
1.642499999999928662e+01 1.113422599686392012e+00 2.085878455477794269e-01
1.657500000000081286e+01 1.112606787067653702e+00 2.098986329966600617e-01
1.672500000000313847e+01 1.113504283274026507e+00 2.085413061067593887e-01
1.687500000000000000e+01 1.112456416009225624e+00 2.043298517151462823e-01
1.702499999999681535e+01 1.108890671973247866e+00 2.036129484814570845e-01
1.717499999999880700e+01 1.100384449453025937e+00 2.034391294523738847e-01
1.732500000000128182e+01 1.090871823281427178e+00 2.031103964115737182e-01
1.747500000000325215e+01 1.089482307052314969e+00 1.992918102118547974e-01
1.762500000000000000e+01 1.079265067086000229e+00 1.994868869135051903e-01
1.777499999999670521e+01 1.068276122711522058e+00 1.946574442070900524e-01
1.792499999999837357e+01 1.061005687111638451e+00 1.956996981240425315e-01
1.807500000000171170e+01 1.050239383863406095e+00 1.946430208954853802e-01
1.822500000000335874e+01 1.039250240568574846e+00 1.923056101740590607e-01
1.837500000000000000e+01 1.038021798960356401e+00 1.862646456597679412e-01
1.852499999999660218e+01 1.026671667163946422e+00 1.878027010251029916e-01
1.867499999999797211e+01 1.015867364142688523e+00 1.880167334140935564e-01
1.882500000000210960e+01 1.013352101465094801e+00 1.847663860167078898e-01
1.897500000000345466e+01 1.006802226833320546e+00 1.833170422064040461e-01
1.912500000000000000e+01 1.003625185515577112e+00 1.813638844616966284e-01
1.927499999999650626e+01 1.001387830772697107e+00 1.842767110083225190e-01
1.942499999999759908e+01 1.004181051992839580e+00 1.828501115752326489e-01
1.957500000000247198e+01 1.002237026283322230e+00 1.796328327156464788e-01
1.972500000000354348e+01 1.001562136435522055e+00 1.780354204743612168e-01
1.987500000000000000e+01 1.002529285187567343e+00 1.782986026719308448e-01
2.002499999999642100e+01 1.006262933941128423e+00 1.792108255560214969e-01
2.017499999999725446e+01 1.009208926659115546e+00 1.782031891453782768e-01
2.032500000000281304e+01 1.012680453246913359e+00 1.795693480403731113e-01
2.047500000000362874e+01 1.020051984880994578e+00 1.787045738764664604e-01
2.062500000000000000e+01 1.020730640347137674e+00 1.770992946118962463e-01
2.077499999999633928e+01 1.025732010768096503e+00 1.772261781494040567e-01
2.092499999999693472e+01 1.029006577005761036e+00 1.791871013028923931e-01
2.107500000000312212e+01 1.034516090466022886e+00 1.785192055787322152e-01
2.122500000000370690e+01 1.032819750751304833e+00 1.756203410136904508e-01
2.137500000000000000e+01 1.036137371742635871e+00 1.736245440000809270e-01
2.152499999999626468e+01 1.033772997339252875e+00 1.760786944122742503e-01
2.167499999999663984e+01 1.037194695983743475e+00 1.753167736244409247e-01
2.182500000000341700e+01 1.035955692833785413e+00 1.754447122452559571e-01
2.197500000000377796e+01 1.037539543345132431e+00 1.737937170160056555e-01
2.212500000000000000e+01 1.031792301291390546e+00 1.744387013165878408e-01
2.227499999999619718e+01 1.028882146404177300e+00 1.707797550971484335e-01
2.242499999999636273e+01 1.023387420809429127e+00 1.699193243072138759e-01
2.257500000000369056e+01 1.023957449873242442e+00 1.707911194045984571e-01
2.272500000000384546e+01 1.021164934662890378e+00 1.708276578297101000e-01
2.287500000000000000e+01 1.015301338972888212e+00 1.693597455893983417e-01
2.302499999999612967e+01 1.012358643462135221e+00 1.669776024643334078e-01
2.317499999999610338e+01 1.010707067798314096e+00 1.685682640622938322e-01
2.332500000000394635e+01 1.010736692467400610e+00 1.652477638625685086e-01
2.347500000000390941e+01 1.004299731194441714e+00 1.642433714507993969e-01
2.362500000000000000e+01 1.003717834158205147e+00 1.632960769752830887e-01
2.377499999999606928e+01 9.989979065641616529e-01 1.640508680957541154e-01
2.392499999999586180e+01 1.000629205757839868e+00 1.635930608085588989e-01
2.407500000000418439e+01 9.994074710216218627e-01 1.608887523271919917e-01
2.422500000000396625e+01 9.955595396482096460e-01 1.602695088616149788e-01
2.437500000000000000e+01 9.987780700095540976e-01 1.610135982852802239e-01
2.452499999999600888e+01 9.977617876338410463e-01 1.610004958523927887e-01
2.467499999999563087e+01 9.966738002130721696e-01 1.600550824847499498e-01
2.482500000000441176e+01 9.984473631758028489e-01 1.615524856375802065e-01
2.497500000000402309e+01 9.986845646779871633e-01 1.588622888128504995e-01
2.512500000000000000e+01 9.971227265837449005e-01 1.591621275824922355e-01
2.527499999999595559e+01 9.990908373040084944e-01 1.577082976959673921e-01
2.542499999999541771e+01 9.971494849826529894e-01 1.587841142982936715e-01
2.557500000000462137e+01 1.000664799507612335e+00 1.574285949200504020e-01
2.572500000000407638e+01 9.956412059826844629e-01 1.559707263966572943e-01
2.587500000000000000e+01 9.952888489959884621e-01 1.554630040432089522e-01
2.602499999999590585e+01 9.941121511203534489e-01 1.557725006937468182e-01
2.617499999999521521e+01 9.933835800390243831e-01 1.543021513354769225e-01
2.632500000000482032e+01 9.917560067506564492e-01 1.542823569596032673e-01
2.647500000000383480e+01 9.875828298220171719e-01 1.547190111351668951e-01
2.662500000000000000e+01 9.895709956783901307e-01 1.535552550103100045e-01
2.677499999999647073e+01 9.874099515407002148e-01 1.537629632827230974e-01
2.692499999999502691e+01 9.862814631907994567e-01 1.523539571617188171e-01
2.707500000000501217e+01 9.841208016068271336e-01 1.508008865249019226e-01
2.722500000000308873e+01 9.820509016823946169e-01 1.480940593437490016e-01
2.737500000000000000e+01 9.800519029340614141e-01 1.502001328782812395e-01
2.752499999999719549e+01 9.788396813107399508e-01 1.496099654786846311e-01
2.767499999999484928e+01 9.778518195102597899e-01 1.494076553584500477e-01
2.782500000000518625e+01 9.789596016051791416e-01 1.476964124592204108e-01
2.797500000000238529e+01 9.792466493271938521e-01 1.486621650206921552e-01
2.812500000000000000e+01 9.748419503244004636e-01 1.461094633723070690e-01
2.827499999999788827e+01 9.799805544240988153e-01 1.469914409064125294e-01
2.842499999999467164e+01 9.760319736939836455e-01 1.472007743412276637e-01
2.857500000000536033e+01 9.799489717767710939e-01 1.456509650123081479e-01
2.872500000000171028e+01 9.761249442950344912e-01 1.468949558446173698e-01
2.887500000000000000e+01 9.793782020113369624e-01 1.455366396884391345e-01
2.902499999999854552e+01 9.804409582012273416e-01 1.468442498726828804e-01
2.917499999999451177e+01 9.826367750452916772e-01 1.447899144279103933e-01
2.932500000000552021e+01 9.799060647083746023e-01 1.468875169539859971e-01
2.947500000000107434e+01 9.802909740119816195e-01 1.425139742953825950e-01
2.962500000000000000e+01 9.826027136389522409e-01 1.444892316576716074e-01
2.977499999999917080e+01 9.806248489477542574e-01 1.422490253574713315e-01
2.992499999999435900e+01 9.833276207241387068e-01 1.429089298509194639e-01
3.007500000000566942e+01 9.810899986445766885e-01 1.422398922150904244e-01
3.022500000000047393e+01 9.793320897590485075e-01 1.425568918747236735e-01
3.037500000000000000e+01 9.809127568070989955e-01 1.432959458718554846e-01
3.052499999999976410e+01 9.797845553496025151e-01 1.418249079955109515e-01
3.067499999999420623e+01 9.784133048823552281e-01 1.399961637210269672e-01
3.082500000000581508e+01 9.781605831683166663e-01 1.406547730893752401e-01
3.097499999999989839e+01 9.759825605811680571e-01 1.399410119839466782e-01
3.112500000000000000e+01 9.783652088813361569e-01 1.416336846642784197e-01
3.127500000000032898e+01 9.778068535271713380e-01 1.391634045848428314e-01
3.142499999999406768e+01 9.776698599643053322e-01 1.395680161690341370e-01
3.157500000000595364e+01 9.734274587036139126e-01 1.378111493102368301e-01
3.172499999999935127e+01 9.750817117189624073e-01 1.378193105987913503e-01
3.187500000000000000e+01 9.701480070054796512e-01 1.362935850896512535e-01
3.202500000000086544e+01 9.728030894844037491e-01 1.390950414828835691e-01
3.217499999999394333e+01 9.720811626970863317e-01 1.383724311636586046e-01
3.232500000000609219e+01 9.723148335986915303e-01 1.357134081186337216e-01
3.247499999999882903e+01 9.714527990603871732e-01 1.374637931817480341e-01
3.262500000000000000e+01 9.677512025941348295e-01 1.353442084536108925e-01
3.277500000000137703e+01 9.730356151244565766e-01 1.363092768259404619e-01
3.292499999999381544e+01 9.690665448621423872e-01 1.361340988763756199e-01
3.307500000000621299e+01 9.730808239342839672e-01 1.362709505370575114e-01
3.322499999999832454e+01 9.706229844793256012e-01 1.348923617738617131e-01
3.337500000000000000e+01 9.735696760506745706e-01 1.357756947567962946e-01
3.352500000000186731e+01 9.732352385887841351e-01 1.341061101430584268e-01
3.367499999999368754e+01 9.709402112481715363e-01 1.344411238530884845e-01
3.382500000000633378e+01 9.748571729733147562e-01 1.351144030605370416e-01
3.397499999999784848e+01 9.699537582726479590e-01 1.326846056606574842e-01
3.412500000000000000e+01 9.727244314072645004e-01 1.336108518162981706e-01
3.427500000000233626e+01 9.728227935644679913e-01 1.332728852475758285e-01
3.442499999999357385e+01 9.734315354145528509e-01 1.329738925189177801e-01
3.457500000000644746e+01 9.720443677304716479e-01 1.335641244397847704e-01
3.472499999999739373e+01 9.710311986065501832e-01 1.322016608569574481e-01
3.487500000000000000e+01 9.728112778595248145e-01 1.316281407577039320e-01
3.502500000000278391e+01 9.710928534556263481e-01 1.316838006636326941e-01
3.517499999999346016e+01 9.732398877668122505e-01 1.306093534244648358e-01
3.532500000000656115e+01 9.709719696704611769e-01 1.311442223905766591e-01
3.547499999999695319e+01 9.716467072591509213e-01 1.309824376935565526e-01
3.562500000000000000e+01 9.700115298219714743e-01 1.301069454425407002e-01
3.577500000000321734e+01 9.696919616610608639e-01 1.298863639113649326e-01
3.592499999999336069e+01 9.714466006720893221e-01 1.301670449223577275e-01
3.607500000000666773e+01 9.691043563178658449e-01 1.306027861383231847e-01
3.622499999999653397e+01 9.673540992737130750e-01 1.285009760751635310e-01
3.637500000000000000e+01 9.705429792822728441e-01 1.278954815250301080e-01
3.652500000000362235e+01 9.697046463071680167e-01 1.288168149127610629e-01
3.667499999999325411e+01 9.687737686689442684e-01 1.274741270138694260e-01
3.682500000000676721e+01 9.689087215087203164e-01 1.283659600389953637e-01
3.697499999999613607e+01 9.684136069301877425e-01 1.270467381149402442e-01
3.712500000000000000e+01 9.680240767094736576e-01 1.274509270899828184e-01
3.727500000000402736e+01 9.721585019481959744e-01 1.278165181753571633e-01
3.742499999999315463e+01 9.689808949224905099e-01 1.276052636887130831e-01
3.757500000000686668e+01 9.696559810872178442e-01 1.257813734620479851e-01
3.772499999999575238e+01 9.699724792460187039e-01 1.269851823695397341e-01
3.787500000000000000e+01 9.706714817533127482e-01 1.268783486040334918e-01
3.802500000000440394e+01 9.739750325079133964e-01 1.280250288982253959e-01
3.817499999999306226e+01 9.736303445751902652e-01 1.261741363183806752e-01
3.832500000000695906e+01 9.727619001418714717e-01 1.251870184393213126e-01
3.847499999999537579e+01 9.714003297902964462e-01 1.278678807696930486e-01
3.862500000000000000e+01 9.727848384886974564e-01 1.251081884005672273e-01
3.877500000000476632e+01 9.719427116285447310e-01 1.254619270249487384e-01
3.892499999999297700e+01 9.708454831318577005e-01 1.252747242967759966e-01
3.907500000000705143e+01 9.711915202576868467e-01 1.232702151204141949e-01
3.922499999999502052e+01 9.702465687558540219e-01 1.236775569684682580e-01
3.937500000000000000e+01 9.703480153928025764e-01 1.232690373600006523e-01
3.952500000000512159e+01 9.711722571358646361e-01 1.227671561148998836e-01
3.967499999999288463e+01 9.735222271526555726e-01 1.236138283700188162e-01
3.982500000000712959e+01 9.708119106054658998e-01 1.241249632936234915e-01
3.997499999999467946e+01 9.720826874014787400e-01 1.228388190685569814e-01
4.012500000000000000e+01 9.713169463762447720e-01 1.233603594651495328e-01
4.027500000000545555e+01 9.710609956941523846e-01 1.218753723492513041e-01
4.042499999999279936e+01 9.715703750481574641e-01 1.223109673459088498e-01
4.057500000000721485e+01 9.715338030583350326e-01 1.234727149419761472e-01
4.072499999999434550e+01 9.730671328685257526e-01 1.220491300782482330e-01
4.087500000000000000e+01 9.727423941313736444e-01 1.229374156266746926e-01
4.102500000000578240e+01 9.730573871916710083e-01 1.206574104162790040e-01
4.117499999999272120e+01 9.711245640300425475e-01 1.236466419388179694e-01
4.132500000000730012e+01 9.714720414658636338e-01 1.223169656117233800e-01
4.147499999999402576e+01 9.737598575231604103e-01 1.201254889467188308e-01
4.162500000000000000e+01 9.727136621153209539e-01 1.217884164349681553e-01
4.177500000000609504e+01 9.734534193425447013e-01 1.214077647554400174e-01
4.192499999999264304e+01 9.735312252995481641e-01 1.210228369042522373e-01
4.207500000000737828e+01 9.721818268218865855e-01 1.204670262856200880e-01
4.222499999999372022e+01 9.728500926484835443e-01 1.190105402946344954e-01
4.237500000000000000e+01 9.740090488879649122e-01 1.192080183643676877e-01
4.252500000000640057e+01 9.752263420306799269e-01 1.195249280479681597e-01
4.267499999999256488e+01 9.746558501912848671e-01 1.187075221751440618e-01
4.282500000000744933e+01 9.739014877096459077e-01 1.190834665396228176e-01
4.297499999999342180e+01 9.750493688005120729e-01 1.184960413207950813e-01
4.312500000000000000e+01 9.731707792029914428e-01 1.195386735952054524e-01
4.327500000000669900e+01 9.740125784685916832e-01 1.178363901912810041e-01
4.342499999999249383e+01 9.727222841175618973e-01 1.189587784920804608e-01
4.357500000000752038e+01 9.739247715266042826e-01 1.187983815005567573e-01
4.372499999999313758e+01 9.729598814983416721e-01 1.177645202405113445e-01
4.387500000000000000e+01 9.742349919235366862e-01 1.169366168642602538e-01
4.402500000000697611e+01 9.725917489009544559e-01 1.179325543747871269e-01
4.417499999999242277e+01 9.750589190824338059e-01 1.155826357045771219e-01
4.432500000000759144e+01 9.747555518108022010e-01 1.181933815669133220e-01
4.447499999999286047e+01 9.761685155136685665e-01 1.175731176909579623e-01
4.462500000000000000e+01 9.745338247271294607e-01 1.172065206383519353e-01
4.477500000000724611e+01 9.744023166289964566e-01 1.178004866053926902e-01
4.492499999999235882e+01 9.738043859697106397e-01 1.167259931403019507e-01
4.507500000000766249e+01 9.764887823847143711e-01 1.166526492253267128e-01
4.522499999999259757e+01 9.763090142046769726e-01 1.165476138545416956e-01
4.537500000000000000e+01 9.775170484198755227e-01 1.155127520002820762e-01
4.552500000000750902e+01 9.775007565795029718e-01 1.163382648576308798e-01
4.567499999999228777e+01 9.757905554270229764e-01 1.158305451106132894e-01
4.582500000000772644e+01 9.754069394167614870e-01 1.151975329713447460e-01
4.597499999999233466e+01 9.797616362624153030e-01 1.162152741296141045e-01
4.612500000000000000e+01 9.748052663172462884e-01 1.126948527017478385e-01
4.627500000000776481e+01 9.789448801131457323e-01 1.161302430748430564e-01
4.642499999999223093e+01 9.759078043908403499e-01 1.154267371149541171e-01
4.657500000000779039e+01 9.760644053437832479e-01 1.161052516067770518e-01
4.672499999999207887e+01 9.770970751191638826e-01 1.149966888262285158e-01
4.687500000000000000e+01 9.778750690672234347e-01 1.150653238400127509e-01
4.702500000000801350e+01 9.803175432422546187e-01 1.129830062871775842e-01
4.717499999999216698e+01 9.794415295795976251e-01 1.143206278015212740e-01
4.732500000000784723e+01 9.786228669848470174e-01 1.139630238053765399e-01
4.747499999999183729e+01 9.786606804733625209e-01 1.139784157358916666e-01
4.762500000000000000e+01 9.799441325660526170e-01 1.138654935835752974e-01
4.777500000000825509e+01 9.765726813144242069e-01 1.140571963449526632e-01
4.792499999999211013e+01 9.791609115758287407e-01 1.129693495586712587e-01
4.807500000000790408e+01 9.781741632734493042e-01 1.128684683863380306e-01
4.822499999999160281e+01 9.788553429920231475e-01 1.126149066480221228e-01
4.837500000000000000e+01 9.798870135099877476e-01 1.123728662489208024e-01
4.852500000000848956e+01 9.791014673450675332e-01 1.130839751600142828e-01
4.867499999999204618e+01 9.801479732182356575e-01 1.115972824580576395e-01
4.882500000000796092e+01 9.807722356603290059e-01 1.121571990676880348e-01
4.897499999999137543e+01 9.803158975366165206e-01 1.121177058303019364e-01
4.912500000000000000e+01 9.800005306958505802e-01 1.128792897673093071e-01
4.927500000000870983e+01 9.779216658976710441e-01 1.117223991840071012e-01
4.942499999999198934e+01 9.793030516322248635e-01 1.119071759349335726e-01
4.957500000000802487e+01 9.790316481685027439e-01 1.110813827560192951e-01
4.972499999999115516e+01 9.795936252083810025e-01 1.113523448341088851e-01
4.987500000000000000e+01 9.813267708191848460e-01 1.122829077780568424e-01
5.002500000000893010e+01 9.799736921826701641e-01 1.120537105335972922e-01
5.017499999999193960e+01 9.811328719579585078e-01 1.116861397069461720e-01
5.032500000000807461e+01 9.822451743187219364e-01 1.120994924786670177e-01
5.047499999999094200e+01 9.806610933722136325e-01 1.118685218667777315e-01
5.062500000000000000e+01 9.822325513283386433e-01 1.114764296775456326e-01
5.077500000000914326e+01 9.813733775676092286e-01 1.103992396319614100e-01
5.092499999999188276e+01 9.808204249312680867e-01 1.092572234767605760e-01
5.107500000000812435e+01 9.808589643274880920e-01 1.105757357052222084e-01
5.122499999999072884e+01 9.821819812219448886e-01 1.096657631308849273e-01
5.137500000000000000e+01 9.848393972213386194e-01 1.090837663162926990e-01
5.152500000000934932e+01 9.831763545657310477e-01 1.101548488232375056e-01
5.167499999999183302e+01 9.833000501845730046e-01 1.105860054500915346e-01
5.182500000000818119e+01 9.831004178384814551e-01 1.089970520506643586e-01
5.197499999999052989e+01 9.825584890255201209e-01 1.090704601725792505e-01
5.212500000000000000e+01 9.850789117818137264e-01 1.093638879454724572e-01
5.227500000000954827e+01 9.843744984734874581e-01 1.095999866138246404e-01
5.242499999999178328e+01 9.845541425686510362e-01 1.098848170931273210e-01
5.257500000000806040e+01 9.845928851174514662e-01 1.091287033148937019e-01
5.272499999999033804e+01 9.842892675794098212e-01 1.092861897479885797e-01
5.287500000000000000e+01 9.856872741661226733e-01 1.078034983537664721e-01
5.302500000000974723e+01 9.847801057496129440e-01 1.087339821620265101e-01
5.317499999999255778e+01 9.839998050269899155e-01 1.082661452514852435e-01
5.332500000000729301e+01 9.861235225226118173e-01 1.081935012497741294e-01
5.347499999999015330e+01 9.848419333492907102e-01 1.080500062029833563e-01
5.362500000000000000e+01 9.847372861944250211e-01 1.066818296952557615e-01
5.377500000000993197e+01 9.853064787284837589e-01 1.073708513173736029e-01
5.392499999999331095e+01 9.847372144654125137e-01 1.079453541090257679e-01
5.407500000000654694e+01 9.864632871101979283e-01 1.082842054034966889e-01
5.422499999998996145e+01 9.865929379482848427e-01 1.074840818492705102e-01
5.437500000000000000e+01 9.856098501510803800e-01 1.076888024807840516e-01
5.452500000001011671e+01 9.849952937085204585e-01 1.073226275694274812e-01
5.467499999999403570e+01 9.861372595955598674e-01 1.060565895576102841e-01
5.482500000000581508e+01 9.849961042741034456e-01 1.053573160003102860e-01
5.497499999998977671e+01 9.873243328499554661e-01 1.065018898457531366e-01
5.512500000000000000e+01 9.875749483994626932e-01 1.070200731050295756e-01
5.527500000001029434e+01 9.870316255616701229e-01 1.054007257957176175e-01
5.542499999999475335e+01 9.869414616232781157e-01 1.061721374362495363e-01
5.557500000000510454e+01 9.863711138086213026e-01 1.059704104549788750e-01
5.572499999998960618e+01 9.896253149792847426e-01 1.065296665671414122e-01
5.587500000000000000e+01 9.885873585734127333e-01 1.044231977931386335e-01
5.602500000001046487e+01 9.893084982639430702e-01 1.069467745061623010e-01
5.617499999999544258e+01 9.878606966064721329e-01 1.045317293836733330e-01
5.632500000000441531e+01 9.903018102748136764e-01 1.062039221920713372e-01
5.647499999998942855e+01 9.876069745607090056e-01 1.061361634335086512e-01
5.662500000000000000e+01 9.892221843626697320e-01 1.043488606316934492e-01
5.677500000001062830e+01 9.889102811384398173e-01 1.044571547035614417e-01
5.692499999999611759e+01 9.904506068017604470e-01 1.035758220966901400e-01
5.707500000000374030e+01 9.883640765524315253e-01 1.057590885784786827e-01
5.722499999998926512e+01 9.883743069224828481e-01 1.043896277739662926e-01
5.737500000000000000e+01 9.895117611196272422e-01 1.047430795383488683e-01
5.752500000001079172e+01 9.892173738038552155e-01 1.055706429710449590e-01
5.767499999999677129e+01 9.909155992609430808e-01 1.029502666200954597e-01
5.782500000000310081e+01 9.888060112534623469e-01 1.053643050775008860e-01
5.797499999998910170e+01 9.892638121779020466e-01 1.025709729376100277e-01
5.812500000000000000e+01 9.891547740660268095e-01 1.040044408818651123e-01
5.827500000001095515e+01 9.907634102745332960e-01 1.023824128227643349e-01
5.842499999999741078e+01 9.899109182432737075e-01 1.032306750146264190e-01
5.857500000000246132e+01 9.903000356462904330e-01 1.026616111759850319e-01
5.872499999998893827e+01 9.906357896921694772e-01 1.036175555549116167e-01
5.887500000000000000e+01 9.900559702193220124e-01 1.033984701320173893e-01
5.902500000001111857e+01 9.911637434265462288e-01 1.039798748156888358e-01
5.917499999999803606e+01 9.895934451652841357e-01 1.020526903245531775e-01
5.932500000000184315e+01 9.932798432962581803e-01 1.032036413160004051e-01
5.947499999998878906e+01 9.893532924227103065e-01 1.024354017419101121e-01
5.962500000000000000e+01 9.915870245710294295e-01 1.024497073782018736e-01
5.977500000001126779e+01 9.917611804802737296e-01 1.026532533887928034e-01
5.992499999999864002e+01 9.913082770383683240e-01 1.020244528294248637e-01
6.007500000000123919e+01 9.916643104606528425e-01 1.013704548620276841e-01
6.022499999998863984e+01 9.924099448899988962e-01 1.007279372201560358e-01
6.037500000000000000e+01 9.916662639335960261e-01 1.017118838270940906e-01
6.052500000001142411e+01 9.916345208996305560e-01 1.024251900558919987e-01
6.067499999999923688e+01 9.936488866611272730e-01 1.017801673582639649e-01
6.082500000000064944e+01 9.934129703932379485e-01 1.010554590661911362e-01
6.097499999998849773e+01 9.941801798391474154e-01 1.017073583209569115e-01
6.112500000000000000e+01 9.938124954419145229e-01 1.025410607421411852e-01
6.127500000001155911e+01 9.959443886518097866e-01 1.017294649176542776e-01
6.142499999999980531e+01 9.935235460622368064e-01 1.014447729375484719e-01
6.157500000000007390e+01 9.936552283894736215e-01 1.012270747877535571e-01
6.172499999998834852e+01 9.936457449007906062e-01 1.003875252550155833e-01
6.187500000000000000e+01 9.958122245037932529e-01 1.001085740124642437e-01
6.202500000001170122e+01 9.956435370466971690e-01 1.004854467542655450e-01
6.217500000000037375e+01 9.963238361632222873e-01 9.962377867999411274e-02
6.232499999999951967e+01 9.952722920605663326e-01 9.919374389576168793e-02
6.247499999998820641e+01 9.950950491330972092e-01 1.006873364210651989e-01
6.262500000000000000e+01 9.968145853316090488e-01 9.913634687049843741e-02
6.277500000001184333e+01 9.955471245154063897e-01 9.985478347951205758e-02
6.292500000000092086e+01 9.952006837684249652e-01 9.959056525328657816e-02
6.307499999999897256e+01 9.961324176553170151e-01 9.974485744147990052e-02
6.322499999998807851e+01 9.970567480718895981e-01 9.840584373040613120e-02
6.337500000000000000e+01 9.980798492137690214e-01 1.008873109484810238e-01
6.352500000001197833e+01 9.973428361619924853e-01 9.910380988492922816e-02
6.367500000000146798e+01 9.990741295237219877e-01 9.861396427495326689e-02
6.382499999999843254e+01 9.984711917232308442e-01 9.928962769798208021e-02
6.397499999998793641e+01 9.967205864099401014e-01 9.803745071851013848e-02
6.412500000000000000e+01 9.995027327628082103e-01 1.006118851667469061e-01
6.427500000001211333e+01 9.983866829331490278e-01 9.826084930474152102e-02
6.442500000000200089e+01 9.984992659253656422e-01 9.843028768121557526e-02
6.457499999999791385e+01 1.000975618320105953e+00 9.836538568180804021e-02
6.472499999998781561e+01 1.000555340920125325e+00 9.916111402783346629e-02
6.487500000000000000e+01 1.000585588865328779e+00 9.877683316172368444e-02
6.502500000001224123e+01 9.984900903083754331e-01 9.894363137091620464e-02
6.517500000000251248e+01 9.998423221375565273e-01 9.814482781061770189e-02
6.532499999999740226e+01 9.992245239443798832e-01 9.779378101349250896e-02
6.547499999998768772e+01 9.994975387609641437e-01 9.825620793906120198e-02
6.562500000000000000e+01 1.000842984337191321e+00 9.726365099508137158e-02
6.577500000001236913e+01 9.993479765849988539e-01 9.769507197644587693e-02
6.592500000000300986e+01 1.000582762750073851e+00 9.658917449412643408e-02
6.607499999999690488e+01 9.998247527678605362e-01 9.886192500982717013e-02
6.622499999998755982e+01 1.000596343971850155e+00 9.804436527056127615e-02
6.637500000000000000e+01 1.001243236340922715e+00 9.892678306163935065e-02
6.652500000001249703e+01 1.000660823467751426e+00 9.731808628920633752e-02
6.667500000000349303e+01 1.000692845624536087e+00 9.665753005109010976e-02
6.682499999999640750e+01 1.000674872894549816e+00 9.631336010446601981e-02
6.697499999998743192e+01 1.002301198950036998e+00 9.607666997435888867e-02
6.712500000000000000e+01 1.001636416933028517e+00 9.622902479381696683e-02
6.727500000001261071e+01 1.002905788757993299e+00 9.660064643834108400e-02
6.742500000000397620e+01 1.003949509382538796e+00 9.499057626732623771e-02
6.757499999999593854e+01 1.002546957998847299e+00 9.658661401393850432e-02
6.772499999998731823e+01 1.003279652956031054e+00 9.537224875871973262e-02
6.787500000000000000e+01 1.003146969212308726e+00 9.585617414583021134e-02
6.802500000001272440e+01 1.003012098638383476e+00 9.600602056843936249e-02
6.817500000000444516e+01 1.001467219938200870e+00 9.616783066702691563e-02
6.832499999999546958e+01 1.003423968067152394e+00 9.772079822712607944e-02
6.847499999998720455e+01 1.004306435255191143e+00 9.608994579506144329e-02
6.862500000000000000e+01 1.003132476483189484e+00 9.557829423000266389e-02
6.877500000001283809e+01 1.002269801293516505e+00 9.702012774351723157e-02
6.892500000000489990e+01 1.003368793823088190e+00 9.613496747638700102e-02
6.907499999999501483e+01 1.004759656786956334e+00 9.521773060247237797e-02
6.922499999998709086e+01 1.003110939056355955e+00 9.588976359823467299e-02
6.937500000000000000e+01 1.003917401804647058e+00 9.461801252023870068e-02
6.952500000001295177e+01 1.004870458575561898e+00 9.584136718232179331e-02
6.967500000000535465e+01 1.004523976977568234e+00 9.404507399490041886e-02
6.982499999999456008e+01 1.004768598920376510e+00 9.444859036768472882e-02
6.997499999998697717e+01 1.005041814219636898e+00 9.459114707176129178e-02
7.012500000000000000e+01 1.005469821128823993e+00 9.392927769009319638e-02
7.027500000001306546e+01 1.005701913665971059e+00 9.417850306559685802e-02
7.042500000000579519e+01 1.004583548163112461e+00 9.477959948230874065e-02
7.057499999999413376e+01 1.005177234555324706e+00 9.535928813258490178e-02
7.072499999998686349e+01 1.005546222565733672e+00 9.354540689334130132e-02
7.087500000000000000e+01 1.005103964272922701e+00 9.436181539879699709e-02
7.102500000001316494e+01 1.007845913696001849e+00 9.383563462605061523e-02
7.117500000000620730e+01 1.005664495421244808e+00 9.488704055446732510e-02
7.132499999999369322e+01 1.005994104926760668e+00 9.290608601635445829e-02
7.147499999998676401e+01 1.007657252387454738e+00 9.478285335762912100e-02
7.162500000000000000e+01 1.005081872219164119e+00 9.254226518219538233e-02
7.177500000001327862e+01 1.008646415404252039e+00 9.460874874400783396e-02
7.192500000000663363e+01 1.005714427029205327e+00 9.318008193581765741e-02
7.207499999999328111e+01 1.007061701655823871e+00 9.399049530275691011e-02
7.222499999998666453e+01 1.007500047084632033e+00 9.283737623075068168e-02
7.237500000000000000e+01 1.006893555807952367e+00 9.321244736683542698e-02
7.252500000001337810e+01 1.008068832832107686e+00 9.261317493860285466e-02
7.267500000000704574e+01 1.005942357062002079e+00 9.303414313114448386e-02
7.282499999999286899e+01 1.007514363852796135e+00 9.336453920312967614e-02
7.297499999998655085e+01 1.008488182027674762e+00 9.356881581385347035e-02
7.312500000000000000e+01 1.007792193050205842e+00 9.233992592174762593e-02
7.327500000001347757e+01 1.007929396747287543e+00 9.315727161260142775e-02
7.342500000000745786e+01 1.007241673186659137e+00 9.245592137114554132e-02
7.357499999999247109e+01 1.007102648251180677e+00 9.147990533444534667e-02
7.372499999998646558e+01 1.007493626792023589e+00 9.338612500426607399e-02
7.387500000000000000e+01 1.006227310793279317e+00 9.178166940830224940e-02
7.402500000001359126e+01 1.007523620896977778e+00 9.165879515312823356e-02
7.417500000000785576e+01 1.005925106796264012e+00 9.239907305456357411e-02
7.432499999999207319e+01 1.006845543411678534e+00 9.214122743432773266e-02
7.447499999998635190e+01 1.007082031611348905e+00 9.190621857265829364e-02
7.462500000000000000e+01 1.007343679619977728e+00 9.170923941503589250e-02
7.477500000001367653e+01 1.007182304183022792e+00 9.210842503982473450e-02
7.492500000000823945e+01 1.005917579578631260e+00 9.186601384327545972e-02
7.507499999999168949e+01 1.006157380740659191e+00 9.108740799322130599e-02
7.522499999998626663e+01 1.005545628904223054e+00 9.115521727306261091e-02
7.537500000000000000e+01 1.007690663267459819e+00 9.223411217215422842e-02
7.552500000001377600e+01 1.006747065595598123e+00 9.096066684922152201e-02
7.567500000000862315e+01 1.007899459872626302e+00 9.067096151814077465e-02
7.582499999999130580e+01 1.004811386190075595e+00 9.006522019064969187e-02
7.597499999998616715e+01 1.007625941415838833e+00 8.988415775207506120e-02
7.612500000000000000e+01 1.006168079912644231e+00 9.095542727577471398e-02
7.627500000001386127e+01 1.006511566890541109e+00 9.004469408719360801e-02
7.642500000000899263e+01 1.007105371263858462e+00 9.004892675467857099e-02
7.657499999999093632e+01 1.006596942476467360e+00 9.135959889585835991e-02
7.672499999998608189e+01 1.006468162665116850e+00 9.001144968643107203e-02
7.687500000000000000e+01 1.006706180398675210e+00 8.914122694815911074e-02
7.702500000001396074e+01 1.006720494767664009e+00 9.093487557914911590e-02
7.717500000000934790e+01 1.006402460167513446e+00 8.923151981547781941e-02
7.732499999999058105e+01 1.007326903566925891e+00 9.096155381272727491e-02
7.747499999998598241e+01 1.008071717234913400e+00 9.028542690211271982e-02
7.762500000000000000e+01 1.007299470371319616e+00 9.153526317585057581e-02
7.777500000001404601e+01 1.005288866457097141e+00 8.981646898543972635e-02
7.792500000000971738e+01 1.005892146065840542e+00 8.901164560801068382e-02
7.807499999999021156e+01 1.006637212624229560e+00 9.000802600468983672e-02
7.822499999998589715e+01 1.006986504277232575e+00 8.946037886559289609e-02
7.837500000000000000e+01 1.007324033260654561e+00 9.013965276255907211e-02
7.852500000001413127e+01 1.006646112068658283e+00 9.064714722665252744e-02
7.867500000001005844e+01 1.005974770477584324e+00 9.143591682240570506e-02
7.882499999998987050e+01 1.006905560544435474e+00 8.937595169584459931e-02
7.897499999998581188e+01 1.006409778565582336e+00 8.844243555805979262e-02
7.912500000000000000e+01 1.004532873268956017e+00 8.902505472376098794e-02
7.927500000001423075e+01 1.007303737312811975e+00 8.938467740401254136e-02
7.942500000001041371e+01 1.006427779468144657e+00 8.839747311602116908e-02
7.957499999998951523e+01 1.006455587889555137e+00 8.870713995899781601e-02
7.972499999998572662e+01 1.004561974365795196e+00 8.860845676340144139e-02
7.987500000000000000e+01 1.005121988348636641e+00 8.934016770513475425e-02
8.002500000001430180e+01 1.004214273935763346e+00 8.928895440165324215e-02
8.017500000001075477e+01 1.005334165072198083e+00 8.791460591719550688e-02
8.032499999998918838e+01 1.004280768562932025e+00 8.768576195788298222e-02
8.047499999998564135e+01 1.004881651053334268e+00 8.744321527918258452e-02
8.062500000000000000e+01 1.005065553811151258e+00 8.766847594365033414e-02
8.077500000001438707e+01 1.005981787144556883e+00 8.831622524539335661e-02
8.092500000001108162e+01 1.004651503534849111e+00 8.747585258471454739e-02
8.107499999998886153e+01 1.004371201868307084e+00 8.878893708531936102e-02
8.122499999998557030e+01 1.004809280532204641e+00 8.711122535083647145e-02
8.137500000000000000e+01 1.005543121464222978e+00 8.857048548997438486e-02
8.152500000001447233e+01 1.006345192811236355e+00 8.826534486769563315e-02
8.167500000001139426e+01 1.004760185710656284e+00 8.814030643136816501e-02
8.182499999998853468e+01 1.004499921723758238e+00 8.851226923724600515e-02
8.197499999998548503e+01 1.004192304641902123e+00 8.678957712824937609e-02
8.212500000000000000e+01 1.004172819259356420e+00 8.687044541171497214e-02
8.227500000001455760e+01 1.005555270176824223e+00 8.843569911381771176e-02
8.242500000001172111e+01 1.004406298382691132e+00 8.724594945414870795e-02
8.257499999998822204e+01 1.005737631624667561e+00 8.807106066946683576e-02
8.272499999998539977e+01 1.004341000907286841e+00 8.578810423762149584e-02
8.287500000000000000e+01 1.003982405262606736e+00 8.687732919573974699e-02
8.302500000001462865e+01 1.005329243132278894e+00 8.734259323003508435e-02
8.317500000001203375e+01 1.004401877682971955e+00 8.695438748550750330e-02
8.332499999998789519e+01 1.002104211755359575e+00 8.721425100539655084e-02
8.347499999998531450e+01 1.004230260052198620e+00 8.622069442737237410e-02
8.362500000000000000e+01 1.002232775707060597e+00 8.673348813991740847e-02
8.377500000001469971e+01 1.003858796381275287e+00 8.696445354604238898e-02
8.392500000001234639e+01 1.004323390983245634e+00 8.593785392802309742e-02
8.407499999998758256e+01 1.004123951264199288e+00 8.566762099737881830e-02
8.422499999998524345e+01 1.002651335840270663e+00 8.574583487945143523e-02
8.437500000000000000e+01 1.002624680335654439e+00 8.697117042793355013e-02
8.452500000001478497e+01 1.003557393327928926e+00 8.540711357479502386e-02
8.467500000001264482e+01 1.002175261316636146e+00 8.780422942946815301e-02
8.482499999998728413e+01 1.002314089576501699e+00 8.612426207853626781e-02
8.497499999998517239e+01 1.002595186950491213e+00 8.507973218407370586e-02
8.512500000000000000e+01 1.005086747085212950e+00 8.651438865100172237e-02
8.527500000001485603e+01 1.002367210382127061e+00 8.593899991745206079e-02
8.542500000001294325e+01 1.002066932236796548e+00 8.615135728505096679e-02
8.557499999998699991e+01 1.002502205735343876e+00 8.649155712064690582e-02
8.572499999998510134e+01 1.003060602304117976e+00 8.573830765975121171e-02
8.587500000000000000e+01 1.000860588372050719e+00 8.488040432211810260e-02
8.602500000001494129e+01 1.000448126564165152e+00 8.655112080915620953e-02
8.617500000001324167e+01 1.001766472382644491e+00 8.544355897468554339e-02
8.632499999998670148e+01 1.001882483245953859e+00 8.537006973043979874e-02
8.647499999998503029e+01 1.001455858137862087e+00 8.488625101545217710e-02
8.662500000000000000e+01 1.001204853545426543e+00 8.436332022576281675e-02
8.677500000001501235e+01 1.003331281752213533e+00 8.488473192847163784e-02
8.692500000001352589e+01 1.002223935829621659e+00 8.628559613361713732e-02
8.707499999998641727e+01 1.001443792101707420e+00 8.487778110574058232e-02
8.722499999998494502e+01 9.995825420555367602e-01 8.477100758005581826e-02
8.737500000000000000e+01 9.994203546497418822e-01 8.496711904106160618e-02
8.752500000001508340e+01 1.000690683949968962e+00 8.496859511083793004e-02
8.767500000001381011e+01 1.000306348524821809e+00 8.507450800913719802e-02
8.782499999998613305e+01 1.000609664729822823e+00 8.461068923797139540e-02
8.797499999998487397e+01 1.000631163247919897e+00 8.442845152247942242e-02
8.812500000000000000e+01 1.000424350060182377e+00 8.355963446796788041e-02
8.827500000001514024e+01 1.000599889624024019e+00 8.502475257150551857e-02
8.842500000001409433e+01 9.996005498396880462e-01 8.446197872526771400e-02
8.857499999998586304e+01 9.994199501957850007e-01 8.343711440321585626e-02
8.872499999998480291e+01 1.000151700410351507e+00 8.410930580886001595e-02
8.887500000000000000e+01 9.987175749492356314e-01 8.517910473942139071e-02
8.902500000001521130e+01 9.999203800130928022e-01 8.376723092289986572e-02
8.917500000001436433e+01 9.991977251847893315e-01 8.390657874573406727e-02
8.932499999998557882e+01 9.980588175840133802e-01 8.388658226085421443e-02
8.947499999998473186e+01 9.997835406438475570e-01 8.369604415803132136e-02
8.962500000000000000e+01 9.994441509704530269e-01 8.341393076365950787e-02
8.977500000001528235e+01 9.989161584572679997e-01 8.296725728984837012e-02
8.992500000001462013e+01 9.970877489447182995e-01 8.424870013192635454e-02
9.007499999998532303e+01 9.976400580770924398e-01 8.332384375055140735e-02
9.022499999998467501e+01 9.985890114144624352e-01 8.346484648363819425e-02
9.037500000000000000e+01 9.975005116362920532e-01 8.322657189310829484e-02
9.052500000001533920e+01 9.987791382184300071e-01 8.361264243879620861e-02
9.067500000001489013e+01 9.978228580612679144e-01 8.270388582274129652e-02
9.082499999998505302e+01 9.984524374562807614e-01 8.388271777909082905e-02
9.097499999998460396e+01 9.962334272654238543e-01 8.399913414452958582e-02
9.112500000000000000e+01 9.973629394857049801e-01 8.260531660248308927e-02
9.127500000001541025e+01 9.980184046297767564e-01 8.245209427600322383e-02
9.142500000001514593e+01 9.951915905683013097e-01 8.266257746171619403e-02
9.157499999998479723e+01 9.955093960568180966e-01 8.282111246233660184e-02
9.172499999998454712e+01 9.967971643358148892e-01 8.321800500986535620e-02
9.187500000000000000e+01 9.954885465196713357e-01 8.288920695759319224e-02
9.202500000001548131e+01 9.974196519190984267e-01 8.270912724711530772e-02
9.217500000001541594e+01 9.959383483107314694e-01 8.236004085610539038e-02
9.232499999998454143e+01 9.958431987858101797e-01 8.146281718778711212e-02
9.247499999998447606e+01 9.968684944661760916e-01 8.182041155100971963e-02
9.262500000000000000e+01 9.972634487019655936e-01 8.147892628987717101e-02
9.277500000001553815e+01 9.968265149516535306e-01 8.194789850826189603e-02
9.292500000001565752e+01 9.967433977639833520e-01 8.335318217450608802e-02
9.307499999998428564e+01 9.969745689803102273e-01 8.127745828648019755e-02
9.322499999998441922e+01 9.968773222923495991e-01 8.231112428956049998e-02
9.337500000000000000e+01 9.939578985078777462e-01 7.995504086019189494e-02
9.352500000001559499e+01 9.964324129430189858e-01 8.190375376458768064e-02
9.367500000001591332e+01 9.951884420464215397e-01 8.114152838948408830e-02
9.382499999998402984e+01 9.956507019749754051e-01 8.146405580995373652e-02
9.397499999998436238e+01 9.951871418409177217e-01 8.038881353155680198e-02
9.412500000000000000e+01 9.944719707465845548e-01 8.161846236010937561e-02
9.427500000001566605e+01 9.946018057876393481e-01 8.243439430831127346e-02
9.442500000001615490e+01 9.937846627735485994e-01 8.178536765307901912e-02
9.457499999998380247e+01 9.953753069935628028e-01 8.112024711492944740e-02
9.472499999998429132e+01 9.944825552899035914e-01 8.237669343669477839e-02
9.487500000000000000e+01 9.943386022407052494e-01 8.141816752531083612e-02
9.502500000001572289e+01 9.938683449572742745e-01 8.245678729037909938e-02
9.517500000001639648e+01 9.928322757299595791e-01 8.106802055192155465e-02
9.532499999998356088e+01 9.923935623814966744e-01 8.050329275102066640e-02
9.547499999998423448e+01 9.931991682699062851e-01 8.030910092178926429e-02
9.562500000000000000e+01 9.923589853690435447e-01 8.136265781794703444e-02
9.577500000001577973e+01 9.934810716808676334e-01 8.017102661990020696e-02
9.592500000001662386e+01 9.950255605010270843e-01 8.014852827813911951e-02
9.607499999998331930e+01 9.939993527800045081e-01 8.089303227838376409e-02
9.622499999998417763e+01 9.938614386054930305e-01 7.982741705524586118e-02
9.637500000000000000e+01 9.941035279367536059e-01 8.132184919006549273e-02
9.652500000001585079e+01 9.932241912235696413e-01 7.997424293031850373e-02
9.667500000001686544e+01 9.937265842496969537e-01 8.023179924933032670e-02
9.682499999998309193e+01 9.927927809209824428e-01 7.997389809298462160e-02
9.697499999998412079e+01 9.921690914544087914e-01 8.024410896177945618e-02
9.712500000000000000e+01 9.923297365850667351e-01 7.957267868611786477e-02
9.727500000001590763e+01 9.927270252433981756e-01 8.075169175117814790e-02
9.742500000001709282e+01 9.919101890493173812e-01 8.115402281362513182e-02
9.757499999998287876e+01 9.923397537794445000e-01 7.912011033277030481e-02
9.772499999998406395e+01 9.924888597706456039e-01 8.107413317424626287e-02
9.787500000000000000e+01 9.916318327562552160e-01 8.101605486552251878e-02
9.802500000001595026e+01 9.913352825517224298e-01 8.081608343405050077e-02
9.817500000001732019e+01 9.927612216136310064e-01 7.997651610964860713e-02
9.832499999998263718e+01 9.926415661643470667e-01 7.902104566179897482e-02
9.847499999998402131e+01 9.926492932140137393e-01 8.047598220050991569e-02
9.862500000000000000e+01 9.916774505142759155e-01 7.962064192466201951e-02
9.877500000001600711e+01 9.914448079846809314e-01 8.014455582642740494e-02
9.892500000001753335e+01 9.922129556180417920e-01 8.060824160804896943e-02
9.907499999998242401e+01 9.910063784739812087e-01 7.828157310707924144e-02
9.922499999998395026e+01 9.914884443544405013e-01 8.024300994422840783e-02
9.937500000000000000e+01 9.921803101466561969e-01 8.082590935994664327e-02
9.952500000001606395e+01 9.900066548199194516e-01 8.036619171858472299e-02
9.967500000001776073e+01 9.903795861346634810e-01 7.976348389431200947e-02
9.982499999998221085e+01 9.900323371122086158e-01 7.929642078742868416e-02
9.997499999998389342e+01 9.901299955879752090e-01 7.949338380863316122e-02
1.001250000000000000e+02 9.914609153194521296e-01 7.848571333658826976e-02
1.002750000000161208e+02 9.906767109540765004e-01 7.919462667714791126e-02
1.004250000000179597e+02 9.924910304425136331e-01 8.021829908484692795e-02
1.005749999999819835e+02 9.893778003917668151e-01 7.913490903564872336e-02
1.007249999999838508e+02 9.910707100343402187e-01 8.051174732688233526e-02
1.008750000000000000e+02 9.909347847653408037e-01 7.788752039371572844e-02
1.010250000000161776e+02 9.906567861499191441e-01 7.961346760951285018e-02
1.011750000000181871e+02 9.892427283288770523e-01 7.789271163859472213e-02
1.013249999999817845e+02 9.707291698133102553e-01 7.852594505794552315e-02
1.014749999999837939e+02 9.496019213356684530e-01 7.750934297616006441e-02
1.016250000000000000e+02 9.373184602480694183e-01 7.632827928022613284e-02
1.017750000000162345e+02 9.277132369629352837e-01 7.546641555058718198e-02
1.019250000000184002e+02 9.194498059883527974e-01 7.481049988122451255e-02
1.020749999999815714e+02 9.119495856674407763e-01 7.541828520222179644e-02
1.022249999999837513e+02 9.047689717477266358e-01 7.520030290509022164e-02
1.023750000000000000e+02 8.992462327352939155e-01 7.506407357894860632e-02
1.025250000000162771e+02 8.912904491143327501e-01 7.328077247346993783e-02
1.026750000000185992e+02 8.847285638809394559e-01 7.400349579854785531e-02
1.028249999999813582e+02 8.809830355124266266e-01 7.346033691476408500e-02
1.029749999999836945e+02 8.751975139766744460e-01 7.317672132055336176e-02
1.031250000000000000e+02 8.713030373674375273e-01 7.178791189847417986e-02
1.032750000000163340e+02 8.667662208222985942e-01 7.256849316757647828e-02
1.034250000000187981e+02 8.622413485407037781e-01 7.226426614428141382e-02
1.035749999999811592e+02 8.576336996375962807e-01 7.188762724851027741e-02
1.037249999999836376e+02 8.534968883317634036e-01 7.197552484274225004e-02
1.038750000000000000e+02 8.494343497815113331e-01 7.247393674949900721e-02
1.040250000000163766e+02 8.442270361576210691e-01 7.088039690659811431e-02
1.041750000000189971e+02 8.425251404753479889e-01 7.063697877463412378e-02
1.043249999999809603e+02 8.390369366355027170e-01 7.028801044933023767e-02
1.044749999999835950e+02 8.342255486703735734e-01 7.015596168561250012e-02
1.046250000000000000e+02 8.304925074742256497e-01 6.987400809441658700e-02
1.047750000000164334e+02 8.272242809472352132e-01 7.028431296157763852e-02
1.049250000000191818e+02 8.234741823611639866e-01 6.984289091502285385e-02
1.050749999999807613e+02 8.212464152430339892e-01 6.949263486763808395e-02
1.052249999999839503e+02 8.159779853367820079e-01 6.983648753067955850e-02
1.053750000000000000e+02 8.141131934386730551e-01 6.987488455314283531e-02
1.055250000000157229e+02 8.121721005410579286e-01 6.909116959465598506e-02
1.056750000000193808e+02 8.078781640203664960e-01 6.944431633646645785e-02
1.058249999999805766e+02 8.059425023635338192e-01 6.883615814165157387e-02
1.059749999999847319e+02 8.007490334157193468e-01 6.857680014007735969e-02
1.061250000000000000e+02 7.988887394637965711e-01 6.879658177598056701e-02
1.062750000000149555e+02 7.939588266063898336e-01 6.795980815438458500e-02
1.064250000000195797e+02 7.926939081486371608e-01 6.859460028030961443e-02
1.065749999999803919e+02 7.913352382673524144e-01 6.856210813090948819e-02
1.067249999999854850e+02 7.881234559849806809e-01 6.808738856683056728e-02
1.068750000000000000e+02 7.862792339709877565e-01 6.676936267369745770e-02
1.070250000000141881e+02 7.840091103566134700e-01 6.738497984887796555e-02
1.071750000000197645e+02 7.811049177125130027e-01 6.742364868536707134e-02
1.073249999999802071e+02 7.779330024619088846e-01 6.694189014511338354e-02
1.074749999999862524e+02 7.745769467839985767e-01 6.780769248877734079e-02
1.076250000000000000e+02 7.735225097309635922e-01 6.831341472874420673e-02
1.077750000000134492e+02 7.714608994628280314e-01 6.715222952331395545e-02
1.079250000000199492e+02 7.669508163938483225e-01 6.602982723305421409e-02
1.080749999999800224e+02 7.656548754976509885e-01 6.662996451239633355e-02
1.082249999999869914e+02 7.625104244545926058e-01 6.639951310653567640e-02
1.083750000000000000e+02 7.622078537497593009e-01 6.596722389830438071e-02
1.085250000000127244e+02 7.589251160858427880e-01 6.583505370333193885e-02
1.086750000000201481e+02 7.557335695476002924e-01 6.656225334887730383e-02
1.088249999999798376e+02 7.543441958373563461e-01 6.563002686792845930e-02
1.089749999999877161e+02 7.523259178189966034e-01 6.496725805435907275e-02
1.091250000000000000e+02 7.503241321133706787e-01 6.616230156439657784e-02
1.092750000000119854e+02 7.473258473352648590e-01 6.567220668083374735e-02
1.094250000000203045e+02 7.468763954379143977e-01 6.549832844588403258e-02
1.095749999999796529e+02 7.430741999510928064e-01 6.459055529013756070e-02
1.097249999999884409e+02 7.405575394724455141e-01 6.496243768539188002e-02
1.098750000000000000e+02 7.412095087368008040e-01 6.474791011153768761e-02
1.100250000000112749e+02 7.373386143767017842e-01 6.488585040218344813e-02
1.101750000000204892e+02 7.363016607341503761e-01 6.448531202567275855e-02
1.103249999999794682e+02 7.337765603371009249e-01 6.523352346416458336e-02
1.104749999999891372e+02 7.315382403552934676e-01 6.442914356657025721e-02
1.106250000000000000e+02 7.313906373739931244e-01 6.490261609288934530e-02
1.107750000000105643e+02 7.291882781921638079e-01 6.433410902004686738e-02
1.109250000000206740e+02 7.276446467814144947e-01 6.448994494529475263e-02
1.110749999999792976e+02 7.245767517088669285e-01 6.334616721414425278e-02
1.112249999999898620e+02 7.240358423186570302e-01 6.303011340028663589e-02
1.113750000000000000e+02 7.207299344615629710e-01 6.306655691832185884e-02
1.115250000000098822e+02 7.185319264645763093e-01 6.353936283890014580e-02
1.116750000000208445e+02 7.179883707685495997e-01 6.370158429558622770e-02
1.118249999999791129e+02 7.159337123543155768e-01 6.324583060807281720e-02
1.119749999999905299e+02 7.141697135494139426e-01 6.330374791479505270e-02
1.121250000000000000e+02 7.116519731609459720e-01 6.272179547394415855e-02
1.122750000000091859e+02 7.108529158540474180e-01 6.279512052571760428e-02
1.124250000000210008e+02 7.087667486266042705e-01 6.289066454214924107e-02
1.125749999999789566e+02 7.066459405666427607e-01 6.236532804927628210e-02
1.127249999999912120e+02 7.045809601384032117e-01 6.214557387489564461e-02
1.128750000000000000e+02 7.042560641898911733e-01 6.164666936256156526e-02
1.130250000000085180e+02 7.018382626076233866e-01 6.290376442042995564e-02
1.131750000000211855e+02 6.986737793512585171e-01 6.230621530899643074e-02
1.133249999999787860e+02 6.978516047345920681e-01 6.212516422949624501e-02
1.134749999999919083e+02 6.966793180434526223e-01 6.122680960277186030e-02
1.136250000000000000e+02 6.959891778710642907e-01 6.202837281850201445e-02
1.137750000000078359e+02 6.939777449668514953e-01 6.124148519190542733e-02
1.139250000000213561e+02 6.919379538463691359e-01 6.144650609582118228e-02
1.140749999999786297e+02 6.916033464770114936e-01 6.169867145040875550e-02
1.142249999999925620e+02 6.896408146313860454e-01 6.127976571546536744e-02
1.143750000000000000e+02 6.878296106340584526e-01 6.053193770532323131e-02
1.145250000000071680e+02 6.866060085060657903e-01 6.084890466207992094e-02
1.146750000000215124e+02 6.851296391062889901e-01 6.087166741430876521e-02
1.148249999999784308e+02 6.829263532822690275e-01 6.067007174865510222e-02
1.149749999999932157e+02 6.813859280229326298e-01 6.044465088462772084e-02
1.151250000000000000e+02 6.804675544714305913e-01 6.035354841149484506e-02
1.152750000000065285e+02 6.786333545535564449e-01 6.039665437027133543e-02
1.154250000000216829e+02 6.777792119413771355e-01 6.066343545528306985e-02
1.155749999999783029e+02 6.753947345816877501e-01 5.926658923063816975e-02
1.157249999999938694e+02 6.736546268281887739e-01 6.017313867175413250e-02
1.158750000000000000e+02 6.728709990394402540e-01 5.993792051229009793e-02
1.160250000000058748e+02 6.704002691827168903e-01 5.991472449437626469e-02
1.161750000000218392e+02 6.694183555928762130e-01 5.965390918024611466e-02
1.163249999999781323e+02 6.680710045678182052e-01 5.953419084052315180e-02
1.164749999999945089e+02 6.667379166919055189e-01 5.979874325787906675e-02
1.166250000000000000e+02 6.662376981344829696e-01 5.946356008546665323e-02
1.167750000000052495e+02 6.650148114448130032e-01 5.966225063467717193e-02
1.169250000000220098e+02 6.636988382982573764e-01 5.940644087972125204e-02
1.170749999999779760e+02 6.619315033748675026e-01 5.956843696280789829e-02
1.172249999999951484e+02 6.608206971325388812e-01 5.971046365966178882e-02
1.173750000000000000e+02 6.590931522139253929e-01 5.975534967669857839e-02
1.175250000000046242e+02 6.582781418743668400e-01 5.909929866870998472e-02
1.176750000000221377e+02 6.566415677441960197e-01 5.872732401609499775e-02
1.178249999999778055e+02 6.543386032334471691e-01 5.935436451787490242e-02
1.179749999999957453e+02 6.534347152780305423e-01 5.948460892710841913e-02
1.181250000000000000e+02 6.526884971888647913e-01 5.881347843210291138e-02
1.182750000000039989e+02 6.511799771517884361e-01 5.900983035395720999e-02
1.184250000000223082e+02 6.487804243941346360e-01 5.888194500204221166e-02
1.185749999999776634e+02 6.481940000649852873e-01 5.839951959570861134e-02
1.187249999999963705e+02 6.460038724710938096e-01 5.803060529238131954e-02
1.188750000000000000e+02 6.457957266909989391e-01 5.748681938092214949e-02
1.190250000000033879e+02 6.440165387957452747e-01 5.771892508362257840e-02
1.191750000000224645e+02 6.436632145760330381e-01 5.794413940707097976e-02
1.193249999999775071e+02 6.422672818545065443e-01 5.848540611748888340e-02
1.194749999999969816e+02 6.411536826463543060e-01 5.800901314957208899e-02
1.196250000000000000e+02 6.388990116916165585e-01 5.757477151983092512e-02
1.197750000000027910e+02 6.380443112483211721e-01 5.754164607599244335e-02
1.199250000000226066e+02 6.370570507864506959e-01 5.747940950996452414e-02
1.200749999999773650e+02 6.352352405457964979e-01 5.711161346225986091e-02
1.202249999999975927e+02 6.351014222634682183e-01 5.720467269192940768e-02
1.203750000000000000e+02 6.329309997996305226e-01 5.729298720570945996e-02
1.205250000000021799e+02 6.328441890300194883e-01 5.660631119896106928e-02
1.206750000000227772e+02 6.314377355056740582e-01 5.718950285992845106e-02
1.208249999999772086e+02 6.286135519022786333e-01 5.657790838658358773e-02
1.209749999999981753e+02 6.280294754620658892e-01 5.654913972889681617e-02
1.211250000000000000e+02 6.260914144595565167e-01 5.645636930119714292e-02
1.212750000000015973e+02 6.261467988351960834e-01 5.641237158262221024e-02
1.214250000000229193e+02 6.240201829623228669e-01 5.654194465260897057e-02
1.215749999999770665e+02 6.243638893229206399e-01 5.672955396871633138e-02
1.217249999999987580e+02 6.222359334661951014e-01 5.675442345737061189e-02
1.218750000000000000e+02 6.224840323010808474e-01 5.622328339352067328e-02
1.220250000000010147e+02 6.208848973481563283e-01 5.643515347183361563e-02
1.221750000000230472e+02 6.191975998454890551e-01 5.590838948878779080e-02
1.223249999999769244e+02 6.178617922201031787e-01 5.573247126316775713e-02
1.224749999999993406e+02 6.168007419267025337e-01 5.650943686180300712e-02
1.226250000000000000e+02 6.157791930154142834e-01 5.569844354882455550e-02
1.227750000000004320e+02 6.147729390206867484e-01 5.618784484016240560e-02
1.229250000000231893e+02 6.130594203142020193e-01 5.522278372899767918e-02
1.230749999999767681e+02 6.126717772500842596e-01 5.522806746246305964e-02
1.232249999999999233e+02 6.120606422288845661e-01 5.571747815009355648e-02
1.233750000000000000e+02 6.104437888916071087e-01 5.611576711013957497e-02
1.235249999999998494e+02 6.089972537794197116e-01 5.598817574788849533e-02
1.236750000000233314e+02 6.073255262169905411e-01 5.553931730227011643e-02
1.238249999999766402e+02 6.081700083740456675e-01 5.540453921450669283e-02
1.239750000000004775e+02 6.060693390118745416e-01 5.545804312240538297e-02
1.241250000000000000e+02 6.053040140612053754e-01 5.516731013054669563e-02
1.242749999999992951e+02 6.041581733803368381e-01 5.547392046157301887e-02
1.244250000000234735e+02 6.021396501443704308e-01 5.446986307496239771e-02
1.245749999999764839e+02 6.013273297028072228e-01 5.471613594514521811e-02
1.247250000000010317e+02 6.003632593942558326e-01 5.488721148749316214e-02
1.248750000000000000e+02 6.001404102418458342e-01 5.455899988743424800e-02
1.250249999999987551e+02 5.981756078520664710e-01 5.444150460071611047e-02
1.251750000000236156e+02 5.977580731121195923e-01 5.494237736700342128e-02
1.253249999999763702e+02 5.971108322169886851e-01 5.484817959573828894e-02
1.254750000000015859e+02 5.954141783707400659e-01 5.407192011814288685e-02
1.256250000000000000e+02 5.953546739390662701e-01 5.508738633277984048e-02
1.257749999999982009e+02 5.939130316979859270e-01 5.411972399559062535e-02
1.259250000000237577e+02 5.921913100090963056e-01 5.475253736296350343e-02
1.260749999999762281e+02 5.915346005849705380e-01 5.399548173034996595e-02
1.262250000000021259e+02 5.903979265820615829e-01 5.401099781450174192e-02
1.263750000000000000e+02 5.899577778122691019e-01 5.377280324494281699e-02
1.265249999999976609e+02 5.871376190456498723e-01 5.317843955298958564e-02
1.266750000000238856e+02 5.632058368127389469e-01 5.213288110267805947e-02
1.268249999999760860e+02 5.475432883412756357e-01 5.207893115356952707e-02
1.269750000000026660e+02 5.367312879209955589e-01 5.215420589361876441e-02
1.271250000000000000e+02 5.269010352583706203e-01 5.097331881337766740e-02
1.272749999999971209e+02 5.180915303288993190e-01 5.023824940895185026e-02
1.274250000000240277e+02 5.108866512488358103e-01 4.979053348857225003e-02
1.275749999999759439e+02 5.035307080456334905e-01 4.917237405658456822e-02
1.277250000000031918e+02 4.968135773716634285e-01 4.882852010936825776e-02
1.278750000000000000e+02 4.912063572300640613e-01 4.860568891075907338e-02
1.280249999999965951e+02 4.848679858862876002e-01 4.819345680942963700e-02
1.281750000000241414e+02 4.795261951383152366e-01 4.828278641522790876e-02
1.283249999999758018e+02 4.741410542706958609e-01 4.869754451726100719e-02
1.284750000000037176e+02 4.689749462586720874e-01 4.810796702049027068e-02
1.286250000000000000e+02 4.647068401234495938e-01 4.747461299157743064e-02
1.287749999999960835e+02 4.591752309251043718e-01 4.665471148505958426e-02
1.289250000000242835e+02 4.546286273597694993e-01 4.735731243354544817e-02
1.290749999999756881e+02 4.498028481657178612e-01 4.725056184952729221e-02
1.292250000000042292e+02 4.451862360553530684e-01 4.672946642895309255e-02
1.293750000000000000e+02 4.398379750789041531e-01 4.559624093984475379e-02
1.295249999999955719e+02 4.361398917085210769e-01 4.596357021223328870e-02
1.296750000000243972e+02 4.326801162293476555e-01 4.543587796169561849e-02
1.298249999999755460e+02 4.278373732188890943e-01 4.570582492237581368e-02
1.299750000000047692e+02 4.228152730397286008e-01 4.506624531643369652e-02
1.301250000000000000e+02 4.199866140052825325e-01 4.499062113519645967e-02
1.302749999999950319e+02 4.159959085066897710e-01 4.480810345801108929e-02
1.304250000000245393e+02 4.120490807427341640e-01 4.484812489665172125e-02
1.305749999999754323e+02 4.090004093546505959e-01 4.406147892298144242e-02
1.307250000000052523e+02 4.046076397311602069e-01 4.379289465527767822e-02
1.308750000000000000e+02 4.010313052831435132e-01 4.402690805589353634e-02
1.310249999999945487e+02 3.964480809480443457e-01 4.342936194586939636e-02
1.311750000000246530e+02 3.933348816267049908e-01 4.339496923967858799e-02
1.313249999999753186e+02 3.896783813271902930e-01 4.258426959889704405e-02
1.314750000000057639e+02 3.871919436928659142e-01 4.254617258638917349e-02
1.316250000000000000e+02 3.837203005746708806e-01 4.292355908533031228e-02
1.317749999999940655e+02 3.798611401462365089e-01 4.247705975130363493e-02
1.319250000000247951e+02 3.766005920107818872e-01 4.240458261797333539e-02
1.320749999999751765e+02 3.725526937672228311e-01 4.155158651313076851e-02
1.322250000000062471e+02 3.695721355848968215e-01 4.159779561096706851e-02
1.323750000000000000e+02 3.663632946222733500e-01 4.127614728679075695e-02
1.325249999999935540e+02 3.635809863889330473e-01 4.117834246408808713e-02
1.326750000000249088e+02 3.601099785244770146e-01 4.149332400344386135e-02
1.328249999999750628e+02 3.574162574915227264e-01 4.114849366749788462e-02
1.329750000000067303e+02 3.544199530071900361e-01 4.081534739400522610e-02
1.331250000000000000e+02 3.516541990740332801e-01 4.047426727424339316e-02
1.332749999999930424e+02 3.483070360961897372e-01 4.035545783034180656e-02
1.334250000000250225e+02 3.450201607760112754e-01 3.994057628502064444e-02
1.335749999999749491e+02 3.422328709284884751e-01 4.002419257582473522e-02
1.337250000000072134e+02 3.391782767125453568e-01 3.942819251203705938e-02
1.338750000000000000e+02 3.365685740641404244e-01 3.948555251270090272e-02
1.340249999999925876e+02 3.336190763115394198e-01 3.890302311750149650e-02
1.341750000000251362e+02 3.306288594959994609e-01 3.894400997189416402e-02
1.343249999999748354e+02 3.276233282703726046e-01 3.937255559884147299e-02
1.344750000000077250e+02 3.253788992824944715e-01 3.844799008775012794e-02
1.346250000000000000e+02 3.219064215514393368e-01 3.824438428614037461e-02
1.347749999999921044e+02 3.189919875712766140e-01 3.873857641059431922e-02
1.349250000000252783e+02 3.167655715806156347e-01 3.778211725814047822e-02
1.350749999999746933e+02 3.151750909128323008e-01 3.809594815676997648e-02
1.352250000000081798e+02 3.119491974223457254e-01 3.802099110151018618e-02
1.353750000000000000e+02 3.090025331148822940e-01 3.734106523925213861e-02
1.355249999999916213e+02 3.059413431475206946e-01 3.763718252448371854e-02
1.356750000000253920e+02 3.035841498888846024e-01 3.757444876882535395e-02
1.358249999999746080e+02 3.012742744295550112e-01 3.759550957769482865e-02
1.359750000000086345e+02 2.984628667642957311e-01 3.652658309280364807e-02
1.361250000000000000e+02 2.962528416011178667e-01 3.669247093145536903e-02
1.362749999999911665e+02 2.934388519510613968e-01 3.672301891321718553e-02
1.364250000000255056e+02 2.907420856198912884e-01 3.636105849923067235e-02
1.365749999999744659e+02 2.885206689014145343e-01 3.593346486171287296e-02
1.367250000000091177e+02 2.856044377585268967e-01 3.615202043275721200e-02
1.368750000000000000e+02 2.831579440444153550e-01 3.584824343768042154e-02
1.370249999999907118e+02 2.809287306945636997e-01 3.556973579604290336e-02
1.371750000000256193e+02 2.785925897367361737e-01 3.549001144050958900e-02
1.373249999999743522e+02 2.768098864702979722e-01 3.552976572593488647e-02
1.374750000000095724e+02 2.731391443731984170e-01 3.468134920467778881e-02
1.376250000000000000e+02 2.710241949390601035e-01 3.464066111629389433e-02
1.377749999999902286e+02 2.689727022088606034e-01 3.471270436205219773e-02
1.379250000000257330e+02 2.667926023462448004e-01 3.435201134233167169e-02
1.380749999999742386e+02 2.643072332186749418e-01 3.444385529167605375e-02
1.382250000000100272e+02 2.618768236014912265e-01 3.411949307444944041e-02
1.383750000000000000e+02 2.591732371970583704e-01 3.373080650385162221e-02
1.385249999999898023e+02 2.579737652514701995e-01 3.366227953870531281e-02
1.386750000000258467e+02 2.553545827657589529e-01 3.349520932891433822e-02
1.388249999999741249e+02 2.529393702752055773e-01 3.308854169641247539e-02
1.389750000000104535e+02 2.504375598339907416e-01 3.326837736722110250e-02
1.391250000000000000e+02 2.478995798062104960e-01 3.341406263995393144e-02
1.392749999999893475e+02 2.462254384115337147e-01 3.292726337025713573e-02
1.394250000000259604e+02 2.435108139250848347e-01 3.300262139817049245e-02
1.395749999999740112e+02 2.413370157223244938e-01 3.254698402124620027e-02
1.397250000000109367e+02 2.400360878293431310e-01 3.298343366196979098e-02
1.398750000000000000e+02 2.374379409265598428e-01 3.189852061790479643e-02
1.400249999999889212e+02 2.357422273859763606e-01 3.239309812505796610e-02
1.401750000000260741e+02 2.332367417769964923e-01 3.169704084582189441e-02
1.403249999999738975e+02 2.316167806750742408e-01 3.215678828420795443e-02
1.404750000000113346e+02 2.291501348691992734e-01 3.182804898867259286e-02
1.406250000000000000e+02 2.268559169365620687e-01 3.132130238230326769e-02
1.407749999999884665e+02 2.248572536595311311e-01 3.115896622554875303e-02
1.409250000000261593e+02 2.236835138254131550e-01 3.112061120616338092e-02
1.410749999999738122e+02 2.201892172899436173e-01 3.053203889008516275e-02
1.412250000000117893e+02 2.180744886676260208e-01 3.103031972037719952e-02
1.413750000000000000e+02 2.163986177489647389e-01 3.084756753173781979e-02
1.415249999999880401e+02 2.145046810594956055e-01 3.077645368432120609e-02
1.416750000000263014e+02 2.122287754257777825e-01 3.017522512107253044e-02
1.418249999999736986e+02 2.104044147112332785e-01 3.055231880126291558e-02
1.419750000000122441e+02 2.075005804180577729e-01 3.017393314242388172e-02
1.421250000000000000e+02 2.060140946047463728e-01 3.003793129970102130e-02
1.422749999999876138e+02 2.045850825556560504e-01 2.988974390145275953e-02
1.424250000000264151e+02 2.020323951036570309e-01 2.970746220602809781e-02
1.425749999999735849e+02 2.003478300364802400e-01 2.947384499733785371e-02
1.427250000000126420e+02 1.978441561891469969e-01 2.952953727522012600e-02
1.428750000000000000e+02 1.962079987665384107e-01 2.905933678475958182e-02
1.430249999999871875e+02 1.948552136355565512e-01 2.937931246052032097e-02
1.431750000000265004e+02 1.921891217093054105e-01 2.887420017972458161e-02
1.433249999999734712e+02 1.908267094138795250e-01 2.888113501751510270e-02
1.434750000000130683e+02 1.882374314254296188e-01 2.853013043918166056e-02
1.436250000000000000e+02 1.867437006040679193e-01 2.812376963986909506e-02
1.437749999999867612e+02 1.847223568777197344e-01 2.833998237227843345e-02
1.439250000000266141e+02 1.832751444689910691e-01 2.809290300673826166e-02
1.440749999999733575e+02 1.813331681921672989e-01 2.768237397066058633e-02
1.442250000000134946e+02 1.795586602707757717e-01 2.753914137090958739e-02
1.443750000000000000e+02 1.779223651262626105e-01 2.779940707417545218e-02
1.445249999999863348e+02 1.757201749654814793e-01 2.750428986734755263e-02
1.446750000000266994e+02 1.735772926005105521e-01 2.735818636689173883e-02
1.448249999999732722e+02 1.721237087531807264e-01 2.663850386778575038e-02
1.449750000000139210e+02 1.701125452222275458e-01 2.694932598919013225e-02
1.451250000000000000e+02 1.685936514628147698e-01 2.710898528880390304e-02
1.452749999999859369e+02 1.660948897259556523e-01 2.694587678220038487e-02
1.454250000000268130e+02 1.646368679298755577e-01 2.634590111532163909e-02
1.455749999999731870e+02 1.630212328080332673e-01 2.649445017568354682e-02
1.457250000000142904e+02 1.609150573089302982e-01 2.606650377150895176e-02
1.458750000000000000e+02 1.596607559686383515e-01 2.623570195127942345e-02
1.460249999999855390e+02 1.579153188221030790e-01 2.573493506564352232e-02
1.461750000000269267e+02 1.559593256050666454e-01 2.574655444160272796e-02
1.463249999999730733e+02 1.540288204139505512e-01 2.551125266807984307e-02
1.464750000000146883e+02 1.523683209959428853e-01 2.543536096684334211e-02
1.466250000000000000e+02 1.507930963045261141e-01 2.533647276717113095e-02
1.467749999999851411e+02 1.488309657472544900e-01 2.537446421001375227e-02
1.469250000000270120e+02 1.473280224729672239e-01 2.503857289765294702e-02
1.470749999999729596e+02 1.454567644378453317e-01 2.470104664163933275e-02
1.472250000000150862e+02 1.434851485747953570e-01 2.450110315829502269e-02
1.473750000000000000e+02 1.418783612238539715e-01 2.452346225107436897e-02
1.475249999999847432e+02 1.400400813787101573e-01 2.427081391381838774e-02
1.476750000000270973e+02 1.385566798234031949e-01 2.443495680322614605e-02
1.478249999999728743e+02 1.371711076567618537e-01 2.394962485019400122e-02
1.479750000000154841e+02 1.351490717305852685e-01 2.390836930728169538e-02
1.481250000000000000e+02 1.338936625980018114e-01 2.370636127344252081e-02
1.482749999999843453e+02 1.316776777391341080e-01 2.331950535032649083e-02
1.484250000000272109e+02 1.296575840156755921e-01 2.316761055893837642e-02
1.485749999999727606e+02 1.284940162643704586e-01 2.316995662279893592e-02
1.487250000000158821e+02 1.268328314538443857e-01 2.269818172387103733e-02
1.488750000000000000e+02 1.249812051715379069e-01 2.286079063000177880e-02
1.490249999999839474e+02 1.233555808374724727e-01 2.275785111052714901e-02
1.491750000000273246e+02 1.218453045871809998e-01 2.261284973879843646e-02
1.493249999999726754e+02 1.200821396430843124e-01 2.260017733609767307e-02
1.494750000000162800e+02 1.186017276842748075e-01 2.209084204394679701e-02
1.496250000000000000e+02 1.169604520441213935e-01 2.163466220312421084e-02
1.497749999999835779e+02 1.157807338603930591e-01 2.231421490486497003e-02
1.499250000000274099e+02 1.137275812652858986e-01 2.128847152864301456e-02
1.500749999999725617e+02 1.120563105886071831e-01 2.174239965881601816e-02
1.502250000000166494e+02 1.103226880110673852e-01 2.123339194607920880e-02
1.503750000000000000e+02 1.091262930351018096e-01 2.130755545581278915e-02
1.505249999999831800e+02 1.072934001572058010e-01 2.105036087429647956e-02
1.506750000000274952e+02 1.058091433825828348e-01 2.091158400283378224e-02
1.508249999999724764e+02 1.042799138312693885e-01 2.062685738846604250e-02
1.509750000000170473e+02 1.030663834684100166e-01 2.057376367513196261e-02
1.511250000000000000e+02 1.011515384631974379e-01 2.047163698894858760e-02
1.512749999999828106e+02 9.966762477474956639e-02 2.041512566633203393e-02
1.514250000000275804e+02 9.800276685996665849e-02 2.024124618367901737e-02
1.515749999999723912e+02 9.678200628981961651e-02 2.015663017969726578e-02
1.517250000000174168e+02 9.507275240095768021e-02 1.965287026127535489e-02
1.518750000000000000e+02 9.377535308276296888e-02 1.963877986097148712e-02
1.520249999999824411e+02 9.216050363773753418e-02 1.945239663609994729e-02
1.521750000000276941e+02 9.061368540904524149e-02 1.927894360283575331e-02
1.523249999999722775e+02 8.881119094972728112e-02 1.936048998003965169e-02
1.524750000000177863e+02 8.730451393597184195e-02 1.895050050021305013e-02
1.526250000000000000e+02 8.591858032054998373e-02 1.894158284023160152e-02
1.527749999999820716e+02 8.418031243671171560e-02 1.863402020041522375e-02
1.529250000000277794e+02 8.302827645555022062e-02 1.828318206411204058e-02
1.530749999999721922e+02 8.126996821268420157e-02 1.825728264597987691e-02
1.532250000000181558e+02 8.006437656758810806e-02 1.794905899302224120e-02
1.533750000000000000e+02 7.834068319091166965e-02 1.782578813712510507e-02
1.535249999999817021e+02 7.671984480133833828e-02 1.780339565089809895e-02
1.536750000000278646e+02 7.545514696461452786e-02 1.742701386698021146e-02
1.538249999999721069e+02 7.393222114034789239e-02 1.718526322799155195e-02
1.539750000000185253e+02 7.259024383426404547e-02 1.711844598990684002e-02
1.541250000000000000e+02 7.110610372188924666e-02 1.689020556185433578e-02
1.542749999999813326e+02 6.965866551298829923e-02 1.678962765933112236e-02
1.544250000000279783e+02 6.814525209908420256e-02 1.647003926139908175e-02
1.545749999999720217e+02 6.679254815589921734e-02 1.655123964848315837e-02
1.547250000000188948e+02 6.525762996565369345e-02 1.629307989662858933e-02
1.548750000000000000e+02 6.388558665101116973e-02 1.616149504704822784e-02
1.550249999999809631e+02 6.235888422063132208e-02 1.575544704095447474e-02
1.551750000000280636e+02 6.069943920921114927e-02 1.544702178593840812e-02
1.553249999999719080e+02 5.943855800124865640e-02 1.541642975403595406e-02
1.554750000000192358e+02 5.814453350012773608e-02 1.516193031115265800e-02
1.556250000000000000e+02 5.633239453509861910e-02 1.505378558411080148e-02
1.557749999999806221e+02 5.519677851765312365e-02 1.506489993099616002e-02
1.559250000000281489e+02 5.399844690168825040e-02 1.477511654171372382e-02
1.560749999999718511e+02 5.246131360395567267e-02 1.449979012012329177e-02
1.562250000000196053e+02 5.102168074394657082e-02 1.438111929792058874e-02
1.563750000000000000e+02 4.971061975369372304e-02 1.411048984484583949e-02
1.565249999999802810e+02 4.824626488633122073e-02 1.371090582201392807e-02
1.566750000000282341e+02 4.697848349896241449e-02 1.349722097691619625e-02
1.568249999999717659e+02 4.565861914409682920e-02 1.335727055847165529e-02
1.569750000000199748e+02 4.425478812979096593e-02 1.315491073095168863e-02
1.571250000000000000e+02 4.292564290088279194e-02 1.301162167503502540e-02
1.572749999999799115e+02 4.136084237693495036e-02 1.277777653211747792e-02
1.574250000000283194e+02 4.000784095487477238e-02 1.263058488853208670e-02
1.575749999999716522e+02 3.871485529805464287e-02 1.235204651102319098e-02
1.577250000000202874e+02 3.748729329606186045e-02 1.221213552344796970e-02
1.578750000000000000e+02 3.596983665092533949e-02 1.201888569915005207e-02
1.580249999999795705e+02 3.461356606425711885e-02 1.183305764632267866e-02
1.581750000000284047e+02 3.327576281513384276e-02 1.146255112295866199e-02
1.583249999999715669e+02 3.186943179715458901e-02 1.125844349177518126e-02
1.584750000000206569e+02 3.059109572996622853e-02 1.093109228141602232e-02
1.586250000000000000e+02 2.923394659661703726e-02 1.076832820830873373e-02
1.587749999999792294e+02 2.792607477431722704e-02 1.044506711663600353e-02
1.589250000000284899e+02 2.647156851041258460e-02 1.015703292383633022e-02
1.590749999999715101e+02 2.536791175329957196e-02 9.896779784901773430e-03
1.592250000000209980e+02 2.397263724869534360e-02 9.696012599366136964e-03
1.593750000000000000e+02 2.286473347824957703e-02 9.455789685779423734e-03
1.595249999999788884e+02 2.151974798896173768e-02 9.200545768277028011e-03
1.596750000000285752e+02 2.022767562603871444e-02 8.897123396263601630e-03
1.598249999999713964e+02 1.882319303412992653e-02 8.461467425104583773e-03
1.599750000000213390e+02 1.765040703945617781e-02 8.206884543777610841e-03
1.601250000000000000e+02 1.634674876414601158e-02 8.024759040661830906e-03
1.602749999999785473e+02 1.518239733458911535e-02 7.702831596999055487e-03
1.604250000000286605e+02 1.378475060560989569e-02 7.262445960569423667e-03
1.605749999999713395e+02 1.261987912886360953e-02 6.972366059568077708e-03
1.607250000000216517e+02 1.125656295136007526e-02 6.556606627347890195e-03
1.608750000000000000e+02 9.988776999139198018e-03 6.166341847780264056e-03
1.610249999999782062e+02 8.784636637960833647e-03 5.853146523714864921e-03
1.611750000000287457e+02 7.576887906259413032e-03 5.470567926838357763e-03
1.613249999999712543e+02 6.295799663720061910e-03 4.979147424416198973e-03
1.614750000000219927e+02 5.044339282250833931e-03 4.412907784496274133e-03
1.616250000000000000e+02 3.762534828031840681e-03 3.818349450555223734e-03
1.617749999999778652e+02 2.553043129574846578e-03 3.136364477663088762e-03
1.619250000000288310e+02 1.331041732597822722e-03 2.279881281470762158e-03
1.620749999999711406e+02 2.179507551928952915e-04 9.131933370902006655e-04
