# Radius RDF_mean RDF_std
7.500000000000896228e-02 1.743346846516467394e+03 8.380633131170406314e-02
2.249999999999577616e-01 1.396772188528610592e-03 6.245305689280811201e-02
3.750000000000000000e-01 6.704506504937329412e-04 3.351750376762419048e-02
5.249999999999700462e-01 9.577866435624759556e-04 3.385101744978695482e-02
6.750000000001169509e-01 2.141717355743869705e-03 4.460874321974345191e-02
8.249999999998777200e-01 1.828501774073816935e-03 3.728118870319004075e-02
9.750000000001839418e-01 1.676126626234332407e-03 3.283043244638499114e-02
1.125000000000000000e+00 2.123093726563485967e-03 3.437735301794917625e-02
1.274999999999773648e+00 3.155061884676387506e-03 3.931384671483688364e-02
1.424999999999764455e+00 3.837447802168084468e-03 4.143673297371500142e-02
1.575000000000282396e+00 6.065982075895689184e-03 4.915384347204274085e-02
1.725000000000170397e+00 7.068881858466519175e-03 5.104590496070895989e-02
1.875000000000000000e+00 8.447678196221029140e-03 5.339199749588551674e-02
2.025000000000070521e+00 1.142249256396724727e-02 5.958395630255722969e-02
2.174999999999594813e+00 1.502734216623898347e-02 6.596352590239301650e-02
2.325000000000426059e+00 1.889697599577117026e-02 7.133236719254466840e-02
2.474999999999678124e+00 2.333879347741418461e-02 7.655253558042846018e-02
2.625000000000000000e+00 3.182246123236356916e-02 8.819081548056564857e-02
2.775000000000444444e+00 3.787140160896949187e-02 9.291170417371336088e-02
2.924999999999512212e+00 4.974657871452071306e-02 1.036679140430336182e-01
3.075000000000499334e+00 6.350884667939087069e-02 1.152324143007019824e-01
3.224999999999414779e+00 7.850509361013956189e-02 1.230808385018816037e-01
3.375000000000000000e+00 1.048882795439030624e-01 1.395024919366313898e-01
3.525000000000659384e+00 1.314154599504997467e-01 1.544386567661473197e-01
3.674999999999857714e+00 1.677836959526466665e-01 1.690232391292864067e-01
3.825000000000022382e+00 2.063114685526496461e-01 1.823576343487912088e-01
3.974999999999250466e+00 2.661878832644153370e-01 2.040007051733828958e-01
4.125000000000000000e+00 3.396746795637897165e-01 2.275745803917621490e-01
4.275000000000798828e+00 4.429679210104202070e-01 2.516053580538643031e-01
4.425000000000374634e+00 5.704512314370423498e-01 2.840308886797919263e-01
4.574999999999541878e+00 7.691635177846496418e-01 3.246005852885936460e-01
4.724999999999138112e+00 1.073279749665371874e+00 3.779403140084369173e-01
4.875000000000000000e+00 1.449746385438837937e+00 4.239574818732960160e-01
5.025000000000897415e+00 1.741320446950353817e+00 4.594915141952196636e-01
5.175000000000743228e+00 1.833573216494143177e+00 4.626541122829744834e-01
5.324999999999196376e+00 1.739984689952283725e+00 4.512739824987527237e-01
5.474999999999057287e+00 1.581976527181302661e+00 4.264041917202838761e-01
5.625000000000000000e+00 1.410840478011461396e+00 3.984085576681901109e-01
5.775000000000969358e+00 1.258814632058446348e+00 3.659816803294739795e-01
5.925000000001017675e+00 1.144571709394329284e+00 3.447418910118388857e-01
6.074999999998936140e+00 1.054469884193223406e+00 3.260377788330718896e-01
6.224999999998995115e+00 1.006907827839456759e+00 3.136743063631777795e-01
6.375000000000000000e+00 9.814805949125018358e-01 3.094653299765303678e-01
6.525000000001025313e+00 9.848303549407638746e-01 3.054872529050160490e-01
6.675000000001229949e+00 1.005845471691547033e+00 3.098630411181436672e-01
6.824999999998733635e+00 1.043812461230904987e+00 3.085912707397045485e-01
6.974999999999387690e+00 1.089455272752049897e+00 3.141241915867022949e-01
7.125000000000000000e+00 1.152628172265953266e+00 3.193785277179848059e-01
7.275000000000346745e+00 1.233033048778527041e+00 3.259766751604115664e-01
7.425000000001398703e+00 1.321312629204098865e+00 3.329399578206869714e-01
7.574999999998571099e+00 1.402486508016727917e+00 3.405344995195212499e-01
7.725000000000012079e+00 1.487415923116580441e+00 3.488872785977595870e-01
7.875000000000000000e+00 1.565270803797333521e+00 3.566523784298081812e-01
8.024999999999771205e+00 1.628404011591154221e+00 3.539689103559216510e-01
8.175000000001539036e+00 1.667630663289477289e+00 3.543898567532764998e-01
8.324999999998437872e+00 1.691710073786251378e+00 3.570230871237423664e-01
8.475000000000525446e+00 1.688771740826040091e+00 3.517865723070067174e-01
8.625000000000000000e+00 1.670325770606127858e+00 3.503017813172679129e-01
8.774999999999291589e+00 1.639574172500660065e+00 3.468300390419168377e-01
8.925000000001652722e+00 1.588827190693150371e+00 3.326117183721447046e-01
9.074999999998325961e+00 1.537001190113799654e+00 3.271455417586439651e-01
9.225000000000957101e+00 1.485688661993268767e+00 3.175999908378194236e-01
9.375000000000000000e+00 1.443205365746301316e+00 3.103614742834256979e-01
9.524999999998890132e+00 1.404488530004767144e+00 3.090372478638122034e-01
9.675000000001750422e+00 1.369408446863120687e+00 2.946977572672815349e-01
9.824999999998231814e+00 1.340012058235371839e+00 2.929265753485271739e-01
9.975000000001321254e+00 1.288084408577336415e+00 2.838787079439885064e-01
1.012500000000000000e+01 1.233138774673384397e+00 2.790473642169959412e-01
1.027499999999854730e+01 1.171802146502097353e+00 2.688716313490693843e-01
1.042500000000183391e+01 1.110005814374950273e+00 2.581785786974351016e-01
1.057499999999815010e+01 1.055133598637399306e+00 2.495786951660287634e-01
1.072500000000163745e+01 1.001960366366401400e+00 2.436157743759543026e-01
1.087500000000000000e+01 9.634318050125051380e-01 2.361580687848109095e-01
1.102499999999824887e+01 9.411222961866830827e-01 2.300213962794950551e-01
1.117500000000190674e+01 9.294290880049336234e-01 2.284797763944678706e-01
1.132499999999808082e+01 9.274419329478822416e-01 2.274800476094322177e-01
1.147500000000190923e+01 9.342762679858173103e-01 2.237335610233461280e-01
1.162500000000000000e+01 9.499799100088599513e-01 2.297602974024392508e-01
1.177499999999798952e+01 9.719933037293417843e-01 2.284725532943772397e-01
1.192500000000196891e+01 9.964783626501111380e-01 2.264814581157189866e-01
1.207499999999801865e+01 1.026799335520881318e+00 2.302740569283171779e-01
1.222500000000215081e+01 1.056479065292204034e+00 2.315563745706612775e-01
1.237500000000000000e+01 1.086429724923923201e+00 2.392933828351732350e-01
1.252499999999776215e+01 1.115954067391732085e+00 2.387972348441883830e-01
1.267500000000202398e+01 1.140038848337728394e+00 2.377400288245231086e-01
1.282499999999796536e+01 1.155542280137246136e+00 2.411067549096930496e-01
1.297500000000236220e+01 1.175856115566072280e+00 2.396425592649112368e-01
1.312500000000000000e+01 1.186084667921922797e+00 2.383283039018687655e-01
1.327499999999756142e+01 1.192280005307043478e+00 2.389806905675054272e-01
1.342500000000173088e+01 1.193472386648087191e+00 2.402199261339212633e-01
1.357499999999841833e+01 1.186345757386074284e+00 2.397650372884348735e-01
1.372500000000255049e+01 1.182704256788973840e+00 2.332831015417985432e-01
1.387500000000000000e+01 1.174221833188364261e+00 2.343599919427509781e-01
1.402499999999738023e+01 1.157235468376944576e+00 2.280018423389501836e-01
1.417500000000102034e+01 1.153658446368340806e+00 2.292439605104669709e-01
1.432499999999911111e+01 1.140209270209122216e+00 2.266114214802326110e-01
1.447500000000271925e+01 1.123139450782774773e+00 2.248139104326304927e-01
1.462500000000000000e+01 1.114499571388994248e+00 2.236704184251208372e-01
1.477499999999721680e+01 1.104248387051465441e+00 2.170215711192747254e-01
1.492500000000038618e+01 1.095201352173991616e+00 2.156314133350205053e-01
1.507499999999973639e+01 1.084945924541536932e+00 2.171671821786321788e-01
1.522500000000287201e+01 1.081605337587154603e+00 2.138635317804632729e-01
1.537500000000000000e+01 1.075541839258509436e+00 2.132579300934690225e-01
1.552499999999706937e+01 1.073555055488077281e+00 2.091010610338007725e-01
1.567499999999980886e+01 1.075134983921526954e+00 2.092705329122015179e-01
1.582500000000029772e+01 1.074667254171122188e+00 2.103939440893007606e-01
1.597500000000300879e+01 1.071564277343732829e+00 2.071381745364151705e-01
1.612500000000000000e+01 1.069614359578100249e+00 2.078139064201292852e-01
1.627499999999693969e+01 1.078023625715838651e+00 2.083048597112636124e-01
1.642499999999928662e+01 1.081717784393348536e+00 2.059925695075085772e-01
1.657500000000081286e+01 1.087832725417904767e+00 2.087384752290818712e-01
1.672500000000313847e+01 1.087362720915092673e+00 2.039188648432366802e-01
1.687500000000000000e+01 1.092041193701690283e+00 2.057051462690397958e-01
1.702499999999681535e+01 1.094189490859450054e+00 2.029433422037565105e-01
1.717499999999880700e+01 1.091473164879046553e+00 2.045861807032251234e-01
1.732500000000128182e+01 1.089036065547932974e+00 2.020181603983785268e-01
1.747500000000325215e+01 1.088428433443975996e+00 2.014288294400790325e-01
1.762500000000000000e+01 1.082021760452121395e+00 2.012423007650488149e-01
1.777499999999670521e+01 1.077091700093810278e+00 2.001105242237451731e-01
1.792499999999837357e+01 1.071746222375556501e+00 1.989204334478195946e-01
1.807500000000171170e+01 1.061989657452710567e+00 1.959317543345792390e-01
1.822500000000335874e+01 1.055804577617803108e+00 1.976956663695417227e-01
1.837500000000000000e+01 1.045998793434600449e+00 1.917588886793344105e-01
1.852499999999660218e+01 1.038068649628571150e+00 1.898412520278934534e-01
1.867499999999797211e+01 1.028276759465835966e+00 1.895595984274550949e-01
1.882500000000210960e+01 1.016847927317016342e+00 1.849470412141434317e-01
1.897500000000345466e+01 1.014778734572398644e+00 1.827688850900870687e-01
1.912500000000000000e+01 1.010135787175520550e+00 1.854242275875508106e-01
1.927499999999650626e+01 9.988638579931157224e-01 1.812773165485417060e-01
1.942499999999759908e+01 1.003184436161019821e+00 1.832760875026918646e-01
1.957500000000247198e+01 9.987691780911144290e-01 1.821417352662184908e-01
1.972500000000354348e+01 9.984552477271978477e-01 1.799039617008517111e-01
1.987500000000000000e+01 9.974629552720457593e-01 1.808938388504854056e-01
2.002499999999642100e+01 9.994391525077359617e-01 1.782943480284900351e-01
2.017499999999725446e+01 1.001180342428988013e+00 1.778760167442114126e-01
2.032500000000281304e+01 1.005372912254682838e+00 1.809005616209593548e-01
2.047500000000362874e+01 1.010038202729384826e+00 1.809565474970632470e-01
2.062500000000000000e+01 1.008811856283133190e+00 1.797074995039627532e-01
2.077499999999633928e+01 1.013430330511295052e+00 1.772705298748074587e-01
2.092499999999693472e+01 1.016522737832584289e+00 1.759853809777046363e-01
2.107500000000312212e+01 1.020439012751031216e+00 1.747029506165560242e-01
2.122500000000370690e+01 1.023417450330294631e+00 1.776465341815513244e-01
2.137500000000000000e+01 1.024142774359459329e+00 1.779383579245603919e-01
2.152499999999626468e+01 1.026773562630052039e+00 1.778605899430758253e-01
2.167499999999663984e+01 1.028202189637806185e+00 1.749546052241439387e-01
2.182500000000341700e+01 1.028223046800382567e+00 1.754435900384134217e-01
2.197500000000377796e+01 1.023707208252177869e+00 1.745825235640050266e-01
2.212500000000000000e+01 1.021823609204188577e+00 1.719512851912061713e-01
2.227499999999619718e+01 1.020625670800881846e+00 1.726529238688280510e-01
2.242499999999636273e+01 1.018588877692186534e+00 1.721822798353457307e-01
2.257500000000369056e+01 1.014655225523984683e+00 1.712801195815730204e-01
2.272500000000384546e+01 1.014471491700043915e+00 1.716674471442318772e-01
2.287500000000000000e+01 1.015713501258026952e+00 1.689074456114690592e-01
2.302499999999612967e+01 1.006219215477771822e+00 1.686921048113775579e-01
2.317499999999610338e+01 1.002575955135774022e+00 1.669670477117695673e-01
2.332500000000394635e+01 9.994753851184737803e-01 1.662497364669924815e-01
2.347500000000390941e+01 9.963742762205497483e-01 1.642373988105569060e-01
2.362500000000000000e+01 9.958320574595396213e-01 1.640321014241780395e-01
2.377499999999606928e+01 9.916086732513479385e-01 1.632436427168343362e-01
2.392499999999586180e+01 9.916469535084684317e-01 1.624517779479109636e-01
2.407500000000418439e+01 9.914341209958921208e-01 1.632813337426837486e-01
2.422500000000396625e+01 9.857466744772892531e-01 1.618775668352842589e-01
2.437500000000000000e+01 9.881668991373110389e-01 1.606489971353869117e-01
2.452499999999600888e+01 9.887865652407740180e-01 1.587957105646413403e-01
2.467499999999563087e+01 9.882753359475771049e-01 1.600463834883947001e-01
2.482500000000441176e+01 9.909630273643974530e-01 1.574109917246886703e-01
2.497500000000402309e+01 9.895388527264310508e-01 1.595607239564970081e-01
2.512500000000000000e+01 9.872135660367081789e-01 1.579051574613062892e-01
2.527499999999595559e+01 9.922197128703524882e-01 1.578450330981718830e-01
2.542499999999541771e+01 9.908380524210388396e-01 1.568643160374339485e-01
2.557500000000462137e+01 9.909988082745064819e-01 1.567739891344591963e-01
2.572500000000407638e+01 9.878714061701090454e-01 1.568514416507792997e-01
2.587500000000000000e+01 9.880742169961072019e-01 1.569138635559839678e-01
2.602499999999590585e+01 9.884002786836918464e-01 1.570578503491026623e-01
2.617499999999521521e+01 9.878869412890959323e-01 1.554002888207636768e-01
2.632500000000482032e+01 9.880718708756132118e-01 1.536037305478966941e-01
2.647500000000383480e+01 9.859423149512930307e-01 1.529240380716486158e-01
2.662500000000000000e+01 9.847621647803047606e-01 1.522641996626271366e-01
2.677499999999647073e+01 9.828229047232444060e-01 1.519061216689427674e-01
2.692499999999502691e+01 9.806251194368121871e-01 1.490548737413002478e-01
2.707500000000501217e+01 9.812305278538351327e-01 1.513464472374091707e-01
2.722500000000308873e+01 9.787101920017329260e-01 1.499805352689712323e-01
2.737500000000000000e+01 9.747870284765813853e-01 1.491084224766461575e-01
2.752499999999719549e+01 9.730189091441511229e-01 1.516203619128835556e-01
2.767499999999484928e+01 9.757873220803862102e-01 1.485402734726883611e-01
2.782500000000518625e+01 9.740260968185310286e-01 1.487714808092926166e-01
2.797500000000238529e+01 9.702773497401648850e-01 1.486220891731366844e-01
2.812500000000000000e+01 9.717444683191251986e-01 1.463737093804667599e-01
2.827499999999788827e+01 9.755946156527930402e-01 1.471010462540092156e-01
2.842499999999467164e+01 9.725271442710569092e-01 1.478282562899649599e-01
2.857500000000536033e+01 9.709458401741728473e-01 1.454393513081249922e-01
2.872500000000171028e+01 9.715473243184292729e-01 1.449199037733157336e-01
2.887500000000000000e+01 9.738665752351959304e-01 1.444960274371748787e-01
2.902499999999854552e+01 9.716618660271166830e-01 1.443684425850404462e-01
2.917499999999451177e+01 9.701800087819393292e-01 1.458646422117450825e-01
2.932500000000552021e+01 9.733344480382594144e-01 1.449515380387898789e-01
2.947500000000107434e+01 9.736973562914779112e-01 1.444379884643516299e-01
2.962500000000000000e+01 9.757305944713885459e-01 1.435408477590380816e-01
2.977499999999917080e+01 9.726790799034884527e-01 1.429411308705074435e-01
2.992499999999435900e+01 9.774989848998248965e-01 1.425701243598798684e-01
3.007500000000566942e+01 9.761828349059258336e-01 1.440743547759191223e-01
3.022500000000047393e+01 9.761254058165452774e-01 1.417343319740663188e-01
3.037500000000000000e+01 9.753049751316731353e-01 1.430078427746147574e-01
3.052499999999976410e+01 9.779189893503836828e-01 1.432325865141456933e-01
3.067499999999420623e+01 9.753376739948477203e-01 1.410154565607616983e-01
3.082500000000581508e+01 9.743067153780711198e-01 1.384878478320678008e-01
3.097499999999989839e+01 9.699537806701051812e-01 1.405629640362388022e-01
3.112500000000000000e+01 9.727087863752071906e-01 1.396584381238196726e-01
3.127500000000032898e+01 9.720027124041967781e-01 1.396559011277235807e-01
3.142499999999406768e+01 9.708133419753716131e-01 1.400595645305948711e-01
3.157500000000595364e+01 9.725037974749042302e-01 1.387176379186995101e-01
3.172499999999935127e+01 9.681216256220791516e-01 1.376021802251495285e-01
3.187500000000000000e+01 9.666813827596871800e-01 1.363367912388498693e-01
3.202500000000086544e+01 9.663674698035756849e-01 1.367015730592944234e-01
3.217499999999394333e+01 9.653160968385199325e-01 1.376322429051609342e-01
3.232500000000609219e+01 9.665922806276903145e-01 1.363922295101620830e-01
3.247499999999882903e+01 9.664437739926026172e-01 1.367891056243291936e-01
3.262500000000000000e+01 9.640078531288759356e-01 1.354050284832642448e-01
3.277500000000137703e+01 9.646434754031703029e-01 1.365594370682445269e-01
3.292499999999381544e+01 9.661285506961110325e-01 1.358418104553306138e-01
3.307500000000621299e+01 9.651372759777528954e-01 1.354780544344333371e-01
3.322499999999832454e+01 9.647849181491164883e-01 1.341411514213841083e-01
3.337500000000000000e+01 9.658557269933081280e-01 1.344352939684926307e-01
3.352500000000186731e+01 9.675694056307501123e-01 1.346979875815578209e-01
3.367499999999368754e+01 9.680415201005782011e-01 1.320681124077281443e-01
3.382500000000633378e+01 9.630109343455555138e-01 1.327346896966217771e-01
3.397499999999784848e+01 9.663073503473618153e-01 1.321701579093376711e-01
3.412500000000000000e+01 9.667585257563077183e-01 1.328697579702314557e-01
3.427500000000233626e+01 9.688011899634529911e-01 1.321870402081369855e-01
3.442499999999357385e+01 9.682223967820386967e-01 1.323824083779584493e-01
3.457500000000644746e+01 9.697465108372391729e-01 1.314369549048178820e-01
3.472499999999739373e+01 9.687070662220050865e-01 1.304330701474496201e-01
3.487500000000000000e+01 9.680820775721720173e-01 1.315271465403175799e-01
3.502500000000278391e+01 9.680815681464073341e-01 1.323278332702013949e-01
3.517499999999346016e+01 9.697965018299782303e-01 1.314834531599756995e-01
3.532500000000656115e+01 9.672656302198817668e-01 1.300828353460998232e-01
3.547499999999695319e+01 9.652823871307911752e-01 1.302064875506222796e-01
3.562500000000000000e+01 9.677990426753453335e-01 1.306641525607702692e-01
3.577500000000321734e+01 9.669932923760488075e-01 1.297256694404370081e-01
3.592499999999336069e+01 9.674417427937532787e-01 1.287670213830495458e-01
3.607500000000666773e+01 9.676808683203323991e-01 1.293294072296085062e-01
3.622499999999653397e+01 9.660614343290483408e-01 1.276396583153133479e-01
3.637500000000000000e+01 9.666429609364901587e-01 1.281048894580696651e-01
3.652500000000362235e+01 9.668979085993828493e-01 1.259643356759044541e-01
3.667499999999325411e+01 9.672810219496731365e-01 1.298423622362681051e-01
3.682500000000676721e+01 9.664559781666581806e-01 1.266461335603284999e-01
3.697499999999613607e+01 9.663141988334300603e-01 1.281846498244480770e-01
3.712500000000000000e+01 9.649477917803078730e-01 1.262970018755571744e-01
3.727500000000402736e+01 9.665584853227121576e-01 1.266768274407367445e-01
3.742499999999315463e+01 9.678388447162349362e-01 1.261665345589459974e-01
3.757500000000686668e+01 9.663371834560262608e-01 1.269955536845605026e-01
3.772499999999575238e+01 9.687811964053094638e-01 1.284405656751944902e-01
3.787500000000000000e+01 9.669939603634741809e-01 1.260974674059696932e-01
3.802500000000440394e+01 9.660192164802410275e-01 1.258682610099552124e-01
3.817499999999306226e+01 9.683286473880858836e-01 1.252374690233842569e-01
3.832500000000695906e+01 9.694670484861922510e-01 1.248577802535851544e-01
3.847499999999537579e+01 9.675449118196177700e-01 1.252642135574812687e-01
3.862500000000000000e+01 9.693137917957247440e-01 1.244056267170053492e-01
3.877500000000476632e+01 9.716120251374917860e-01 1.274932472199601097e-01
3.892499999999297700e+01 9.715285289535340318e-01 1.239780555038445808e-01
3.907500000000705143e+01 9.698033270921935234e-01 1.242462200503048342e-01
3.922499999999502052e+01 9.698347479691012962e-01 1.244460669846429723e-01
3.937500000000000000e+01 9.682408847769671256e-01 1.255951547285777403e-01
3.952500000000512159e+01 9.698650691977613869e-01 1.226659594267529713e-01
3.967499999999288463e+01 9.709969475286329699e-01 1.242423406626059768e-01
3.982500000000712959e+01 9.701143136480337992e-01 1.217760910873801755e-01
3.997499999999467946e+01 9.692005672270971317e-01 1.230388656536208075e-01
4.012500000000000000e+01 9.696596174317976269e-01 1.240262836961613380e-01
4.027500000000545555e+01 9.671812463526132664e-01 1.223073993606099419e-01
4.042499999999279936e+01 9.694868781287199200e-01 1.230737468823356884e-01
4.057500000000721485e+01 9.671095723332717720e-01 1.230793012611752640e-01
4.072499999999434550e+01 9.684739902905574738e-01 1.229621278908017146e-01
4.087500000000000000e+01 9.710370506189913709e-01 1.201320133968062087e-01
4.102500000000578240e+01 9.694477397223801862e-01 1.220512984577747512e-01
4.117499999999272120e+01 9.697873263938036059e-01 1.216124350932845238e-01
4.132500000000730012e+01 9.686323605119766533e-01 1.214094298056049154e-01
4.147499999999402576e+01 9.699529587120376828e-01 1.195323108703834486e-01
4.162500000000000000e+01 9.728978850418014135e-01 1.214802284404206539e-01
4.177500000000609504e+01 9.708986051492379810e-01 1.209956367110693459e-01
4.192499999999264304e+01 9.693469056091895686e-01 1.198745346894410646e-01
4.207500000000737828e+01 9.678331596124668534e-01 1.193630755666633403e-01
4.222499999999372022e+01 9.729691780215720120e-01 1.201896834035665884e-01
4.237500000000000000e+01 9.711715000065618275e-01 1.191050341169184873e-01
4.252500000000640057e+01 9.743483709407477766e-01 1.212480869653905224e-01
4.267499999999256488e+01 9.718588691163900783e-01 1.198568317635495262e-01
4.282500000000744933e+01 9.725834827093303714e-01 1.176570248396313079e-01
4.297499999999342180e+01 9.744248434345432752e-01 1.191790439271248059e-01
4.312500000000000000e+01 9.721519857145237697e-01 1.186743729864476321e-01
4.327500000000669900e+01 9.747126590871711960e-01 1.181072801268535089e-01
4.342499999999249383e+01 9.747356624742925524e-01 1.175259862880704831e-01
4.357500000000752038e+01 9.754278041811166311e-01 1.196991694242499071e-01
4.372499999999313758e+01 9.736053196245678665e-01 1.193842367883324873e-01
4.387500000000000000e+01 9.735717042073396277e-01 1.193547393819891916e-01
4.402500000000697611e+01 9.748375301471766674e-01 1.190818989384632293e-01
4.417499999999242277e+01 9.748127646627964271e-01 1.160644502291408586e-01
4.432500000000759144e+01 9.746435264271521293e-01 1.172884801992656045e-01
4.447499999999286047e+01 9.731483784139466353e-01 1.179016601019518135e-01
4.462500000000000000e+01 9.773043634446109129e-01 1.180831560979408029e-01
4.477500000000724611e+01 9.738590494561693012e-01 1.154100542355108172e-01
4.492499999999235882e+01 9.757449432573447323e-01 1.172255579562745537e-01
4.507500000000766249e+01 9.743845601892182628e-01 1.151145882123921216e-01
4.522499999999259757e+01 9.756683057679463866e-01 1.166371691195423610e-01
4.537500000000000000e+01 9.731979055929254052e-01 1.159308969207723250e-01
4.552500000000750902e+01 9.768325149921082140e-01 1.159232180096050335e-01
4.567499999999228777e+01 9.745644233876373796e-01 1.161831513406197947e-01
4.582500000000772644e+01 9.779087847246565879e-01 1.169540342967028551e-01
4.597499999999233466e+01 9.761031412772567251e-01 1.150895246133073896e-01
4.612500000000000000e+01 9.764037187827553366e-01 1.150947474390992681e-01
4.627500000000776481e+01 9.754323489499006072e-01 1.150104636683772497e-01
4.642499999999223093e+01 9.787997320755184028e-01 1.156557903603283310e-01
4.657500000000779039e+01 9.772317560134340386e-01 1.157876933412796405e-01
4.672499999999207887e+01 9.792494046552584486e-01 1.148962134704212268e-01
4.687500000000000000e+01 9.756250366841757726e-01 1.133400720603813527e-01
4.702500000000801350e+01 9.794393812060223636e-01 1.156379162094258173e-01
4.717499999999216698e+01 9.759280590602283922e-01 1.137200539329255577e-01
4.732500000000784723e+01 9.779561351572967354e-01 1.132875777939673506e-01
4.747499999999183729e+01 9.798350282754720864e-01 1.140951122997048428e-01
4.762500000000000000e+01 9.779882115738638415e-01 1.137490310159061657e-01
4.777500000000825509e+01 9.779896266648593350e-01 1.138247545490788659e-01
4.792499999999211013e+01 9.800920930348484550e-01 1.127758992581198300e-01
4.807500000000790408e+01 9.772262757508173303e-01 1.127646317103969537e-01
4.822499999999160281e+01 9.770462731963682756e-01 1.129535518135068861e-01
4.837500000000000000e+01 9.796622306368557576e-01 1.131205095365339225e-01
4.852500000000848956e+01 9.807361441629233179e-01 1.129863486795794347e-01
4.867499999999204618e+01 9.787314008692545864e-01 1.117973036518397356e-01
4.882500000000796092e+01 9.808932463384193445e-01 1.122496455649098085e-01
4.897499999999137543e+01 9.814401601128681651e-01 1.134257824540259446e-01
4.912500000000000000e+01 9.790882571962298275e-01 1.143045817259200070e-01
4.927500000000870983e+01 9.797993359081837994e-01 1.121264811896194730e-01
4.942499999999198934e+01 9.800953330344561731e-01 1.121918381350725386e-01
4.957500000000802487e+01 9.802411979426514099e-01 1.118590943936767501e-01
4.972499999999115516e+01 9.809259309882072397e-01 1.125394449299908645e-01
4.987500000000000000e+01 9.815851211638346729e-01 1.099060960328283737e-01
5.002500000000893010e+01 9.794334114860602236e-01 1.107868788939773835e-01
5.017499999999193960e+01 9.820010003226657957e-01 1.118913391182863315e-01
5.032500000000807461e+01 9.794686992888272936e-01 1.115817738789776914e-01
5.047499999999094200e+01 9.822961262550029549e-01 1.110451206203677543e-01
5.062500000000000000e+01 9.804657897067621253e-01 1.117645543424611587e-01
5.077500000000914326e+01 9.824218851395604135e-01 1.108880409299459330e-01
5.092499999999188276e+01 9.805785097480961277e-01 1.117892219423416850e-01
5.107500000000812435e+01 9.820834474354904753e-01 1.093707783142519596e-01
5.122499999999072884e+01 9.810334786434952159e-01 1.093833912094904215e-01
5.137500000000000000e+01 9.816156062285446016e-01 1.113168002187708699e-01
5.152500000000934932e+01 9.824224635504400505e-01 1.093437847974970123e-01
5.167499999999183302e+01 9.827904006516290369e-01 1.093399184699498233e-01
5.182500000000818119e+01 9.827365698009499217e-01 1.103542813821614538e-01
5.197499999999052989e+01 9.839516332343486438e-01 1.085779923531130231e-01
5.212500000000000000e+01 9.830265610495488859e-01 1.102148936961842712e-01
5.227500000000954827e+01 9.819601066044235660e-01 1.097998956598680992e-01
5.242499999999178328e+01 9.847387802656748512e-01 1.092186902426961481e-01
5.257500000000806040e+01 9.818252437909732455e-01 1.080937017415292967e-01
5.272499999999033804e+01 9.836443283868108178e-01 1.080456731807844656e-01
5.287500000000000000e+01 9.830375676059300849e-01 1.085406106725290004e-01
5.302500000000974723e+01 9.830518224249699122e-01 1.074062399372730792e-01
5.317499999999255778e+01 9.836274637806803334e-01 1.097037496754433988e-01
5.332500000000729301e+01 9.821842713377548773e-01 1.079585303062120250e-01
5.347499999999015330e+01 9.809372400446958462e-01 1.088687094125593419e-01
5.362500000000000000e+01 9.837046515386850265e-01 1.081419246074896007e-01
5.377500000000993197e+01 9.838945115287002219e-01 1.074390380080145618e-01
5.392499999999331095e+01 9.834049385726642001e-01 1.080450358039422298e-01
5.407500000000654694e+01 9.833539676059193102e-01 1.067239553703259736e-01
5.422499999998996145e+01 9.852413724944885098e-01 1.083493169814428170e-01
5.437500000000000000e+01 9.839556865633942717e-01 1.054291521141500904e-01
5.452500000001011671e+01 9.849238220091879326e-01 1.068568623739831608e-01
5.467499999999403570e+01 9.846232275195933026e-01 1.081169713924960696e-01
5.482500000000581508e+01 9.840663240457337979e-01 1.078432397824210659e-01
5.497499999998977671e+01 9.862335928762617776e-01 1.068724299370420877e-01
5.512500000000000000e+01 9.877231772847807623e-01 1.052988251752613180e-01
5.527500000001029434e+01 9.870634651448015884e-01 1.075271085851896014e-01
5.542499999999475335e+01 9.861805137435728508e-01 1.060450963990367118e-01
5.557500000000510454e+01 9.864672479268589145e-01 1.065436960113189807e-01
5.572499999998960618e+01 9.868968154443830132e-01 1.068907817101766161e-01
5.587500000000000000e+01 9.843081735491158168e-01 1.071444675014753128e-01
5.602500000001046487e+01 9.868560131200594387e-01 1.054958575840068136e-01
5.617499999999544258e+01 9.852010484151743075e-01 1.051416842703525728e-01
5.632500000000441531e+01 9.886580456140603435e-01 1.061631478046031890e-01
5.647499999998942855e+01 9.869347431647900182e-01 1.053846589435882136e-01
5.662500000000000000e+01 9.865947726247297211e-01 1.065610904918066204e-01
5.677500000001062830e+01 9.870348792197882748e-01 1.045030231242886076e-01
5.692499999999611759e+01 9.888926261234922688e-01 1.043587190883661642e-01
5.707500000000374030e+01 9.899102538081714364e-01 1.056975825773553979e-01
5.722499999998926512e+01 9.868146084891568082e-01 1.034568539036802570e-01
5.737500000000000000e+01 9.879309436544899681e-01 1.048275696358842435e-01
5.752500000001079172e+01 9.876548828810913783e-01 1.033463972813824516e-01
5.767499999999677129e+01 9.892318439699595567e-01 1.034531370529832434e-01
5.782500000000310081e+01 9.870961881775490721e-01 1.027896662639976727e-01
5.797499999998910170e+01 9.878088562060970412e-01 1.038347725148012490e-01
5.812500000000000000e+01 9.881599118104519297e-01 1.038801924643285718e-01
5.827500000001095515e+01 9.889686389064200611e-01 1.032183422029566283e-01
5.842499999999741078e+01 9.878829986730179868e-01 1.043561377813189001e-01
5.857500000000246132e+01 9.892409210623617222e-01 1.026646461071044625e-01
5.872499999998893827e+01 9.903189739313966733e-01 1.040089115180996560e-01
5.887500000000000000e+01 9.892584755761252291e-01 1.025377785509002243e-01
5.902500000001111857e+01 9.875878646394465887e-01 1.022171401257617601e-01
5.917499999999803606e+01 9.900947960953139226e-01 1.018975548658846847e-01
5.932500000000184315e+01 9.901002882992112619e-01 1.028531949410372431e-01
5.947499999998878906e+01 9.901374575908463704e-01 1.017764815564277392e-01
5.962500000000000000e+01 9.906720070165760950e-01 1.031605325143441915e-01
5.977500000001126779e+01 9.917485622120622013e-01 1.029506417563103987e-01
5.992499999999864002e+01 9.910471033650634087e-01 1.027066722855274894e-01
6.007500000000123919e+01 9.911495449799386792e-01 1.024441549307413130e-01
6.022499999998863984e+01 9.917639160097684314e-01 1.017052273091457737e-01
6.037500000000000000e+01 9.914871994741489836e-01 1.021037977626258475e-01
6.052500000001142411e+01 9.927851704051263715e-01 1.010613377267027685e-01
6.067499999999923688e+01 9.945739676730088741e-01 1.005233303160067010e-01
6.082500000000064944e+01 9.924116345727531652e-01 1.012222345666211332e-01
6.097499999998849773e+01 9.918020592200088581e-01 1.014972597316998321e-01
6.112500000000000000e+01 9.912294095001353833e-01 1.005204085862852481e-01
6.127500000001155911e+01 9.941061885819088006e-01 1.000857669599860278e-01
6.142499999999980531e+01 9.935388952071645408e-01 1.004011582427065397e-01
6.157500000000007390e+01 9.936501244716124948e-01 9.912617052267096163e-02
6.172499999998834852e+01 9.951548698461513132e-01 1.003322598228667262e-01
6.187500000000000000e+01 9.965903535920964673e-01 1.002680266645712415e-01
6.202500000001170122e+01 9.952918950035906098e-01 1.010598285259820955e-01
6.217500000000037375e+01 9.964542464978342062e-01 1.010305113808429300e-01
6.232499999999951967e+01 9.963241573260059880e-01 9.809861900336841467e-02
6.247499999998820641e+01 9.964462124338422377e-01 9.916664606798407389e-02
6.262500000000000000e+01 9.971357592959119165e-01 9.974912738946091484e-02
6.277500000001184333e+01 9.966184838284681824e-01 9.981461242299334569e-02
6.292500000000092086e+01 9.966280883863529727e-01 1.002667556990245457e-01
6.307499999999897256e+01 9.971468629023446661e-01 1.001542070921749711e-01
6.322499999998807851e+01 9.966481549263473960e-01 9.972371030160474825e-02
6.337500000000000000e+01 9.979697604235193698e-01 9.919281095640046508e-02
6.352500000001197833e+01 9.979246321810192333e-01 1.001929343521456295e-01
6.367500000000146798e+01 9.982637055189295117e-01 9.929965051492660455e-02
6.382499999999843254e+01 9.971683036348002460e-01 1.008050415090450402e-01
6.397499999998793641e+01 9.990883854540355546e-01 9.806031153911645704e-02
6.412500000000000000e+01 1.000442735940913375e+00 9.897297375783518925e-02
6.427500000001211333e+01 9.986340925226738774e-01 9.864242290818496517e-02
6.442500000000200089e+01 9.999812428434444733e-01 9.938327611179878507e-02
6.457499999999791385e+01 1.000261171779077918e+00 9.811306544020510778e-02
6.472499999998781561e+01 9.991064527820423535e-01 9.802507145081730544e-02
6.487500000000000000e+01 1.001475970581805264e+00 9.678817971269103315e-02
6.502500000001224123e+01 1.000124652087473809e+00 9.786940618874295783e-02
6.517500000000251248e+01 1.000305233979098096e+00 9.810941463999456325e-02
6.532499999999740226e+01 1.000332961299956525e+00 9.884043149761589930e-02
6.547499999998768772e+01 1.001696854969847061e+00 9.861745443523090016e-02
6.562500000000000000e+01 1.001066148625137320e+00 9.945245201567094739e-02
6.577500000001236913e+01 1.002192804958030425e+00 9.796937610889873416e-02
6.592500000000300986e+01 1.002777554270888771e+00 9.856722238725726393e-02
6.607499999999690488e+01 1.002145836177624094e+00 9.756664963851170713e-02
6.622499999998755982e+01 1.002003872729894107e+00 9.717959084738528319e-02
6.637500000000000000e+01 1.001914633955618195e+00 9.772600416697295456e-02
6.652500000001249703e+01 1.004654615603659762e+00 9.688722180744573087e-02
6.667500000000349303e+01 1.003045833284306632e+00 9.912868350847173216e-02
6.682499999999640750e+01 1.004713754899635658e+00 9.773365493621669065e-02
6.697499999998743192e+01 1.001623615845821380e+00 9.803697745558057064e-02
6.712500000000000000e+01 1.003176767938692038e+00 9.760597903195014635e-02
6.727500000001261071e+01 1.003751326437340996e+00 9.566751665197692489e-02
6.742500000000397620e+01 1.003378992421883220e+00 9.605482212523615282e-02
6.757499999999593854e+01 1.004323540604899812e+00 9.781643449944654733e-02
6.772499999998731823e+01 1.005081071439702045e+00 9.588261243038760651e-02
6.787500000000000000e+01 1.002156109825521391e+00 9.606378515172164789e-02
6.802500000001272440e+01 1.004589357817533779e+00 9.666629735883990049e-02
6.817500000000444516e+01 1.003539790155897338e+00 9.524639383962790751e-02
6.832499999999546958e+01 1.005844324353447172e+00 9.431221151937843605e-02
6.847499999998720455e+01 1.005523600592753919e+00 9.620518587720786052e-02
6.862500000000000000e+01 1.005102612206150603e+00 9.682768848423727037e-02
6.877500000001283809e+01 1.005231811323844093e+00 9.529909019443887075e-02
6.892500000000489990e+01 1.005679623459049266e+00 9.382298407081671177e-02
6.907499999999501483e+01 1.006794303440737837e+00 9.459624359356201551e-02
6.922499999998709086e+01 1.005840319683903417e+00 9.393493015834905591e-02
6.937500000000000000e+01 1.006904531256912039e+00 9.498833605654628809e-02
6.952500000001295177e+01 1.006658688600743812e+00 9.529764454406147722e-02
6.967500000000535465e+01 1.006102675360728949e+00 9.425167074606467799e-02
6.982499999999456008e+01 1.007721174287743215e+00 9.570859072650170218e-02
6.997499999998697717e+01 1.007744635772875208e+00 9.404353922780192554e-02
7.012500000000000000e+01 1.005859722242409271e+00 9.442538032245485768e-02
7.027500000001306546e+01 1.008335060297578689e+00 9.530877413805269316e-02
7.042500000000579519e+01 1.007607359137389080e+00 9.408937748675091917e-02
7.057499999999413376e+01 1.008095761098459331e+00 9.300168270164289874e-02
7.072499999998686349e+01 1.007910218761803200e+00 9.553731255160574642e-02
7.087500000000000000e+01 1.006345539551613433e+00 9.470039837108780445e-02
7.102500000001316494e+01 1.008253883270817663e+00 9.312520891156897407e-02
7.117500000000620730e+01 1.006766606079588122e+00 9.417249863301707657e-02
7.132499999999369322e+01 1.007169684800273357e+00 9.474155813617610167e-02
7.147499999998676401e+01 1.007783885249036615e+00 9.392729509930988763e-02
7.162500000000000000e+01 1.008674575050475752e+00 9.355889948860025840e-02
7.177500000001327862e+01 1.009007211731319353e+00 9.388549909912867475e-02
7.192500000000663363e+01 1.006464227157101821e+00 9.298903951025241921e-02
7.207499999999328111e+01 1.008712538130060121e+00 9.334581630445923373e-02
7.222499999998666453e+01 1.008287635141095206e+00 9.421676479829042827e-02
7.237500000000000000e+01 1.009711706534442754e+00 9.313081932574335253e-02
7.252500000001337810e+01 1.009045562257021134e+00 9.347122003700295001e-02
7.267500000000704574e+01 1.008510169215407704e+00 9.219973616058267651e-02
7.282499999999286899e+01 1.007198471810984763e+00 9.239931932119500868e-02
7.297499999998655085e+01 1.007565709459999681e+00 9.253940888082716476e-02
7.312500000000000000e+01 1.008104210468320439e+00 9.302037297323238751e-02
7.327500000001347757e+01 1.008592470381920680e+00 9.431945119593154736e-02
7.342500000000745786e+01 1.007188598696956650e+00 9.152932820140566306e-02
7.357499999999247109e+01 1.008786463531667676e+00 9.241014101891657784e-02
7.372499999998646558e+01 1.008297587834015685e+00 9.259462079961887360e-02
7.387500000000000000e+01 1.007767305307742500e+00 9.159463716683705070e-02
7.402500000001359126e+01 1.006926702448015076e+00 9.360562220832299718e-02
7.417500000000785576e+01 1.009157878828157440e+00 9.270484769942576031e-02
7.432499999999207319e+01 1.009162691219896102e+00 9.214856526454287544e-02
7.447499999998635190e+01 1.008867030510885554e+00 9.194421639747213382e-02
7.462500000000000000e+01 1.009021490795584119e+00 9.232117419261691438e-02
7.477500000001367653e+01 1.007658915916760600e+00 9.098318701259443253e-02
7.492500000000823945e+01 1.008368851851830783e+00 9.113709642742900963e-02
7.507499999999168949e+01 1.007410708192937543e+00 9.210520508217957814e-02
7.522499999998626663e+01 1.007926965337313518e+00 9.238584701789098741e-02
7.537500000000000000e+01 1.007831591327077003e+00 9.134880141947400445e-02
7.552500000001377600e+01 1.007927178582687322e+00 9.168148921159977038e-02
7.567500000000862315e+01 1.007321370610061440e+00 9.022405493879695482e-02
7.582499999999130580e+01 1.006883748487596542e+00 9.022109164212356591e-02
7.597499999998616715e+01 1.009331851141057390e+00 9.243121253038763530e-02
7.612500000000000000e+01 1.008244660437256801e+00 9.152768133197657086e-02
7.627500000001386127e+01 1.007873728794754786e+00 9.089231861042181004e-02
7.642500000000899263e+01 1.009045500170283605e+00 9.070123092455804892e-02
7.657499999999093632e+01 1.008037492049941752e+00 9.141641114495818732e-02
7.672499999998608189e+01 1.007389786543171351e+00 8.997186498498421781e-02
7.687500000000000000e+01 1.006255670266448687e+00 9.101311161259871552e-02
7.702500000001396074e+01 1.009690029720371029e+00 9.055671692692997266e-02
7.717500000000934790e+01 1.007488114585772587e+00 9.006300810867347295e-02
7.732499999999058105e+01 1.006858693607322053e+00 9.089367416534187283e-02
7.747499999998598241e+01 1.007759370307951485e+00 8.968636145790329084e-02
7.762500000000000000e+01 1.007461414972895319e+00 9.000402693083303651e-02
7.777500000001404601e+01 1.006229566260829156e+00 8.915949307768290810e-02
7.792500000000971738e+01 1.006763280212303879e+00 8.981032425898979876e-02
7.807499999999021156e+01 1.005795124031034549e+00 8.964610954791134290e-02
7.822499999998589715e+01 1.006788036742875203e+00 9.011437591977497497e-02
7.837500000000000000e+01 1.006186031498631062e+00 8.921301856014052234e-02
7.852500000001413127e+01 1.007297672275791589e+00 8.934478988228626573e-02
7.867500000001005844e+01 1.005106348340920386e+00 8.972181280660532221e-02
7.882499999998987050e+01 1.008005169782104193e+00 8.969581589525860155e-02
7.897499999998581188e+01 1.007792224885513788e+00 8.935230552350936772e-02
7.912500000000000000e+01 1.006350398255133838e+00 8.835344472661880999e-02
7.927500000001423075e+01 1.006682920307918616e+00 8.828155325253805863e-02
7.942500000001041371e+01 1.007466851356831006e+00 8.927400262857060342e-02
7.957499999998951523e+01 1.007648307590597314e+00 8.962212846693094759e-02
7.972499999998572662e+01 1.006121418611654716e+00 9.023268810552087515e-02
7.987500000000000000e+01 1.005970281542571509e+00 8.776834211144898812e-02
8.002500000001430180e+01 1.005480401452861772e+00 8.901387724833170756e-02
8.017500000001075477e+01 1.005916654353443906e+00 8.919853356186266402e-02
8.032499999998918838e+01 1.005801959114459132e+00 8.780829325443123556e-02
8.047499999998564135e+01 1.006125077702430426e+00 8.875240806372304558e-02
8.062500000000000000e+01 1.005581644893275506e+00 8.749910354129614154e-02
8.077500000001438707e+01 1.007703046242622635e+00 8.737741076005831053e-02
8.092500000001108162e+01 1.005034418468459645e+00 8.781811412420154062e-02
8.107499999998886153e+01 1.004916989631890578e+00 8.847975199063928819e-02
8.122499999998557030e+01 1.005428348538198513e+00 8.847768614874135240e-02
8.137500000000000000e+01 1.005922374078732640e+00 8.849703040559514511e-02
8.152500000001447233e+01 1.004684485933168503e+00 8.768960827465592522e-02
8.167500000001139426e+01 1.005011835576026469e+00 8.719667657758232993e-02
8.182499999998853468e+01 1.005519270959788880e+00 8.759383901470617351e-02
8.197499999998548503e+01 1.004253645049083099e+00 8.766602404682438676e-02
8.212500000000000000e+01 1.004968022713529363e+00 8.673989894572166348e-02
8.227500000001455760e+01 1.003880671469119967e+00 8.805385774823663858e-02
8.242500000001172111e+01 1.004546611075695539e+00 8.763526361841103562e-02
8.257499999998822204e+01 1.003951133354106684e+00 8.668563562108215492e-02
8.272499999998539977e+01 1.004564383150312823e+00 8.751491312968777414e-02
8.287500000000000000e+01 1.005697970162396482e+00 8.807540256730399253e-02
8.302500000001462865e+01 1.002369903032033216e+00 8.762100647048404189e-02
8.317500000001203375e+01 1.004688285253455549e+00 8.731939690252116248e-02
8.332499999998789519e+01 1.002739359648830542e+00 8.701559820389048738e-02
8.347499999998531450e+01 1.005406410002864348e+00 8.702982202857326155e-02
8.362500000000000000e+01 1.004415498452625455e+00 8.603510552313746451e-02
8.377500000001469971e+01 1.003199299826015967e+00 8.577247338886694050e-02
8.392500000001234639e+01 1.003425412509222125e+00 8.622086329010091033e-02
8.407499999998758256e+01 1.005766435741369147e+00 8.766107902528662288e-02
8.422499999998524345e+01 1.002395364587915116e+00 8.643077544392833989e-02
8.437500000000000000e+01 1.003964836691470630e+00 8.698181249794514902e-02
8.452500000001478497e+01 1.003848149987587757e+00 8.597740549945029342e-02
8.467500000001264482e+01 1.002718629204333523e+00 8.643380196943524496e-02
8.482499999998728413e+01 1.001870975640830830e+00 8.690315336970327875e-02
8.497499999998517239e+01 1.002062613618238229e+00 8.512285364180663394e-02
8.512500000000000000e+01 1.000892738610766441e+00 8.606520307871888542e-02
8.527500000001485603e+01 1.002506519059507051e+00 8.630819491171350111e-02
8.542500000001294325e+01 1.002324458276822039e+00 8.572503380344759227e-02
8.557499999998699991e+01 1.003480558349784113e+00 8.625797390937829656e-02
8.572499999998510134e+01 1.000653461571870739e+00 8.571459883950638403e-02
8.587500000000000000e+01 1.002684565469245337e+00 8.597427947450696217e-02
8.602500000001494129e+01 1.001526575954021281e+00 8.564317423893520742e-02
8.617500000001324167e+01 1.000468896547972886e+00 8.547909637048925480e-02
8.632499999998670148e+01 1.000115341924550316e+00 8.649060412680546761e-02
8.647499999998503029e+01 1.002640631078344446e+00 8.557593212284494988e-02
8.662500000000000000e+01 1.002756903265564992e+00 8.499104550125985424e-02
8.677500000001501235e+01 1.003781822271450297e+00 8.588954617310197437e-02
8.692500000001352589e+01 1.001381533966140713e+00 8.642423636860238623e-02
8.707499999998641727e+01 9.994998605752477561e-01 8.590087993561261459e-02
8.722499999998494502e+01 1.001271639567102856e+00 8.429330568408159585e-02
8.737500000000000000e+01 1.000262734168763767e+00 8.492774408807385322e-02
8.752500000001508340e+01 1.001092839438700421e+00 8.547813918621953444e-02
8.767500000001381011e+01 1.001257683012851674e+00 8.454506666945164894e-02
8.782499999998613305e+01 9.982035427326385602e-01 8.555006488292485334e-02
8.797499999998487397e+01 1.000380387269314220e+00 8.494015823012603106e-02
8.812500000000000000e+01 1.001428599545172382e+00 8.440758877456439047e-02
8.827500000001514024e+01 9.992505863288989598e-01 8.404800325862657462e-02
8.842500000001409433e+01 1.001317193521770621e+00 8.428066980776284522e-02
8.857499999998586304e+01 9.988763799181814562e-01 8.373764664060398544e-02
8.872499999998480291e+01 1.000267173208353011e+00 8.437729750204975288e-02
8.887500000000000000e+01 9.994785505820776850e-01 8.409689330260003426e-02
8.902500000001521130e+01 9.999203800130869180e-01 8.346638140537346318e-02
8.917500000001436433e+01 1.000026625484388809e+00 8.373020925071147924e-02
8.932499999998557882e+01 9.998468267180417035e-01 8.394315325817978957e-02
8.947499999998473186e+01 9.995053570126670728e-01 8.475871242985988374e-02
8.962500000000000000e+01 9.990114438037601685e-01 8.505234146286860808e-02
8.977500000001528235e+01 9.996204957112344580e-01 8.311509515111141499e-02
8.992500000001462013e+01 9.989477043043557547e-01 8.417532313821375622e-02
9.007499999998532303e+01 9.983671704603273023e-01 8.297012126329769699e-02
9.022499999998467501e+01 1.000325049466243454e+00 8.261083702939320261e-02
9.037500000000000000e+01 9.979101542017980719e-01 8.226566167600787849e-02
9.052500000001533920e+01 9.971856375526447769e-01 8.233719233369198032e-02
9.067500000001489013e+01 9.991704139592829659e-01 8.398575019094298155e-02
9.082499999998505302e+01 9.973230243043358367e-01 8.213104599216107526e-02
9.097499999998460396e+01 9.973312694785696486e-01 8.166736427690091116e-02
9.112500000000000000e+01 9.964096855772867078e-01 8.431242364555420477e-02
9.127500000001541025e+01 9.978469356363811604e-01 8.319351398337955505e-02
9.142500000001514593e+01 9.975799678855838959e-01 8.241987416476453943e-02
9.157499999998479723e+01 9.975321418256620776e-01 8.195935877736071351e-02
9.172499999998454712e+01 9.965511588334295956e-01 8.330156839034059957e-02
9.187500000000000000e+01 9.970661579482806847e-01 8.189931738817714246e-02
9.202500000001548131e+01 9.966621847518177812e-01 8.265435887557004424e-02
9.217500000001541594e+01 9.974746840670012382e-01 8.240206644931069579e-02
9.232499999998454143e+01 9.965056160105577598e-01 8.302760208959029942e-02
9.247499999998447606e+01 9.955322150877572440e-01 8.208908690468111335e-02
9.262500000000000000e+01 9.973638805807807373e-01 8.244229898368672649e-02
9.277500000001553815e+01 9.955948261050454606e-01 8.103654650188668596e-02
9.292500000001565752e+01 9.954548500549598167e-01 8.237318174598268206e-02
9.307499999998428564e+01 9.958407186154999424e-01 8.220359175619024183e-02
9.322499999998441922e+01 9.967728172130765341e-01 8.118873970296830445e-02
9.337500000000000000e+01 9.936556572005815768e-01 8.235782401593394475e-02
9.352500000001559499e+01 9.945250964373041347e-01 8.236974055235682379e-02
9.367500000001591332e+01 9.956245838827140204e-01 8.191343644614071384e-02
9.382499999998402984e+01 9.945815180838939451e-01 8.253463700554224125e-02
9.397499999998436238e+01 9.949764555331552796e-01 8.131833680389591312e-02
9.412500000000000000e+01 9.941394165394707993e-01 8.083488408991118535e-02
9.427500000001566605e+01 9.964359443511858760e-01 8.201471944205797338e-02
9.442500000001615490e+01 9.955380057177419806e-01 8.245569879019649939e-02
9.457499999998380247e+01 9.936087944747132861e-01 8.064717359489120829e-02
9.472499999998429132e+01 9.952423197344953953e-01 8.124261835035855028e-02
9.487500000000000000e+01 9.955536284195626306e-01 8.147533242059215586e-02
9.502500000001572289e+01 9.932293795583213569e-01 8.161752413545893259e-02
9.517500000001639648e+01 9.946272765850071584e-01 8.065284266730771146e-02
9.532499999998356088e+01 9.955216287524099039e-01 8.153728829761629215e-02
9.547499999998423448e+01 9.942327577448447640e-01 8.078125553961910954e-02
9.562500000000000000e+01 9.936571618736794731e-01 8.060381317195987327e-02
9.577500000001577973e+01 9.940500621996368746e-01 8.092434993690719724e-02
9.592500000001662386e+01 9.933710570877197776e-01 8.147189773724715367e-02
9.607499999998331930e+01 9.931174563349799422e-01 8.138573232440597660e-02
9.622499999998417763e+01 9.934028879852224714e-01 8.054015793408547674e-02
9.637500000000000000e+01 9.947557172854835095e-01 8.061170993246902228e-02
9.652500000001585079e+01 9.937607601202349539e-01 8.092867652211084561e-02
9.667500000001686544e+01 9.938657196639765212e-01 8.084739737502480428e-02
9.682499999998309193e+01 9.933750758798260971e-01 8.076493596401475294e-02
9.697499999998412079e+01 9.928211345271042987e-01 8.085662943187983676e-02
9.712500000000000000e+01 9.931322064756167300e-01 7.997038033207617969e-02
9.727500000001590763e+01 9.924814862619174560e-01 7.966032309259073185e-02
9.742500000001709282e+01 9.934740577721835608e-01 8.040269899065383141e-02
9.757499999998287876e+01 9.918340814498545210e-01 8.082788155153158849e-02
9.772499999998406395e+01 9.900717899849995618e-01 7.951392125129123911e-02
9.787500000000000000e+01 9.929020927051903644e-01 8.037596861809605253e-02
9.802500000001595026e+01 9.926016750868511540e-01 8.120297106759430394e-02
9.817500000001732019e+01 9.909973832426335338e-01 7.915056330740820323e-02
9.832499999998263718e+01 9.918533647417172583e-01 7.976881823949293071e-02
9.847499999998402131e+01 9.913235830073567900e-01 7.988859998487927994e-02
9.862500000000000000e+01 9.927385725038843090e-01 8.027480504888530322e-02
9.877500000001600711e+01 9.906201078679108818e-01 8.019518646573409182e-02
9.892500000001753335e+01 9.923762477116548908e-01 7.924851253051579114e-02
9.907499999998242401e+01 9.909093128517961757e-01 7.918081967024594159e-02
9.922499999998395026e+01 9.896419178557761542e-01 8.038954670553771775e-02
9.937500000000000000e+01 9.919589349318668203e-01 7.908727408539784065e-02
9.952500000001606395e+01 9.905453646964031966e-01 8.009653042335972140e-02
9.967500000001776073e+01 9.903127428606274263e-01 7.920282057938088371e-02
9.982499999998221085e+01 9.909912931046042095e-01 7.955883776037428468e-02
9.997499999998389342e+01 9.890209605659600056e-01 7.993821673165954489e-02
1.001250000000000000e+02 9.901043199489312219e-01 7.907737690955933541e-02
1.002750000000161208e+02 9.885361079516200578e-01 7.936341200036388377e-02
1.004250000000179597e+02 9.892714653322246532e-01 7.960730278245846392e-02
1.005749999999819835e+02 9.899002619352215149e-01 7.961374759933688428e-02
1.007249999999838508e+02 9.892835072578930466e-01 7.996179969426406298e-02
1.008750000000000000e+02 9.888199989774494325e-01 7.934997501835429345e-02
1.010250000000161776e+02 9.894727961834302032e-01 7.870805435928047988e-02
1.011750000000181871e+02 9.898093063433808236e-01 7.881978597066148506e-02
1.013249999999817845e+02 9.687583873219879349e-01 7.793075596694604146e-02
1.014749999999837939e+02 9.483903530869906007e-01 7.680618619011925219e-02
1.016250000000000000e+02 9.354530735673586284e-01 7.624426251917483521e-02
1.017750000000162345e+02 9.255387189633115241e-01 7.525017703046830986e-02
1.019250000000184002e+02 9.186777270567713094e-01 7.600498824290881361e-02
1.020749999999815714e+02 9.102962425405372038e-01 7.517958185136489058e-02
1.022249999999837513e+02 9.042660107865246877e-01 7.390641764311481343e-02
1.023750000000000000e+02 8.972158478441015772e-01 7.431106138961103558e-02
1.025250000000162771e+02 8.912377253067751415e-01 7.376341463641433727e-02
1.026750000000185992e+02 8.863140890679160888e-01 7.460166635000070601e-02
1.028249999999813582e+02 8.808882872895684724e-01 7.359359272301971289e-02
1.029749999999836945e+02 8.750528519189866294e-01 7.365756343603648004e-02
1.031250000000000000e+02 8.711207966906241440e-01 7.214721158166878534e-02
1.032750000000163340e+02 8.648557772929815757e-01 7.294894500949897220e-02
1.034250000000187981e+02 8.617515160313696798e-01 7.292856894960991765e-02
1.035749999999811592e+02 8.563083337608090595e-01 7.172766424444711186e-02
1.037249999999836376e+02 8.519534702128105375e-01 7.149893895570842706e-02
1.038750000000000000e+02 8.477176814643213598e-01 7.085230247754051303e-02
1.040250000000163766e+02 8.453225003152827766e-01 7.113364441178003650e-02
1.041750000000189971e+02 8.411579327953384588e-01 7.122007555787272792e-02
1.043249999999809603e+02 8.372463369470806160e-01 7.220110922785498431e-02
1.044749999999835950e+02 8.325692756617518731e-01 7.150689736253579287e-02
1.046250000000000000e+02 8.303459214897070950e-01 7.065622619993941478e-02
1.047750000000164334e+02 8.259518884725575161e-01 7.052595324063970494e-02
1.049250000000191818e+02 8.238683536692656961e-01 7.026394221394952067e-02
1.050749999999807613e+02 8.205608902203122001e-01 7.063140249445186425e-02
1.052249999999839503e+02 8.161165674384509572e-01 7.056161053334863986e-02
1.053750000000000000e+02 8.147746967940043827e-01 6.990016397512099910e-02
1.055250000000157229e+02 8.109409158443922072e-01 6.942580157521846540e-02
1.056750000000193808e+02 8.087459669826376762e-01 6.957869612101089118e-02
1.058249999999805766e+02 8.043863536177006113e-01 6.808898938403593060e-02
1.059749999999847319e+02 8.010070359218850466e-01 6.846133093730297214e-02
1.061250000000000000e+02 7.980927273840540126e-01 6.775888220108471083e-02
1.062750000000149555e+02 7.957561973957778534e-01 6.845907778873340510e-02
1.064250000000195797e+02 7.928132096209793422e-01 6.860866636266485519e-02
1.065749999999803919e+02 7.910893041353485033e-01 6.818934374720513059e-02
1.067249999999854850e+02 7.885586835242546222e-01 6.844693217689964970e-02
1.068750000000000000e+02 7.844843081944063989e-01 6.756229596916794866e-02
1.070250000000141881e+02 7.826201687059343159e-01 6.739200983247628507e-02
1.071750000000197645e+02 7.792510911675439855e-01 6.771792972499242336e-02
1.073249999999802071e+02 7.770111913823538607e-01 6.865264616830110689e-02
1.074749999999862524e+02 7.740827642999916769e-01 6.773330526716216105e-02
1.076250000000000000e+02 7.728906041527086046e-01 6.645210978218422937e-02
1.077750000000134492e+02 7.709990023549708749e-01 6.706818294350853915e-02
1.079250000000199492e+02 7.674470151032057874e-01 6.644772879875414373e-02
1.080749999999800224e+02 7.657583975446575764e-01 6.729889599422810009e-02
1.082249999999869914e+02 7.632979600419705912e-01 6.670112025746313678e-02
1.083750000000000000e+02 7.608797118902190793e-01 6.655865116385473179e-02
1.085250000000127244e+02 7.588133356992291523e-01 6.646230321198291768e-02
1.086750000000201481e+02 7.575566030623971381e-01 6.545715828981978068e-02
1.088249999999798376e+02 7.545602093997967330e-01 6.614265348529733968e-02
1.089749999999877161e+02 7.528380996648644796e-01 6.615253678757403166e-02
1.091250000000000000e+02 7.507088924523158679e-01 6.514905462799577829e-02
1.092750000000119854e+02 7.486286705365051697e-01 6.511776949511777213e-02
1.094250000000203045e+02 7.463370250122661753e-01 6.572880236698908085e-02
1.095749999999796529e+02 7.430925558895047356e-01 6.536899053131622894e-02
1.097249999999884409e+02 7.419472466478513883e-01 6.531804437314435441e-02
1.098750000000000000e+02 7.395110718926724003e-01 6.536003735415886473e-02
1.100250000000112749e+02 7.369227247434738670e-01 6.451547347646534314e-02
1.101750000000204892e+02 7.363735436323479711e-01 6.422563734623323861e-02
1.103249999999794682e+02 7.329835051828820225e-01 6.383372395968993362e-02
1.104749999999891372e+02 7.327580691016057912e-01 6.492013830956357145e-02
1.106250000000000000e+02 7.301173493165730166e-01 6.384878645141506270e-02
1.107750000000105643e+02 7.283218444215935339e-01 6.410216327901537003e-02
1.109250000000206740e+02 7.253486139587307369e-01 6.411709332734860656e-02
1.110749999999792976e+02 7.248404502260259452e-01 6.399956823420703544e-02
1.112249999999898620e+02 7.231915627570986160e-01 6.371927497347448788e-02
1.113750000000000000e+02 7.199923258755435151e-01 6.340516755717709452e-02
1.115250000000098822e+02 7.184733127560621879e-01 6.322612880077028985e-02
1.116750000000208445e+02 7.170433685504654653e-01 6.399902946527394332e-02
1.118249999999791129e+02 7.141530385944492298e-01 6.322144966887402462e-02
1.119749999999905299e+02 7.142353889731489769e-01 6.380194763092053578e-02
1.121250000000000000e+02 7.116940164709650851e-01 6.255330749448391459e-02
1.122750000000091859e+02 7.109990311010219166e-01 6.289454343451494900e-02
1.124250000000210008e+02 7.081025596899930274e-01 6.291288807849716724e-02
1.125749999999789566e+02 7.065850818716852277e-01 6.229404307174309097e-02
1.127249999999912120e+02 7.045491772981842260e-01 6.265092800089025471e-02
1.128750000000000000e+02 7.025120015342913860e-01 6.195660230484157510e-02
1.130250000000085180e+02 7.011297737815390674e-01 6.180866262448832943e-02
1.131750000000211855e+02 6.998933863993702653e-01 6.239629552218704800e-02
1.133249999999787860e+02 6.985515623131163254e-01 6.092084788313514854e-02
1.134749999999919083e+02 6.977577775746072186e-01 6.191321905528145153e-02
1.136250000000000000e+02 6.951909433094637381e-01 6.169358647994696576e-02
1.137750000000078359e+02 6.932324928841894218e-01 6.114163363189614731e-02
1.139250000000213561e+02 6.916593350358827275e-01 6.226211320271683031e-02
1.140749999999786297e+02 6.902831625860020859e-01 6.070699418592107738e-02
1.142249999999925620e+02 6.886140082346168256e-01 6.101086200322265035e-02
1.143750000000000000e+02 6.867162229144696539e-01 6.145322968684817366e-02
1.145250000000071680e+02 6.855555480075019581e-01 6.119305417675544728e-02
1.146750000000215124e+02 6.848013199927807104e-01 6.065776115436394278e-02
1.148249999999784308e+02 6.826690771508721056e-01 6.072378197809105010e-02
1.149749999999932157e+02 6.816335749119341036e-01 6.091961027719213634e-02
1.151250000000000000e+02 6.794487752256452850e-01 6.021067971106210809e-02
1.152750000000065285e+02 6.790766502422773687e-01 6.053537616218989531e-02
1.154250000000216829e+02 6.766574377860676837e-01 5.971851028415007395e-02
1.155749999999783029e+02 6.746600015927040062e-01 5.972294746237184065e-02
1.157249999999938694e+02 6.737779193570798686e-01 6.003348367514370343e-02
1.158750000000000000e+02 6.728981208295070626e-01 5.971225632135140904e-02
1.160250000000058748e+02 6.716858052150544989e-01 5.975692102322318483e-02
1.161750000000218392e+02 6.698441501877276938e-01 5.994770061261409794e-02
1.163249999999781323e+02 6.686172856829442068e-01 5.963642668305435546e-02
1.164749999999945089e+02 6.663439783670012106e-01 5.905204603935823582e-02
1.166250000000000000e+02 6.657742033117938218e-01 5.944929991991019375e-02
1.167750000000052495e+02 6.642887052088433109e-01 5.943467678247488228e-02
1.169250000000220098e+02 6.621189357471023440e-01 5.907216287775499119e-02
1.170749999999779760e+02 6.622133632335369668e-01 5.966998665281564307e-02
1.172249999999951484e+02 6.602732482248641066e-01 5.966137136695259802e-02
1.173750000000000000e+02 6.579359286869974621e-01 5.929679608989205791e-02
1.175250000000046242e+02 6.573325796933874310e-01 5.838668868595878192e-02
1.176750000000221377e+02 6.573060360434387350e-01 5.847457787172409549e-02
1.178249999999778055e+02 6.534802684970969500e-01 5.834919459046526702e-02
1.179749999999957453e+02 6.528886155348995191e-01 5.820817843665769542e-02
1.181250000000000000e+02 6.537101362753323652e-01 5.830907691146543920e-02
1.182750000000039989e+02 6.509376455913662429e-01 5.820129684313261192e-02
1.184250000000223082e+02 6.504990114795481393e-01 5.847757688345232852e-02
1.185749999999776634e+02 6.472864957056873036e-01 5.859010577056281838e-02
1.187249999999963705e+02 6.461605791929403431e-01 5.871525920934263926e-02
1.188750000000000000e+02 6.468976345424387597e-01 5.740001408172043518e-02
1.190250000000033879e+02 6.446079886449552765e-01 5.830908780679882469e-02
1.191750000000224645e+02 6.429749372798588825e-01 5.774546280458246056e-02
1.193249999999775071e+02 6.415667009579379965e-01 5.735940539696650353e-02
1.194749999999969816e+02 6.407196573900336700e-01 5.788401154032465218e-02
1.196250000000000000e+02 6.395452924910730585e-01 5.816236844933050931e-02
1.197750000000027910e+02 6.385459947344475085e-01 5.734468342262462326e-02
1.199250000000226066e+02 6.369323109061946209e-01 5.728248135210750602e-02
1.200749999999773650e+02 6.353514492000857938e-01 5.756202955795394760e-02
1.202249999999975927e+02 6.341023336849467285e-01 5.765852459533329921e-02
1.203750000000000000e+02 6.336661980207369815e-01 5.737801782851206789e-02
1.205250000000021799e+02 6.330793891259849371e-01 5.753408625526561238e-02
1.206750000000227772e+02 6.305413359022739028e-01 5.699138179082694627e-02
1.208249999999772086e+02 6.296368110809880125e-01 5.647727022951840731e-02
1.209749999999981753e+02 6.284757844428292550e-01 5.605760346863189469e-02
1.211250000000000000e+02 6.259144611532000413e-01 5.597610178497618855e-02
1.212750000000015973e+02 6.255414445063622875e-01 5.617915719435427613e-02
1.214250000000229193e+02 6.250813502210564865e-01 5.660604734067840871e-02
1.215749999999770665e+02 6.229705638270249812e-01 5.612009014563112963e-02
1.217249999999987580e+02 6.220371322489745003e-01 5.607946194759367425e-02
1.218750000000000000e+02 6.214231730794897990e-01 5.699530495962606275e-02
1.220250000000010147e+02 6.202899599623843407e-01 5.642525897385133188e-02
1.221750000000230472e+02 6.185684092795340483e-01 5.606027311271271490e-02
1.223249999999769244e+02 6.173325431627724180e-01 5.575214587436248120e-02
1.224749999999993406e+02 6.167288932654411138e-01 5.592018226924744262e-02
1.226250000000000000e+02 6.158386519416036986e-01 5.545818671085763624e-02
1.227750000000004320e+02 6.141396559917796649e-01 5.527420759233111353e-02
1.229250000000231893e+02 6.136019371996295213e-01 5.582371474712330417e-02
1.230749999999767681e+02 6.127979208444430670e-01 5.554613096425365520e-02
1.232249999999999233e+02 6.115087344353422605e-01 5.576937187828648335e-02
1.233750000000000000e+02 6.103831630349150217e-01 5.559677123051832287e-02
1.235249999999998494e+02 6.105151304418533487e-01 5.580515304953740513e-02
1.236750000000233314e+02 6.092684710599559628e-01 5.574765202819299131e-02
1.238249999999766402e+02 6.072436210049111383e-01 5.520886835785113883e-02
1.239750000000004775e+02 6.052703143406861219e-01 5.548090167591473998e-02
1.241250000000000000e+02 6.049652440572930168e-01 5.516214887128033373e-02
1.242749999999992951e+02 6.047352586188776691e-01 5.448757693775685418e-02
1.244250000000234735e+02 6.030454051295546236e-01 5.473843450843865477e-02
1.245749999999764839e+02 6.023288683400996879e-01 5.536468787131756941e-02
1.247250000000010317e+02 6.000392216850966021e-01 5.410258367147850050e-02
1.248750000000000000e+02 5.991669481111718820e-01 5.500902838056126454e-02
1.250249999999987551e+02 5.999477573294128563e-01 5.425713006389870641e-02
1.251750000000236156e+02 5.982044711261168546e-01 5.459924480908323607e-02
1.253249999999763702e+02 5.966709868994486410e-01 5.452915505436187887e-02
1.254750000000015859e+02 5.952273298257347856e-01 5.393432519744748022e-02
1.256250000000000000e+02 5.951990693477952066e-01 5.390542472776813088e-02
1.257749999999982009e+02 5.944587473437351610e-01 5.407342297503917039e-02
1.259250000000237577e+02 5.928466865011255971e-01 5.448684546639868953e-02
1.260749999999762281e+02 5.914034818155765594e-01 5.393993788479448104e-02
1.262250000000021259e+02 5.904616652059971882e-01 5.326104197160944770e-02
1.263750000000000000e+02 5.887163499015657386e-01 5.390954782120168515e-02
1.265249999999976609e+02 5.866095447706951571e-01 5.338400391820144475e-02
1.266750000000238856e+02 5.631160265938675025e-01 5.269802656193414009e-02
1.268249999999760860e+02 5.473073816960672966e-01 5.180430625740204548e-02
1.269750000000026660e+02 5.356100750419587886e-01 5.099586923393096410e-02
1.271250000000000000e+02 5.259185976163835985e-01 5.044102592171006982e-02
1.272749999999971209e+02 5.180273298393867076e-01 5.086050670358824299e-02
1.274250000000240277e+02 5.109724799813143425e-01 4.993897285697377481e-02
1.275749999999759439e+02 5.035918014323633729e-01 4.972183987954385126e-02
1.277250000000031918e+02 4.965488221969937555e-01 4.907418902637201985e-02
1.278750000000000000e+02 4.902419700040607231e-01 4.819971890821422161e-02
1.280249999999965951e+02 4.846249622541907165e-01 4.850882336501839698e-02
1.281750000000241414e+02 4.792089178044449116e-01 4.859898975095350987e-02
1.283249999999758018e+02 4.732745820317104668e-01 4.818131984296514236e-02
1.284750000000037176e+02 4.675365889086641746e-01 4.755523037944035802e-02
1.286250000000000000e+02 4.635623828177252159e-01 4.754048888261423050e-02
1.287749999999960835e+02 4.580116066161500354e-01 4.754579183139665682e-02
1.289250000000242835e+02 4.539143965548199100e-01 4.699598682106160413e-02
1.290749999999756881e+02 4.489311844059982182e-01 4.633200605953769619e-02
1.292250000000042292e+02 4.444639354053352420e-01 4.642199982884082088e-02
1.293750000000000000e+02 4.402115812747219858e-01 4.614970016762815624e-02
1.295249999999955719e+02 4.359254018507364159e-01 4.572191970006870415e-02
1.296750000000243972e+02 4.319990989043456242e-01 4.558502031093959045e-02
1.298249999999755460e+02 4.276432291469300373e-01 4.510776054730449708e-02
1.299750000000047692e+02 4.238820749259030185e-01 4.468887961621009763e-02
1.301250000000000000e+02 4.200895001641830051e-01 4.546231182401617305e-02
1.302749999999950319e+02 4.166052775132934038e-01 4.534547770752807988e-02
1.304250000000245393e+02 4.126828088949772710e-01 4.458854039961918786e-02
1.305749999999754323e+02 4.089691203739795888e-01 4.460581134499130157e-02
1.307250000000052523e+02 4.045759058363430083e-01 4.398045280002078894e-02
1.308750000000000000e+02 4.012964118440839334e-01 4.397664697908532788e-02
1.310249999999945487e+02 3.968049894225496588e-01 4.367838829757333952e-02
1.311750000000246530e+02 3.939577988977495115e-01 4.293496629681949756e-02
1.313249999999753186e+02 3.903364835862064286e-01 4.275574060702308499e-02
1.314750000000057639e+02 3.864805699279394435e-01 4.241204595586565290e-02
1.316250000000000000e+02 3.841381384088454198e-01 4.273480983997871713e-02
1.317749999999940655e+02 3.804053804651110759e-01 4.237492645989846679e-02
1.319250000000247951e+02 3.769579242932346030e-01 4.183105382027105246e-02
1.320749999999751765e+02 3.733069983392204305e-01 4.175772736766070192e-02
1.322250000000062471e+02 3.702847033139742283e-01 4.182894078234609958e-02
1.323750000000000000e+02 3.668205495630847413e-01 4.138648890427363419e-02
1.325249999999935540e+02 3.643578668116190800e-01 4.111178007106325305e-02
1.326750000000249088e+02 3.606401044981202841e-01 4.105292986591634746e-02
1.328249999999750628e+02 3.578833204446835725e-01 4.076626647264191411e-02
1.329750000000067303e+02 3.546132795131495263e-01 4.089738771179324966e-02
1.331250000000000000e+02 3.516433396620902152e-01 4.029984599263241457e-02
1.332749999999930424e+02 3.488720331975478928e-01 4.046286996870309544e-02
1.334250000000250225e+02 3.450079125207295427e-01 4.016173868903200744e-02
1.335749999999749491e+02 3.427260154271651316e-01 3.948495582390439823e-02
1.337250000000072134e+02 3.399928385306249523e-01 3.994212678059622101e-02
1.338750000000000000e+02 3.364037784210571203e-01 3.911215001598920826e-02
1.340249999999925876e+02 3.341982638838371655e-01 3.888459869303027838e-02
1.341750000000251362e+02 3.302737717423134822e-01 3.907378630635285205e-02
1.343249999999748354e+02 3.285156715077332534e-01 3.882783215146298761e-02
1.344750000000077250e+02 3.255350136977653852e-01 3.921696213080538146e-02
1.346250000000000000e+02 3.223364250675286868e-01 3.838350324930850377e-02
1.347749999999921044e+02 3.197139252500216799e-01 3.856878686215670093e-02
1.349250000000252783e+02 3.165605977853017672e-01 3.842672839103036808e-02
1.350749999999746933e+02 3.143481955727940869e-01 3.804714046283127343e-02
1.352250000000081798e+02 3.124075060339558951e-01 3.793856475298194170e-02
1.353750000000000000e+02 3.091269657840863827e-01 3.777482023920513549e-02
1.355249999999916213e+02 3.060818706427462232e-01 3.758594942791121385e-02
1.356750000000253920e+02 3.032408635898124483e-01 3.762394353054408780e-02
1.358249999999746080e+02 3.014015341816840277e-01 3.695979800528185338e-02
1.359750000000086345e+02 2.985030827092702843e-01 3.664086018060474376e-02
1.361250000000000000e+02 2.962763904876007381e-01 3.674180707373284061e-02
1.362749999999911665e+02 2.933300005796272147e-01 3.635719065798119487e-02
1.364250000000255056e+02 2.917059275391014617e-01 3.617455294693806833e-02
1.365749999999744659e+02 2.883600516052713947e-01 3.600775993931992769e-02
1.367250000000091177e+02 2.862393063462486675e-01 3.581418110023052576e-02
1.368750000000000000e+02 2.839023279515748843e-01 3.563852665216715732e-02
1.370249999999907118e+02 2.812741393835525572e-01 3.582320557967560298e-02
1.371750000000256193e+02 2.781100962054567916e-01 3.525544558872522466e-02
1.373249999999743522e+02 2.769902234147897380e-01 3.506574244233511689e-02
1.374750000000095724e+02 2.743356592070389510e-01 3.503380105529225325e-02
1.376250000000000000e+02 2.713434354054735653e-01 3.553909141569715213e-02
1.377749999999902286e+02 2.689074637473617968e-01 3.437923722905954216e-02
1.379250000000257330e+02 2.667456635092408379e-01 3.495041106269190095e-02
1.380749999999742386e+02 2.639134663713922913e-01 3.459664877172146519e-02
1.382250000000100272e+02 2.619845940872266854e-01 3.414011082965962007e-02
1.383750000000000000e+02 2.600299241393553840e-01 3.420140376097002832e-02
1.385249999999898023e+02 2.569378699922143516e-01 3.382319296103315082e-02
1.386750000000258467e+02 2.551782676609454792e-01 3.390183556591066377e-02
1.388249999999741249e+02 2.531662042675714708e-01 3.320475816897031779e-02
1.389750000000104535e+02 2.508622449127920206e-01 3.349099222150186961e-02
1.391250000000000000e+02 2.484173267371198035e-01 3.285482339271885571e-02
1.392749999999893475e+02 2.462669579725497715e-01 3.303914286941184858e-02
1.394250000000259604e+02 2.442794518749866473e-01 3.319424356656109493e-02
1.395749999999740112e+02 2.413788963715015889e-01 3.260324238576600003e-02
1.397250000000109367e+02 2.398188121555708818e-01 3.263088175347930719e-02
1.398750000000000000e+02 2.369391472120511988e-01 3.248765107481529912e-02
1.400249999999889212e+02 2.353858148146795171e-01 3.246470201552260210e-02
1.401750000000260741e+02 2.333622943332681610e-01 3.229485942312298324e-02
1.403249999999738975e+02 2.312562029267786479e-01 3.199437598652932896e-02
1.404750000000113346e+02 2.291519246466956761e-01 3.187011770822067297e-02
1.406250000000000000e+02 2.264093968033335791e-01 3.153270960882691154e-02
1.407749999999884665e+02 2.239598070642373207e-01 3.131766370994324561e-02
1.409250000000261593e+02 2.227995109054580758e-01 3.108504255926552995e-02
1.410749999999738122e+02 2.202997115491975855e-01 3.160189137409254168e-02
1.412250000000117893e+02 2.186343843914182739e-01 3.062977584212948218e-02
1.413750000000000000e+02 2.162839120010671135e-01 3.115575364852106108e-02
1.415249999999880401e+02 2.144935779419406274e-01 3.040688492160858666e-02
1.416750000000263014e+02 2.123312596107067574e-01 3.071130980865027088e-02
1.418249999999736986e+02 2.112087959451354191e-01 3.022013148340221486e-02
1.419750000000122441e+02 2.087388599145135470e-01 3.035932940322537757e-02
1.421250000000000000e+02 2.064970313529919388e-01 3.026761494411902426e-02
1.422749999999876138e+02 2.045099793594368220e-01 2.979754130398017120e-02
1.424250000000264151e+02 2.026851047614235957e-01 2.980031158061705390e-02
1.425749999999735849e+02 2.003403355197395375e-01 2.945200708705423068e-02
1.427250000000126420e+02 1.983779095971862361e-01 2.912319358027413291e-02
1.428750000000000000e+02 1.968555731481166082e-01 2.937915898140492504e-02
1.430249999999871875e+02 1.946816242235586136e-01 2.910638214731030987e-02
1.431750000000265004e+02 1.926711507914437571e-01 2.928614041256629580e-02
1.433249999999734712e+02 1.911271141074883384e-01 2.878222355519291509e-02
1.434750000000130683e+02 1.889926960107994047e-01 2.861578970344867690e-02
1.436250000000000000e+02 1.872093399592410778e-01 2.860520887669146251e-02
1.437749999999867612e+02 1.851901334791994369e-01 2.837535722959939194e-02
1.439250000000266141e+02 1.830960897746823079e-01 2.825640518846553664e-02
1.440749999999733575e+02 1.815866376273169991e-01 2.827781514165158411e-02
1.442250000000134946e+02 1.796493088246647329e-01 2.801033484262865567e-02
1.443750000000000000e+02 1.781056506612352652e-01 2.733678968931844630e-02
1.445249999999863348e+02 1.762625023922889667e-01 2.730755970169962063e-02
1.446750000000266994e+02 1.741360014759218144e-01 2.754118357562289343e-02
1.448249999999732722e+02 1.727942462046387628e-01 2.743053309551004779e-02
1.449750000000139210e+02 1.710581303675500486e-01 2.715455108183206095e-02
1.451250000000000000e+02 1.690172307497546655e-01 2.646855443055759829e-02
1.452749999999859369e+02 1.665742775168355116e-01 2.641594528467114053e-02
1.454250000000268130e+02 1.655432210849065999e-01 2.653954632905465225e-02
1.455749999999731870e+02 1.636339127881017708e-01 2.640503942255717496e-02
1.457250000000142904e+02 1.616207040306292808e-01 2.578313988305839036e-02
1.458750000000000000e+02 1.597447777403904479e-01 2.633464613381340455e-02
1.460249999999855390e+02 1.574138582366980121e-01 2.585266511178964041e-02
1.461750000000269267e+02 1.559997452825610809e-01 2.585266950053546897e-02
1.463249999999730733e+02 1.540167928523061280e-01 2.543343682285855931e-02
1.464750000000146883e+02 1.525880283263650050e-01 2.580189209150349564e-02
1.466250000000000000e+02 1.510811671722575300e-01 2.542309633853129594e-02
1.467749999999851411e+02 1.493200144460687384e-01 2.521214396080989975e-02
1.469250000000270120e+02 1.474212832193990130e-01 2.486985963883312986e-02
1.470749999999729596e+02 1.456448051608293104e-01 2.470844849755655936e-02
1.472250000000150862e+02 1.437707646504317316e-01 2.469963176905725852e-02
1.473750000000000000e+02 1.420485328584259743e-01 2.419040674288659015e-02
1.475249999999847432e+02 1.405850142599893993e-01 2.393534249170370387e-02
1.476750000000270973e+02 1.389554941069939542e-01 2.411192183301596667e-02
1.478249999999728743e+02 1.373445880381679585e-01 2.409351634383373464e-02
1.479750000000154841e+02 1.355704396001307654e-01 2.381385575002655658e-02
1.481250000000000000e+02 1.336055385526316863e-01 2.356344577982211891e-02
1.482749999999843453e+02 1.321579638968285730e-01 2.340186517357033258e-02
1.484250000000272109e+02 1.304045995206464803e-01 2.321323373120167538e-02
1.485749999999727606e+02 1.287537693558666319e-01 2.307100895065643947e-02
1.487250000000158821e+02 1.270813343424542219e-01 2.297252581017864351e-02
1.488750000000000000e+02 1.254798211779826200e-01 2.285351485741221253e-02
1.490249999999839474e+02 1.238229055233972808e-01 2.265601855665162756e-02
1.491750000000273246e+02 1.223492380826502191e-01 2.255987688798892152e-02
1.493249999999726754e+02 1.204538171445816014e-01 2.269974584143422125e-02
1.494750000000162800e+02 1.190474613079098576e-01 2.223373898693037365e-02
1.496250000000000000e+02 1.172040995236241362e-01 2.234338908923335504e-02
1.497749999999835779e+02 1.155490809065418817e-01 2.196090956691781892e-02
1.499250000000274099e+02 1.140344658801941691e-01 2.168882814300978137e-02
1.500749999999725617e+02 1.124479093880897812e-01 2.170988135632325594e-02
1.502250000000166494e+02 1.107381632331972121e-01 2.131764963956153322e-02
1.503750000000000000e+02 1.089407069448150162e-01 2.117080637324776984e-02
1.505249999999831800e+02 1.078959538995215711e-01 2.090302312317280850e-02
1.506750000000274952e+02 1.060440013443968987e-01 2.101559439173786986e-02
1.508249999999724764e+02 1.042044839656931926e-01 2.078435474959751741e-02
1.509750000000170473e+02 1.026816986689467470e-01 2.037954546694101601e-02
1.511250000000000000e+02 1.013499286370723868e-01 2.042006089756385340e-02
1.512749999999828106e+02 1.000706596848763147e-01 2.008881424210377450e-02
1.514250000000275804e+02 9.835642210651253381e-02 2.006707795456779547e-02
1.515749999999723912e+02 9.681186307286973602e-02 1.973714427694274118e-02
1.517250000000174168e+02 9.529852823172828280e-02 1.961995029024160911e-02
1.518750000000000000e+02 9.349310163607327251e-02 1.962014907088752147e-02
1.520249999999824411e+02 9.169330504680396621e-02 1.944492677518403281e-02
1.521750000000276941e+02 9.044640318045370220e-02 1.942032306691626048e-02
1.523249999999722775e+02 8.879262233865437004e-02 1.896072606983515915e-02
1.524750000000177863e+02 8.757864679540269814e-02 1.886961747564384201e-02
1.526250000000000000e+02 8.614631939286161721e-02 1.874808422819999529e-02
1.527749999999820716e+02 8.425889372920303266e-02 1.846473405445987412e-02
1.529250000000277794e+02 8.306855610473411200e-02 1.838041876712833214e-02
1.530749999999721922e+02 8.148020261558272526e-02 1.840246949644821356e-02
1.532250000000181558e+02 8.018867083282332775e-02 1.829402648240443033e-02
1.533750000000000000e+02 7.840871180214759040e-02 1.773374177263216389e-02
1.535249999999817021e+02 7.715095406793000266e-02 1.776774607562885827e-02
1.536750000000278646e+02 7.535698435107270055e-02 1.756892982034248540e-02
1.538249999999721069e+02 7.420067925673895504e-02 1.750856789819851822e-02
1.539750000000185253e+02 7.254044172798028434e-02 1.686347400193857066e-02
1.541250000000000000e+02 7.111222097234988493e-02 1.702341102182605009e-02
1.542749999999813326e+02 6.928098700484050521e-02 1.679242911081617329e-02
1.544250000000279783e+02 6.802640096385827173e-02 1.653600012675783895e-02
1.545749999999720217e+02 6.701660098730513604e-02 1.661680639811470572e-02
1.547250000000188948e+02 6.501916987607563037e-02 1.621508704337278062e-02
1.548750000000000000e+02 6.366562039643060278e-02 1.594832764648939499e-02
1.550249999999809631e+02 6.256282512362977555e-02 1.580570281785748446e-02
1.551750000000280636e+02 6.114095153946640798e-02 1.573717782042290125e-02
1.553249999999719080e+02 5.955348314896717621e-02 1.544603008409040773e-02
1.554750000000192358e+02 5.810531876719334660e-02 1.543269190564570785e-02
1.556250000000000000e+02 5.636066655048080354e-02 1.517602228545568421e-02
1.557749999999806221e+02 5.510881616702257429e-02 1.481207738210088380e-02
1.559250000000281489e+02 5.391500336834733481e-02 1.453816004358316101e-02
1.560749999999718511e+02 5.243352582471245971e-02 1.447247112462769075e-02
1.562250000000196053e+02 5.103898113879253712e-02 1.422528315944629994e-02
1.563750000000000000e+02 4.958038833237446430e-02 1.413856134284217914e-02
1.565249999999802810e+02 4.822016324984249730e-02 1.374029842863827219e-02
1.566750000000282341e+02 4.707677239877750691e-02 1.370794630228689033e-02
1.568249999999717659e+02 4.558607516529504522e-02 1.351231873554792698e-02
1.569750000000199748e+02 4.406659426588015183e-02 1.322348055750833390e-02
1.571250000000000000e+02 4.291284193380871109e-02 1.293245230738541453e-02
1.572749999999799115e+02 4.130449191095996592e-02 1.285400672144116491e-02
1.574250000000283194e+02 3.986650011978980918e-02 1.252099547723824029e-02
1.575749999999716522e+02 3.844161714027988230e-02 1.243636962991673776e-02
1.577250000000202874e+02 3.733785261968582819e-02 1.215591395361231668e-02
1.578750000000000000e+02 3.591370034349070789e-02 1.192969324077068453e-02
1.580249999999795705e+02 3.474323319291196255e-02 1.169060168024136682e-02
1.581750000000284047e+02 3.351458503001453204e-02 1.154426634649471407e-02
1.583249999999715669e+02 3.176541825474022557e-02 1.132608498339374159e-02
1.584750000000206569e+02 3.081955028195655644e-02 1.103739990199135816e-02
1.586250000000000000e+02 2.927991129842387116e-02 1.075659754230747465e-02
1.587749999999792294e+02 2.793359636286202666e-02 1.052466151848108038e-02
1.589250000000284899e+02 2.664717026172170808e-02 1.022131032634469514e-02
1.590749999999715101e+02 2.548763508374482165e-02 9.910147037301215295e-03
1.592250000000209980e+02 2.396197888343195095e-02 9.539222102327269900e-03
1.593750000000000000e+02 2.268489495082302507e-02 9.391089515128776474e-03
1.595249999999788884e+02 2.132274203853450414e-02 9.141135252363747840e-03
1.596750000000285752e+02 2.007848539791687661e-02 8.820969169125262091e-03
1.598249999999713964e+02 1.884442973938951424e-02 8.500573756234291317e-03
1.599750000000213390e+02 1.755611018284661262e-02 8.236397402390160591e-03
1.601250000000000000e+02 1.631927127846996908e-02 7.937532278488469012e-03
1.602749999999785473e+02 1.510906189258969835e-02 7.646441054488406323e-03
1.604250000000286605e+02 1.378553420852076696e-02 7.232994851659132508e-03
1.605749999999713395e+02 1.250832002366117704e-02 6.934944592741560006e-03
1.607250000000216517e+02 1.131991631427418585e-02 6.598795382269973669e-03
1.608750000000000000e+02 1.007395079972640654e-02 6.213779085768460046e-03
1.610249999999782062e+02 8.734282577694357091e-03 5.757854714990623748e-03
1.611750000000287457e+02 7.504351947097131006e-03 5.360930114293368902e-03
1.613249999999712543e+02 6.176966883384963150e-03 4.867100136227532799e-03
1.614750000000219927e+02 5.075479581855738866e-03 4.417032821299768201e-03
1.616250000000000000e+02 3.722090009208558342e-03 3.763717578722132907e-03
1.617749999999778652e+02 2.552654597672615946e-03 3.108882099441510893e-03
1.619250000000288310e+02 1.327160012759390738e-03 2.273542827237870143e-03
1.620749999999711406e+02 2.078676241697369263e-04 9.039677692029458997e-04
