# Radius RDF_mean RDF_std
7.500000000000896228e-02 1.743352712959659129e+03 2.369571221485042289e-01
2.249999999999577616e-01 5.587088754114441502e-03 1.248123615290920585e-01
3.750000000000000000e-01 6.369281179690464839e-03 1.031320590538287868e-01
5.249999999999700462e-01 3.831146574249902955e-03 6.762068667565102054e-02
6.750000000001169509e-01 7.076979088544964498e-03 8.087352518142658375e-02
8.249999999998777200e-01 9.675821887807299279e-03 8.599414014218365043e-02
9.750000000001839418e-01 1.089482307052311479e-02 8.507651276186316280e-02
1.125000000000000000e+00 1.257094969675753328e-02 8.398503935572154688e-02
1.274999999999773648e+00 1.498654395221282569e-02 8.549863315043380874e-02
1.424999999999764455e+00 1.848150148400474688e-02 8.969209298544009168e-02
1.575000000000282396e+00 1.943508730895504577e-02 8.773666418423516078e-02
1.725000000000170397e+00 2.488683664604449119e-02 9.615819324979499316e-02
1.875000000000000000e+00 3.201401856107589233e-02 1.033180332527991185e-01
2.025000000000070521e+00 4.109614172470822668e-02 1.130640154311750023e-01
2.174999999999594813e+00 4.531321637819608200e-02 1.152447780384830422e-01
2.325000000000426059e+00 5.598803617631231688e-02 1.244268354119717479e-01
2.474999999999678124e+00 6.747679463492162188e-02 1.307669890582982553e-01
2.625000000000000000e+00 7.971179341048650890e-02 1.369503826278580250e-01
2.775000000000444444e+00 9.816665943377307635e-02 1.488434405460798415e-01
2.924999999999512212e+00 1.205306954685685106e-01 1.619205781624287743e-01
3.075000000000499334e+00 1.457208136393192688e-01 1.742367617197571050e-01
3.224999999999414779e+00 1.728944104805328619e-01 1.845392835482304039e-01
3.375000000000000000e+00 2.148235625956884387e-01 2.006679304455171453e-01
3.525000000000659384e+00 2.650776428255314787e-01 2.176852483351541800e-01
3.674999999999857714e+00 3.154880790563275306e-01 2.320119315310637809e-01
3.825000000000022382e+00 3.879411509033107719e-01 2.525183680996416768e-01
3.974999999999250466e+00 4.811432168212980698e-01 2.761355477083109466e-01
4.125000000000000000e+00 6.032379727817416271e-01 2.986149363896959397e-01
4.275000000000798828e+00 7.562418685997063239e-01 3.322217568306559676e-01
4.425000000000374634e+00 9.866561998717162663e-01 3.740742711229512185e-01
4.574999999999541878e+00 1.338222246134061821e+00 4.241334713285976887e-01
4.724999999999138112e+00 1.751831678852525886e+00 4.754876370948409314e-01
4.875000000000000000e+00 2.029802237651617602e+00 4.907775353830435283e-01
5.025000000000897415e+00 2.059196610774864933e+00 4.934443717339203617e-01
5.175000000000743228e+00 1.923245990997708654e+00 4.749886289055204047e-01
5.324999999999196376e+00 1.707158576237084446e+00 4.395281013982798579e-01
5.474999999999057287e+00 1.472993855517981343e+00 4.039735407412063939e-01
5.625000000000000000e+00 1.272034845004229142e+00 3.692676635838323951e-01
5.775000000000969358e+00 1.101291381009822379e+00 3.442921418304961123e-01
5.925000000001017675e+00 9.606963751378847505e-01 3.173978190181334647e-01
6.074999999998936140e+00 8.619739836926686438e-01 2.952138570571332110e-01
6.224999999998995115e+00 7.803581102924013191e-01 2.812510951789676250e-01
6.375000000000000000e+00 7.314616596886888145e-01 2.692484675798212379e-01
6.525000000001025313e+00 6.949182460720952914e-01 2.574659778024103729e-01
6.675000000001229949e+00 6.715147084081090068e-01 2.503649679941112316e-01
6.824999999998733635e+00 6.566548390316394590e-01 2.477001862484310146e-01
6.974999999999387690e+00 6.577445292949468669e-01 2.430691738100010935e-01
7.125000000000000000e+00 6.633050580345117853e-01 2.414387179070421330e-01
7.275000000000346745e+00 6.801963764441958382e-01 2.386685923384357644e-01
7.425000000001398703e+00 7.037192244386882845e-01 2.439467369150685461e-01
7.574999999998571099e+00 7.400099054824446076e-01 2.473963633594238598e-01
7.725000000000012079e+00 7.835241054683870221e-01 2.510355984258793582e-01
7.875000000000000000e+00 8.288286535621414153e-01 2.540343468404964167e-01
8.024999999999771205e+00 8.841959571756610181e-01 2.601398525335931744e-01
8.175000000001539036e+00 9.438668842346604748e-01 2.704130893147592141e-01
8.324999999998437872e+00 1.004860562787296185e+00 2.773686004819964079e-01
8.475000000000525446e+00 1.072854537600935521e+00 2.788596877019141607e-01
8.625000000000000000e+00 1.138024391649452793e+00 2.877547038821312575e-01
8.774999999999291589e+00 1.193502438959068490e+00 2.877081032742121458e-01
8.925000000001652722e+00 1.246263529544892945e+00 2.957248448525918172e-01
9.074999999998325961e+00 1.289862552604326362e+00 2.981797358104116835e-01
9.225000000000957101e+00 1.322109604909428526e+00 2.974926179718052066e-01
9.375000000000000000e+00 1.339265401400264954e+00 2.976444033034046921e-01
9.524999999998890132e+00 1.348001742915931445e+00 2.949525535657328001e-01
9.675000000001750422e+00 1.347125057994962960e+00 2.968709830644440939e-01
9.824999999998231814e+00 1.328637427924512115e+00 2.898367261930149819e-01
9.975000000001321254e+00 1.297643371329204598e+00 2.850684786510412350e-01
1.012500000000000000e+01 1.260056126715429103e+00 2.764342538937656912e-01
1.027499999999854730e+01 1.223994527432872070e+00 2.725743955019149234e-01
1.042500000000183391e+01 1.179944911009179975e+00 2.682508407784651716e-01
1.057499999999815010e+01 1.134529696060205373e+00 2.598531632263749169e-01
1.072500000000163745e+01 1.095167072183288681e+00 2.525972661693471344e-01
1.087500000000000000e+01 1.063745093719146162e+00 2.472274009576191645e-01
1.102499999999824887e+01 1.033138227300362866e+00 2.414157530523903528e-01
1.117500000000190674e+01 1.007931434724244069e+00 2.366339974318379669e-01
1.132499999999808082e+01 9.942705445587702862e-01 2.339969883007905760e-01
1.147500000000190923e+01 9.899609192351594977e-01 2.298437691706648189e-01
1.162500000000000000e+01 9.808152330714893230e-01 2.305736812895620436e-01
1.177499999999798952e+01 9.775661578624316173e-01 2.256439419621278364e-01
1.192500000000196891e+01 9.912760451026466635e-01 2.283028596508712704e-01
1.207499999999801865e+01 9.990287282197652940e-01 2.303354201716352190e-01
1.222500000000215081e+01 1.016205752828114761e+00 2.304923289380277629e-01
1.237500000000000000e+01 1.028669385549594750e+00 2.270659789589506983e-01
1.252499999999776215e+01 1.052201035476546753e+00 2.319816292081575693e-01
1.267500000000202398e+01 1.071486261115613070e+00 2.277500519040567273e-01
1.282499999999796536e+01 1.092231742834025576e+00 2.310712292863062456e-01
1.297500000000236220e+01 1.110748769159760174e+00 2.332187737049910559e-01
1.312500000000000000e+01 1.122478056922957546e+00 2.304015775810570321e-01
1.327499999999756142e+01 1.136584306142081724e+00 2.318399256656179797e-01
1.342500000000173088e+01 1.148165466642307786e+00 2.322497790228216230e-01
1.357499999999841833e+01 1.151119317130852915e+00 2.296244329907574655e-01
1.372500000000255049e+01 1.154622266428131594e+00 2.299832910162226685e-01
1.387500000000000000e+01 1.152622450069754612e+00 2.267783144986904309e-01
1.402499999999738023e+01 1.139752660973360809e+00 2.261294805785149797e-01
1.417500000000102034e+01 1.144040672155912652e+00 2.277510033870703554e-01
1.432499999999911111e+01 1.125970969418206513e+00 2.227036857192540575e-01
1.447500000000271925e+01 1.115449242868113311e+00 2.189903483692426933e-01
1.462500000000000000e+01 1.104223625841999290e+00 2.179304867606810803e-01
1.477499999999721680e+01 1.091035063952262352e+00 2.171377797368077012e-01
1.492500000000038618e+01 1.078229517240013813e+00 2.123372557850119191e-01
1.507499999999973639e+01 1.063110414239072821e+00 2.110112328497657230e-01
1.522500000000287201e+01 1.046922727274361753e+00 2.086426867867363921e-01
1.537500000000000000e+01 1.036806961737610999e+00 2.033918004798270784e-01
1.552499999999706937e+01 1.026364398591004035e+00 2.052485303685724072e-01
1.567499999999980886e+01 1.021134033501677640e+00 2.039848490803231884e-01
1.582500000000029772e+01 1.018270756621602713e+00 1.981900965555759286e-01
1.597500000000300879e+01 1.013706432182284845e+00 1.991855616020319908e-01
1.612500000000000000e+01 1.011090254540233824e+00 1.975197812920652662e-01
1.627499999999693969e+01 1.008680645130492826e+00 1.979520498097464276e-01
1.642499999999928662e+01 1.014156104972867345e+00 1.969694545394937713e-01
1.657500000000081286e+01 1.015429364162935277e+00 1.980499580102247914e-01
1.672500000000313847e+01 1.018859500863525058e+00 1.950933965917962809e-01
1.687500000000000000e+01 1.029491872736461922e+00 1.969282968139449141e-01
1.702499999999681535e+01 1.033343140800058846e+00 1.944504051175951764e-01
1.717499999999880700e+01 1.036483036744118902e+00 1.955278743700378241e-01
1.732500000000128182e+01 1.041912237088715054e+00 1.934718236305317807e-01
1.747500000000325215e+01 1.048251750149899797e+00 1.930891149760504133e-01
1.762500000000000000e+01 1.050763781986308043e+00 1.949683327776679242e-01
1.777499999999670521e+01 1.054004293463673525e+00 1.921292298225282802e-01
1.792499999999837357e+01 1.052404141893745537e+00 1.946606907346999371e-01
1.807500000000171170e+01 1.057931483650187632e+00 1.909972819777570885e-01
1.822500000000335874e+01 1.052669600039104258e+00 1.918143639940032008e-01
1.837500000000000000e+01 1.054827533888293090e+00 1.908698039401315605e-01
1.852499999999660218e+01 1.048759894566352102e+00 1.900732985815302145e-01
1.867499999999797211e+01 1.047198815475248068e+00 1.884022601787706530e-01
1.882500000000210960e+01 1.041388825131401630e+00 1.873822877862355851e-01
1.897500000000345466e+01 1.036926131060542211e+00 1.847920844071639923e-01
1.912500000000000000e+01 1.032283664301387960e+00 1.865213741066306108e-01
1.927499999999650626e+01 1.026259071586496763e+00 1.844341515167160495e-01
1.942499999999759908e+01 1.020156027193077852e+00 1.826899079829339689e-01
1.957500000000247198e+01 1.012560296596241027e+00 1.801088150565922918e-01
1.972500000000354348e+01 1.009203489381738317e+00 1.814192417015646208e-01
1.987500000000000000e+01 1.007646215152187219e+00 1.769147811978663554e-01
2.002499999999642100e+01 1.002687824901290492e+00 1.772704145636888329e-01
2.017499999999725446e+01 1.003716340707341503e+00 1.768673989868127794e-01
2.032500000000281304e+01 9.981086660461473414e-01 1.772831470980704982e-01
2.047500000000362874e+01 1.001955343009831800e+00 1.758927243097111737e-01
2.062500000000000000e+01 9.946226825163247964e-01 1.745384979577875861e-01
2.077499999999633928e+01 9.975404080546498298e-01 1.748699446137623736e-01
2.092499999999693472e+01 9.981784630899181998e-01 1.740321374058629300e-01
2.107500000000312212e+01 1.002425125166587883e+00 1.739543773173518049e-01
2.122500000000370690e+01 1.003274317270850258e+00 1.740275279899923255e-01
2.137500000000000000e+01 1.003005935430741236e+00 1.722454004318697274e-01
2.152499999999626468e+01 1.002300361838286857e+00 1.712686988685066525e-01
2.167499999999663984e+01 1.010376669963996221e+00 1.704637234344492103e-01
2.182500000000341700e+01 1.009621497180366534e+00 1.699256933534822878e-01
2.197500000000377796e+01 1.010890274101742925e+00 1.692808208510132306e-01
2.212500000000000000e+01 1.012045256920284686e+00 1.691670207649490498e-01
2.227499999999619718e+01 1.011502914264485575e+00 1.688597708981933176e-01
2.242499999999636273e+01 1.009930758714872923e+00 1.688023194882358191e-01
2.257500000000369056e+01 1.009696452232751174e+00 1.694486699692572262e-01
2.272500000000384546e+01 1.009454175363430295e+00 1.676574978840833230e-01
2.287500000000000000e+01 1.009555796718046849e+00 1.684012500306295013e-01
2.302499999999612967e+01 1.009044608080628569e+00 1.644961755303786521e-01
2.317499999999610338e+01 1.004827063711454693e+00 1.643102533908182283e-01
2.332500000000394635e+01 1.004360943918089388e+00 1.650163076566823761e-01
2.347500000000390941e+01 1.001472271582134921e+00 1.639669727361550422e-01
2.362500000000000000e+01 9.996658645522431552e-01 1.631877053715670434e-01
2.377499999999606928e+01 9.962034809428266247e-01 1.625118306513307354e-01
2.392499999999586180e+01 9.962943955175777022e-01 1.582643608484666231e-01
2.407500000000418439e+01 9.931311339352237866e-01 1.608848313867961288e-01
2.422500000000396625e+01 9.907958113420674007e-01 1.590562926293549173e-01
2.437500000000000000e+01 9.904464313489949046e-01 1.597867155345293055e-01
2.452499999999600888e+01 9.899475520323356426e-01 1.595442740092201661e-01
2.467499999999563087e+01 9.877607803571482048e-01 1.606377444862542581e-01
2.482500000000441176e+01 9.883779438517290572e-01 1.569056287626920398e-01
2.497500000000402309e+01 9.866245064303845735e-01 1.563215636785557361e-01
2.512500000000000000e+01 9.869884146988577855e-01 1.570043205894151306e-01
2.527499999999595559e+01 9.879846332791357710e-01 1.572123327459455377e-01
2.542499999999541771e+01 9.852064647299376698e-01 1.561685028522298846e-01
2.557500000000462137e+01 9.868748486281386789e-01 1.551266428020587895e-01
2.572500000000407638e+01 9.859485028831604936e-01 1.533417519547874974e-01
2.587500000000000000e+01 9.874960747685124218e-01 1.547133005635585035e-01
2.602499999999590585e+01 9.869463475179979239e-01 1.540528566204865946e-01
2.617499999999521521e+01 9.859370633227573233e-01 1.536926376902978675e-01
2.632500000000482032e+01 9.899939249128189012e-01 1.526099779009962298e-01
2.647500000000383480e+01 9.887176577644172237e-01 1.538262746183090834e-01
2.662500000000000000e+01 9.904869634684960733e-01 1.515108022041619651e-01
2.677499999999647073e+01 9.875601925828274563e-01 1.526846345776365910e-01
2.692499999999502691e+01 9.904881208237662493e-01 1.533061936278272142e-01
2.707500000000501217e+01 9.851840509071311258e-01 1.489730966233994980e-01
2.722500000000308873e+01 9.870515769887658886e-01 1.508629127102399659e-01
2.737500000000000000e+01 9.862903084730720860e-01 1.494229132314047748e-01
2.752499999999719549e+01 9.854345773551108634e-01 1.499504386384219179e-01
2.767499999999484928e+01 9.847471046555860141e-01 1.480028654547257683e-01
2.782500000000518625e+01 9.825964801338038512e-01 1.498217617612306041e-01
2.797500000000238529e+01 9.840188918930388162e-01 1.481266327791139481e-01
2.812500000000000000e+01 9.804223345720064486e-01 1.468456236773963697e-01
2.827499999999788827e+01 9.808564083905941811e-01 1.469089904221017873e-01
2.842499999999467164e+01 9.781702513293017986e-01 1.452430899767165051e-01
2.857500000000536033e+01 9.779648953766829633e-01 1.492775022585413891e-01
2.872500000000171028e+01 9.747113962525476571e-01 1.443879528875945395e-01
2.887500000000000000e+01 9.767747637711085007e-01 1.453592080031943234e-01
2.902499999999854552e+01 9.731474252849959816e-01 1.436246031019732805e-01
2.917499999999451177e+01 9.734999459683540968e-01 1.423300766423908903e-01
2.932500000000552021e+01 9.741532208914801538e-01 1.445323384429237357e-01
2.947500000000107434e+01 9.733391002186873031e-01 1.443998115169690399e-01
2.962500000000000000e+01 9.737956229737664282e-01 1.433348996550289634e-01
2.977499999999917080e+01 9.751109412050293912e-01 1.414102781078794835e-01
2.992499999999435900e+01 9.718656871409829812e-01 1.401008578868448984e-01
3.007500000000566942e+01 9.730165857304330368e-01 1.426460515827318032e-01
3.022500000000047393e+01 9.735321925374988972e-01 1.415516856446377425e-01
3.037500000000000000e+01 9.760043958719967216e-01 1.418910671992833772e-01
3.052499999999976410e+01 9.734918735685583746e-01 1.416052724605178226e-01
3.067499999999420623e+01 9.766142349827923175e-01 1.389174212771402406e-01
3.082500000000581508e+01 9.740946506954348827e-01 1.399918796629630313e-01
3.097499999999989839e+01 9.747853272767180721e-01 1.388810874703943765e-01
3.112500000000000000e+01 9.776200393330466420e-01 1.401233570555927566e-01
3.127500000000032898e+01 9.748042957578872958e-01 1.400428018477079817e-01
3.142499999999406768e+01 9.742296000632058028e-01 1.378976080970676088e-01
3.157500000000595364e+01 9.753962107622259348e-01 1.389755989343681719e-01
3.172499999999935127e+01 9.769995492771046397e-01 1.392633146348843942e-01
3.187500000000000000e+01 9.753597748562281566e-01 1.375054499195084989e-01
3.202500000000086544e+01 9.769580778541212540e-01 1.378965929952237490e-01
3.217499999999394333e+01 9.760546377061248835e-01 1.384818441701991809e-01
3.232500000000609219e+01 9.765634840375805314e-01 1.370976179580673249e-01
3.247499999999882903e+01 9.743637626237244831e-01 1.368103178322346847e-01
3.262500000000000000e+01 9.752436812716336334e-01 1.354734896379656828e-01
3.277500000000137703e+01 9.727575391967706597e-01 1.356451231609627495e-01
3.292499999999381544e+01 9.742571921249296718e-01 1.346510815373092862e-01
3.307500000000621299e+01 9.754657886915658604e-01 1.360651635778770963e-01
3.322499999999832454e+01 9.705908240361565964e-01 1.347666964647606380e-01
3.337500000000000000e+01 9.729463076087803142e-01 1.345874075581097451e-01
3.352500000000186731e+01 9.732258642787938729e-01 1.343766336032441167e-01
3.367499999999368754e+01 9.730120381469659074e-01 1.336705202834077288e-01
3.382500000000633378e+01 9.754666735646702058e-01 1.325901316400427132e-01
3.397499999999784848e+01 9.737407684314822731e-01 1.333131917976939085e-01
3.412500000000000000e+01 9.727262733046589949e-01 1.328539178820444810e-01
3.427500000000233626e+01 9.741064791644269416e-01 1.326423236271332684e-01
3.442499999999357385e+01 9.748520436010572610e-01 1.325010773800893715e-01
3.457500000000644746e+01 9.741786113955449578e-01 1.332201050981405011e-01
3.472499999999739373e+01 9.767130144594089458e-01 1.310912973364878609e-01
3.487500000000000000e+01 9.746676331552468486e-01 1.309173484241447916e-01
3.502500000000278391e+01 9.774079386780286649e-01 1.315560990775491157e-01
3.517499999999346016e+01 9.776285519395567780e-01 1.333455508969562386e-01
3.532500000000656115e+01 9.743384575439630879e-01 1.311195149000567994e-01
3.547499999999695319e+01 9.758405674328305413e-01 1.296693935341549364e-01
3.562500000000000000e+01 9.765201941632097871e-01 1.295538322076613125e-01
3.577500000000321734e+01 9.760204816900898139e-01 1.287838299102022632e-01
3.592499999999336069e+01 9.781073669206021837e-01 1.302243490495525458e-01
3.607500000000666773e+01 9.773020442351533221e-01 1.301664491729747075e-01
3.622499999999653397e+01 9.770464836775915041e-01 1.283196786346474660e-01
3.637500000000000000e+01 9.763161123320116541e-01 1.292081499694371638e-01
3.652500000000362235e+01 9.770751292026157442e-01 1.293971352690479193e-01
3.667499999999325411e+01 9.772195273745535316e-01 1.285363252623582808e-01
3.682500000000676721e+01 9.764137406284278953e-01 1.281672482513576683e-01
3.697499999999613607e+01 9.759102787574601701e-01 1.281601268201909005e-01
3.712500000000000000e+01 9.759357329967386363e-01 1.271565077559028423e-01
3.727500000000402736e+01 9.762864274824166744e-01 1.280345163097822980e-01
3.742499999999315463e+01 9.748339022295257061e-01 1.256757740054402772e-01
3.757500000000686668e+01 9.753367455809143216e-01 1.281047509761608916e-01
3.772499999999575238e+01 9.743710620424986812e-01 1.268398810837084167e-01
3.787500000000000000e+01 9.747987361290020303e-01 1.268860432763763424e-01
3.802500000000440394e+01 9.752180771064564713e-01 1.264217636518310817e-01
3.817499999999306226e+01 9.757806602666106999e-01 1.261407907737895906e-01
3.832500000000695906e+01 9.764995641156375417e-01 1.262789597033455724e-01
3.847499999999537579e+01 9.749192155143787675e-01 1.272480791067072126e-01
3.862500000000000000e+01 9.763697966999522748e-01 1.236505496736804016e-01
3.877500000000476632e+01 9.781576724457453631e-01 1.261471470387968974e-01
3.892499999999297700e+01 9.779068528202249366e-01 1.268201219208804353e-01
3.907500000000705143e+01 9.765030078966764338e-01 1.241422262063116844e-01
3.922499999999502052e+01 9.760184694324313126e-01 1.232419280271651457e-01
3.937500000000000000e+01 9.767332596832157821e-01 1.242817881311999439e-01
3.952500000000512159e+01 9.777256896090300575e-01 1.224637183570559118e-01
3.967499999999288463e+01 9.805499187537676242e-01 1.226853085020027240e-01
3.982500000000712959e+01 9.781477265741520544e-01 1.225111490002889075e-01
3.997499999999467946e+01 9.792085840901111338e-01 1.227385523297000042e-01
4.012500000000000000e+01 9.777535859156801790e-01 1.227580512997176049e-01
4.027500000000545555e+01 9.796398300185598096e-01 1.225722346168379995e-01
4.042499999999279936e+01 9.807191033123193735e-01 1.225888408100732491e-01
4.057500000000721485e+01 9.782801352739088907e-01 1.232640608626307671e-01
4.072499999999434550e+01 9.791419343426164268e-01 1.223878080794306572e-01
4.087500000000000000e+01 9.790901470791660843e-01 1.232463295775571843e-01
4.102500000000578240e+01 9.805264158049206147e-01 1.222059851121330837e-01
4.117499999999272120e+01 9.775787201099306323e-01 1.222037232537704354e-01
4.132500000000730012e+01 9.808002489056980577e-01 1.222023060963376290e-01
4.147499999999402576e+01 9.790792105593988381e-01 1.198485009683356445e-01
4.162500000000000000e+01 9.810882551505427651e-01 1.199809813603903014e-01
4.177500000000609504e+01 9.819784942655658266e-01 1.217294891051261263e-01
4.192499999999264304e+01 9.818249037399142676e-01 1.202165497224948615e-01
4.207500000000737828e+01 9.813811029042005529e-01 1.186372144134294065e-01
4.222499999999372022e+01 9.790321120789939879e-01 1.202665546874047003e-01
4.237500000000000000e+01 9.793326050486383938e-01 1.186678155164739429e-01
4.252500000000640057e+01 9.800625733543480989e-01 1.190210070147656590e-01
4.267499999999256488e+01 9.797622922063540241e-01 1.212618923232521989e-01
4.282500000000744933e+01 9.799734105228991021e-01 1.183607355218070506e-01
4.297499999999342180e+01 9.778370628228533201e-01 1.186866666544355992e-01
4.312500000000000000e+01 9.805792588909432173e-01 1.196461192881150132e-01
4.327500000000669900e+01 9.804382146856263081e-01 1.182276259432709919e-01
4.342499999999249383e+01 9.798349665366620220e-01 1.175472769995646038e-01
4.357500000000752038e+01 9.802874174373831240e-01 1.180153070367720436e-01
4.372499999999313758e+01 9.805829513945073517e-01 1.169706881071404525e-01
4.387500000000000000e+01 9.830855135447932325e-01 1.190510000456149742e-01
4.402500000000697611e+01 9.803984442946960254e-01 1.167581096834534871e-01
4.417499999999242277e+01 9.826953975230117155e-01 1.173593348872478959e-01
4.432500000000759144e+01 9.814742387440509308e-01 1.174473909785133524e-01
4.447499999999286047e+01 9.834665913128783910e-01 1.176091518138448339e-01
4.462500000000000000e+01 9.840018274006977483e-01 1.161612834190755145e-01
4.477500000000724611e+01 9.832321629263316431e-01 1.173470468470289019e-01
4.492499999999235882e+01 9.819513687281038461e-01 1.158479453721221603e-01
4.507500000000766249e+01 9.837287569632571227e-01 1.168255596715062211e-01
4.522499999999259757e+01 9.835319247159030054e-01 1.170221969288850750e-01
4.537500000000000000e+01 9.817710855018280114e-01 1.167645597518566225e-01
4.552500000000750902e+01 9.834845562484499926e-01 1.164461114210450232e-01
4.567499999999228777e+01 9.845647618054074179e-01 1.149518583545172667e-01
4.582500000000772644e+01 9.840070326626561004e-01 1.161682693611584966e-01
4.597499999999233466e+01 9.832574403270827323e-01 1.149214272571102285e-01
4.612500000000000000e+01 9.844464011795239777e-01 1.155725485346628667e-01
4.627500000000776481e+01 9.832846082904657115e-01 1.156495975976086638e-01
4.642499999999223093e+01 9.846187888118274056e-01 1.153472477500001592e-01
4.657500000000779039e+01 9.837014428460989501e-01 1.140735812714488290e-01
4.672499999999207887e+01 9.831935485301429578e-01 1.144076966590297784e-01
4.687500000000000000e+01 9.840968511038019617e-01 1.158045690479065915e-01
4.702500000000801350e+01 9.846361757218166089e-01 1.161908853387488838e-01
4.717499999999216698e+01 9.827498144865528529e-01 1.144034820096554439e-01
4.732500000000784723e+01 9.841705539244490764e-01 1.128843236038208908e-01
4.747499999999183729e+01 9.830297309208955170e-01 1.136669366371096390e-01
4.762500000000000000e+01 9.848748483736214920e-01 1.136854068334813700e-01
4.777500000000825509e+01 9.838126537038913710e-01 1.146347812354572837e-01
4.792499999999211013e+01 9.844135619186050734e-01 1.122535085651403114e-01
4.807500000000790408e+01 9.851545377332490139e-01 1.126814138392955716e-01
4.822499999999160281e+01 9.839697449215304426e-01 1.121811920409258312e-01
4.837500000000000000e+01 9.854091361157978346e-01 1.123969658972232832e-01
4.852500000000848956e+01 9.855404360150883392e-01 1.131687769942152921e-01
4.867499999999204618e+01 9.854320334297577144e-01 1.140014230756499491e-01
4.882500000000796092e+01 9.862730721226224961e-01 1.122199239811454974e-01
4.897499999999137543e+01 9.877018919730540247e-01 1.108727572846409798e-01
4.912500000000000000e+01 9.862149940726627761e-01 1.113142391923308550e-01
4.927500000000870983e+01 9.859604406301890611e-01 1.117443849751498797e-01
4.942499999999198934e+01 9.865900057811746171e-01 1.106882069463267365e-01
4.957500000000802487e+01 9.855840100477538668e-01 1.108802336195480048e-01
4.972499999999115516e+01 9.853475681967841515e-01 1.116811799183477505e-01
4.987500000000000000e+01 9.856960422576432901e-01 1.108493088309347729e-01
5.002500000000893010e+01 9.870852939101724122e-01 1.111265703414353878e-01
5.017499999999193960e+01 9.859370166602058339e-01 1.097292210934101564e-01
5.032500000000807461e+01 9.868476531694468923e-01 1.105761377094805209e-01
5.047499999999094200e+01 9.883057749163854933e-01 1.103594762616474517e-01
5.062500000000000000e+01 9.883622084792406115e-01 1.105419284819206122e-01
5.077500000000914326e+01 9.892761784404927594e-01 1.100851897582755118e-01
5.092499999999188276e+01 9.864202677171513001e-01 1.097450732543649443e-01
5.107500000000812435e+01 9.883843052374872151e-01 1.083136597446732324e-01
5.122499999999072884e+01 9.885392374814800931e-01 1.099528019702803172e-01
5.137500000000000000e+01 9.877291863389692228e-01 1.092857783749718176e-01
5.152500000000934932e+01 9.900296874523286661e-01 1.103098777681760512e-01
5.167499999999183302e+01 9.883016704219285131e-01 1.088990465657481976e-01
5.182500000000818119e+01 9.877249263955260039e-01 1.101050415021579965e-01
5.197499999999052989e+01 9.892303437130579580e-01 1.073283119276447622e-01
5.212500000000000000e+01 9.880730286256601547e-01 1.085511555649609078e-01
5.227500000000954827e+01 9.885672198118519161e-01 1.090765897959334596e-01
5.242499999999178328e+01 9.876977792024030922e-01 1.089490185341173561e-01
5.257500000000806040e+01 9.866742948580240480e-01 1.074478769025664082e-01
5.272499999999033804e+01 9.871396365433700026e-01 1.072937036575670744e-01
5.287500000000000000e+01 9.884736860894448585e-01 1.078092376461217139e-01
5.302500000000974723e+01 9.904248829731857606e-01 1.089031807874069613e-01
5.317499999999255778e+01 9.871274714959745733e-01 1.085531366742057829e-01
5.332500000000729301e+01 9.889229604532111528e-01 1.080457109960023809e-01
5.347499999999015330e+01 9.912208528447847833e-01 1.070696941099818222e-01
5.362500000000000000e+01 9.886287130469441076e-01 1.068613037722020709e-01
5.377500000000993197e+01 9.889263979484639311e-01 1.068800990800619771e-01
5.392499999999331095e+01 9.894695330346154893e-01 1.073452547173807670e-01
5.407500000000654694e+01 9.899922194522540186e-01 1.075246508046603933e-01
5.422499999998996145e+01 9.893285249731242903e-01 1.067941752662193572e-01
5.437500000000000000e+01 9.889748188469197343e-01 1.072844737433448631e-01
5.452500000001011671e+01 9.905285865599062767e-01 1.065920421501819343e-01
5.467499999999403570e+01 9.905092140259913469e-01 1.072046737003629763e-01
5.482500000000581508e+01 9.888860479422368899e-01 1.077195389213397997e-01
5.497499999998977671e+01 9.911396360912460013e-01 1.058532880259291931e-01
5.512500000000000000e+01 9.905589098830360761e-01 1.062192030785389374e-01
5.527500000001029434e+01 9.912867584214885008e-01 1.044661207371624517e-01
5.542499999999475335e+01 9.936062763610148396e-01 1.064512834604125768e-01
5.557500000000510454e+01 9.913191934238454461e-01 1.047306651380430081e-01
5.572499999998960618e+01 9.909867448836329196e-01 1.049558522237964281e-01
5.587500000000000000e+01 9.920836012273321902e-01 1.041843553955305035e-01
5.602500000001046487e+01 9.925149038180069994e-01 1.054700264909331081e-01
5.617499999999544258e+01 9.897192055024460755e-01 1.050710496411711575e-01
5.632500000000441531e+01 9.929365206373508279e-01 1.049609084721768448e-01
5.647499999998942855e+01 9.917549984225760840e-01 1.034363200663933058e-01
5.662500000000000000e+01 9.908183897193131306e-01 1.030378705569953285e-01
5.677500000001062830e+01 9.929101790912693293e-01 1.032411527403301194e-01
5.692499999999611759e+01 9.923851086786786846e-01 1.049406294199844575e-01
5.707500000000374030e+01 9.921678488040855948e-01 1.035201104478754436e-01
5.722499999998926512e+01 9.938629076769364135e-01 1.036933552572891215e-01
5.737500000000000000e+01 9.942640730834175766e-01 1.038406506818567443e-01
5.752500000001079172e+01 9.936415176823614193e-01 1.049099440289695956e-01
5.767499999999677129e+01 9.926342284479204858e-01 1.042452785714993446e-01
5.782500000000310081e+01 9.935452538542274281e-01 1.036101388809547719e-01
5.797499999998910170e+01 9.931733287459513226e-01 1.030931721165833648e-01
5.812500000000000000e+01 9.949941829574200369e-01 1.025220394694228848e-01
5.827500000001095515e+01 9.939333820599237646e-01 1.045732126952563096e-01
5.842499999999741078e+01 9.958795642781554935e-01 1.037284641082669018e-01
5.857500000000246132e+01 9.948069062161917220e-01 1.034928134880979678e-01
5.872499999998893827e+01 9.935641948322539996e-01 1.024571572467794095e-01
5.887500000000000000e+01 9.948142481639828949e-01 1.027750869935698530e-01
5.902500000001111857e+01 9.941645851245921595e-01 1.030463860791970415e-01
5.917499999999803606e+01 9.955735420636995237e-01 1.027662980861085568e-01
5.932500000000184315e+01 9.948966380065203952e-01 1.022348005700695617e-01
5.947499999998878906e+01 9.980319505908260558e-01 1.033162721578318594e-01
5.962500000000000000e+01 9.960282330467005174e-01 1.020105282358114290e-01
5.977500000001126779e+01 9.948316257428867493e-01 1.024112916813063601e-01
5.992499999999864002e+01 9.944895611794039025e-01 1.013596687345095226e-01
6.007500000000123919e+01 9.952540672987202353e-01 1.024853090856273491e-01
6.022499999998863984e+01 9.963831790531832988e-01 1.012127485970048535e-01
6.037500000000000000e+01 9.972651515086811136e-01 1.024344807717350175e-01
6.052500000001142411e+01 9.973545366724292371e-01 1.002220785131114483e-01
6.067499999999923688e+01 9.959942208278708131e-01 1.017250917795660820e-01
6.082500000000064944e+01 9.954404429213936645e-01 1.005991429126577574e-01
6.097499999998849773e+01 9.961397842158172811e-01 1.026115011527614501e-01
6.112500000000000000e+01 9.970680886312717206e-01 1.009997825107176173e-01
6.127500000001155911e+01 9.961382613154325938e-01 1.024747701993884569e-01
6.142499999999980531e+01 9.958064755513251765e-01 1.005517529618137063e-01
6.157500000000007390e+01 9.968533433224794349e-01 1.013470934546793906e-01
6.172499999998834852e+01 9.983981646848913982e-01 1.007539758946063013e-01
6.187500000000000000e+01 9.991451769042017927e-01 1.009114503826779724e-01
6.202500000001170122e+01 9.977351485077230464e-01 1.015532885454220741e-01
6.217500000000037375e+01 9.976036771214962240e-01 1.000512808468156795e-01
6.232499999999951967e+01 9.989765117345434930e-01 9.956903988238176295e-02
6.247499999998820641e+01 9.974452482920943552e-01 9.971389209114418783e-02
6.262500000000000000e+01 9.975944358636938958e-01 9.997309869681672567e-02
6.277500000001184333e+01 9.988132685146792200e-01 9.988269463402324466e-02
6.292500000000092086e+01 9.986288521720168010e-01 1.003850346973342855e-01
6.307499999999897256e+01 9.992066451475434263e-01 9.955807705115463091e-02
6.322499999998807851e+01 9.993492439201100419e-01 9.965909113325960300e-02
6.337500000000000000e+01 9.989893214719005599e-01 9.963889655244127785e-02
6.352500000001197833e+01 9.995671175408512577e-01 9.914416509699537639e-02
6.367500000000146798e+01 9.987049473339587591e-01 9.853687565029239925e-02
6.382499999999843254e+01 1.000406320289948026e+00 9.848151780683203627e-02
6.397499999998793641e+01 1.001185017470670902e+00 9.769909422465722360e-02
6.412500000000000000e+01 1.001508203568232336e+00 9.924789051429432074e-02
6.427500000001211333e+01 1.000276970429369916e+00 9.858128492199844106e-02
6.442500000000200089e+01 9.989626885955937841e-01 9.864895234142265212e-02
6.457499999999791385e+01 1.000360454540911714e+00 9.931011203140577281e-02
6.472499999998781561e+01 1.000623318245642546e+00 9.888864281803816381e-02
6.487500000000000000e+01 1.001395555258116854e+00 9.740674001352930822e-02
6.502500000001224123e+01 1.003326111941042376e+00 9.689104635380169084e-02
6.517500000000251248e+01 1.002276466904311381e+00 9.926723823406054248e-02
6.532499999999740226e+01 1.003744870035106374e+00 9.728368680726452722e-02
6.547499999998768772e+01 1.002073167476996707e+00 9.738631301284909891e-02
6.562500000000000000e+01 1.001956890203659745e+00 9.867368232886872259e-02
6.577500000001236913e+01 1.003168475018111794e+00 9.694383139433440655e-02
6.592500000000300986e+01 1.001478031750089759e+00 9.771110219492087912e-02
6.607499999999690488e+01 1.004652416007440374e+00 9.684528580956941468e-02
6.622499999998755982e+01 1.004761034592413171e+00 9.631090560427546521e-02
6.637500000000000000e+01 1.003278262397293119e+00 9.678890225510888845e-02
6.652500000001249703e+01 1.002569378025249369e+00 9.667745326461632538e-02
6.667500000000349303e+01 1.003306962123147628e+00 9.723634646517745339e-02
6.682499999999640750e+01 1.003080895290684671e+00 9.671570195669904058e-02
6.697499999998743192e+01 1.002577112291647810e+00 9.741744516092630535e-02
6.712500000000000000e+01 1.003420227672115361e+00 9.685958301971162032e-02
6.727500000001261071e+01 1.003386016788034629e+00 9.646053651389126238e-02
6.742500000000397620e+01 1.004850963469064773e+00 9.579319125835233928e-02
6.757499999999593854e+01 1.004556077595218699e+00 9.609087798702894978e-02
6.772499999998731823e+01 1.004791508035834280e+00 9.706307019878937514e-02
6.787500000000000000e+01 1.004861063347751049e+00 9.566085471986633670e-02
6.802500000001272440e+01 1.004259491662306436e+00 9.624902261137839588e-02
6.817500000000444516e+01 1.006274328975154120e+00 9.547918439945349278e-02
6.832499999999546958e+01 1.003888536643578577e+00 9.459009099271732668e-02
6.847499999998720455e+01 1.004898495317576579e+00 9.535300205771789217e-02
6.862500000000000000e+01 1.003757131324225726e+00 9.588844500882426347e-02
6.877500000001283809e+01 1.004704480318753923e+00 9.531579087060172706e-02
6.892500000000489990e+01 1.005179886031860370e+00 9.401776682188996148e-02
6.907499999999501483e+01 1.005357493482626374e+00 9.459830256506562840e-02
6.922499999998709086e+01 1.006182627234333493e+00 9.501086766314106868e-02
6.937500000000000000e+01 1.005124212975534448e+00 9.431555522962251081e-02
6.952500000001295177e+01 1.005030477136962697e+00 9.481180839113190206e-02
6.967500000000535465e+01 1.005457664307040089e+00 9.562869601800662311e-02
6.982499999999456008e+01 1.005977534505237525e+00 9.478354859261670096e-02
6.997499999998697717e+01 1.006224803912426413e+00 9.438158747010080840e-02
7.012500000000000000e+01 1.007199727218998087e+00 9.437966567741379320e-02
7.027500000001306546e+01 1.004523079678040443e+00 9.529628152628689952e-02
7.042500000000579519e+01 1.003745484849997371e+00 9.469857486736370233e-02
7.057499999999413376e+01 1.006400931677775112e+00 9.270965924590195140e-02
7.072499999998686349e+01 1.004889458209006659e+00 9.403550700457465050e-02
7.087500000000000000e+01 1.007141921408944318e+00 9.413281258213805625e-02
7.102500000001316494e+01 1.007143250263466738e+00 9.344143758472667205e-02
7.117500000000620730e+01 1.005139933136738994e+00 9.270791733392937106e-02
7.132499999999369322e+01 1.004612313891048769e+00 9.378504501396400794e-02
7.147499999998676401e+01 1.006427858356254923e+00 9.401307168810581205e-02
7.162500000000000000e+01 1.006696570120872991e+00 9.323768593455573905e-02
7.177500000001327862e+01 1.005807333626683286e+00 9.331164014168102927e-02
7.192500000000663363e+01 1.004163267090953715e+00 9.201646219863697518e-02
7.207499999999328111e+01 1.006382355848419063e+00 9.351779293870877974e-02
7.222499999998666453e+01 1.005468853135700336e+00 9.339083534940423315e-02
7.237500000000000000e+01 1.005466677027167410e+00 9.161126057804694356e-02
7.252500000001337810e+01 1.005773908682022322e+00 9.302411061226077693e-02
7.267500000000704574e+01 1.005522028093812192e+00 9.167711317920070047e-02
7.282499999999286899e+01 1.006060052130241411e+00 9.256813725615790911e-02
7.297499999998655085e+01 1.004867197270897572e+00 9.212997234556631609e-02
7.312500000000000000e+01 1.004631619919609253e+00 9.199099750743523762e-02
7.327500000001347757e+01 1.005529293215965847e+00 9.276592797921455469e-02
7.342500000000745786e+01 1.006510614893082245e+00 9.289399615932851517e-02
7.357499999999247109e+01 1.005262497000972921e+00 9.241835590395507116e-02
7.372499999998646558e+01 1.004817451064792921e+00 9.209243696634097920e-02
7.387500000000000000e+01 1.006194128591032966e+00 9.245874882204850598e-02
7.402500000001359126e+01 1.005689561366744034e+00 9.206143201572465629e-02
7.417500000000785576e+01 1.005657333280651544e+00 9.268715652684231254e-02
7.432499999999207319e+01 1.004788017638915676e+00 9.240287058433545309e-02
7.447499999998635190e+01 1.004208309978754432e+00 9.071456233279726056e-02
7.462500000000000000e+01 1.007336099147792208e+00 9.150072122512778461e-02
7.477500000001367653e+01 1.005322089426824661e+00 9.167701920580063890e-02
7.492500000000823945e+01 1.005246457806361349e+00 9.237534904052223383e-02
7.507499999999168949e+01 1.004216690670918455e+00 9.199220518579706574e-02
7.522499999998626663e+01 1.004461076381372608e+00 9.111638796062229706e-02
7.537500000000000000e+01 1.005203157931110924e+00 9.080024341800278787e-02
7.552500000001377600e+01 1.004928626331285768e+00 9.103229767875878342e-02
7.567500000000862315e+01 1.006054723878143875e+00 9.029047087663033544e-02
7.582499999999130580e+01 1.003337522124085002e+00 9.157659493696909681e-02
7.597499999998616715e+01 1.005738851171785297e+00 9.128413670176853401e-02
7.612500000000000000e+01 1.003427654162651450e+00 9.075576179387943865e-02
7.627500000001386127e+01 1.005373547780008314e+00 9.018980632649427343e-02
7.642500000000899263e+01 1.004434918292621104e+00 9.040543870247713665e-02
7.657499999999093632e+01 1.006307190909840665e+00 9.024485854785722905e-02
7.672499999998608189e+01 1.006536977248014830e+00 8.944202156009072036e-02
7.687500000000000000e+01 1.006437182515735884e+00 9.017687054226908305e-02
7.702500000001396074e+01 1.005062320812209586e+00 9.089849038994804453e-02
7.717500000000934790e+01 1.004720632430311289e+00 8.996733467686504615e-02
7.732499999999058105e+01 1.005145175213483233e+00 9.009085832259677851e-02
7.747499999998598241e+01 1.004993680245594101e+00 8.900865121165027483e-02
7.762500000000000000e+01 1.004416856463402619e+00 8.878954960464183199e-02
7.777500000001404601e+01 1.007518583603571605e+00 8.980028232531550580e-02
7.792500000000971738e+01 1.004116000333902026e+00 8.893986872002930533e-02
7.807499999999021156e+01 1.004825031531219048e+00 8.974773254847676074e-02
7.822499999998589715e+01 1.002997065782860631e+00 8.915780986708987665e-02
7.837500000000000000e+01 1.004511508821315013e+00 8.888383905628351178e-02
7.852500000001413127e+01 1.004445695595146182e+00 8.993004868220329240e-02
7.867500000001005844e+01 1.005890085338222439e+00 8.901586029288634239e-02
7.882499999998987050e+01 1.005109027105377750e+00 8.924829334501850620e-02
7.897499999998581188e+01 1.004774241900385334e+00 8.868168134446348383e-02
7.912500000000000000e+01 1.004553526961983856e+00 8.937699276054428266e-02
7.927500000001423075e+01 1.004489842612471318e+00 8.874318622722872363e-02
7.942500000001041371e+01 1.004805466161351246e+00 8.794579855258631562e-02
7.957499999998951523e+01 1.005069347442317573e+00 8.868948073660774811e-02
7.972499999998572662e+01 1.005007417236829292e+00 8.863470280686576441e-02
7.987500000000000000e+01 1.002648717932556277e+00 8.840113529643994772e-02
8.002500000001430180e+01 1.003385635889522343e+00 8.830636870098101943e-02
8.017500000001075477e+01 1.004865351357285830e+00 8.809932888917425264e-02
8.032499999998918838e+01 1.005642328007206654e+00 8.796100719391722333e-02
8.047499999998564135e+01 1.004478630858024024e+00 8.848597789648615652e-02
8.062500000000000000e+01 1.005039827216422932e+00 8.821218939987693353e-02
8.077500000001438707e+01 1.003702597317142065e+00 8.771439141054548916e-02
8.092500000001108162e+01 1.004104704116471014e+00 8.866511586178764392e-02
8.107499999998886153e+01 1.003236986672109587e+00 8.817485398499652627e-02
8.122499999998557030e+01 1.005495672183851497e+00 8.691083270006935702e-02
8.137500000000000000e+01 1.004451708135715826e+00 8.766805733705394788e-02
8.152500000001447233e+01 1.004127833024176741e+00 8.799295982412025374e-02
8.167500000001139426e+01 1.004436196128632774e+00 8.834531738213793894e-02
8.182499999998853468e+01 1.005299577002360500e+00 8.707295652169140532e-02
8.197499999998548503e+01 1.003180954678489778e+00 8.777518916659285408e-02
8.212500000000000000e+01 1.001935687693832788e+00 8.655061920382800533e-02
8.227500000001455760e+01 1.002717161509341093e+00 8.697244473208785853e-02
8.242500000001172111e+01 1.003806919161482902e+00 8.687772149418301892e-02
8.257499999998822204e+01 1.003542377678226627e+00 8.693026471648696019e-02
8.272499999998539977e+01 1.000869458497827713e+00 8.782411604608385269e-02
8.287500000000000000e+01 1.001475041178286229e+00 8.655114259797361265e-02
8.302500000001462865e+01 1.003713681153791226e+00 8.716073889943352915e-02
8.317500000001203375e+01 1.003118711311766553e+00 8.744840886843306682e-02
8.332499999998789519e+01 1.004059441375166006e+00 8.663042297679826587e-02
8.347499999998531450e+01 1.004324382167330665e+00 8.611352190133707285e-02
8.362500000000000000e+01 1.003476717216670533e+00 8.718069296446849525e-02
8.377500000001469971e+01 1.003738751502051940e+00 8.647758192704012303e-02
8.392500000001234639e+01 1.004291935523770496e+00 8.654314804128576677e-02
8.407499999998758256e+01 1.002473243150577620e+00 8.550927280287598520e-02
8.422499999998524345e+01 1.004415522547491557e+00 8.711394342606609831e-02
8.437500000000000000e+01 1.003265333179451879e+00 8.548187886528017809e-02
8.452500000001478497e+01 1.003211608553665313e+00 8.638276722161909726e-02
8.467500000001264482e+01 1.002293287947982225e+00 8.593032214359141996e-02
8.482499999998728413e+01 1.002574178190916987e+00 8.604641560187470395e-02
8.497499999998517239e+01 1.003045655227358113e+00 8.551846427880289980e-02
8.512500000000000000e+01 1.002650825613874863e+00 8.509289219997423492e-02
8.527500000001485603e+01 1.002449026589479875e+00 8.554314847090763174e-02
8.542500000001294325e+01 1.003815166154239824e+00 8.532267923346431582e-02
8.557499999998699991e+01 1.001409271283182578e+00 8.576614297636082906e-02
8.572499999998510134e+01 1.001736418276572005e+00 8.483454791467279210e-02
8.587500000000000000e+01 1.002400575455716591e+00 8.491675909065261874e-02
8.602500000001494129e+01 1.003198318639650033e+00 8.425135338549158415e-02
8.617500000001324167e+01 1.003579723380387589e+00 8.576364764801630569e-02
8.632499999998670148e+01 1.003820004076719341e+00 8.428632701825534979e-02
8.647499999998503029e+01 1.001342468825761944e+00 8.391177314643837037e-02
8.662500000000000000e+01 1.003430981895763408e+00 8.456183953404147746e-02
8.677500000001501235e+01 1.002738045923820209e+00 8.456711267286851075e-02
8.692500000001352589e+01 1.002268767516780512e+00 8.513307204936479411e-02
8.707499999998641727e+01 1.002265252954706254e+00 8.435962078165749889e-02
8.722499999998494502e+01 1.001137607085387460e+00 8.433544578789402280e-02
8.737500000000000000e+01 1.001145398276227061e+00 8.477025393511476714e-02
8.752500000001508340e+01 1.001671656088551909e+00 8.449656970910461584e-02
8.767500000001381011e+01 9.998159847043146531e-01 8.373716644346777815e-02
8.782499999998613305e+01 1.001002574003006629e+00 8.286135719429113533e-02
8.797499999998487397e+01 1.000358953424983932e+00 8.474864401917681089e-02
8.812500000000000000e+01 1.000338760615431699e+00 8.423616616859272432e-02
8.827500000001514024e+01 1.000713102934801313e+00 8.412400998620024606e-02
8.842500000001409433e+01 1.000300002172257008e+00 8.393655373748847015e-02
8.857499999998586304e+01 1.000951313980458668e+00 8.345680690410839375e-02
8.872499999998480291e+01 9.993377234477296422e-01 8.305067404649772722e-02
8.887500000000000000e+01 9.998484300021259763e-01 8.333643178364505411e-02
8.902500000001521130e+01 1.000484501822002104e+00 8.304978929216953742e-02
8.917500000001436433e+01 1.000422044759972540e+00 8.443487274179782565e-02
8.932499999998557882e+01 1.000398498957745907e+00 8.415546565737716533e-02
8.947499999998473186e+01 9.991203958260883589e-01 8.310031354033182993e-02
8.962500000000000000e+01 9.996061531673789968e-01 8.406511711637702777e-02
8.977500000001528235e+01 9.974241677135321504e-01 8.296568689844763256e-02
8.992500000001462013e+01 1.000093313787423943e+00 8.373423521303068051e-02
9.007499999998532303e+01 9.986714132617601214e-01 8.260118060260300543e-02
9.022499999998467501e+01 9.992675431409697717e-01 8.267458889143179668e-02
9.037500000000000000e+01 9.985312251881991452e-01 8.318257955578624296e-02
9.052500000001533920e+01 9.991443588503308160e-01 8.251747240691363616e-02
9.067500000001489013e+01 9.996916907264177254e-01 8.322005697167191018e-02
9.082499999998505302e+01 9.977050316939656271e-01 8.256421675505012936e-02
9.097499999998460396e+01 1.000356035500695739e+00 8.219648714109993592e-02
9.112500000000000000e+01 9.973049993060357776e-01 8.193513037331989768e-02
9.127500000001541025e+01 9.982401436493559821e-01 8.214140272167831658e-02
9.142500000001514593e+01 9.972272800433904516e-01 8.215864249955671939e-02
9.157499999998479723e+01 9.976749077299490454e-01 8.261390358072866202e-02
9.172499999998454712e+01 9.968787093352015072e-01 8.310089756049761356e-02
9.187500000000000000e+01 9.970565800818473878e-01 8.186622824562542200e-02
9.202500000001548131e+01 9.964053699142231268e-01 8.228943961885243352e-02
9.217500000001541594e+01 9.972496548616843759e-01 8.212003869161979552e-02
9.232499999998454143e+01 9.969637935976608523e-01 8.155737879289927383e-02
9.247499999998447606e+01 9.968807289671004490e-01 8.261934571001861016e-02
9.262500000000000000e+01 9.966391424282260436e-01 8.164412205381525733e-02
9.277500000001553815e+01 9.975168840026319428e-01 8.207659378329480726e-02
9.292500000001565752e+01 9.978006156480860867e-01 8.007309892637914928e-02
9.307499999998428564e+01 9.958299136090507098e-01 8.246573040503836494e-02
9.322499999998441922e+01 9.963992958329772609e-01 8.016820820416462046e-02
9.337500000000000000e+01 9.956582582901534195e-01 8.072549872963549755e-02
9.352500000001559499e+01 9.968880720659448746e-01 8.119099492043541089e-02
9.367500000001591332e+01 9.967068866241604042e-01 8.131135858253230042e-02
9.382499999998402984e+01 9.951469261064989080e-01 8.130657410702279986e-02
9.397499999998436238e+01 9.970960266738343458e-01 8.155512981879847745e-02
9.412500000000000000e+01 9.943137069974253839e-01 8.092538464869517001e-02
9.427500000001566605e+01 9.963439374003388860e-01 8.061495972810502064e-02
9.442500000001615490e+01 9.948377335927276466e-01 8.146913616423212545e-02
9.457499999998380247e+01 9.958006523705594804e-01 8.130525075920155831e-02
9.472499999998429132e+01 9.955648049048637649e-01 8.113569126583763946e-02
9.487500000000000000e+01 9.960644164151504221e-01 8.029229242409530176e-02
9.502500000001572289e+01 9.951343695676148071e-01 8.019059191072137882e-02
9.517500000001639648e+01 9.967670127036089012e-01 8.018020106666914892e-02
9.532499999998356088e+01 9.955842692046085185e-01 8.041747797581431934e-02
9.547499999998423448e+01 9.956909747429243396e-01 8.051647162527277024e-02
9.562500000000000000e+01 9.946983322956205464e-01 8.034774666013466682e-02
9.577500000001577973e+01 9.960608891310315238e-01 7.982662254978512006e-02
9.592500000001662386e+01 9.942661270530982476e-01 7.982391628788514104e-02
9.607499999998331930e+01 9.959142718412872242e-01 7.975206903296348793e-02
9.622499999998417763e+01 9.956002730088557851e-01 7.997537608813636012e-02
9.637500000000000000e+01 9.939502634397971992e-01 8.099079531775053853e-02
9.652500000001585079e+01 9.951770675841292713e-01 8.142282646914096589e-02
9.667500000001686544e+01 9.939599936596302809e-01 7.961643265774169531e-02
9.682499999998309193e+01 9.960723284483837814e-01 8.037102676764727727e-02
9.697499999998412079e+01 9.961792211669073804e-01 8.065171117041791682e-02
9.712500000000000000e+01 9.955266730845220291e-01 7.980879853189322415e-02
9.727500000001590763e+01 9.947184756142769535e-01 7.912394850064943808e-02
9.742500000001709282e+01 9.947830881511836587e-01 8.034126415969045087e-02
9.757499999998287876e+01 9.952037272537865853e-01 7.961560079006421708e-02
9.772499999998406395e+01 9.951213947979599128e-01 7.900020516733924358e-02
9.787500000000000000e+01 9.950624336901061628e-01 7.997914885535110929e-02
9.802500000001595026e+01 9.939379596656868765e-01 7.817919383584284732e-02
9.817500000001732019e+01 9.946371005345112648e-01 7.896066690393860332e-02
9.832499999998263718e+01 9.934553377872333835e-01 7.925614778464649957e-02
9.847499999998402131e+01 9.948258323592771291e-01 8.018273748883406049e-02
9.862500000000000000e+01 9.949876412734631748e-01 7.957723894651740071e-02
9.877500000001600711e+01 9.926010426391507213e-01 8.057450687292988523e-02
9.892500000001753335e+01 9.933718847182152478e-01 8.001519472754005380e-02
9.907499999998242401e+01 9.939925737918059445e-01 7.951147715507475566e-02
9.922499999998395026e+01 9.950110974793425767e-01 7.943869748579521217e-02
9.937500000000000000e+01 9.930993335383191400e-01 7.858018107804619345e-02
9.952500000001606395e+01 9.934511139832564730e-01 7.934982060004938664e-02
9.967500000001776073e+01 9.947092646206411315e-01 7.744167164232459988e-02
9.982499999998221085e+01 9.952622047897123903e-01 7.854030510862061720e-02
9.997499999998389342e+01 9.934432691514566427e-01 7.860360440413133309e-02
1.001250000000000000e+02 9.942575985104193936e-01 7.927284749907140271e-02
1.002750000000161208e+02 9.917811743480327014e-01 7.921504867715976894e-02
1.004250000000179597e+02 9.919884428096267248e-01 7.791673096248828700e-02
1.005749999999819835e+02 9.923269583146627770e-01 7.899129355843596823e-02
1.007249999999838508e+02 9.941121996755480916e-01 7.948542158752144871e-02
1.008750000000000000e+02 9.929517445754302285e-01 7.817773851566410526e-02
1.010250000000161776e+02 9.938267435221044277e-01 7.704401186389027434e-02
1.011750000000181871e+02 9.923520736825883759e-01 7.811368727123127464e-02
1.013249999999817845e+02 9.716826141599114175e-01 7.804466745498998825e-02
1.014749999999837939e+02 9.525205867690801353e-01 7.709131928048834625e-02
1.016250000000000000e+02 9.407034938367703214e-01 7.672047233276535483e-02
1.017750000000162345e+02 9.294258011245191131e-01 7.447103650681242970e-02
1.019250000000184002e+02 9.208552116473645022e-01 7.536772201013947070e-02
1.020749999999815714e+02 9.138867988805652320e-01 7.422172413972874527e-02
1.022249999999837513e+02 9.069142416666355899e-01 7.436114576478466964e-02
1.023750000000000000e+02 8.989337241445396476e-01 7.400136704734018578e-02
1.025250000000162771e+02 8.936464676310187372e-01 7.348671716681896837e-02
1.026750000000185992e+02 8.883642527170249048e-01 7.396025300004101244e-02
1.028249999999813582e+02 8.834036997866336893e-01 7.255344516513390074e-02
1.029749999999836945e+02 8.774419122303760421e-01 7.321863649048120093e-02
1.031250000000000000e+02 8.728859104031980731e-01 7.261554227853911359e-02
1.032750000000163340e+02 8.687040520415899580e-01 7.157221805674893189e-02
1.034250000000187981e+02 8.628478657172716781e-01 7.274359935128296706e-02
1.035749999999811592e+02 8.603457234944535958e-01 7.232939895447888790e-02
1.037249999999836376e+02 8.561025804838985342e-01 7.137741917694721827e-02
1.038750000000000000e+02 8.521246237815952584e-01 7.152865558281136515e-02
1.040250000000163766e+02 8.484608570913038106e-01 7.176242853168303404e-02
1.041750000000189971e+02 8.441469649430656252e-01 7.066142212249176824e-02
1.043249999999809603e+02 8.394189151693035589e-01 7.045756976517685011e-02
1.044749999999835950e+02 8.369232341664414321e-01 7.054296572155109579e-02
1.046250000000000000e+02 8.321349914154863026e-01 7.112198687836397692e-02
1.047750000000164334e+02 8.290479835040533985e-01 6.936055516998627934e-02
1.049250000000191818e+02 8.259871742114314186e-01 7.045077307518846088e-02
1.050749999999807613e+02 8.216232745487165312e-01 6.916169561816358502e-02
1.052249999999839503e+02 8.195016742064015203e-01 6.917274586283063409e-02
1.053750000000000000e+02 8.167496630785177070e-01 6.945373509550367697e-02
1.055250000000157229e+02 8.141549809741553956e-01 6.955719053866887824e-02
1.056750000000193808e+02 8.106124273634496280e-01 6.955109702937464777e-02
1.058249999999805766e+02 8.066338600506103296e-01 6.849857039415761795e-02
1.059749999999847319e+02 8.043954688361368843e-01 6.773851950712644898e-02
1.061250000000000000e+02 8.009587262336477220e-01 6.860004766114149999e-02
1.062750000000149555e+02 7.988428963591989174e-01 6.880719594382313231e-02
1.064250000000195797e+02 7.964607635475533520e-01 6.758174023721996715e-02
1.065749999999803919e+02 7.927554046698734869e-01 6.816635576455258583e-02
1.067249999999854850e+02 7.901812165022181755e-01 6.806868499073120971e-02
1.068750000000000000e+02 7.887469628564938162e-01 6.821189664734754465e-02
1.070250000000141881e+02 7.857627593075399153e-01 6.840394632814410236e-02
1.071750000000197645e+02 7.835821601440089434e-01 6.752797780277901285e-02
1.073249999999802071e+02 7.815628532059342159e-01 6.693490450632820499e-02
1.074749999999862524e+02 7.785760235007479491e-01 6.678569484260536704e-02
1.076250000000000000e+02 7.750794970429946140e-01 6.728765367573678879e-02
1.077750000000134492e+02 7.729218240274475793e-01 6.694832514960637193e-02
1.079250000000199492e+02 7.705389387511203392e-01 6.618121927367556778e-02
1.080749999999800224e+02 7.684493891822599121e-01 6.666550237644541799e-02
1.082249999999869914e+02 7.657476835726246822e-01 6.682784682006116805e-02
1.083750000000000000e+02 7.636380711408627953e-01 6.664309702850088057e-02
1.085250000000127244e+02 7.617132548483498411e-01 6.568211530868250936e-02
1.086750000000201481e+02 7.596069373929756896e-01 6.505660086470695103e-02
1.088249999999798376e+02 7.569860301545149328e-01 6.534989120306969324e-02
1.089749999999877161e+02 7.550246777928972808e-01 6.545723363068575718e-02
1.091250000000000000e+02 7.534252543661769108e-01 6.476941518802332987e-02
1.092750000000119854e+02 7.514264330313605855e-01 6.597471898235521270e-02
1.094250000000203045e+02 7.480700181689972084e-01 6.585109371946996915e-02
1.095749999999796529e+02 7.469650852713334288e-01 6.476013860353861673e-02
1.097249999999884409e+02 7.450686458229577314e-01 6.433911851668995541e-02
1.098750000000000000e+02 7.420058118984766971e-01 6.513755932441846197e-02
1.100250000000112749e+02 7.394689061930714846e-01 6.422945632295568030e-02
1.101750000000204892e+02 7.383623038158193541e-01 6.446546541186991275e-02
1.103249999999794682e+02 7.371618575543270602e-01 6.419468600864237928e-02
1.104749999999891372e+02 7.351914681445189670e-01 6.417073417964934412e-02
1.106250000000000000e+02 7.328883559457721741e-01 6.400291325216427019e-02
1.107750000000105643e+02 7.307219851219968199e-01 6.430864377218896422e-02
1.109250000000206740e+02 7.287546981880376196e-01 6.336779240408046965e-02
1.110749999999792976e+02 7.277564125842237441e-01 6.428550103497827906e-02
1.112249999999898620e+02 7.246682043195863399e-01 6.290764684843291876e-02
1.113750000000000000e+02 7.224162194309925455e-01 6.358032005216059102e-02
1.115250000000098822e+02 7.211926506752197596e-01 6.316908835207808715e-02
1.116750000000208445e+02 7.198159003707578218e-01 6.348844837902745120e-02
1.118249999999791129e+02 7.176609883846341020e-01 6.317758384450283815e-02
1.119749999999905299e+02 7.165901616446318512e-01 6.424857462914358719e-02
1.121250000000000000e+02 7.149717129203321253e-01 6.259806648633241266e-02
1.122750000000091859e+02 7.135748021789466433e-01 6.255127387785916482e-02
1.124250000000210008e+02 7.112132896927824133e-01 6.339128279528187526e-02
1.125749999999789566e+02 7.093533149872296439e-01 6.255090922216938187e-02
1.127249999999912120e+02 7.076170577697522557e-01 6.241997721417671258e-02
1.128750000000000000e+02 7.063476029301360981e-01 6.261394214811061287e-02
1.130250000000085180e+02 7.043830387992816577e-01 6.219542115017390183e-02
1.131750000000211855e+02 7.030179352393932657e-01 6.182210529899692664e-02
1.133249999999787860e+02 7.016176205493241946e-01 6.184212422657925368e-02
1.134749999999919083e+02 6.994754473260758054e-01 6.094280869803753165e-02
1.136250000000000000e+02 6.971790618225635061e-01 6.126712934267267846e-02
1.137750000000078359e+02 6.952986476574659624e-01 6.113610227209215903e-02
1.139250000000213561e+02 6.942755932523437812e-01 6.132502758465999820e-02
1.140749999999786297e+02 6.934122628852726899e-01 6.103274468690234739e-02
1.142249999999925620e+02 6.910214455260744737e-01 6.113345244363026232e-02
1.143750000000000000e+02 6.893688993816300403e-01 6.052302703797898809e-02
1.145250000000071680e+02 6.888232814497416978e-01 6.113768631044196739e-02
1.146750000000215124e+02 6.872300044534858099e-01 6.035072574181041954e-02
1.148249999999784308e+02 6.862435731891829427e-01 6.015490322750833424e-02
1.149749999999932157e+02 6.838224891361491808e-01 6.182425444648271401e-02
1.151250000000000000e+02 6.827404258541710513e-01 6.052375271928561729e-02
1.152750000000065285e+02 6.814997819036237026e-01 6.115566856887871827e-02
1.154250000000216829e+02 6.796720696908195025e-01 6.091132696847555844e-02
1.155749999999783029e+02 6.777707881929820877e-01 6.006004019243811609e-02
1.157249999999938694e+02 6.765055628816922795e-01 5.972115824901989833e-02
1.158750000000000000e+02 6.748617384304717026e-01 5.997323841237898329e-02
1.160250000000058748e+02 6.723976443834031036e-01 5.989099336489993319e-02
1.161750000000218392e+02 6.731374306182932310e-01 6.034282131392517540e-02
1.163249999999781323e+02 6.714167737714423767e-01 5.979329307705270879e-02
1.164749999999945089e+02 6.685322248156105873e-01 6.018897244691039095e-02
1.166250000000000000e+02 6.670983972412645180e-01 5.938775678692442828e-02
1.167750000000052495e+02 6.672921691055678783e-01 5.926929811807701148e-02
1.169250000000220098e+02 6.653061566473379429e-01 5.888029036315955977e-02
1.170749999999779760e+02 6.642169841717543433e-01 5.848657213132983645e-02
1.172249999999951484e+02 6.636276462330948922e-01 5.877118589163615736e-02
1.173750000000000000e+02 6.602937515417310887e-01 5.883385027877455209e-02
1.175250000000046242e+02 6.597077163708289227e-01 5.852347609633154479e-02
1.176750000000221377e+02 6.577819534507013399e-01 5.838761317721201383e-02
1.178249999999778055e+02 6.572891622308070225e-01 5.916774028333154217e-02
1.179749999999957453e+02 6.560043143620551964e-01 5.922404247608599459e-02
1.181250000000000000e+02 6.547067664883275961e-01 5.834270949842116499e-02
1.182750000000039989e+02 6.538849500520811375e-01 5.842635716376287647e-02
1.184250000000223082e+02 6.514442874521010340e-01 5.883807478649134143e-02
1.185749999999776634e+02 6.492880941056411448e-01 5.761410252467445009e-02
1.187249999999963705e+02 6.493958318186264789e-01 5.772852718198609456e-02
1.188750000000000000e+02 6.478530795940482534e-01 5.818065876041164652e-02
1.190250000000033879e+02 6.463733608287898225e-01 5.781399149528973491e-02
1.191750000000224645e+02 6.455186624901551040e-01 5.918903297955502296e-02
1.193249999999775071e+02 6.441577967701421770e-01 5.789076302742018898e-02
1.194749999999969816e+02 6.419896415945945956e-01 5.821432263024974713e-02
1.196250000000000000e+02 6.410795526003516542e-01 5.712586735098298951e-02
1.197750000000027910e+02 6.404010691313584136e-01 5.735274676904717622e-02
1.199250000000226066e+02 6.375858849846535170e-01 5.663377057704058193e-02
1.200749999999773650e+02 6.373238555485057910e-01 5.684707426402120511e-02
1.202249999999975927e+02 6.368345351037563162e-01 5.712236465982252487e-02
1.203750000000000000e+02 6.349162438597405478e-01 5.733774852503752129e-02
1.205250000000021799e+02 6.338037637009222847e-01 5.730000253467269072e-02
1.206750000000227772e+02 6.318575484518368368e-01 5.665953238692725963e-02
1.208249999999772086e+02 6.313613175260409660e-01 5.701166527554565183e-02
1.209749999999981753e+02 6.296520865760527608e-01 5.615701397220976970e-02
1.211250000000000000e+02 6.302121951217660722e-01 5.669069703961535783e-02
1.212750000000015973e+02 6.281297488883741398e-01 5.713061819183075374e-02
1.214250000000229193e+02 6.261140471387023343e-01 5.668961810384555433e-02
1.215749999999770665e+02 6.248984713499222687e-01 5.587579498960804081e-02
1.217249999999987580e+02 6.250857618242308122e-01 5.607593318193181131e-02
1.218750000000000000e+02 6.235892444118540379e-01 5.648597048652804348e-02
1.220250000000010147e+02 6.227423382252931239e-01 5.621748297576833336e-02
1.221750000000230472e+02 6.201776554694864441e-01 5.601636367031034847e-02
1.223249999999769244e+02 6.199207252033449578e-01 5.656451021364283793e-02
1.224749999999993406e+02 6.186298035604725909e-01 5.702331340388786668e-02
1.226250000000000000e+02 6.174988886823900014e-01 5.549604513618393992e-02
1.227750000000004320e+02 6.159642483240658217e-01 5.612988994295526474e-02
1.229250000000231893e+02 6.150213781741381558e-01 5.620143223453798187e-02
1.230749999999767681e+02 6.135129047800701452e-01 5.562132218184741989e-02
1.232249999999999233e+02 6.124687071409281591e-01 5.592595397078356512e-02
1.233750000000000000e+02 6.115732638856395953e-01 5.614407251651062219e-02
1.235249999999998494e+02 6.101686088169416822e-01 5.541360184325762328e-02
1.236750000000233314e+02 6.106620244890418325e-01 5.600403113032405289e-02
1.238249999999766402e+02 6.079481830149695565e-01 5.482730253388344577e-02
1.239750000000004775e+02 6.076613044100471761e-01 5.535706669398328394e-02
1.241250000000000000e+02 6.061040986743361225e-01 5.452917973203734447e-02
1.242749999999992951e+02 6.050731139557302685e-01 5.524569570316875677e-02
1.244250000000234735e+02 6.025281195161517056e-01 5.513146909533680334e-02
1.245749999999764839e+02 6.031260628221728481e-01 5.497968236739476933e-02
1.247250000000010317e+02 6.020590399406413606e-01 5.482925867423008026e-02
1.248750000000000000e+02 6.003598670613755628e-01 5.466917908522805208e-02
1.250249999999987551e+02 5.995651741372802768e-01 5.491447181496789814e-02
1.251750000000236156e+02 5.980327409565024954e-01 5.436459779016000055e-02
1.253249999999763702e+02 5.964357674536977516e-01 5.410015596100089391e-02
1.254750000000015859e+02 5.965798528056586170e-01 5.424617699082074501e-02
1.256250000000000000e+02 5.943605056983706225e-01 5.383135299868089391e-02
1.257749999999982009e+02 5.947855770436631939e-01 5.418156897824229212e-02
1.259250000000237577e+02 5.939408108503551054e-01 5.371096116295463740e-02
1.260749999999762281e+02 5.919882814980806929e-01 5.377433239449774111e-02
1.262250000000021259e+02 5.911473533712706674e-01 5.412747504968876133e-02
1.263750000000000000e+02 5.898995858789590763e-01 5.350184688658003035e-02
1.265249999999976609e+02 5.882861681742357352e-01 5.318866875278712575e-02
1.266750000000238856e+02 5.632594252306312166e-01 5.255965824453022461e-02
1.268249999999760860e+02 5.481558526553010902e-01 5.193825126087071170e-02
1.269750000000026660e+02 5.376837000972707337e-01 5.135793801850551538e-02
1.271250000000000000e+02 5.273742072882559029e-01 5.075771978119840433e-02
1.272749999999971209e+02 5.187043980788018649e-01 5.028123876820737165e-02
1.274250000000240277e+02 5.113305929685559859e-01 5.022241723466636804e-02
1.275749999999759439e+02 5.041731739834931503e-01 4.989895927873218978e-02
1.277250000000031918e+02 4.983322288010673118e-01 4.926467340528374594e-02
1.278750000000000000e+02 4.909492856096761004e-01 4.848817043891539419e-02
1.280249999999965951e+02 4.854502606896594075e-01 4.815619096309987912e-02
1.281750000000241414e+02 4.795070702294731424e-01 4.799926484409434979e-02
1.283249999999758018e+02 4.747004162248633086e-01 4.748127452795920106e-02
1.284750000000037176e+02 4.691285667375483248e-01 4.756716686997165822e-02
1.286250000000000000e+02 4.645045321283299278e-01 4.732878805086550289e-02
1.287749999999960835e+02 4.581902502810316635e-01 4.754422450941379885e-02
1.289250000000242835e+02 4.550888552641246809e-01 4.676964189835392666e-02
1.290749999999756881e+02 4.488260003992378677e-01 4.675845877214263729e-02
1.292250000000042292e+02 4.448997477840662684e-01 4.589209954613556602e-02
1.293750000000000000e+02 4.406459166961269602e-01 4.560755550141443182e-02
1.295249999999955719e+02 4.357215879587215124e-01 4.493475057617701135e-02
1.296750000000243972e+02 4.323253086265718692e-01 4.484766305099430889e-02
1.298249999999755460e+02 4.281733731838235357e-01 4.555375942795292926e-02
1.299750000000047692e+02 4.240479466606961734e-01 4.482410203007138050e-02
1.301250000000000000e+02 4.199528016525920782e-01 4.431843076456484787e-02
1.302749999999950319e+02 4.162887723127132178e-01 4.445707533038552317e-02
1.304250000000245393e+02 4.112958357982821056e-01 4.401321196678698727e-02
1.305749999999754323e+02 4.082080760902125349e-01 4.395098468554382853e-02
1.307250000000052523e+02 4.046744732369115249e-01 4.390493376353687277e-02
1.308750000000000000e+02 4.006754285410106253e-01 4.343048465625798382e-02
1.310249999999945487e+02 3.966745067544514280e-01 4.334945789301117292e-02
1.311750000000246530e+02 3.929089020467382287e-01 4.267793297173113481e-02
1.313249999999753186e+02 3.896266903861184128e-01 4.271531558571532716e-02
1.314750000000057639e+02 3.861091066111725367e-01 4.308484441174455920e-02
1.316250000000000000e+02 3.828129955633183812e-01 4.249737977500923913e-02
1.317749999999940655e+02 3.793836777805963401e-01 4.199787496807448617e-02
1.319250000000247951e+02 3.757696753433140691e-01 4.225050420444861898e-02
1.320749999999751765e+02 3.728958190646434745e-01 4.198772267650902057e-02
1.322250000000062471e+02 3.687274172029315622e-01 4.184589831853920139e-02
1.323750000000000000e+02 3.666809514814666215e-01 4.120554782213868561e-02
1.325249999999935540e+02 3.619252540595081502e-01 4.167100526284619327e-02
1.326750000000249088e+02 3.600976610308976866e-01 4.088966545273703401e-02
1.328249999999750628e+02 3.559989793307188344e-01 4.067371717523813462e-02
1.329750000000067303e+02 3.533483853079037451e-01 4.098405791091958711e-02
1.331250000000000000e+02 3.500569212214834081e-01 4.014921522614710303e-02
1.332749999999930424e+02 3.470945089279149909e-01 4.025734186026401484e-02
1.334250000000250225e+02 3.439262973622619346e-01 4.020034139515944738e-02
1.335749999999749491e+02 3.410992973623436231e-01 4.000972102529173208e-02
1.337250000000072134e+02 3.382109551767109590e-01 3.958633813311386584e-02
1.338750000000000000e+02 3.354243946276898036e-01 3.969454430809510326e-02
1.340249999999925876e+02 3.318960519061702197e-01 3.832696857517562533e-02
1.341750000000251362e+02 3.294394560572038722e-01 3.897188810812705906e-02
1.343249999999748354e+02 3.267595287862781195e-01 3.840180401534389054e-02
1.344750000000077250e+02 3.242272049135491718e-01 3.870720312084485054e-02
1.346250000000000000e+02 3.211416595977396593e-01 3.896133586349123656e-02
1.347749999999921044e+02 3.187895838551411676e-01 3.808278998804716375e-02
1.349250000000252783e+02 3.158841842607625905e-01 3.799670940707181727e-02
1.350749999999746933e+02 3.135333988702558305e-01 3.787786428408003447e-02
1.352250000000081798e+02 3.105817086440920693e-01 3.795701498433166898e-02
1.353750000000000000e+02 3.079183902693797270e-01 3.729870623147095443e-02
1.355249999999916213e+02 3.053170856934764310e-01 3.762247029177637897e-02
1.356750000000253920e+02 3.026191494017503869e-01 3.711244374437791538e-02
1.358249999999746080e+02 2.999123637003976994e-01 3.681427063915117953e-02
1.359750000000086345e+02 2.964594655513609900e-01 3.664479098272462043e-02
1.361250000000000000e+02 2.952503978254808481e-01 3.701241539521787222e-02
1.362749999999911665e+02 2.915399490010882055e-01 3.677961853025121103e-02
1.364250000000255056e+02 2.897344745886719086e-01 3.650133095289264523e-02
1.365749999999744659e+02 2.870553237125272328e-01 3.623289206945892044e-02
1.367250000000091177e+02 2.844882459185647527e-01 3.568962713654071778e-02
1.368750000000000000e+02 2.814418659068177453e-01 3.557082312787504530e-02
1.370249999999907118e+02 2.794470971415434768e-01 3.556317794022423318e-02
1.371750000000256193e+02 2.770882912911574736e-01 3.531911084595330125e-02
1.373249999999743522e+02 2.748367073644260583e-01 3.554387782743620439e-02
1.374750000000095724e+02 2.719741769308520740e-01 3.533171952746786554e-02
1.376250000000000000e+02 2.699696509663130350e-01 3.505321151353035097e-02
1.377749999999902286e+02 2.679498726236642092e-01 3.455130451409272468e-02
1.379250000000257330e+02 2.641649389077268539e-01 3.415645901257887557e-02
1.380749999999742386e+02 2.631750966300154260e-01 3.386099619067577116e-02
1.382250000000100272e+02 2.605017267708529261e-01 3.412924737734996522e-02
1.383750000000000000e+02 2.583751465514499412e-01 3.375621314375120557e-02
1.385249999999898023e+02 2.562313921478605039e-01 3.435866182871061270e-02
1.386750000000258467e+02 2.539966391821475988e-01 3.318529369266268181e-02
1.388249999999741249e+02 2.518264801489797922e-01 3.315417503805069555e-02
1.389750000000104535e+02 2.495841192123757213e-01 3.312385883170128331e-02
1.391250000000000000e+02 2.472675309786909192e-01 3.305440661841536204e-02
1.392749999999893475e+02 2.453657127187562903e-01 3.279467245102918316e-02
1.394250000000259604e+02 2.424266061423812624e-01 3.272314665250874305e-02
1.395749999999740112e+02 2.402476685141396173e-01 3.240334858118346789e-02
1.397250000000109367e+02 2.383311710517186655e-01 3.250962657264384881e-02
1.398750000000000000e+02 2.362776838356932807e-01 3.201117586550657201e-02
1.400249999999889212e+02 2.342227606934740580e-01 3.172796638806481967e-02
1.401750000000260741e+02 2.315700315924836272e-01 3.246664356786174710e-02
1.403249999999738975e+02 2.293072913953121406e-01 3.194081036045453431e-02
1.404750000000113346e+02 2.272601298320352514e-01 3.134728512137579387e-02
1.406250000000000000e+02 2.253742209989723633e-01 3.148357524324760237e-02
1.407749999999884665e+02 2.241370639290799216e-01 3.140565391178944815e-02
1.409250000000261593e+02 2.211064356864089198e-01 3.115366362006708259e-02
1.410749999999738122e+02 2.195926373982563518e-01 3.099457950975984671e-02
1.412250000000117893e+02 2.172110564703615410e-01 3.058828273298296735e-02
1.413750000000000000e+02 2.153275861726772489e-01 3.118220530206159899e-02
1.415249999999880401e+02 2.130155309329036795e-01 3.103924500956475527e-02
1.416750000000263014e+02 2.111515823478271325e-01 3.016515624726166453e-02
1.418249999999736986e+02 2.090451655407792320e-01 3.002820125179483587e-02
1.419750000000122441e+02 2.076320673720965793e-01 3.022599812088775165e-02
1.421250000000000000e+02 2.047872937442787589e-01 3.000777646014555003e-02
1.422749999999876138e+02 2.035592612519889211e-01 2.957330037197143657e-02
1.424250000000264151e+02 2.013907184015635565e-01 2.949384923994494145e-02
1.425749999999735849e+02 1.993902953094459640e-01 2.944499109080023908e-02
1.427250000000126420e+02 1.973566437941811913e-01 2.924068284173500509e-02
1.428750000000000000e+02 1.958824518627543532e-01 2.888753661416239640e-02
1.430249999999871875e+02 1.934137623156707286e-01 2.861330770237461782e-02
1.431750000000265004e+02 1.917896258397730203e-01 2.897620506055658546e-02
1.433249999999734712e+02 1.900452186635009366e-01 2.860411489495313583e-02
1.434750000000130683e+02 1.876797447565332899e-01 2.832860839328944086e-02
1.436250000000000000e+02 1.855896677285120422e-01 2.815925371929248536e-02
1.437749999999867612e+02 1.838899768317238670e-01 2.789929012881772058e-02
1.439250000000266141e+02 1.825663499107883225e-01 2.789020970379238809e-02
1.440749999999733575e+02 1.811054383382123267e-01 2.791689473830770429e-02
1.442250000000134946e+02 1.785911612821541039e-01 2.729728275537978560e-02
1.443750000000000000e+02 1.764473736951765181e-01 2.731358671189481127e-02
1.445249999999863348e+02 1.746233427518430192e-01 2.724434287444691891e-02
1.446750000000266994e+02 1.733778778463777870e-01 2.724974689124251559e-02
1.448249999999732722e+02 1.706767366734635860e-01 2.682085920686225547e-02
1.449750000000139210e+02 1.694873577946462428e-01 2.711647202980505683e-02
1.451250000000000000e+02 1.670769084537515603e-01 2.684751130390340343e-02
1.452749999999859369e+02 1.655138267267223795e-01 2.658142397010133939e-02
1.454250000000268130e+02 1.641476014675500306e-01 2.671981231369080848e-02
1.455749999999731870e+02 1.622803174832998241e-01 2.611886829711410410e-02
1.457250000000142904e+02 1.596366117813551866e-01 2.608357647739566187e-02
1.458750000000000000e+02 1.585137510640021452e-01 2.596086351126787942e-02
1.460249999999855390e+02 1.567927358120303760e-01 2.586552713831021325e-02
1.461750000000269267e+02 1.549041140245699111e-01 2.565239374991635374e-02
1.463249999999730733e+02 1.534115487681537160e-01 2.534394383400149359e-02
1.464750000000146883e+02 1.514083887729807121e-01 2.518225993422475162e-02
1.466250000000000000e+02 1.495422171497048092e-01 2.509696928528026838e-02
1.467749999999851411e+02 1.478237481118679364e-01 2.500371551774213663e-02
1.469250000000270120e+02 1.461789474045491199e-01 2.456810986935501970e-02
1.470749999999729596e+02 1.447375086724322912e-01 2.443908284165776171e-02
1.472250000000150862e+02 1.425881689411435116e-01 2.458268938826496317e-02
1.473750000000000000e+02 1.414207317404061748e-01 2.454125138580713975e-02
1.475249999999847432e+02 1.396715380305421916e-01 2.417912256515993702e-02
1.476750000000270973e+02 1.373951385428044680e-01 2.425063716615565718e-02
1.478249999999728743e+02 1.361013119714231112e-01 2.387219704906757764e-02
1.479750000000154841e+02 1.345114979683001422e-01 2.367414960885399350e-02
1.481250000000000000e+02 1.327645048885302825e-01 2.363595282522435587e-02
1.482749999999843453e+02 1.310672522606866619e-01 2.330265517454543217e-02
1.484250000000272109e+02 1.292180136675115665e-01 2.338089089484402666e-02
1.485749999999727606e+02 1.272455938327661518e-01 2.310431437143422792e-02
1.487250000000158821e+02 1.258878442787911001e-01 2.276893685366915970e-02
1.488750000000000000e+02 1.243635292888737587e-01 2.250354927844872704e-02
1.490249999999839474e+02 1.229485697166082386e-01 2.250538100726314633e-02
1.491750000000273246e+02 1.205538696677727478e-01 2.234717917216020103e-02
1.493249999999726754e+02 1.198270585944907762e-01 2.227766621511280409e-02
1.494750000000162800e+02 1.180630628051464182e-01 2.216915928086758344e-02
1.496250000000000000e+02 1.163210874513571497e-01 2.196777632190574300e-02
1.497749999999835779e+02 1.146946508086416905e-01 2.158859279737252584e-02
1.499250000000274099e+02 1.129482117309764805e-01 2.185165097838276393e-02
1.500749999999725617e+02 1.115583309387838395e-01 2.119718612617567041e-02
1.502250000000166494e+02 1.100841977022927048e-01 2.167276031761555810e-02
1.503750000000000000e+02 1.087057984251279669e-01 2.121625533817971324e-02
1.505249999999831800e+02 1.065288291924236797e-01 2.089305377467170002e-02
1.506750000000274952e+02 1.055100436337007425e-01 2.102200795255718124e-02
1.508249999999724764e+02 1.038056641791924029e-01 2.074921150411784126e-02
1.509750000000170473e+02 1.019560432517769566e-01 2.048358798429368230e-02
1.511250000000000000e+02 1.006358071935871956e-01 2.040200352422984545e-02
1.512749999999828106e+02 9.916694738639751650e-02 2.012396373154623497e-02
1.514250000000275804e+02 9.756484868495945983e-02 1.992628179557385387e-02
1.515749999999723912e+02 9.600655928559945207e-02 1.960306524531494829e-02
1.517250000000174168e+02 9.414230741763524035e-02 1.975682287664902795e-02
1.518750000000000000e+02 9.282844500354721362e-02 1.949840949375679366e-02
1.520249999999824411e+02 9.144771569900406183e-02 1.921048717170825010e-02
1.521750000000276941e+02 8.990738266610300011e-02 1.897872921001280896e-02
1.523249999999722775e+02 8.844146927146447068e-02 1.914516180684625382e-02
1.524750000000177863e+02 8.647098515135695496e-02 1.908948495838383788e-02
1.526250000000000000e+02 8.480006437046294643e-02 1.844076670943737076e-02
1.527749999999820716e+02 8.382196528613523878e-02 1.841361606114025676e-02
1.529250000000277794e+02 8.197648439166241308e-02 1.811193591081046092e-02
1.530749999999721922e+02 8.037770384256977263e-02 1.802245697789276943e-02
1.532250000000181558e+02 7.912417044244629549e-02 1.782521398825295464e-02
1.533750000000000000e+02 7.766326575493015527e-02 1.779579754410241452e-02
1.535249999999817021e+02 7.622404867423238084e-02 1.755716020705134703e-02
1.536750000000278646e+02 7.490216424165976883e-02 1.731278683426919901e-02
1.538249999999721069e+02 7.317179411659809063e-02 1.728968858769359615e-02
1.539750000000185253e+02 7.173462731975153994e-02 1.707951305590292568e-02
1.541250000000000000e+02 7.036877113302505982e-02 1.685484923041991392e-02
1.542749999999813326e+02 6.911557441119649259e-02 1.654845464615548739e-02
1.544250000000279783e+02 6.744801924072109378e-02 1.651930777444955006e-02
1.545749999999720217e+02 6.605532894838783697e-02 1.609447580071819359e-02
1.547250000000188948e+02 6.466655768228739276e-02 1.613637413248957680e-02
1.548750000000000000e+02 6.323989235020319177e-02 1.589855053050534886e-02
1.550249999999809631e+02 6.181517696233878451e-02 1.573899115718488048e-02
1.551750000000280636e+02 6.043453181105835903e-02 1.573112286023620188e-02
1.553249999999719080e+02 5.891815750841001426e-02 1.555671634698282089e-02
1.554750000000192358e+02 5.771195861106050845e-02 1.519514030910694945e-02
1.556250000000000000e+02 5.608925520281134863e-02 1.490660165541526395e-02
1.557749999999806221e+02 5.474607234492702423e-02 1.495301914160914424e-02
1.559250000000281489e+02 5.330590588584597361e-02 1.465369420678354177e-02
1.560749999999718511e+02 5.222773516973733959e-02 1.456440571083613550e-02
1.562250000000196053e+02 5.022183923339597345e-02 1.415081439015056751e-02
1.563750000000000000e+02 4.888099736603206819e-02 1.374126328145191048e-02
1.565249999999802810e+02 4.797360317593035023e-02 1.373647026510745051e-02
1.566750000000282341e+02 4.646577650319246022e-02 1.363029199732012156e-02
1.568249999999717659e+02 4.510351742785219387e-02 1.342731969074938136e-02
1.569750000000199748e+02 4.385637771576732930e-02 1.304965662041478180e-02
1.571250000000000000e+02 4.255121461397221722e-02 1.298724980889332838e-02
1.572749999999799115e+02 4.121377165722715785e-02 1.268107676570578990e-02
1.574250000000283194e+02 3.976468680638096248e-02 1.242258236549908211e-02
1.575749999999716522e+02 3.846355597046587776e-02 1.222997730326007108e-02
1.577250000000202874e+02 3.722666875646199469e-02 1.207889748282744806e-02
1.578750000000000000e+02 3.603672246403859941e-02 1.189384646319647729e-02
1.580249999999795705e+02 3.422098491093642642e-02 1.151497432802018640e-02
1.581750000000284047e+02 3.303813272445373095e-02 1.120804462014649179e-02
1.583249999999715669e+02 3.181504303642650189e-02 1.105759807716786246e-02
1.584750000000206569e+02 3.064979585790826577e-02 1.099745729172783154e-02
1.586250000000000000e+02 2.909407125404935360e-02 1.044760124733289802e-02
1.587749999999792294e+02 2.779702014981266442e-02 1.040344334831451098e-02
1.589250000000284899e+02 2.648145599640969530e-02 1.018166969205291927e-02
1.590749999999715101e+02 2.530745739832217581e-02 9.850844749243994197e-03
1.592250000000209980e+02 2.410409042027716192e-02 9.598912599723785632e-03
1.593750000000000000e+02 2.264545667726461028e-02 9.370634401063161062e-03
1.595249999999788884e+02 2.139957435920110743e-02 9.041815645775812954e-03
1.596750000000285752e+02 2.017256577923909680e-02 8.780945442810297180e-03
1.598249999999713964e+02 1.882594594036728769e-02 8.524482206376589322e-03
1.599750000000213390e+02 1.759736505761321998e-02 8.260322895809578056e-03
1.601250000000000000e+02 1.647393026927483975e-02 8.029293709890321720e-03
1.602749999999785473e+02 1.502592224711429662e-02 7.547322429107407131e-03
1.604250000000286605e+02 1.373420821786229193e-02 7.234590713964615671e-03
1.605749999999713395e+02 1.255646658485385161e-02 6.864706157783040039e-03
1.607250000000216517e+02 1.116857216953491029e-02 6.610631487036438582e-03
1.608750000000000000e+02 1.013568226987671475e-02 6.196164087597485354e-03
1.610249999999782062e+02 8.861143582241668218e-03 5.935107608139121756e-03
1.611750000000287457e+02 7.560118840431524073e-03 5.409320882660286454e-03
1.613249999999712543e+02 6.252162708318298456e-03 4.945597410007474513e-03
1.614750000000219927e+02 4.989454504197150114e-03 4.404042812623223425e-03
1.616250000000000000e+02 3.794424012104066681e-03 3.799422175756476429e-03
1.617749999999778652e+02 2.553043129574855685e-03 3.146936585957819943e-03
1.619250000000288310e+02 1.315514853244103242e-03 2.267045287357466032e-03
1.620749999999711406e+02 2.160116915345957028e-04 9.111811779630458324e-04
