# Radius RDF_mean RDF_std
7.500000000000896228e-02 1.743346008453154127e+03 3.201421350240707397e-10
2.249999999999577616e-01 1.117417750822888561e-03 5.586250627937135865e-02
3.750000000000000000e-01 1.843739288857765236e-03 5.556302883550981453e-02
5.249999999999700462e-01 1.915573287124951478e-03 4.785340170000580706e-02
6.750000000001169509e-01 2.421071793449592387e-03 4.742173575589759410e-02
8.249999999998777200e-01 2.971315382869950568e-03 4.748863828241661755e-02
9.750000000001839418e-01 3.158854026364703825e-03 4.501805224717914111e-02
1.125000000000000000e+00 4.302058340668111006e-03 4.883984880525998190e-02
1.274999999999773648e+00 4.486103617274236899e-03 4.681504352697984928e-02
1.424999999999764455e+00 6.925049482073436687e-03 5.518882548131258392e-02
1.575000000000282396e+00 8.779710899322666282e-03 5.935167967954593782e-02
1.725000000000170397e+00 1.089482307052313907e-02 6.291049959174617456e-02
1.875000000000000000e+00 1.434764392056578873e-02 6.867828579234327990e-02
2.025000000000070521e+00 1.849947165251216927e-02 7.555658868435494169e-02
2.174999999999594813e+00 2.493960824896977388e-02 8.595219324709466036e-02
2.325000000000426059e+00 3.103537688575905285e-02 9.216829223590213005e-02
2.474999999999678124e+00 4.192856151383258373e-02 1.043586229050541131e-01
2.625000000000000000e+00 5.253459739940342238e-02 1.122313907651626835e-01
2.775000000000444444e+00 6.677326073160266828e-02 1.230919794714351173e-01
2.924999999999512212e+00 8.518161469734832070e-02 1.356899428842656408e-01
3.075000000000499334e+00 1.111149309781685052e-01 1.509260358262096147e-01
3.224999999999414779e+00 1.365458505046320270e-01 1.619508460871519340e-01
3.375000000000000000e+00 1.777252932683706654e-01 1.824924263346295872e-01
3.525000000000659384e+00 2.297898280029978813e-01 1.999508779077501242e-01
3.674999999999857714e+00 2.943825662321117309e-01 2.241997492122758950e-01
3.825000000000022382e+00 4.008900507216700548e-01 2.564746526502759139e-01
3.974999999999250466e+00 5.550351010136770347e-01 2.933412985033750919e-01
4.125000000000000000e+00 7.407565437068694969e-01 3.338035931648798971e-01
4.275000000000798828e+00 8.876119686471123371e-01 3.541729290132206720e-01
4.425000000000374634e+00 9.479490383760583727e-01 3.597392797927226327e-01
4.574999999999541878e+00 9.602969081467344070e-01 3.568730332628477497e-01
4.724999999999138112e+00 9.346800407865222260e-01 3.514413612075590887e-01
4.875000000000000000e+00 8.967148517536605024e-01 3.317500410705694347e-01
5.025000000000897415e+00 8.737122749438011038e-01 3.296754070135152204e-01
5.175000000000743228e+00 8.538043283895400126e-01 3.204699355185400833e-01
5.324999999999196376e+00 8.411086699452151594e-01 3.155934323096463157e-01
5.474999999999057287e+00 8.396475971885449807e-01 3.054236620072987574e-01
5.625000000000000000e+00 8.402869744412835296e-01 3.062745945787048174e-01
5.775000000000969358e+00 8.566095453970159479e-01 3.039129704209969640e-01
5.925000000001017675e+00 8.856525792266026764e-01 3.022156696387208741e-01
6.074999999998936140e+00 9.239699759420322289e-01 3.086005239664623145e-01
6.224999999998995115e+00 9.667413716999416762e-01 3.085627149624676768e-01
6.375000000000000000e+00 1.008397216616145231e+00 3.165718165631595249e-01
6.525000000001025313e+00 1.050796533885894224e+00 3.122959425196427663e-01
6.675000000001229949e+00 1.100085220429471322e+00 3.161910396068718931e-01
6.824999999998733635e+00 1.139176698674075228e+00 3.222730900312780200e-01
6.974999999999387690e+00 1.171576466004071060e+00 3.226543948037039478e-01
7.125000000000000000e+00 1.188541390662792407e+00 3.190868823076287164e-01
7.275000000000346745e+00 1.201929668085523373e+00 3.207226645633849960e-01
7.425000000001398703e+00 1.205321280554294994e+00 3.143690331833688401e-01
7.574999999998571099e+00 1.204620589555439159e+00 3.109260261496286648e-01
7.725000000000012079e+00 1.208983626273193890e+00 3.132164329871779951e-01
7.875000000000000000e+00 1.209053987945714281e+00 3.093304523010491081e-01
8.024999999999771205e+00 1.220251513368234786e+00 3.093844014807692888e-01
8.175000000001539036e+00 1.230346141544259586e+00 3.081846864744346437e-01
8.324999999998437872e+00 1.235267572934927616e+00 3.051299454280895773e-01
8.475000000000525446e+00 1.249441152515278874e+00 3.016748864340608738e-01
8.625000000000000000e+00 1.263558988447331499e+00 3.010150498880563852e-01
8.774999999999291589e+00 1.263455655334293271e+00 2.962421498904174166e-01
8.925000000001652722e+00 1.257834437304991226e+00 2.936521178742533267e-01
9.074999999998325961e+00 1.257690617980947279e+00 2.927965294894591675e-01
9.225000000000957101e+00 1.252925093678616486e+00 2.896576994733011112e-01
9.375000000000000000e+00 1.243377549366657897e+00 2.877379414101930433e-01
9.524999999998890132e+00 1.222780566304023875e+00 2.812616516992067495e-01
9.675000000001750422e+00 1.213957447202148598e+00 2.787642705355028450e-01
9.824999999998231814e+00 1.198571281214710460e+00 2.737801731776270397e-01
9.975000000001321254e+00 1.179117274188347553e+00 2.710546723327620922e-01
1.012500000000000000e+01 1.161897185182026560e+00 2.665370235981067149e-01
1.027499999999854730e+01 1.146311563832325353e+00 2.626547744647898530e-01
1.042500000000183391e+01 1.138053803818262599e+00 2.608130631590699910e-01
1.057499999999815010e+01 1.127516116560365766e+00 2.581587443742169308e-01
1.072500000000163745e+01 1.118996201072339325e+00 2.541491659243216295e-01
1.087500000000000000e+01 1.106596137880869080e+00 2.524017250961547720e-01
1.102499999999824887e+01 1.101123975660376120e+00 2.473497849100042001e-01
1.117500000000190674e+01 1.095624354957877022e+00 2.455736600382688595e-01
1.132499999999808082e+01 1.087467625047922493e+00 2.424131832071074188e-01
1.147500000000190923e+01 1.083303644194824944e+00 2.424516289680986314e-01
1.162500000000000000e+01 1.079906757842437948e+00 2.417492471797875186e-01
1.177499999999798952e+01 1.070826056865427089e+00 2.380672560685391514e-01
1.192500000000196891e+01 1.070217392527518907e+00 2.355941005235861474e-01
1.207499999999801865e+01 1.071638325453746932e+00 2.343847057897976704e-01
1.222500000000215081e+01 1.061774802792269323e+00 2.315912331513974576e-01
1.237500000000000000e+01 1.062217313932247054e+00 2.323091673807694824e-01
1.252499999999776215e+01 1.057144103520977652e+00 2.286721076096336347e-01
1.267500000000202398e+01 1.054933270942908230e+00 2.278226406487053324e-01
1.282499999999796536e+01 1.060012864351947526e+00 2.287879555804500087e-01
1.297500000000236220e+01 1.056274653807143027e+00 2.248472468290469428e-01
1.312500000000000000e+01 1.060542783617009821e+00 2.260261683539843691e-01
1.327499999999756142e+01 1.058923772459896329e+00 2.253483531481353108e-01
1.342500000000173088e+01 1.061109884273035542e+00 2.232069073486232513e-01
1.357499999999841833e+01 1.058501745571275299e+00 2.171551749657167907e-01
1.372500000000255049e+01 1.062380347013895499e+00 2.219650461337249747e-01
1.387500000000000000e+01 1.064548790969090053e+00 2.197657889749423943e-01
1.402499999999738023e+01 1.066312321336727154e+00 2.153262634970524725e-01
1.417500000000102034e+01 1.067386701288981943e+00 2.177344857755241780e-01
1.432499999999911111e+01 1.063173261892904620e+00 2.141769399474644231e-01
1.447500000000271925e+01 1.060150091093246205e+00 2.147964373578824526e-01
1.462500000000000000e+01 1.062857680258662230e+00 2.129412560948932553e-01
1.477499999999721680e+01 1.061094507618673077e+00 2.099543211964573775e-01
1.492500000000038618e+01 1.062525305709289603e+00 2.111574750609965800e-01
1.507499999999973639e+01 1.059874906124746330e+00 2.102683527265578056e-01
1.522500000000287201e+01 1.065434431195624754e+00 2.090197442820752038e-01
1.537500000000000000e+01 1.060591607375241052e+00 2.087188862013701629e-01
1.552499999999706937e+01 1.064599519021338647e+00 2.084912075570110879e-01
1.567499999999980886e+01 1.067861075548341310e+00 2.082830585589777461e-01
1.582500000000029772e+01 1.069313181440880944e+00 2.061918348776282106e-01
1.597500000000300879e+01 1.070096682903385776e+00 2.054849874347665639e-01
1.612500000000000000e+01 1.067844681698310261e+00 2.049729790213281055e-01
1.627499999999693969e+01 1.062355317599174676e+00 2.021230342337895503e-01
1.642499999999928662e+01 1.068312598156585747e+00 2.011957354022539390e-01
1.657500000000081286e+01 1.061424250700487626e+00 2.022807567057270106e-01
1.672500000000313847e+01 1.065772255740843555e+00 1.984448243988004290e-01
1.687500000000000000e+01 1.064664458806522385e+00 2.003701108717538260e-01
1.702499999999681535e+01 1.062970709468635810e+00 1.984069447382792173e-01
1.717499999999880700e+01 1.058993636914350445e+00 1.987383265381896802e-01
1.732500000000128182e+01 1.054795193040572565e+00 1.947297288222449019e-01
1.747500000000325215e+01 1.052139932302169401e+00 1.948513530954593675e-01
1.762500000000000000e+01 1.049601192028535301e+00 1.928932329504798593e-01
1.777499999999670521e+01 1.049347207457871800e+00 1.904486279885560518e-01
1.792499999999837357e+01 1.046730558460177374e+00 1.914957340990261769e-01
1.807500000000171170e+01 1.040672943305781972e+00 1.887974508828733633e-01
1.822500000000335874e+01 1.040747028543447250e+00 1.905962829090708521e-01
1.837500000000000000e+01 1.039003530270004250e+00 1.878605233831458499e-01
1.852499999999660218e+01 1.035595175315765726e+00 1.882701904687168193e-01
1.867499999999797211e+01 1.030477937806309363e+00 1.884692832636524207e-01
1.882500000000210960e+01 1.028837908820616320e+00 1.854084023568737249e-01
1.897500000000345466e+01 1.025809370274693100e+00 1.854019216722848917e-01
1.912500000000000000e+01 1.021296818592562161e+00 1.829359175670640658e-01
1.927499999999650626e+01 1.019456736679250630e+00 1.814618350861077478e-01
1.942499999999759908e+01 1.020761115376671579e+00 1.821300372446529592e-01
1.957500000000247198e+01 1.014605684835533594e+00 1.797751976035066035e-01
1.972500000000354348e+01 1.015404520588305992e+00 1.804261130976285710e-01
1.987500000000000000e+01 1.011447543840359620e+00 1.790571057860355086e-01
2.002499999999642100e+01 1.015258774598046365e+00 1.785141282092725934e-01
2.017499999999725446e+01 1.011224640278390652e+00 1.768817651251218259e-01
2.032500000000281304e+01 1.008270570278263722e+00 1.774482288333223412e-01
2.047500000000362874e+01 1.013123380860089684e+00 1.745146638688022944e-01
2.062500000000000000e+01 1.007876272875399382e+00 1.746962005239402760e-01
2.077499999999633928e+01 1.007364204364004534e+00 1.758523960396833064e-01
2.092499999999693472e+01 1.004558557989779999e+00 1.726615705649523769e-01
2.107500000000312212e+01 1.006361935036042654e+00 1.707209017752357727e-01
2.122500000000370690e+01 1.006596956978681456e+00 1.725495214424875301e-01
2.137500000000000000e+01 1.005005525090099106e+00 1.711261487398804126e-01
2.152499999999626468e+01 1.002802615809910147e+00 1.703887707254578276e-01
2.167499999999663984e+01 1.005487483991974518e+00 1.705238005248357891e-01
2.182500000000341700e+01 1.002070287534343462e+00 1.700645408490912003e-01
2.197500000000377796e+01 1.005043852900340928e+00 1.683981430242660338e-01
2.212500000000000000e+01 1.004110643925248070e+00 1.694897010561788875e-01
2.227499999999619718e+01 1.003695098818710552e+00 1.682380571213598353e-01
2.242499999999636273e+01 1.000981139454728774e+00 1.682978622335090935e-01
2.257500000000369056e+01 1.000516735477444907e+00 1.664512894430332790e-01
2.272500000000384546e+01 1.000965672696904063e+00 1.662135683313345214e-01
2.287500000000000000e+01 9.989577304928211055e-01 1.646267595859935429e-01
2.302499999999612967e+01 9.988267872956235749e-01 1.638562117344963820e-01
2.317499999999610338e+01 1.000785916991250968e+00 1.642784836587213859e-01
2.332500000000394635e+01 9.960288160590595741e-01 1.628170281691946886e-01
2.347500000000390941e+01 9.973970883151542788e-01 1.613890405116680804e-01
2.362500000000000000e+01 9.976491915638542318e-01 1.629405106743616327e-01
2.377499999999606928e+01 9.947362092116550647e-01 1.616572297177170658e-01
2.392499999999586180e+01 9.954589593621834265e-01 1.594433317967797747e-01
2.407500000000418439e+01 9.947837634592225919e-01 1.617291404341339445e-01
2.422500000000396625e+01 9.953182396849903357e-01 1.618455492594967626e-01
2.437500000000000000e+01 9.947244222304187922e-01 1.583582474149899944e-01
2.452499999999600888e+01 9.929486900741134603e-01 1.608266521596450060e-01
2.467499999999563087e+01 9.926796261250170339e-01 1.573507840320179652e-01
2.482500000000441176e+01 9.933987279904313850e-01 1.567137417528210175e-01
2.497500000000402309e+01 9.886957560000340095e-01 1.579777513611926865e-01
2.512500000000000000e+01 9.922844745014565149e-01 1.579957470894485516e-01
2.527499999999595559e+01 9.898025094865302576e-01 1.554490265934106996e-01
2.542499999999541771e+01 9.853078234197339969e-01 1.567617519197296583e-01
2.557500000000462137e+01 9.891358992089869240e-01 1.560486541167095120e-01
2.572500000000407638e+01 9.878714061701061588e-01 1.562679692992653691e-01
2.587500000000000000e+01 9.881543795738886304e-01 1.536793146850735647e-01
2.602499999999590585e+01 9.852533147154177717e-01 1.527844008465195913e-01
2.617499999999521521e+01 9.832835963858214123e-01 1.535668886180687753e-01
2.632500000000482032e+01 9.818783203507538415e-01 1.531817097412263295e-01
2.647500000000383480e+01 9.827609981253007110e-01 1.516537734371520563e-01
2.662500000000000000e+01 9.818962243236245557e-01 1.517575358060491708e-01
2.677499999999647073e+01 9.817477422655229713e-01 1.501990825208693869e-01
2.692499999999502691e+01 9.793948705064116078e-01 1.488715856887848632e-01
2.707500000000501217e+01 9.798724474156782493e-01 1.511943429063335453e-01
2.722500000000308873e+01 9.778351892588397209e-01 1.503987433604937751e-01
2.737500000000000000e+01 9.760728242446521374e-01 1.456707465579603900e-01
2.752499999999719549e+01 9.795452986506693049e-01 1.475159619867820460e-01
2.767499999999484928e+01 9.768661298682729255e-01 1.494185455594791156e-01
2.782500000000518625e+01 9.776539396240974122e-01 1.476669542944744340e-01
2.797500000000238529e+01 9.786669701454681070e-01 1.484385826384022611e-01
2.812500000000000000e+01 9.810145659799474060e-01 1.491328877847054868e-01
2.827499999999788827e+01 9.777397909768295037e-01 1.458765235154817486e-01
2.842499999999467164e+01 9.747958855883596119e-01 1.469798022125670678e-01
2.857500000000536033e+01 9.773116019278744737e-01 1.452911235016134117e-01
2.872500000000171028e+01 9.757376408840127135e-01 1.469842559475328658e-01
2.887500000000000000e+01 9.764939581415154057e-01 1.447674713137156732e-01
2.902499999999854552e+01 9.754104127842445626e-01 1.426969865206157984e-01
2.917499999999451177e+01 9.750231098819112097e-01 1.451569649675217288e-01
2.932500000000552021e+01 9.752549204897957846e-01 1.459911501537658196e-01
2.947500000000107434e+01 9.741728985785643724e-01 1.437023947712469107e-01
2.962500000000000000e+01 9.761825121566934937e-01 1.442999247550890707e-01
2.977499999999917080e+01 9.753241512670494107e-01 1.429128877791718821e-01
2.992499999999435900e+01 9.747789548484825373e-01 1.428465217416687583e-01
3.007500000000566942e+01 9.721597130162704659e-01 1.437257705415936060e-01
3.022500000000047393e+01 9.733866232275280028e-01 1.410479970527731275e-01
3.037500000000000000e+01 9.732149900792044228e-01 1.418010088341502550e-01
3.052499999999976410e+01 9.741713843629721259e-01 1.395327750766663100e-01
3.067499999999420623e+01 9.756122473052609712e-01 1.407703023656085572e-01
3.082500000000581508e+01 9.752304201976422782e-01 1.397963198198681201e-01
3.097499999999989839e+01 9.717273093278855356e-01 1.400458362726136052e-01
3.112500000000000000e+01 9.733873147443863338e-01 1.412455890949251835e-01
3.127500000000032898e+01 9.719223226379527514e-01 1.406316748723552557e-01
3.142499999999406768e+01 9.730015072845606960e-01 1.381366966530032658e-01
3.157500000000595364e+01 9.713532022374175012e-01 1.379908868631518903e-01
3.172499999999935127e+01 9.737443766448333760e-01 1.381896974155591429e-01
3.187500000000000000e+01 9.744349473412853291e-01 1.352706416932393518e-01
3.202500000000086544e+01 9.721397044730861747e-01 1.379169869638032508e-01
3.217499999999394333e+01 9.736049141754776759e-01 1.385156286064572750e-01
3.232500000000609219e+01 9.732481755715332028e-01 1.382302419696457563e-01
3.247499999999882903e+01 9.736669894303736639e-01 1.348114178607121572e-01
3.262500000000000000e+01 9.705543798828395463e-01 1.373629055130786702e-01
3.277500000000137703e+01 9.748095477666294251e-01 1.362827665870184335e-01
3.292499999999381544e+01 9.732129537826167409e-01 1.355097750506795429e-01
3.307500000000621299e+01 9.729820046774052544e-01 1.344571821827797165e-01
3.322499999999832454e+01 9.700327457576737311e-01 1.337551908338065754e-01
3.337500000000000000e+01 9.712626478291687127e-01 1.344406169028678211e-01
3.352500000000186731e+01 9.744164016475416190e-01 1.330484813778842756e-01
3.367499999999368754e+01 9.703615929250924976e-01 1.350677370633708574e-01
3.382500000000633378e+01 9.717706471128114698e-01 1.334493073854445822e-01
3.397499999999784848e+01 9.757147497893106092e-01 1.340623494942514426e-01
3.412500000000000000e+01 9.736177516421363753e-01 1.321954986501779061e-01
3.427500000000233626e+01 9.720984281187774467e-01 1.316756485181222736e-01
3.442499999999357385e+01 9.732452991227501515e-01 1.307564983384221502e-01
3.457500000000644746e+01 9.715317129489137171e-01 1.307993553722414104e-01
3.472499999999739373e+01 9.715597396161197441e-01 1.308320240525291112e-01
3.487500000000000000e+01 9.727445932518179461e-01 1.330385311632636958e-01
3.502500000000278391e+01 9.738582829321067447e-01 1.302896535360544839e-01
3.517499999999346016e+01 9.720962619237483171e-01 1.314604950475836143e-01
3.532500000000656115e+01 9.711943856240548012e-01 1.291968578676903623e-01
3.547499999999695319e+01 9.723625160931891331e-01 1.297469527708843273e-01
3.562500000000000000e+01 9.729668057155940186e-01 1.298977134258279265e-01
3.577500000000321734e+01 9.738137573268272895e-01 1.290354290050832742e-01
3.592499999999336069e+01 9.734131626009963068e-01 1.304404173819926627e-01
3.607500000000666773e+01 9.720018600386821639e-01 1.292234481250059686e-01
3.622499999999653397e+01 9.730296791851142935e-01 1.288750948050227940e-01
3.637500000000000000e+01 9.723469753624689460e-01 1.287794890780310508e-01
3.652500000000362235e+01 9.748913461546782067e-01 1.275975139751802379e-01
3.667499999999325411e+01 9.730035033453771076e-01 1.280980793161664577e-01
3.682500000000676721e+01 9.746096002578242823e-01 1.267538536256470338e-01
3.697499999999613607e+01 9.720191490947299728e-01 1.272471121534643201e-01
3.712500000000000000e+01 9.739108365876651963e-01 1.274573739133252337e-01
3.727500000000402736e+01 9.744113240534676423e-01 1.271220395380560086e-01
3.742499999999315463e+01 9.740042363443983664e-01 1.251177485285435154e-01
3.757500000000686668e+01 9.758452710244063244e-01 1.288494823120496513e-01
3.772499999999575238e+01 9.762354613414643278e-01 1.261005597658717003e-01
3.787500000000000000e+01 9.733914535754935038e-01 1.268749893546717855e-01
3.802500000000440394e+01 9.767107224156240664e-01 1.269750710576731112e-01
3.817499999999306226e+01 9.760556240648285975e-01 1.252425968202831308e-01
3.832500000000695906e+01 9.745069086842560457e-01 1.241152446313166513e-01
3.847499999999537579e+01 9.758961392205055541e-01 1.248591344537374609e-01
3.862500000000000000e+01 9.744121458928028945e-01 1.240826273884136355e-01
3.877500000000476632e+01 9.764458835508649237e-01 1.253774285028656510e-01
3.892499999999297700e+01 9.751391446917468953e-01 1.254876893890368161e-01
3.907500000000705143e+01 9.750311692565614141e-01 1.238998633362918128e-01
3.922499999999502052e+01 9.783355622637313065e-01 1.238344764459463898e-01
3.937500000000000000e+01 9.773909398451307018e-01 1.251818043193589913e-01
3.952500000000512159e+01 9.747089797323899019e-01 1.231961383625958251e-01
3.967499999999288463e+01 9.776681849795521018e-01 1.230668983691076829e-01
3.982500000000712959e+01 9.742588602774925333e-01 1.218964351748012681e-01
3.997499999999467946e+01 9.771550931202611645e-01 1.237215000307828328e-01
4.012500000000000000e+01 9.768857596063984516e-01 1.228107155273281126e-01
4.027500000000545555e+01 9.778138820179174129e-01 1.242958173825571971e-01
4.042499999999279936e+01 9.752444819292341860e-01 1.231516616637163275e-01
4.057500000000721485e+01 9.776775352206719116e-01 1.222899065894068188e-01
4.072499999999434550e+01 9.763977785954298660e-01 1.225672267266393611e-01
4.087500000000000000e+01 9.759747043775507391e-01 1.222469060423031773e-01
4.102500000000578240e+01 9.777134647210378171e-01 1.208668042939093079e-01
4.117499999999272120e+01 9.791327245775989230e-01 1.213804494822857544e-01
4.132500000000730012e+01 9.780290123240281686e-01 1.207690277145045121e-01
4.147499999999402576e+01 9.764634831119531899e-01 1.222644863072237381e-01
4.162500000000000000e+01 9.786148358588581120e-01 1.211831664195394259e-01
4.177500000000609504e+01 9.766537077931726207e-01 1.211212827374363726e-01
4.192499999999264304e+01 9.772597824725741678e-01 1.200163669086648788e-01
4.207500000000737828e+01 9.790237697346814150e-01 1.204376215102724718e-01
4.222499999999372022e+01 9.784768765269604707e-01 1.196690457143339409e-01
4.237500000000000000e+01 9.769118628769438706e-01 1.189242098898367489e-01
4.252500000000640057e+01 9.784780868082034733e-01 1.199194430042066079e-01
4.267499999999256488e+01 9.788667869438264502e-01 1.200206641743434693e-01
4.282500000000744933e+01 9.787464036406419154e-01 1.182012145449572171e-01
4.297499999999342180e+01 9.794941757962581930e-01 1.187998788127250377e-01
4.312500000000000000e+01 9.780883889742210124e-01 1.185094851713660719e-01
4.327500000000669900e+01 9.813445431213086989e-01 1.184378804783949579e-01
4.342499999999249383e+01 9.794890302122438719e-01 1.184597681427811550e-01
4.357500000000752038e+01 9.787944819312290878e-01 1.172888120128128125e-01
4.372499999999313758e+01 9.802968886169527440e-01 1.173838849770684339e-01
4.387500000000000000e+01 9.790298601440502457e-01 1.169358192053616546e-01
4.402500000000697611e+01 9.801471680713462753e-01 1.182416663557919467e-01
4.417499999999242277e+01 9.794256700297301332e-01 1.176980720187551649e-01
4.432500000000759144e+01 9.791911897861486080e-01 1.165669984037715212e-01
4.447499999999286047e+01 9.789710105388093053e-01 1.172273198248705572e-01
4.462500000000000000e+01 9.798002427569527661e-01 1.162387609220914692e-01
4.477500000000724611e+01 9.814325026794014084e-01 1.174665103241641223e-01
4.492499999999235882e+01 9.815862025766471932e-01 1.155552886615192065e-01
4.507500000000766249e+01 9.798940246653017327e-01 1.167719954268967575e-01
4.522499999999259757e+01 9.814583086907451293e-01 1.160696166828953102e-01
4.537500000000000000e+01 9.813125748296935846e-01 1.146398902712289086e-01
4.552500000000750902e+01 9.803656352857934575e-01 1.151987727093589237e-01
4.567499999999228777e+01 9.807377436218632782e-01 1.149861383264274700e-01
4.582500000000772644e+01 9.831868004838688613e-01 1.166225852654818457e-01
4.597499999999233466e+01 9.811602313183912516e-01 1.153840563008700082e-01
4.612500000000000000e+01 9.832158789490494932e-01 1.147733719102584371e-01
4.627500000000776481e+01 9.825022347599078332e-01 1.146520890983536850e-01
4.642499999999223093e+01 9.825459698580593093e-01 1.143771375313011318e-01
4.657500000000779039e+01 9.855449122272845752e-01 1.155396267317407716e-01
4.672499999999207887e+01 9.827106195904868891e-01 1.141429484421133816e-01
4.687500000000000000e+01 9.840619876699761015e-01 1.134180259344818448e-01
4.702500000000801350e+01 9.836029652895367237e-01 1.145357914649703934e-01
4.717499999999216698e+01 9.830096274373542053e-01 1.155495386388037254e-01
4.732500000000784723e+01 9.828809192540299833e-01 1.128810486981878386e-01
4.747499999999183729e+01 9.845774339430650723e-01 1.143265246821984354e-01
4.762500000000000000e+01 9.842519099739517330e-01 1.132322935059498770e-01
4.777500000000825509e+01 9.857466459649275592e-01 1.128213207040667382e-01
4.792499999999211013e+01 9.851558840394575300e-01 1.114941932038850531e-01
4.807500000000790408e+01 9.857154256604370168e-01 1.137189515216204955e-01
4.822499999999160281e+01 9.841131150061982469e-01 1.134335908143241783e-01
4.837500000000000000e+01 9.857040824290930203e-01 1.130553853371539380e-01
4.852500000000848956e+01 9.853280057471618392e-01 1.115504354954541810e-01
4.867499999999204618e+01 9.867349700752644504e-01 1.124815196496854325e-01
4.882500000000796092e+01 9.856834669038683217e-01 1.143113867321755711e-01
4.897499999999137543e+01 9.844638617448797646e-01 1.124805175944944696e-01
4.912500000000000000e+01 9.881444589218016938e-01 1.107664467163404914e-01
4.927500000000870983e+01 9.847868968736173123e-01 1.107944182214180423e-01
4.942499999999198934e+01 9.869435438707756525e-01 1.120741880898020182e-01
4.957500000000802487e+01 9.861076411344694703e-01 1.126401554285155759e-01
4.972499999999115516e+01 9.859593670558327583e-01 1.106485486913233729e-01
4.987500000000000000e+01 9.881762055662415278e-01 1.108849005476311295e-01
5.002500000000893010e+01 9.890981536217385850e-01 1.103053810163484999e-01
5.017499999999193960e+01 9.870857521731059014e-01 1.109585066829468225e-01
5.032500000000807461e+01 9.852564569534819627e-01 1.119068756711467938e-01
5.047499999999094200e+01 9.863482184108504081e-01 1.107543392455025144e-01
5.062500000000000000e+01 9.875638755750365538e-01 1.108509740627024037e-01
5.077500000000914326e+01 9.886002809974145933e-01 1.106233983521753561e-01
5.092499999999188276e+01 9.860067902357133596e-01 1.095579669846417081e-01
5.107500000000812435e+01 9.884618353237240029e-01 1.109798199866341151e-01
5.122499999999072884e+01 9.851158163341920959e-01 1.110801474572201131e-01
5.137500000000000000e+01 9.873535871606861081e-01 1.110470151920925491e-01
5.152500000000934932e+01 9.884413927890401963e-01 1.085291087137649907e-01
5.167499999999183302e+01 9.892139309224166066e-01 1.083443942600208071e-01
5.182500000000818119e+01 9.856049051635032976e-01 1.094985191585133300e-01
5.197499999999052989e+01 9.882653011100838158e-01 1.094042968533209675e-01
5.212500000000000000e+01 9.885517496836524476e-01 1.079616624776210815e-01
5.227500000000954827e+01 9.883171234429468655e-01 1.091178445950321818e-01
5.242499999999178328e+01 9.897299928157609061e-01 1.099671452050424991e-01
5.257500000000806040e+01 9.867185292982311173e-01 1.077693526115324485e-01
5.272499999999033804e+01 9.871873215114033151e-01 1.075124571281125263e-01
5.287500000000000000e+01 9.903578426160982717e-01 1.078489150325306761e-01
5.302500000000974723e+01 9.896911330568936016e-01 1.098710173701331477e-01
5.317499999999255778e+01 9.873556043865650000e-01 1.074394462561581859e-01
5.332500000000729301e+01 9.876393444926133691e-01 1.073839209228062141e-01
5.347499999999015330e+01 9.884327936880996646e-01 1.075062694941173874e-01
5.362500000000000000e+01 9.881504895060316818e-01 1.069994661759813281e-01
5.377500000000993197e+01 9.886166534882429024e-01 1.069935087181447669e-01
5.392499999999331095e+01 9.896793402618258018e-01 1.076736992794545683e-01
5.407500000000654694e+01 9.913033642749981000e-01 1.063535287530477519e-01
5.422499999998996145e+01 9.885553738944905522e-01 1.076511170984086330e-01
5.437500000000000000e+01 9.884280547819463969e-01 1.051649069828494987e-01
5.452500000001011671e+01 9.895994544686154137e-01 1.057003216458483608e-01
5.467499999999403570e+01 9.911357496990332860e-01 1.058030431811202987e-01
5.482500000000581508e+01 9.876215009731974526e-01 1.067932483776870278e-01
5.497499999998977671e+01 9.898042227901311385e-01 1.080307589190457884e-01
5.512500000000000000e+01 9.889899641431117994e-01 1.066861877928986652e-01
5.527500000001029434e+01 9.898414687729523154e-01 1.066921169310704604e-01
5.542499999999475335e+01 9.902154653918471272e-01 1.055536085606999241e-01
5.557500000000510454e+01 9.914786629611627156e-01 1.058489470341496264e-01
5.572499999998960618e+01 9.900843886918517800e-01 1.064373988067391780e-01
5.587500000000000000e+01 9.912781605129730167e-01 1.061539352151349425e-01
5.602500000001046487e+01 9.916846938424984659e-01 1.045333261852667422e-01
5.617499999999544258e+01 9.900582351204380016e-01 1.050689115759390890e-01
5.632500000000441531e+01 9.923517733989117851e-01 1.052875693579174154e-01
5.647499999998942855e+01 9.909614537449498162e-01 1.050058747122728647e-01
5.662500000000000000e+01 9.944148468510951577e-01 1.046176441741061697e-01
5.677500000001062830e+01 9.924042412655200707e-01 1.037694309432794088e-01
5.692499999999611759e+01 9.932596095271558623e-01 1.055898362893408632e-01
5.707500000000374030e+01 9.922438361478455038e-01 1.038505124945966612e-01
5.722499999998926512e+01 9.931313871441219687e-01 1.047637342359740847e-01
5.737500000000000000e+01 9.936286786760869516e-01 1.033343885502584075e-01
5.752500000001079172e+01 9.940600030134190135e-01 1.033787092510475986e-01
5.767499999999677129e+01 9.945403048258661949e-01 1.037508237539734313e-01
5.782500000000310081e+01 9.944724497116768092e-01 1.032762749300205479e-01
5.797499999998910170e+01 9.947442908943335826e-01 1.030423661832276655e-01
5.812500000000000000e+01 9.927211389778458628e-01 1.036576503409329386e-01
5.827500000001095515e+01 9.946128928543392922e-01 1.038186747167127999e-01
5.842499999999741078e+01 9.941421159460789303e-01 1.015220497951814654e-01
5.857500000000246132e+01 9.937284764726819208e-01 1.029736888581168491e-01
5.872499999998893827e+01 9.956556069827462441e-01 1.029970206379900721e-01
5.887500000000000000e+01 9.943316945110753924e-01 1.034995594415658304e-01
5.902500000001111857e+01 9.947864770875637364e-01 1.032172437857139385e-01
5.917499999999803606e+01 9.956585167976026440e-01 1.008563120341704339e-01
5.932500000000184315e+01 9.961998211609252030e-01 1.031845047125616449e-01
5.947499999998878906e+01 9.974686621344660553e-01 1.018827931519905999e-01
5.962500000000000000e+01 9.984812812600645238e-01 1.004335939377961062e-01
5.977500000001126779e+01 9.971113261981352505e-01 1.012498732953843600e-01
5.992499999999864002e+01 9.968537598123969889e-01 1.017326990036140077e-01
6.007500000000123919e+01 9.978268484310089947e-01 1.013558173988462902e-01
6.022499999998863984e+01 9.972233296970931526e-01 1.015188956521903413e-01
6.037500000000000000e+01 9.968726671993131117e-01 1.018760820014179280e-01
6.052500000001142411e+01 9.977502022514844748e-01 1.012094732668987335e-01
6.067499999999923688e+01 9.976226949047866110e-01 1.012124181147855406e-01
6.082500000000064944e+01 9.985002523790315054e-01 1.006305654760963758e-01
6.097499999998849773e+01 9.981210359843448732e-01 1.011459872350854439e-01
6.112500000000000000e+01 9.984562916652733877e-01 1.017539793578216001e-01
6.127500000001155911e+01 9.997551661404616707e-01 1.000366245489965056e-01
6.142499999999980531e+01 9.997266471661606646e-01 1.014968398238956931e-01
6.157500000000007390e+01 9.992940368446032728e-01 1.004474160292188889e-01
6.172499999998834852e+01 9.991751298220844513e-01 9.926641566122185179e-02
6.187500000000000000e+01 9.982197518396525027e-01 9.880503384945370227e-02
6.202500000001170122e+01 9.996919807418562787e-01 9.913894517508646531e-02
6.217500000000037375e+01 9.978584321937591373e-01 1.005632629994484134e-01
6.232499999999951967e+01 1.001193194240235229e+00 1.011511310690176718e-01
6.247499999998820641e+01 9.990539676650554979e-01 9.921719967121538086e-02
6.262500000000000000e+01 9.994973916022211746e-01 9.994019917762066163e-02
6.277500000001184333e+01 1.001830096187823482e+00 9.925959521517224715e-02
6.292500000000092086e+01 1.000116189803997857e+00 9.900803983534592345e-02
6.307499999999897256e+01 9.999032043102906719e-01 9.957112311197149901e-02
6.322499999998807851e+01 1.000745021964723813e+00 1.004470795493669910e-01
6.337500000000000000e+01 1.000169552646591908e+00 9.984842938099816601e-02
6.352500000001197833e+01 1.002000172661222432e+00 9.955782629870119083e-02
6.367500000000146798e+01 1.000616995199104631e+00 9.870928666139512642e-02
6.382499999999843254e+01 1.002631964341235582e+00 9.789640849448505433e-02
6.397499999998793641e+01 1.000442255612862263e+00 9.840358332144694131e-02
6.412500000000000000e+01 1.000849515209854879e+00 9.965648319901616869e-02
6.427500000001211333e+01 1.001099387286228160e+00 9.916606880942320512e-02
6.442500000000200089e+01 1.001687613896572016e+00 9.842467876510734015e-02
6.457499999999791385e+01 1.000909429812219642e+00 9.815014737639225773e-02
6.472499999998781561e+01 1.001125379349784961e+00 9.778925593983969766e-02
6.487500000000000000e+01 1.001461437691980150e+00 9.914237154535150698e-02
6.502500000001224123e+01 1.003701162189592377e+00 9.819014725849602165e-02
6.517500000000251248e+01 1.004450223760199767e+00 9.809416296153537773e-02
6.532499999999740226e+01 1.002159188818099844e+00 9.646259968626016978e-02
6.547499999998768772e+01 1.002532038340309350e+00 9.725398192209558368e-02
6.562500000000000000e+01 1.004514180541969282e+00 9.735917118902998046e-02
6.577500000001236913e+01 1.003197143090397203e+00 9.733024172852525191e-02
6.592500000000300986e+01 1.002543010954584535e+00 9.821089828342481620e-02
6.607499999999690488e+01 1.002762255050392737e+00 9.629274115735599049e-02
6.622499999998755982e+01 1.002883696842303829e+00 9.686500450749034596e-02
6.637500000000000000e+01 1.004961017772895371e+00 9.737670217585676913e-02
6.652500000001249703e+01 1.004050869879774099e+00 9.673740101884928388e-02
6.667500000000349303e+01 1.002849750979324162e+00 9.602116998324862485e-02
6.682499999999640750e+01 1.004251926519451832e+00 9.701761957957981408e-02
6.697499999998743192e+01 1.004928945060596268e+00 9.587364206580002712e-02
6.712500000000000000e+01 1.004660935928966214e+00 9.443082499099965388e-02
6.727500000001261071e+01 1.005555451585200766e+00 9.625455094083069929e-02
6.742500000000397620e+01 1.005614449401702970e+00 9.646661924609611916e-02
6.757499999999593854e+01 1.004779313105931715e+00 9.517023034777272184e-02
6.772499999998731823e+01 1.006074125420916676e+00 9.537796294886716209e-02
6.787500000000000000e+01 1.006715915078336021e+00 9.665399788457218477e-02
6.802500000001272440e+01 1.004183724086044727e+00 9.689676013806283739e-02
6.817500000000444516e+01 1.005258327026794074e+00 9.614135083726052522e-02
6.832499999999546958e+01 1.005750490700379807e+00 9.602841288928216923e-02
6.847499999998720455e+01 1.005877918707606344e+00 9.561802906955960135e-02
6.862500000000000000e+01 1.005880225050792776e+00 9.449713743316251469e-02
6.877500000001283809e+01 1.006070788555514461e+00 9.606768060427436917e-02
6.892500000000489990e+01 1.005074102196901631e+00 9.372434253493182321e-02
6.907499999999501483e+01 1.005483976436508886e+00 9.530581881560024060e-02
6.922499999998709086e+01 1.004356684306187963e+00 9.444298255383272445e-02
6.937500000000000000e+01 1.006899095170559200e+00 9.525568488308373827e-02
6.952500000001295177e+01 1.006382950401716769e+00 9.425266134136514595e-02
6.967500000000535465e+01 1.005914133668109445e+00 9.517425591730419021e-02
6.982499999999456008e+01 1.005341110485503231e+00 9.471061785024595392e-02
6.997499999998697717e+01 1.005808017870315263e+00 9.504610345723506215e-02
7.012500000000000000e+01 1.006679859067548977e+00 9.366553408603511821e-02
7.027500000001306546e+01 1.005523031421974522e+00 9.523272851482292300e-02
7.042500000000579519e+01 1.006180241738371839e+00 9.448150710457507706e-02
7.057499999999413376e+01 1.006939750279728152e+00 9.422462116066776527e-02
7.072499999998686349e+01 1.005476902376525095e+00 9.440470929526953436e-02
7.087500000000000000e+01 1.004641034061860339e+00 9.422815036452691917e-02
7.102500000001316494e+01 1.006006953226456835e+00 9.374518490188218922e-02
7.117500000000620730e+01 1.005780181716308785e+00 9.355255516059318710e-02
7.132499999999369322e+01 1.006036404652342897e+00 9.398317399689090634e-02
7.147499999998676401e+01 1.005978487576600688e+00 9.320729376372939579e-02
7.162500000000000000e+01 1.006915958422734514e+00 9.390141134312304794e-02
7.177500000001327862e+01 1.006326635136279846e+00 9.390848740519437687e-02
7.192500000000663363e+01 1.006217789352828795e+00 9.301784578881196197e-02
7.207499999999328111e+01 1.006545433725169580e+00 9.301200405835542695e-02
7.222499999998666453e+01 1.005596781803440587e+00 9.249204255463490398e-02
7.237500000000000000e+01 1.004098853485035248e+00 9.263062318979663201e-02
7.252500000001337810e+01 1.005592776073498618e+00 9.307195245043335674e-02
7.267500000000704574e+01 1.005349918084208483e+00 9.192072241985152492e-02
7.282499999999286899e+01 1.004996721541408400e+00 9.368343159232513095e-02
7.297499999998655085e+01 1.006137642683897049e+00 9.260312831020152402e-02
7.312500000000000000e+01 1.007297091031372105e+00 9.196165466979551451e-02
7.327500000001347757e+01 1.007632600527903710e+00 9.280769236177439929e-02
7.342500000000745786e+01 1.006101427698327333e+00 9.303006775096253622e-02
7.357499999999247109e+01 1.005136061353328669e+00 9.286040414753486683e-02
7.372499999998646558e+01 1.006658121149250684e+00 9.108187433593373239e-02
7.387500000000000000e+01 1.007352102366827928e+00 9.190339504888397903e-02
7.402500000001359126e+01 1.004810741175176325e+00 9.114613085157871608e-02
7.417500000000785576e+01 1.006170848313757249e+00 9.198096193636404183e-02
7.432499999999207319e+01 1.006342367154056783e+00 9.050999006812648906e-02
7.447499999998635190e+01 1.005934230900534576e+00 9.115889568317026015e-02
7.462500000000000000e+01 1.006932649572945371e+00 9.050177101935627522e-02
7.477500000001367653e+01 1.007146999610154969e+00 9.113925107733697462e-02
7.492500000000823945e+01 1.004903346800286368e+00 9.074067661066986812e-02
7.507499999999168949e+01 1.005245641531872902e+00 9.197219640960585529e-02
7.522499999998626663e+01 1.007168279905300778e+00 9.213961574648711628e-02
7.537500000000000000e+01 1.006258033643644634e+00 9.174585030020537824e-02
7.552500000001377600e+01 1.005883202915347496e+00 9.131917869702771418e-02
7.567500000000862315e+01 1.007734172856461718e+00 9.177424506882739252e-02
7.582499999999130580e+01 1.006614341388920142e+00 9.147592872045505474e-02
7.597499999998616715e+01 1.006679500714745767e+00 9.023719545538982922e-02
7.612500000000000000e+01 1.005640471580534046e+00 9.106821771294720813e-02
7.627500000001386127e+01 1.008000633170585969e+00 9.121598061013697079e-02
7.642500000000899263e+01 1.004421759300461847e+00 8.938979265946284114e-02
7.657499999999093632e+01 1.007505596822816596e+00 9.148180016432920503e-02
7.672499999998608189e+01 1.004916557665070265e+00 9.095883521610856337e-02
7.687500000000000000e+01 1.006112586286165511e+00 9.014533277751016205e-02
7.702500000001396074e+01 1.004767733805352004e+00 9.057040381848821542e-02
7.717500000000934790e+01 1.005451189079355379e+00 9.023320341869066341e-02
7.732499999999058105e+01 1.006532734937522822e+00 9.140836879161581829e-02
7.747499999998598241e+01 1.005013962513578774e+00 8.948959989759296130e-02
7.762500000000000000e+01 1.005478403326688364e+00 9.026105278118895514e-02
7.777500000001404601e+01 1.006520504344459388e+00 8.924648032738245751e-02
7.792500000000971738e+01 1.006347878281346642e+00 8.928106887238924927e-02
7.807499999999021156e+01 1.006620306447893576e+00 8.938366626991890718e-02
7.822499999998589715e+01 1.005439743128863306e+00 8.901096576259433235e-02
7.837500000000000000e+01 1.005164316033644312e+00 8.949071263825000844e-02
7.852500000001413127e+01 1.004580169937653311e+00 8.972782092467382342e-02
7.867500000001005844e+01 1.005447485647596784e+00 8.964134242134762232e-02
7.882499999998987050e+01 1.005938319061267405e+00 9.040470121515001289e-02
7.897499999998581188e+01 1.005721340991180046e+00 8.966316062989239388e-02
7.912500000000000000e+01 1.003103002213407535e+00 8.813328523071613241e-02
7.927500000001423075e+01 1.004573886804702276e+00 8.959102452948873585e-02
7.942500000001041371e+01 1.005886480784316861e+00 8.854561920315702495e-02
7.957499999998951523e+01 1.006089083292675213e+00 8.868481105759007388e-02
7.972499999998572662e+01 1.005616057761505200e+00 8.969475997752043850e-02
7.987500000000000000e+01 1.006198486576192597e+00 8.812561330263454784e-02
8.002500000001430180e+01 1.003314160949039024e+00 8.790280114227183583e-02
8.017500000001075477e+01 1.005630505514070627e+00 8.802398150740756155e-02
8.032499999998918838e+01 1.004920858002827488e+00 8.707489742048619974e-02
8.047499999998564135e+01 1.003867071143041301e+00 8.768585834007965041e-02
8.062500000000000000e+01 1.005191848003451405e+00 8.788566550373801134e-02
8.077500000001438707e+01 1.004332895630630773e+00 8.806576341115998630e-02
8.092500000001108162e+01 1.002766443608130720e+00 8.714191058400076739e-02
8.107499999998886153e+01 1.003557947089899649e+00 8.766845247291843446e-02
8.122499999998557030e+01 1.003703470306492651e+00 8.756800893474604719e-02
8.137500000000000000e+01 1.003397370419208734e+00 8.699769986312770598e-02
8.152500000001447233e+01 1.004743851963635137e+00 8.651969861213192059e-02
8.167500000001139426e+01 1.004727863709601099e+00 8.759395524299608271e-02
8.182499999998853468e+01 1.003260110369614377e+00 8.817235131743524079e-02
8.197499999998548503e+01 1.004871649651430277e+00 8.723542827496114094e-02
8.212500000000000000e+01 1.003595741872963520e+00 8.716620516166247168e-02
8.227500000001455760e+01 1.003986861806879904e+00 8.660643103276305377e-02
8.242500000001172111e+01 1.003051975867592205e+00 8.719414651276080619e-02
8.257499999998822204e+01 1.003153412779947073e+00 8.579052898427860785e-02
8.272499999998539977e+01 1.003538648360917218e+00 8.795053706205863131e-02
8.287500000000000000e+01 1.004363136288107361e+00 8.717254657224234038e-02
8.302500000001462865e+01 1.003193582241309612e+00 8.687774934189221310e-02
8.317500000001203375e+01 1.003142893481295816e+00 8.666091950528509447e-02
8.332499999998789519e+01 1.001853773393562408e+00 8.689865994079509770e-02
8.347499999998531450e+01 1.003665527361413901e+00 8.628780629687016202e-02
8.362500000000000000e+01 1.002516890444609121e+00 8.576157487506401444e-02
8.377500000001469971e+01 1.004214429335996250e+00 8.702042943236204531e-02
8.392500000001234639e+01 1.004069500488914857e+00 8.693489656171400626e-02
8.407499999998758256e+01 1.001950668435266589e+00 8.591885757725532813e-02
8.422499999998524345e+01 1.000772969536511070e+00 8.664054138419337303e-02
8.437500000000000000e+01 1.003007582151605126e+00 8.637169218091357570e-02
8.452500000001478497e+01 1.001171106573898850e+00 8.544092575085787677e-02
8.467500000001264482e+01 1.002029769368570467e+00 8.629771051032217311e-02
8.482499999998728413e+01 1.002357808175506904e+00 8.569276559905067425e-02
8.497499999998517239e+01 1.001881390748229572e+00 8.599708335888828215e-02
8.512500000000000000e+01 1.002966853013006698e+00 8.584018772941783004e-02
8.527500000001485603e+01 1.002641405239197425e+00 8.584426579436971183e-02
8.542500000001294325e+01 1.001261243625852115e+00 8.533856018016811040e-02
8.557499999998699991e+01 1.001201408077563082e+00 8.501681168450210546e-02
8.572499999998510134e+01 1.004293134613265526e+00 8.491935994722581149e-02
8.587500000000000000e+01 1.002036804742515663e+00 8.497672438611085510e-02
8.602500000001494129e+01 1.001784497793196227e+00 8.612953204656061124e-02
8.617500000001324167e+01 1.001082309294990091e+00 8.427629609279921330e-02
8.632499999998670148e+01 1.000736426204387186e+00 8.601986403736580633e-02
8.647499999998503029e+01 1.000730457282268171e+00 8.444524189521315782e-02
8.662500000000000000e+01 1.001671411736185346e+00 8.452974539913787888e-02
8.677500000001501235e+01 1.000042046225101622e+00 8.314067754406175015e-02
8.692500000001352589e+01 1.001402503626254825e+00 8.476582870739965414e-02
8.707499999998641727e+01 1.001233734888855809e+00 8.501965482034820609e-02
8.722499999998494502e+01 1.000182805804315844e+00 8.438634556882289306e-02
8.737500000000000000e+01 1.001523066292866915e+00 8.444732385659858842e-02
8.752500000001508340e+01 9.994066589252443844e-01 8.370502580124707104e-02
8.767500000001381011e+01 9.999005796324103024e-01 8.509659608021441501e-02
8.782499999998613305e+01 9.991969089825147865e-01 8.432242150805427383e-02
8.797499999998487397e+01 9.997816685511663470e-01 8.251745439272140104e-02
8.812500000000000000e+01 1.001084815275447459e+00 8.517631140141193602e-02
8.827500000001514024e+01 1.001046334566530360e+00 8.390073316697103933e-02
8.842500000001409433e+01 9.985563471196045038e-01 8.285577767486930478e-02
8.857499999998586304e+01 1.000428322734260078e+00 8.433656814018616887e-02
8.872499999998480291e+01 9.981709522924510081e-01 8.343482550908493112e-02
8.887500000000000000e+01 9.986956509300770612e-01 8.305082840261619748e-02
8.902500000001521130e+01 9.986481052951153847e-01 8.261617303172563709e-02
8.917500000001436433e+01 9.996939376090427931e-01 8.311590705921399758e-02
8.932499999998557882e+01 9.990685748084695561e-01 8.308840833310139617e-02
8.947499999998473186e+01 9.985956403400032544e-01 8.384943236713013337e-02
8.962500000000000000e+01 9.989511312975455359e-01 8.408859462413173502e-02
8.977500000001528235e+01 9.974458719430250309e-01 8.297795238822122665e-02
8.992500000001462013e+01 9.984018098526923346e-01 8.293693004178212536e-02
9.007499999998532303e+01 9.988465622139607314e-01 8.314559662013872032e-02
9.022499999998467501e+01 1.000113269543392747e+00 8.258979804581509376e-02
9.037500000000000000e+01 9.976931618750757291e-01 8.214381715196170108e-02
9.052500000001533920e+01 9.978660866386922512e-01 8.307042376101518577e-02
9.067500000001489013e+01 9.991101066737247960e-01 8.226150969020452897e-02
9.082499999998505302e+01 9.989451716255128844e-01 8.167403310682547213e-02
9.097499999998460396e+01 9.979952256565641777e-01 8.277303620474209256e-02
9.112500000000000000e+01 9.971146244299641248e-01 8.400269488957552710e-02
9.127500000001541025e+01 9.964930880820758174e-01 8.312272540758408601e-02
9.142500000001514593e+01 9.976720929749705036e-01 8.199086396169998070e-02
9.157499999998479723e+01 9.981793930167075501e-01 8.234872560362223315e-02
9.172499999998454712e+01 9.963222846334408578e-01 8.293865789386327403e-02
9.187500000000000000e+01 9.964819080957081354e-01 8.200620135954030110e-02
9.202500000001548131e+01 9.968500147527273869e-01 8.280722598970903514e-02
9.217500000001541594e+01 9.962718006785955538e-01 8.228944435546058089e-02
9.232499999998454143e+01 9.963939650086477418e-01 8.175893748704390895e-02
9.247499999998447606e+01 9.968066422670778248e-01 8.292784972927615128e-02
9.262500000000000000e+01 9.968875077501712090e-01 8.209542676691786167e-02
9.277500000001553815e+01 9.966293634365996912e-01 8.100853871068003365e-02
9.292500000001565752e+01 9.977465034083331519e-01 8.163647302934642913e-02
9.307499999998428564e+01 9.975425071320727088e-01 8.168878068687185356e-02
9.322499999998441922e+01 9.971719591932597382e-01 8.244201992680606772e-02
9.337500000000000000e+01 9.976797073899843493e-01 8.093646150792405125e-02
9.352500000001559499e+01 9.969935860516406789e-01 8.157068051670246511e-02
9.367500000001591332e+01 9.991345191836891182e-01 8.086884418375321626e-02
9.382499999998402984e+01 9.947684242904186736e-01 8.113797378587313258e-02
9.397499999998436238e+01 9.949323117353298107e-01 8.020942019099300269e-02
9.412500000000000000e+01 9.957387485194825194e-01 8.126341882981175102e-02
9.427500000001566605e+01 9.964332774830425565e-01 8.261741309115942788e-02
9.442500000001615490e+01 9.955606380868082805e-01 8.101414248063321111e-02
9.457499999998380247e+01 9.956810239832833975e-01 8.036229018572971228e-02
9.472499999998429132e+01 9.952078151483652046e-01 8.162143631426631296e-02
9.487500000000000000e+01 9.957291910899036536e-01 7.968096678605297856e-02
9.502500000001572289e+01 9.953275143880067066e-01 8.125572547243857524e-02
9.517500000001639648e+01 9.968614516742713150e-01 8.185280347885492969e-02
9.532499999998356088e+01 9.950495175547729998e-01 8.036132612598079206e-02
9.547499999998423448e+01 9.949997206354751489e-01 8.054588465840913092e-02
9.562500000000000000e+01 9.960247728963084191e-01 8.083463843287649886e-02
9.577500000001577973e+01 9.955719641754561255e-01 8.039820542936840231e-02
9.592500000001662386e+01 9.930657111112449753e-01 7.987047145448274155e-02
9.607499999998331930e+01 9.954837912323586391e-01 8.015303501144263598e-02
9.622499999998417763e+01 9.948510457133442619e-01 8.118484647860074732e-02
9.637500000000000000e+01 9.947296297115325592e-01 8.001659950519861286e-02
9.652500000001585079e+01 9.957598699658234409e-01 7.943132415646594890e-02
9.667500000001686544e+01 9.940016042508281746e-01 8.085984367473149359e-02
9.682499999998309193e+01 9.959405493216834104e-01 7.960396352852303070e-02
9.697499999998412079e+01 9.954338438969214664e-01 7.978280550928207315e-02
9.712500000000000000e+01 9.945908896476330918e-01 7.935695794639337219e-02
9.727500000001590763e+01 9.921971779675646808e-01 7.912379025103681573e-02
9.742500000001709282e+01 9.937856702281036014e-01 7.982911061979745815e-02
9.757499999998287876e+01 9.927687700488856404e-01 7.989796631432319329e-02
9.772499999998406395e+01 9.940498572080483930e-01 8.050251141459340010e-02
9.787500000000000000e+01 9.939886851387466082e-01 7.989541762841549655e-02
9.802500000001595026e+01 9.932589167822905019e-01 7.942686527426669196e-02
9.817500000001732019e+01 9.936748322689574753e-01 7.954253282613762965e-02
9.832499999998263718e+01 9.924031240470421178e-01 7.968278802062687960e-02
9.847499999998402131e+01 9.926390807136246108e-01 8.050544524822306203e-02
9.862500000000000000e+01 9.927474948509427133e-01 7.900901052700717853e-02
9.877500000001600711e+01 9.943153498263465062e-01 7.921258301144752656e-02
9.892500000001753335e+01 9.936813137049411715e-01 7.916463353454875063e-02
9.907499999998242401e+01 9.946212798805954547e-01 7.912033260984288607e-02
9.922499999998395026e+01 9.928991525920138894e-01 7.837512873040250461e-02
9.937500000000000000e+01 9.940512469619036118e-01 7.938755084186172040e-02
9.952500000001606395e+01 9.935938436808881002e-01 7.862621326524760201e-02
9.967500000001776073e+01 9.922121007982558361e-01 7.895212315272891190e-02
9.982499999998221085e+01 9.932359931130709807e-01 7.831250295112433812e-02
9.997499999998389342e+01 9.937620224145876646e-01 7.789981347590618777e-02
1.001250000000000000e+02 9.929857511153754590e-01 7.919907255866368012e-02
1.002750000000161208e+02 9.932730148007029580e-01 7.850849732812868742e-02
1.004250000000179597e+02 9.934148403380791414e-01 7.861667724300337723e-02
1.005749999999819835e+02 9.928281714221367515e-01 7.916387146984688039e-02
1.007249999999838508e+02 9.930900494842623827e-01 7.878193871069674725e-02
1.008750000000000000e+02 9.928034478702028043e-01 7.824687226039496457e-02
1.010250000000161776e+02 9.921786145566644510e-01 7.949390337549300245e-02
1.011750000000181871e+02 9.926831987721997930e-01 7.840659997078769372e-02
1.013249999999817845e+02 9.723364400163346799e-01 7.710522725838883651e-02
1.014749999999837939e+02 9.531641549747973396e-01 7.625485868729164896e-02
1.016250000000000000e+02 9.402878639132205008e-01 7.697387885872478130e-02
1.017750000000162345e+02 9.302156927807280207e-01 7.519758823915291546e-02
1.019250000000184002e+02 9.214256373755704832e-01 7.535366407579409398e-02
1.020749999999815714e+02 9.162181050550417538e-01 7.421107976443123977e-02
1.022249999999837513e+02 9.066541530522169712e-01 7.390809000267339890e-02
1.023750000000000000e+02 9.011255820403852868e-01 7.476837844656300525e-02
1.025250000000162771e+02 8.931425261215932832e-01 7.389663178407827882e-02
1.026750000000185992e+02 8.877147383450583185e-01 7.363902476206184156e-02
1.028249999999813582e+02 8.832802214574974053e-01 7.209433116142160980e-02
1.029749999999836945e+02 8.783111053533767532e-01 7.321192355287491071e-02
1.031250000000000000e+02 8.730967976078048975e-01 7.242153468810942629e-02
1.032750000000163340e+02 8.686888366582710130e-01 7.206062906496919773e-02
1.034250000000187981e+02 8.646352074169648683e-01 7.288127665745841588e-02
1.035749999999811592e+02 8.603778866773638123e-01 7.170250604625498514e-02
1.037249999999836376e+02 8.553136011392283855e-01 7.158104765545751647e-02
1.038750000000000000e+02 8.513101593632173003e-01 7.162224345927808988e-02
1.040250000000163766e+02 8.487744510779663409e-01 7.147743968384059898e-02
1.041750000000189971e+02 8.439104488748487842e-01 7.058346891307623605e-02
1.043249999999809603e+02 8.403051776664951511e-01 7.068215493165605490e-02
1.044749999999835950e+02 8.372096075598661757e-01 6.978693429285479088e-02
1.046250000000000000e+02 8.341739784296225979e-01 7.054270547863338015e-02
1.047750000000164334e+02 8.303755669771558656e-01 7.001954463092750769e-02
1.049250000000191818e+02 8.265868177971569253e-01 6.949602994999916350e-02
1.050749999999807613e+02 8.224122863331575495e-01 6.967863352681344380e-02
1.052249999999839503e+02 8.201814433085572453e-01 6.967630217103369661e-02
1.053750000000000000e+02 8.162718775170841878e-01 6.947267962302229594e-02
1.055250000000157229e+02 8.136957437215517341e-01 6.881784199101165234e-02
1.056750000000193808e+02 8.115105647678527712e-01 6.917933124168006154e-02
1.058249999999805766e+02 8.081971361952775545e-01 6.900960112249424072e-02
1.059749999999847319e+02 8.053130087833301198e-01 6.875546195170442743e-02
1.061250000000000000e+02 8.002669538310180908e-01 6.848779147717028171e-02
1.062750000000149555e+02 7.998625301995715420e-01 6.791417682151285051e-02
1.064250000000195797e+02 7.956209284303921159e-01 6.906556983387372728e-02
1.065749999999803919e+02 7.937438593586746416e-01 6.802173333590995352e-02
1.067249999999854850e+02 7.911594478185152157e-01 6.772652815134894144e-02
1.068750000000000000e+02 7.883117580482790210e-01 6.718606817203681691e-02
1.070250000000141881e+02 7.867041857202381472e-01 6.771230170128733628e-02
1.071750000000197645e+02 7.819429810256329771e-01 6.644729165021090456e-02
1.073249999999802071e+02 7.801895069660599313e-01 6.785346964224768518e-02
1.074749999999862524e+02 7.792807452678851554e-01 6.694869363380172300e-02
1.076250000000000000e+02 7.760285234428685452e-01 6.680654548678083282e-02
1.077750000000134492e+02 7.727544446461902528e-01 6.687027728562296158e-02
1.079250000000199492e+02 7.708773089977600801e-01 6.631269740422461589e-02
1.080749999999800224e+02 7.674048633596711744e-01 6.667950702402646035e-02
1.082249999999869914e+02 7.657151599790448238e-01 6.665415764030051260e-02
1.083750000000000000e+02 7.645416715850412714e-01 6.557208008096158947e-02
1.085250000000127244e+02 7.633667937280670390e-01 6.579103840903618994e-02
1.086750000000201481e+02 7.603524609337669604e-01 6.613369235410140878e-02
1.088249999999798376e+02 7.576704581531644722e-01 6.491792531919809983e-02
1.089749999999877161e+02 7.545805561472662681e-01 6.616428686897661560e-02
1.091250000000000000e+02 7.536873291479395665e-01 6.510911152730566864e-02
1.092750000000119854e+02 7.513482061194957096e-01 6.482047510500198173e-02
1.094250000000203045e+02 7.484163870365831972e-01 6.464521897671865469e-02
1.095749999999796529e+02 7.474847877776208405e-01 6.497987078402452099e-02
1.097249999999884409e+02 7.453682405685210233e-01 6.409054380144697804e-02
1.098750000000000000e+02 7.441996499911778251e-01 6.551492128453462183e-02
1.100250000000112749e+02 7.407428538333266088e-01 6.453282030460111285e-02
1.101750000000204892e+02 7.380679262327219936e-01 6.450896226211885742e-02
1.103249999999794682e+02 7.361921881057037487e-01 6.489246468723168515e-02
1.104749999999891372e+02 7.349314580059541635e-01 6.398128183722119611e-02
1.106250000000000000e+02 7.325917667597064975e-01 6.338001860197006732e-02
1.107750000000105643e+02 7.310346275631114388e-01 6.350241105436363331e-02
1.109250000000206740e+02 7.309062373360489806e-01 6.392613292690217663e-02
1.110749999999792976e+02 7.273263463330675860e-01 6.334943703757212052e-02
1.112249999999898620e+02 7.264584838718158855e-01 6.344767102986928475e-02
1.113750000000000000e+02 7.237294674644122461e-01 6.330825366551859346e-02
1.115250000000098822e+02 7.222031735537814967e-01 6.418274755594399750e-02
1.116750000000208445e+02 7.198310969519907676e-01 6.369399681888940346e-02
1.118249999999791129e+02 7.182455530027708202e-01 6.334828777227373420e-02
1.119749999999905299e+02 7.151346370827383891e-01 6.348398298742496948e-02
1.121250000000000000e+02 7.144576633831221102e-01 6.311275784404840605e-02
1.122750000000091859e+02 7.122144188450283409e-01 6.184060444499631104e-02
1.124250000000210008e+02 7.107721743131617531e-01 6.250003172493265313e-02
1.125749999999789566e+02 7.088776121605997460e-01 6.206235856629682690e-02
1.127249999999912120e+02 7.077213277894167653e-01 6.183489380500926946e-02
1.128750000000000000e+02 7.070431119521184415e-01 6.232871281711187261e-02
1.130250000000085180e+02 7.035816789889299816e-01 6.269483371267944860e-02
1.131750000000211855e+02 7.036727242693243678e-01 6.188167321405601412e-02
1.133249999999787860e+02 7.014628755696040718e-01 6.225868118320380951e-02
1.134749999999919083e+02 6.990151494984483405e-01 6.238095392817425561e-02
1.136250000000000000e+02 6.988325081875187417e-01 6.177108320557620630e-02
1.137750000000078359e+02 6.959068926856373238e-01 6.178387311733014170e-02
1.139250000000213561e+02 6.936350458484427106e-01 6.124553838497884956e-02
1.140749999999786297e+02 6.937059431915786334e-01 6.116425580110916582e-02
1.142249999999925620e+02 6.910803245638312831e-01 6.142636830243634882e-02
1.143750000000000000e+02 6.887550523516300371e-01 6.088769517107436163e-02
1.145250000000071680e+02 6.880461382595823849e-01 6.080491386413267724e-02
1.146750000000215124e+02 6.857742188683690898e-01 6.079045661496442626e-02
1.148249999999784308e+02 6.862397414170153809e-01 6.076130356929844434e-02
1.149749999999932157e+02 6.837574339931258294e-01 6.075978799764323451e-02
1.151250000000000000e+02 6.830729213314920001e-01 6.083844121352384449e-02
1.152750000000065285e+02 6.818083985823683024e-01 6.066334488901051897e-02
1.154250000000216829e+02 6.803075601953054719e-01 6.030249561679653508e-02
1.155749999999783029e+02 6.782961413146391116e-01 6.087135524974957024e-02
1.157249999999938694e+02 6.770041643861881564e-01 6.062556343221176675e-02
1.158750000000000000e+02 6.748183435663590579e-01 6.081779299633893049e-02
1.160250000000058748e+02 6.718006529347554379e-01 6.047282560996443401e-02
1.161750000000218392e+02 6.716311890019422970e-01 5.998643587492383245e-02
1.163249999999781323e+02 6.709445188806190119e-01 5.971266979841377553e-02
1.164749999999945089e+02 6.689040378373327655e-01 5.950503655478079496e-02
1.166250000000000000e+02 6.681692858606625984e-01 5.971272845268088547e-02
1.167750000000052495e+02 6.670989354964398377e-01 5.883821176555007609e-02
1.169250000000220098e+02 6.638300040765778842e-01 5.936044126979586610e-02
1.170749999999779760e+02 6.641530959371229059e-01 5.958516308188947785e-02
1.172249999999951484e+02 6.619681414639984052e-01 5.940071907764299386e-02
1.173750000000000000e+02 6.612742588428874857e-01 5.884438442147867099e-02
1.175250000000046242e+02 6.605650332125230229e-01 5.950946597168987884e-02
1.176750000000221377e+02 6.583107505698787554e-01 5.899184949926545435e-02
1.178249999999778055e+02 6.568234529549628054e-01 5.899443686568195400e-02
1.179749999999957453e+02 6.558524719944506254e-01 5.823801176285494513e-02
1.181250000000000000e+02 6.548679939066617273e-01 5.801311123630315675e-02
1.182750000000039989e+02 6.529756752716459056e-01 5.963925355471749040e-02
1.184250000000223082e+02 6.516539359693181988e-01 5.915271240716864221e-02
1.185749999999776634e+02 6.508014848450128786e-01 5.774436096809894975e-02
1.187249999999963705e+02 6.481670605300957622e-01 5.852587482918271411e-02
1.188750000000000000e+02 6.482089260355221594e-01 5.882723252507909145e-02
1.190250000000033879e+02 6.458542579700741193e-01 5.827449040769223237e-02
1.191750000000224645e+02 6.451310120589831554e-01 5.770740100671164358e-02
1.193249999999775071e+02 6.442684148064458105e-01 5.825734458541131228e-02
1.194749999999969816e+02 6.417907791135136764e-01 5.802718630526140092e-02
1.196250000000000000e+02 6.414237102618527420e-01 5.739966604620284213e-02
1.197750000000027910e+02 6.400552433809825192e-01 5.681890869928896831e-02
1.199250000000226066e+02 6.382986843003756183e-01 5.708287148235417774e-02
1.200749999999773650e+02 6.372641808341493741e-01 5.765547012899934626e-02
1.202249999999975927e+02 6.359724225626888217e-01 5.719927860931699887e-02
1.203750000000000000e+02 6.345392459082881409e-01 5.694374935672606025e-02
1.205250000000021799e+02 6.332598308847533497e-01 5.744475477025542259e-02
1.206750000000227772e+02 6.319184890407953947e-01 5.681270094575289337e-02
1.208249999999772086e+02 6.301039624498141478e-01 5.648837070280061934e-02
1.209749999999981753e+02 6.300391647956908869e-01 5.680755511451783535e-02
1.211250000000000000e+02 6.290409821820074354e-01 5.657102823816916731e-02
1.212750000000015973e+02 6.278249985926903642e-01 5.690535338524520259e-02
1.214250000000229193e+02 6.259944717061317609e-01 5.712439117699050911e-02
1.215749999999770665e+02 6.254123732211337439e-01 5.652764669590532726e-02
1.217249999999987580e+02 6.239657622394184644e-01 5.700450288247550096e-02
1.218750000000000000e+02 6.223004319690953468e-01 5.605470852853729896e-02
1.220250000000010147e+02 6.221067081525294418e-01 5.635928852195385558e-02
1.221750000000230472e+02 6.196842836356749595e-01 5.651754794770130763e-02
1.223249999999769244e+02 6.194207646860760974e-01 5.654009451066192155e-02
1.224749999999993406e+02 6.168520623990304541e-01 5.615083092685899113e-02
1.226250000000000000e+02 6.175875644947257381e-01 5.624476457760989312e-02
1.227750000000004320e+02 6.159637363733535542e-01 5.610694704760765122e-02
1.229250000000231893e+02 6.146629386485148450e-01 5.522562769175930197e-02
1.230749999999767681e+02 6.142815125108672669e-01 5.551232368845941678e-02
1.232249999999999233e+02 6.136714784691931213e-01 5.603275643059464628e-02
1.233750000000000000e+02 6.114713716895142648e-01 5.561246501986456120e-02
1.235249999999998494e+02 6.097050534567396429e-01 5.538976076392601589e-02
1.236750000000233314e+02 6.088405454628380564e-01 5.520194551807477285e-02
1.238249999999766402e+02 6.078999601108234785e-01 5.473796409292872728e-02
1.239750000000004775e+02 6.083234403368054100e-01 5.588498065307555274e-02
1.241250000000000000e+02 6.067710046461594064e-01 5.552991232830103985e-02
1.242749999999992951e+02 6.052966649420891132e-01 5.512406996610523524e-02
1.244250000000234735e+02 6.041668641742309331e-01 5.461795676823428397e-02
1.245749999999764839e+02 6.036502938771579618e-01 5.429981898288624431e-02
1.247250000000010317e+02 6.031697384025280773e-01 5.498372580421397038e-02
1.248750000000000000e+02 6.004826823456990148e-01 5.399567362036489931e-02
1.250249999999987551e+02 5.994450198890315384e-01 5.448044279335798046e-02
1.251750000000236156e+02 5.990631219741878732e-01 5.428716607257275117e-02
1.253249999999763702e+02 5.981715766258708378e-01 5.474863986165950241e-02
1.254750000000015859e+02 5.968097817122498538e-01 5.448670126007579273e-02
1.256250000000000000e+02 5.960281266074025641e-01 5.389597485962402401e-02
1.257749999999982009e+02 5.939165298752000499e-01 5.339023108051478561e-02
1.259250000000237577e+02 5.927268918643514573e-01 5.393781696631553407e-02
1.260749999999762281e+02 5.921044437538536265e-01 5.388293201328513832e-02
1.262250000000021259e+02 5.922747302820833282e-01 5.357595485962005077e-02
1.263750000000000000e+02 5.912927107098416846e-01 5.386610940644568496e-02
1.265249999999976609e+02 5.871088059619699040e-01 5.409776650406268594e-02
1.266750000000238856e+02 5.631180113500880990e-01 5.185686712208941590e-02
1.268249999999760860e+02 5.472191645052121300e-01 5.142363353202918097e-02
1.269750000000026660e+02 5.366109988571483580e-01 5.094212689594865978e-02
1.271250000000000000e+02 5.270068438418521461e-01 5.069512167403913971e-02
1.272749999999971209e+02 5.177759602304449205e-01 4.999617516523739008e-02
1.274250000000240277e+02 5.103253116076770235e-01 5.018241712131481930e-02
1.275749999999759439e+02 5.038120332377479249e-01 4.924442644973273803e-02
1.277250000000031918e+02 4.972067732537405194e-01 4.928676855792720607e-02
1.278750000000000000e+02 4.913818344164477825e-01 4.855641924731531056e-02
1.280249999999965951e+02 4.847643939946262304e-01 4.843233500960030663e-02
1.281750000000241414e+02 4.795958294217908535e-01 4.789438313001383868e-02
1.283249999999758018e+02 4.732324584519748134e-01 4.792965146481153321e-02
1.284750000000037176e+02 4.689480382130084557e-01 4.779716970424790351e-02
1.286250000000000000e+02 4.635267101519182087e-01 4.661076967770998863e-02
1.287749999999960835e+02 4.586998240136444527e-01 4.670922036101078645e-02
1.289250000000242835e+02 4.545935252314735608e-01 4.707847171909732703e-02
1.290749999999756881e+02 4.495934540781869049e-01 4.646488294830938837e-02
1.292250000000042292e+02 4.448277609179362435e-01 4.637292142356793517e-02
1.293750000000000000e+02 4.399414576793078679e-01 4.582494815257028009e-02
1.295249999999955719e+02 4.365179179510898511e-01 4.547094148601716485e-02
1.296750000000243972e+02 4.327348884412510754e-01 4.583643871713147938e-02
1.298249999999755460e+02 4.273125548298540854e-01 4.522550820765171981e-02
1.299750000000047692e+02 4.231034933136018639e-01 4.458763226966071247e-02
1.301250000000000000e+02 4.201904541886466449e-01 4.466527874369695394e-02
1.302749999999950319e+02 4.156784383512321934e-01 4.433603110607724218e-02
1.304250000000245393e+02 4.112953538757353478e-01 4.352167156963393513e-02
1.305749999999754323e+02 4.082658403622253518e-01 4.420241100875570150e-02
1.307250000000052523e+02 4.041734623520752967e-01 4.346260915764030980e-02
1.308750000000000000e+02 4.007561131465152693e-01 4.345640218735513649e-02
1.310249999999945487e+02 3.967594164318538619e-01 4.341589681999289546e-02
1.311750000000246530e+02 3.937340278473028810e-01 4.300594167126826212e-02
1.313249999999753186e+02 3.890992513392561025e-01 4.283165360322356563e-02
1.314750000000057639e+02 3.862783447246010970e-01 4.264584041080638627e-02
1.316250000000000000e+02 3.833545133964075258e-01 4.238761566886869309e-02
1.317749999999940655e+02 3.791103651577042988e-01 4.238990536244874319e-02
1.319250000000247951e+02 3.763071030961265828e-01 4.207077226664453912e-02
1.320749999999751765e+02 3.723794654617288979e-01 4.191693870229227376e-02
1.322250000000062471e+02 3.693263733994855413e-01 4.145087769642817610e-02
1.323750000000000000e+02 3.664577844802398010e-01 4.179294351379318762e-02
1.325249999999935540e+02 3.638522779651079397e-01 4.070917526503350231e-02
1.326750000000249088e+02 3.596760237506983482e-01 4.154066986353804197e-02
1.328249999999750628e+02 3.569250605863742987e-01 4.070431055462432612e-02
1.329750000000067303e+02 3.533701286313116197e-01 4.061632891728796796e-02
1.331250000000000000e+02 3.501395471819310212e-01 4.012336009732983544e-02
1.332749999999930424e+02 3.472529722217841397e-01 3.968465053149988070e-02
1.334250000000250225e+02 3.446772096282015863e-01 4.048068215772913231e-02
1.335749999999749491e+02 3.415110353741225846e-01 3.959832250586906022e-02
1.337250000000072134e+02 3.385352758082588731e-01 3.973581106049519501e-02
1.338750000000000000e+02 3.359014099364445727e-01 3.936075583219224988e-02
1.340249999999925876e+02 3.323645607197130980e-01 3.910882790822162863e-02
1.341750000000251362e+02 3.301346410525449193e-01 3.921946162254779517e-02
1.343249999999748354e+02 3.268348655776862621e-01 3.875009654303430279e-02
1.344750000000077250e+02 3.242996532200357329e-01 3.841946438070442671e-02
1.346250000000000000e+02 3.212779907885117137e-01 3.808599792966745057e-02
1.347749999999921044e+02 3.181749108185877861e-01 3.829394567768256569e-02
1.349250000000252783e+02 3.157733120714774633e-01 3.811401894502086662e-02
1.350749999999746933e+02 3.128647164821688476e-01 3.815223097308063915e-02
1.352250000000081798e+02 3.098691456607263195e-01 3.757787403039457991e-02
1.353750000000000000e+02 3.079536771457231370e-01 3.706025856643577893e-02
1.355249999999916213e+02 3.052187628255295104e-01 3.761975953655066762e-02
1.356750000000253920e+02 3.026251719684023844e-01 3.658530438227314968e-02
1.358249999999746080e+02 2.998721033424504578e-01 3.693200223611623617e-02
1.359750000000086345e+02 2.972425208477856851e-01 3.696332387957748655e-02
1.361250000000000000e+02 2.946533642916737139e-01 3.654783958699692192e-02
1.362749999999911665e+02 2.926090908611906349e-01 3.634449372022453134e-02
1.364250000000255056e+02 2.896326538123131233e-01 3.618370742348061414e-02
1.365749999999744659e+02 2.876734011587191997e-01 3.548327511340315654e-02
1.367250000000091177e+02 2.850486404214143121e-01 3.626226162910111545e-02
1.368750000000000000e+02 2.823584546043405030e-01 3.586530452407051678e-02
1.370249999999907118e+02 2.802961694965430128e-01 3.517036347777117988e-02
1.371750000000256193e+02 2.772459150088785740e-01 3.557204717397856319e-02
1.373249999999743522e+02 2.747259420330367408e-01 3.530041115883100766e-02
1.374750000000095724e+02 2.722485020742613226e-01 3.450956684647407680e-02
1.376250000000000000e+02 2.706327942527686492e-01 3.498439949607173860e-02
1.377749999999902286e+02 2.675876394877806375e-01 3.444319108422368159e-02
1.379250000000257330e+02 2.654140588322825289e-01 3.464643195551243837e-02
1.380749999999742386e+02 2.632055964898639133e-01 3.456118273930802731e-02
1.382250000000100272e+02 2.609528167364592033e-01 3.453405229796789599e-02
1.383750000000000000e+02 2.587467106653425497e-01 3.406674163083013573e-02
1.385249999999898023e+02 2.563062597421578159e-01 3.391730196356272653e-02
1.386750000000258467e+02 2.539916534079744159e-01 3.356872210715584892e-02
1.388249999999741249e+02 2.520252428688386503e-01 3.370411122108339652e-02
1.389750000000104535e+02 2.487220853889524907e-01 3.335478468645173417e-02
1.391250000000000000e+02 2.471347058498175320e-01 3.337270971507916295e-02
1.392749999999893475e+02 2.447334420124145926e-01 3.269235868002145357e-02
1.394250000000259604e+02 2.428336912266977343e-01 3.305461111090830101e-02
1.395749999999740112e+02 2.403408867332775811e-01 3.277712636697048543e-02
1.397250000000109367e+02 2.379622972370340483e-01 3.230956094219483016e-02
1.398750000000000000e+02 2.357887761227332735e-01 3.255401943585030378e-02
1.400249999999889212e+02 2.346388746148785898e-01 3.215165295315721566e-02
1.401750000000260741e+02 2.316879613149805950e-01 3.211368491284124355e-02
1.403249999999738975e+02 2.295294610389834455e-01 3.165554008644719947e-02
1.404750000000113346e+02 2.275384402328665123e-01 3.171325266163654844e-02
1.406250000000000000e+02 2.251337526989952986e-01 3.143584078867355663e-02
1.407749999999884665e+02 2.233195391947594699e-01 3.183838194305228797e-02
1.409250000000261593e+02 2.212942082541702327e-01 3.134848119146831785e-02
1.410749999999738122e+02 2.190811559078493509e-01 3.089234927906750819e-02
1.412250000000117893e+02 2.171287188639223209e-01 3.094709023293454320e-02
1.413750000000000000e+02 2.154320662143656695e-01 3.112124100909720303e-02
1.415249999999880401e+02 2.134871913666757937e-01 3.055364446458730746e-02
1.416750000000263014e+02 2.110269154388888790e-01 3.039360745530456098e-02
1.418249999999736986e+02 2.087557655706748505e-01 3.030029844145926826e-02
1.419750000000122441e+02 2.077166263223374776e-01 3.005004956329828877e-02
1.421250000000000000e+02 2.048076372336750106e-01 2.952690541916735967e-02
1.422749999999876138e+02 2.030472341671701597e-01 2.958774474824540923e-02
1.424250000000264151e+02 2.011471107402466318e-01 2.942847251534744246e-02
1.425749999999735849e+02 1.986906601290588659e-01 2.918118547898237644e-02
1.427250000000126420e+02 1.973976001200457298e-01 2.893265216364467735e-02
1.428750000000000000e+02 1.954790376590130885e-01 2.902168208271911631e-02
1.430249999999871875e+02 1.933346582798231017e-01 2.917102657284606493e-02
1.431750000000265004e+02 1.916693380724636409e-01 2.861564838968018790e-02
1.433249999999734712e+02 1.891567224456175700e-01 2.852446378286764214e-02
1.434750000000130683e+02 1.869117756044714473e-01 2.805695822464191608e-02
1.436250000000000000e+02 1.858023563813446521e-01 2.773770992509896893e-02
1.437749999999867612e+02 1.839752258385344008e-01 2.829427364014914029e-02
1.439250000000266141e+02 1.820815920798564413e-01 2.774596458456641754e-02
1.440749999999733575e+02 1.801617991157909993e-01 2.763233578609188001e-02
1.442250000000134946e+02 1.781222293399213064e-01 2.777622886575923170e-02
1.443750000000000000e+02 1.764926508819628370e-01 2.776831300572731032e-02
1.445249999999863348e+02 1.746294314318551921e-01 2.752471748530708334e-02
1.446750000000266994e+02 1.728856405556774278e-01 2.709520396888623686e-02
1.448249999999732722e+02 1.703399489308554393e-01 2.705406968957842564e-02
1.449750000000139210e+02 1.692506363414840731e-01 2.670420068508117667e-02
1.451250000000000000e+02 1.672120380422236485e-01 2.650549057968621183e-02
1.452749999999859369e+02 1.653459544678218540e-01 2.642580274897507811e-02
1.454250000000268130e+02 1.634015997767603867e-01 2.618495044304289254e-02
1.455749999999731870e+02 1.619167681223280253e-01 2.611986484924727625e-02
1.457250000000142904e+02 1.601274589508498991e-01 2.606924731457903321e-02
1.458750000000000000e+02 1.586550799928981015e-01 2.620427458388273345e-02
1.460249999999855390e+02 1.565973168371184165e-01 2.568981693127465882e-02
1.461750000000269267e+02 1.546508460453882294e-01 2.567346743064897324e-02
1.463249999999730733e+02 1.529274394119857217e-01 2.565395304224418402e-02
1.464750000000146883e+02 1.510007286872342702e-01 2.500142745952158366e-02
1.466250000000000000e+02 1.497599850080492123e-01 2.523677603871203948e-02
1.467749999999851411e+02 1.478691414236666946e-01 2.504554901554585655e-02
1.469250000000270120e+02 1.459556349750199822e-01 2.481194752084845551e-02
1.470749999999729596e+02 1.444678411810623453e-01 2.457189389045831562e-02
1.472250000000150862e+02 1.428370690489099981e-01 2.429433329521192911e-02
1.473750000000000000e+02 1.409404980047470057e-01 2.412654292201220005e-02
1.475249999999847432e+02 1.391785846735128229e-01 2.426790085320302409e-02
1.476750000000270973e+02 1.378416232637090511e-01 2.407093677390471226e-02
1.478249999999728743e+02 1.358381150202214449e-01 2.399872302073884078e-02
1.479750000000154841e+02 1.347536145868894475e-01 2.356040451185016302e-02
1.481250000000000000e+02 1.324326742501218679e-01 2.338193774163678865e-02
1.482749999999843453e+02 1.309498301374026619e-01 2.368037174459855856e-02
1.484250000000272109e+02 1.292489275744634070e-01 2.310099093065866305e-02
1.485749999999727606e+02 1.273767395304260530e-01 2.272042986387201244e-02
1.487250000000158821e+02 1.261131028495894035e-01 2.298874479614847199e-02
1.488750000000000000e+02 1.242073159761006018e-01 2.278513993483715500e-02
1.490249999999839474e+02 1.233614856620234290e-01 2.298162827333974020e-02
1.491750000000273246e+02 1.212849103154639008e-01 2.241351754373016938e-02
1.493249999999726754e+02 1.196877321471574163e-01 2.220499322623509589e-02
1.494750000000162800e+02 1.180840879760722134e-01 2.217092891233577931e-02
1.496250000000000000e+02 1.163357903165003066e-01 2.209405796408325101e-02
1.497749999999835779e+02 1.144927937963189091e-01 2.176034144704253395e-02
1.499250000000274099e+02 1.132202993198778429e-01 2.149294169778372468e-02
1.500749999999725617e+02 1.113145763919403258e-01 2.137961563066766157e-02
1.502250000000166494e+02 1.101821042501053144e-01 2.145502393164316207e-02
1.503750000000000000e+02 1.085482174430607294e-01 2.124810787540638152e-02
1.505249999999831800e+02 1.070098700178899742e-01 2.091976419236855206e-02
1.506750000000274952e+02 1.054658252607835328e-01 2.069125478184539318e-02
1.508249999999724764e+02 1.037581558660670561e-01 2.046310540545373188e-02
1.509750000000170473e+02 1.018765250735325228e-01 2.029866671128618613e-02
1.511250000000000000e+02 1.004827514619614226e-01 2.046039633684724329e-02
1.512749999999828106e+02 9.887318895190395918e-02 2.003278851325541662e-02
1.514250000000275804e+02 9.722613661784547390e-02 1.992918255548280573e-02
1.515749999999723912e+02 9.601402348136234277e-02 1.970590167849933100e-02
1.517250000000174168e+02 9.433535610963383888e-02 1.949361035698547739e-02
1.518750000000000000e+02 9.293025417639996788e-02 1.954331531868235342e-02
1.520249999999824411e+02 9.135468943089744553e-02 1.940934003463774815e-02
1.521750000000276941e+02 8.962568765400528992e-02 1.925145616499517043e-02
1.523249999999722775e+02 8.826279796935700139e-02 1.894297484806970605e-02
1.524750000000177863e+02 8.676779065329742746e-02 1.887808157819797703e-02
1.526250000000000000e+02 8.526583813318365512e-02 1.869600080838522069e-02
1.527749999999820716e+02 8.401080724034258596e-02 1.836292080841337229e-02
1.529250000000277794e+02 8.201758607450292116e-02 1.804082921543895268e-02
1.530749999999721922e+02 8.054236008390235069e-02 1.813239980237957294e-02
1.532250000000181558e+02 7.949664302605445598e-02 1.778915790454044590e-02
1.533750000000000000e+02 7.763662804571119791e-02 1.762356301420531235e-02
1.535249999999817021e+02 7.620971930639731939e-02 1.726436802564933898e-02
1.536750000000278646e+02 7.510953276276773061e-02 1.719135972016854960e-02
1.538249999999721069e+02 7.328211936990963737e-02 1.725303125923989545e-02
1.539750000000185253e+02 7.190199505398378599e-02 1.701650590774653540e-02
1.541250000000000000e+02 7.038508380092033112e-02 1.675763999265552154e-02
1.542749999999813326e+02 6.912820443681963467e-02 1.680375764613975184e-02
1.544250000000279783e+02 6.756402120489729546e-02 1.663088131317005253e-02
1.545749999999720217e+02 6.579508609521246554e-02 1.607010931302743986e-02
1.547250000000188948e+02 6.480955248898460919e-02 1.616427806364567621e-02
1.548750000000000000e+02 6.348136822008412783e-02 1.595628047897806184e-02
1.550249999999809631e+02 6.157271839376415173e-02 1.574686295426006369e-02
1.551750000000280636e+02 6.028020502406066655e-02 1.567366897071740747e-02
1.553249999999719080e+02 5.894729346135270387e-02 1.528672054608270006e-02
1.554750000000192358e+02 5.751669349758472410e-02 1.524102150678685597e-02
1.556250000000000000e+02 5.641721058124539445e-02 1.483272006082211707e-02
1.557749999999806221e+02 5.480054444279406495e-02 1.467683493905665333e-02
1.559250000000281489e+02 5.324826131933529244e-02 1.445991718688221898e-02
1.560749999999718511e+02 5.198811591394466441e-02 1.426456896305030274e-02
1.562250000000196053e+02 5.047128678698838827e-02 1.415245526369602637e-02
1.563750000000000000e+02 4.939187433052704551e-02 1.394988361861418218e-02
1.565249999999802810e+02 4.796918597590935085e-02 1.395658487879224488e-02
1.566750000000282341e+02 4.634983571932845686e-02 1.379010866615614124e-02
1.568249999999717659e+02 4.541934425269036901e-02 1.328285734356611167e-02
1.569750000000199748e+02 4.399331878269774343e-02 1.326447450691818457e-02
1.571250000000000000e+02 4.263082062796282046e-02 1.307395598461352781e-02
1.572749999999799115e+02 4.128410982752212660e-02 1.267699903478862987e-02
1.574250000000283194e+02 3.949677804835241557e-02 1.243311193067154000e-02
1.575749999999716522e+02 3.821584663327125264e-02 1.216994405609166108e-02
1.577250000000202874e+02 3.728883607783452236e-02 1.218163450704644497e-02
1.578750000000000000e+02 3.569074763311293197e-02 1.186685464211596937e-02
1.580249999999795705e+02 3.454753924414447064e-02 1.167421916506680701e-02
1.581750000000284047e+02 3.301071386783694522e-02 1.130971941050576066e-02
1.583249999999715669e+02 3.192699654391063097e-02 1.110770837123978456e-02
1.584750000000206569e+02 3.042689402072333224e-02 1.097493762350822306e-02
1.586250000000000000e+02 2.922166292630655124e-02 1.080198098606683678e-02
1.587749999999792294e+02 2.775782871476368402e-02 1.037479317334718924e-02
1.589250000000284899e+02 2.646840451489347254e-02 1.010693661103243511e-02
1.590749999999715101e+02 2.518141204382706722e-02 9.756938196957342518e-03
1.592250000000209980e+02 2.396908446027421966e-02 9.701660011544221279e-03
1.593750000000000000e+02 2.265571062838981839e-02 9.366763978482543426e-03
1.595249999999788884e+02 2.137120550233968103e-02 9.068177966154476050e-03
1.596750000000285752e+02 2.012178599183087405e-02 8.703422581393657764e-03
1.598249999999713964e+02 1.891679184620012957e-02 8.456739278338879298e-03
1.599750000000213390e+02 1.757221922918397392e-02 8.217111658824513207e-03
1.601250000000000000e+02 1.625725066794430490e-02 7.925594433453831203e-03
1.602749999999785473e+02 1.512867029954138159e-02 7.558892322498189827e-03
1.604250000000286605e+02 1.367818060973897271e-02 7.308002873363066837e-03
1.605749999999713395e+02 1.243590446414386159e-02 6.812982355750491978e-03
1.607250000000216517e+02 1.118890781689005874e-02 6.505298676080011056e-03
1.608750000000000000e+02 1.003019178291093653e-02 6.127215446972668171e-03
1.610249999999782062e+02 8.689783640714666621e-03 5.743920204109779874e-03
1.611750000000287457e+02 7.447805097212541886e-03 5.243155155451049813e-03
1.613249999999712543e+02 6.243980779180511448e-03 4.968008714680787093e-03
1.614750000000219927e+02 5.030715401173680053e-03 4.392529018099116875e-03
1.616250000000000000e+02 3.740756848665457383e-03 3.790925735067478784e-03
1.617749999999778652e+02 2.583737149851295881e-03 3.138425116355466303e-03
1.619250000000288310e+02 1.324054636888645628e-03 2.239976762175838795e-03
1.620749999999711406e+02 2.047651223164574815e-04 8.878936708169081569e-04
