# Radius RDF_mean RDF_std
7.500000000000896228e-02 3.117316433024486244e-01 1.088976519635261431e+00
2.249999999999577616e-01 3.180518740107080022e-01 6.292527632521383030e-01
3.750000000000000000e-01 3.123522237232337351e-01 4.901829076575507926e-01
5.249999999999700462e-01 3.125089889154611389e-01 4.093472052551411777e-01
6.750000000001169509e-01 3.255612640886089704e-01 3.692065903082354938e-01
8.249999999998777200e-01 3.286470455121687784e-01 3.378319494881181217e-01
9.750000000001839418e-01 3.359745051525000470e-01 3.118521659332714191e-01
1.125000000000000000e+00 3.407889159359581699e-01 2.938746734845676389e-01
1.274999999999773648e+00 3.549739480829329774e-01 2.800776912528156193e-01
1.424999999999764455e+00 3.690393483347050863e-01 2.739516795223322365e-01
1.575000000000282396e+00 3.778078597866884603e-01 2.622984663269709582e-01
1.725000000000170397e+00 3.929272786046678623e-01 2.528124621378247117e-01
1.875000000000000000e+00 4.082495796470557714e-01 2.472709917656834289e-01
2.025000000000070521e+00 4.257872418565721295e-01 2.452977957680942400e-01
2.174999999999594813e+00 4.464039172557772162e-01 2.378150101242511583e-01
2.325000000000426059e+00 4.661481969674987069e-01 2.381389230432991166e-01
2.474999999999678124e+00 4.930875861693618245e-01 2.353989013791548679e-01
2.625000000000000000e+00 5.104801977277469982e-01 2.366069703741149610e-01
2.775000000000444444e+00 5.418271787285379171e-01 2.337709253015413935e-01
2.924999999999512212e+00 5.705114299689061363e-01 2.340344040938688308e-01
3.075000000000499334e+00 5.984976488740118006e-01 2.349404965313539873e-01
3.224999999999414779e+00 6.277387325630922055e-01 2.323574877752589141e-01
3.375000000000000000e+00 6.648448693496509243e-01 2.348199756847714759e-01
3.525000000000659384e+00 7.087033004973390948e-01 2.374100137881702266e-01
3.674999999999857714e+00 7.515183121375705877e-01 2.407197744474982581e-01
3.825000000000022382e+00 7.952570380261911875e-01 2.431379956754657068e-01
3.974999999999250466e+00 8.474428253528801802e-01 2.431102881555153861e-01
4.125000000000000000e+00 9.227252936407879247e-01 2.452827626476877521e-01
4.275000000000798828e+00 9.843175041960126048e-01 2.560585842879983809e-01
4.425000000000374634e+00 1.036933824533039505e+00 2.583864442898605729e-01
4.574999999999541878e+00 1.043184406378004470e+00 2.528882881473896171e-01
4.724999999999138112e+00 1.018033824891805494e+00 2.445941320140150865e-01
4.875000000000000000e+00 9.858127017348047305e-01 2.389076262354358771e-01
5.025000000000897415e+00 9.469665866298844215e-01 2.299847964172461179e-01
5.175000000000743228e+00 9.153086355009520947e-01 2.240873370514215868e-01
5.324999999999196376e+00 8.897912437918632511e-01 2.175728278771534574e-01
5.474999999999057287e+00 8.732041358630935335e-01 2.092504328082041287e-01
5.625000000000000000e+00 8.646675908559421364e-01 2.091128185562003694e-01
5.775000000000969358e+00 8.547784349511925450e-01 2.027774077824354981e-01
5.925000000001017675e+00 8.545786115285614049e-01 2.021949981676789132e-01
6.074999999998936140e+00 8.565486522181323670e-01 1.983324837958230502e-01
6.224999999998995115e+00 8.599389278915993140e-01 1.953159574150188649e-01
6.375000000000000000e+00 8.642966058314424105e-01 1.933797150233261819e-01
6.525000000001025313e+00 8.759770112566476197e-01 1.919928254356271236e-01
6.675000000001229949e+00 8.904646614107686320e-01 1.965843659319105319e-01
6.824999999998733635e+00 9.088957675264611735e-01 1.927336113452231825e-01
6.974999999999387690e+00 9.288949812362323755e-01 1.905950562543579641e-01
7.125000000000000000e+00 9.550676902166276294e-01 1.929646314476033964e-01
7.275000000000346745e+00 9.765200561758354825e-01 1.946834551264543245e-01
7.425000000001398703e+00 9.925158601759582755e-01 1.943808245157280234e-01
7.574999999998571099e+00 1.008479154614043471e+00 1.954611536897736535e-01
7.725000000000012079e+00 1.017585105835626003e+00 1.931449895636078162e-01
7.875000000000000000e+00 1.020126586681327607e+00 1.893931413601688540e-01
8.024999999999771205e+00 1.023936357654380069e+00 1.884676529095850039e-01
8.175000000001539036e+00 1.024623192084930023e+00 1.867611978303140019e-01
8.324999999998437872e+00 1.021351821613898148e+00 1.846839940830004301e-01
8.475000000000525446e+00 1.027968777451734539e+00 1.832768910561944908e-01
8.625000000000000000e+00 1.029830491183596708e+00 1.808911160331530266e-01
8.774999999999291589e+00 1.030591476355982916e+00 1.809688980088886012e-01
8.925000000001652722e+00 1.025836544752880108e+00 1.801024213194015455e-01
9.074999999998325961e+00 1.023416738574519425e+00 1.757571946285659270e-01
9.225000000000957101e+00 1.017669050631705874e+00 1.766076681863934239e-01
9.375000000000000000e+00 1.005962986847443563e+00 1.721947219675798446e-01
9.524999999998890132e+00 9.981148745623559249e-01 1.690967800223069362e-01
9.675000000001750422e+00 9.901500133261423864e-01 1.698567260428054115e-01
9.824999999998231814e+00 9.860592104065672991e-01 1.692352423110054516e-01
9.975000000001321254e+00 9.755141507763355202e-01 1.665892745371647665e-01
1.012500000000000000e+01 9.722578352769104537e-01 1.617590144864151092e-01
1.027499999999854730e+01 9.700339178152154185e-01 1.608636999594087180e-01
1.042500000000183391e+01 9.685770174425516466e-01 1.617058711899963253e-01
1.057499999999815010e+01 9.682720794495104366e-01 1.600994931748787597e-01
1.072500000000163745e+01 9.715537931656500481e-01 1.585521812000207920e-01
1.087500000000000000e+01 9.749257311023891148e-01 1.580641059379279956e-01
1.102499999999824887e+01 9.791180940057985227e-01 1.576928368404047487e-01
1.117500000000190674e+01 9.839310144401018920e-01 1.564054830145877595e-01
1.132499999999808082e+01 9.930372916953159601e-01 1.573032104695408495e-01
1.147500000000190923e+01 9.988635133387973042e-01 1.583324942225530496e-01
1.162500000000000000e+01 1.004019187866457052e+00 1.554142869439697483e-01
1.177499999999798952e+01 1.005306370975518560e+00 1.534600755733842858e-01
1.192500000000196891e+01 1.012799657095181161e+00 1.542615059312938963e-01
1.207499999999801865e+01 1.014004022213689016e+00 1.551184134611767185e-01
1.222500000000215081e+01 1.016188149565567356e+00 1.507763907300047057e-01
1.237500000000000000e+01 1.016877051106647611e+00 1.494892864137958299e-01
1.252499999999776215e+01 1.018113381130627992e+00 1.518958478069523110e-01
1.267500000000202398e+01 1.017876375132818811e+00 1.492263240456015438e-01
1.282499999999796536e+01 1.016652911441920049e+00 1.477802800850631093e-01
1.297500000000236220e+01 1.017545149638888979e+00 1.487508795912536597e-01
1.312500000000000000e+01 1.015308447852849350e+00 1.482592572207231674e-01
1.327499999999756142e+01 1.012139995755599431e+00 1.469347228766285096e-01
1.342500000000173088e+01 1.011140324080425090e+00 1.461194217586036792e-01
1.357499999999841833e+01 1.008392000091020257e+00 1.451298206495998111e-01
1.372500000000255049e+01 1.006177033878290494e+00 1.430713926777613387e-01
1.387500000000000000e+01 1.005561417648926481e+00 1.422143101897715700e-01
1.402499999999738023e+01 1.003873308145162513e+00 1.403696120694790384e-01
1.417500000000102034e+01 1.002908712072879460e+00 1.419317487585357307e-01
1.432499999999911111e+01 9.992840465306521702e-01 1.393726186210458295e-01
1.447500000000271925e+01 9.977394942426860425e-01 1.376745376813435506e-01
1.462500000000000000e+01 9.967414868327433286e-01 1.377484467541102708e-01
1.477499999999721680e+01 9.969592979603478788e-01 1.374636021416054121e-01
1.492500000000038618e+01 9.957256841798030056e-01 1.357324642925216984e-01
1.507499999999973639e+01 9.971953112757044879e-01 1.365243890093926216e-01
1.522500000000287201e+01 9.949224500853031117e-01 1.355850158985099918e-01
1.537500000000000000e+01 9.948585104447751348e-01 1.339438981461144318e-01
1.552499999999706937e+01 9.986996171629413110e-01 1.332580715558193962e-01
1.567499999999980886e+01 1.001411269041687868e+00 1.339730910703332278e-01
1.582500000000029772e+01 1.000470737692076728e+00 1.320754627220908362e-01
1.597500000000300879e+01 1.003438313725600217e+00 1.321649376650072816e-01
1.612500000000000000e+01 1.004188623894476828e+00 1.313973418642315483e-01
1.627499999999693969e+01 1.005024247227180423e+00 1.301690211159629851e-01
1.642499999999928662e+01 1.008380862415310331e+00 1.303971888774593246e-01
1.657500000000081286e+01 1.006378419041743966e+00 1.304870876606624153e-01
1.672500000000313847e+01 1.007431825201633213e+00 1.306888320191547659e-01
1.687500000000000000e+01 1.006485938293858906e+00 1.283675755967424725e-01
1.702499999999681535e+01 1.006762180098542681e+00 1.298293600974299300e-01
1.717499999999880700e+01 1.006285112141554361e+00 1.271060570843596804e-01
1.732500000000128182e+01 1.005578878938947707e+00 1.270330962466434399e-01
1.747500000000325215e+01 1.006274280715771852e+00 1.265710229942775544e-01
1.762500000000000000e+01 1.005989521225181038e+00 1.256406590744896246e-01
1.777499999999670521e+01 1.003798213299180286e+00 1.268042020832585437e-01
1.792499999999837357e+01 1.004047674886284991e+00 1.253641638477629994e-01
1.807500000000171170e+01 1.005017043365915130e+00 1.261376736888686068e-01
1.822500000000335874e+01 1.001037882719091332e+00 1.244549254367059848e-01
1.837500000000000000e+01 1.003250573547716185e+00 1.227535749598998444e-01
1.852499999999660218e+01 1.003005562080237834e+00 1.235855578036001018e-01
1.867499999999797211e+01 1.002280303256672944e+00 1.227681928039485171e-01
1.882500000000210960e+01 9.995196100951520002e-01 1.201273513620703393e-01
1.897500000000345466e+01 9.997293894227549105e-01 1.218322912187008167e-01
1.912500000000000000e+01 1.001673545916082597e+00 1.200751196195652681e-01
1.927499999999650626e+01 9.984088726902946576e-01 1.201384406536375599e-01
1.942499999999759908e+01 9.994968939258757068e-01 1.194727120504411322e-01
1.957500000000247198e+01 9.981493777772290077e-01 1.193331736687501532e-01
1.972500000000354348e+01 9.998078755202206569e-01 1.179357278669793396e-01
1.987500000000000000e+01 9.975842003496325772e-01 1.174950000695000468e-01
2.002499999999642100e+01 9.976180630884379230e-01 1.158534068263969014e-01
2.017499999999725446e+01 1.000233258563056227e+00 1.187202374440762265e-01
2.032500000000281304e+01 9.961234572200473592e-01 1.152149044103485259e-01
2.047500000000362874e+01 9.990131718848945797e-01 1.166193233820776443e-01
2.062500000000000000e+01 9.979775550614504720e-01 1.166477326238029438e-01
2.077499999999633928e+01 9.988460602360119678e-01 1.160124641544594548e-01
2.092499999999693472e+01 9.982733007609048137e-01 1.148657504760023373e-01
2.107500000000312212e+01 1.001169524108925568e+00 1.155141686283464586e-01
2.122500000000370690e+01 9.992900043912400498e-01 1.139859870720264373e-01
2.137500000000000000e+01 9.995138266829644014e-01 1.146394975481654921e-01
2.152499999999626468e+01 1.000336858578483090e+00 1.134829627077674069e-01
2.167499999999663984e+01 1.001533139532689853e+00 1.136493887355876919e-01
2.182500000000341700e+01 1.000153487183081724e+00 1.129336858170978952e-01
2.197500000000377796e+01 1.000213151432239433e+00 1.131838297119351633e-01
2.212500000000000000e+01 9.980599010053617937e-01 1.125576156138431150e-01
2.227499999999619718e+01 9.995074912596086936e-01 1.110517328527171610e-01
2.242499999999636273e+01 1.000064803653852419e+00 1.117653810141496923e-01
2.257500000000369056e+01 1.000764436757570985e+00 1.096899722621613726e-01
2.272500000000384546e+01 9.991488324641141228e-01 1.114052882659679472e-01
2.287500000000000000e+01 9.966390738851536035e-01 1.109066287677106522e-01
2.302499999999612967e+01 9.993805280320507967e-01 1.103401769528875725e-01
2.317499999999610338e+01 9.972719284457203237e-01 1.080876218535194305e-01
2.332500000000394635e+01 1.000147087209223296e+00 1.100938058134447589e-01
2.347500000000390941e+01 9.984808361567902857e-01 1.086689115775876097e-01
2.362500000000000000e+01 9.965234939226944588e-01 1.085618465182142806e-01
2.377499999999606928e+01 9.969471787228577631e-01 1.094922557701624166e-01
2.392499999999586180e+01 9.969324803266459423e-01 1.087005263762838292e-01
2.407500000000418439e+01 9.980797850323032128e-01 1.079676349401152008e-01
2.422500000000396625e+01 9.969766670337997239e-01 1.074492337270156334e-01
2.437500000000000000e+01 9.971759226703592605e-01 1.077549076088025470e-01
2.452499999999600888e+01 9.977347144541838242e-01 1.060690673179221777e-01
2.467499999999563087e+01 9.967217502898390036e-01 1.062921903531949819e-01
2.482500000000441176e+01 9.962781902860435856e-01 1.052028419685616945e-01
2.497500000000402309e+01 9.980776603860005425e-01 1.052861748549472343e-01
2.512500000000000000e+01 9.957647652217711531e-01 1.032477396068235270e-01
2.527499999999595559e+01 9.981213309689201951e-01 1.058916225691042545e-01
2.542499999999541771e+01 9.958323875057392138e-01 1.043094079583542361e-01
2.557500000000462137e+01 9.962847331833813991e-01 1.042599858254995987e-01
2.572500000000407638e+01 9.976496806541949036e-01 1.036937802660805180e-01
2.587500000000000000e+01 9.987335651326856301e-01 1.036147305623973808e-01
2.602499999999590585e+01 9.973965522890184676e-01 1.033756818484890816e-01
2.617499999999521521e+01 9.950226746838493064e-01 1.041832075758610393e-01
2.632500000000482032e+01 9.973771703540730282e-01 1.018885058098614321e-01
2.647500000000383480e+01 9.985152067803717557e-01 1.028342889965355167e-01
2.662500000000000000e+01 9.980332714354588353e-01 1.016453328016549973e-01
2.677499999999647073e+01 9.978353846142034023e-01 1.013836112082342478e-01
2.692499999999502691e+01 9.982262952556839597e-01 1.013974763016582264e-01
2.707500000000501217e+01 9.958312358045341428e-01 9.939506324761683553e-02
2.722500000000308873e+01 9.952035055671477615e-01 1.004044250870024801e-01
2.737500000000000000e+01 9.967748332357440066e-01 1.007478993181103732e-01
2.752499999999719549e+01 9.969590103541245973e-01 1.000983466694139873e-01
2.767499999999484928e+01 9.973629684564018216e-01 9.950255082667802675e-02
2.782500000000518625e+01 9.982964793396047476e-01 1.011825320760837837e-01
2.797500000000238529e+01 9.957154086900977807e-01 9.839790858414526609e-02
2.812500000000000000e+01 9.959488063083088427e-01 9.789619395465623541e-02
2.827499999999788827e+01 9.988696342745693180e-01 9.989637635238754476e-02
2.842499999999467164e+01 9.968314247749850976e-01 9.672413196515154687e-02
2.857500000000536033e+01 9.974516665240262814e-01 9.799636555999317877e-02
2.872500000000171028e+01 9.968587469755310071e-01 9.990885550697711781e-02
2.887500000000000000e+01 9.999382291307324921e-01 9.723109333885948669e-02
2.902499999999854552e+01 9.972984593008810128e-01 9.763563089625347524e-02
2.917499999999451177e+01 9.975734897256597344e-01 9.850401814312485793e-02
2.932500000000552021e+01 9.970244637593898007e-01 9.752288225935856758e-02
2.947500000000107434e+01 9.979632530772247767e-01 9.644005480739838154e-02
2.962500000000000000e+01 9.987654537300608704e-01 9.684745096665986486e-02
2.977499999999917080e+01 9.980872357607890599e-01 9.767724972510023751e-02
2.992499999999435900e+01 9.984759361608516182e-01 9.585896264916944631e-02
3.007500000000566942e+01 9.984920453814570829e-01 9.667904546203208438e-02
3.022500000000047393e+01 9.981389409272357627e-01 9.623174267090997547e-02
3.037500000000000000e+01 9.976687255478298155e-01 9.621271879458072329e-02
3.052499999999976410e+01 9.991038410756227783e-01 9.662112545135412289e-02
3.067499999999420623e+01 9.980352155411218451e-01 9.486398420232235174e-02
3.082500000000581508e+01 9.991493301786599224e-01 9.524322259618461795e-02
3.097499999999989839e+01 9.990623680476649060e-01 9.604705427963131092e-02
3.112500000000000000e+01 1.000452662306064333e+00 9.448189064759558720e-02
3.127500000000032898e+01 9.997640280503138355e-01 9.362810003017262017e-02
3.142499999999406768e+01 9.956457606633872803e-01 9.506643440081938290e-02
3.157500000000595364e+01 9.989404646835413626e-01 9.371178313703534823e-02
3.172499999999935127e+01 9.996575338168879332e-01 9.335007886623196416e-02
3.187500000000000000e+01 9.989428108575266752e-01 9.439510988409154091e-02
3.202500000000086544e+01 9.983292702223002246e-01 9.370616372831587493e-02
3.217499999999394333e+01 1.001302199496957979e+00 9.216733689115001738e-02
3.232500000000609219e+01 1.000592310530568962e+00 9.296222808368499735e-02
3.247499999999882903e+01 1.000573512323821745e+00 9.337374255660579880e-02
3.262500000000000000e+01 9.998373619696075965e-01 9.275624731118635447e-02
3.277500000000137703e+01 9.982908362844091776e-01 9.253946888992164999e-02
3.292499999999381544e+01 9.987322517375143427e-01 9.184943534580526647e-02
3.307500000000621299e+01 9.990400262806292675e-01 9.112742329657190499e-02
3.322499999999832454e+01 1.000149334831196946e+00 9.232180478657545097e-02
3.337500000000000000e+01 9.994671064415350248e-01 9.054010365223341683e-02
3.352500000000186731e+01 9.998731519673628165e-01 9.115306807425115065e-02
3.367499999999368754e+01 9.987894172723279507e-01 9.013474093732760928e-02
3.382500000000633378e+01 9.991881820090167121e-01 9.081283087935211606e-02
3.397499999999784848e+01 9.987479675186488048e-01 8.975779322944808791e-02
3.412500000000000000e+01 9.999053629282306233e-01 8.939632286271491368e-02
3.427500000000233626e+01 1.000300180060534228e+00 9.034914456215961676e-02
3.442499999999357385e+01 9.990127524682470561e-01 8.948386477067993283e-02
3.457500000000644746e+01 9.985997666704514719e-01 8.877910389411113046e-02
3.472499999999739373e+01 9.997376489434254276e-01 8.992208580721991473e-02
3.487500000000000000e+01 1.000616031868138300e+00 8.940466615016187668e-02
3.502500000000278391e+01 1.001303478814312031e+00 8.897652365414106257e-02
3.517499999999346016e+01 1.000837451563332037e+00 8.964785345919661086e-02
3.532500000000656115e+01 9.991385267090358013e-01 8.926977843360257847e-02
3.547499999999695319e+01 9.996100417525508597e-01 8.899472318709357455e-02
3.562500000000000000e+01 9.999080966671788362e-01 8.975720187801519701e-02
3.577500000000321734e+01 9.981109041019451400e-01 8.888002434407109298e-02
3.592499999999336069e+01 1.000992857233105937e+00 8.894947161603340702e-02
3.607500000000666773e+01 1.001210788812976427e+00 8.856471615896586991e-02
3.622499999999653397e+01 1.000658663598619658e+00 8.769514490896282433e-02
3.637500000000000000e+01 1.001005943196786374e+00 8.790380565134515989e-02
3.652500000000362235e+01 1.000702935501967428e+00 8.811259166905127671e-02
3.667499999999325411e+01 9.974983255605174293e-01 8.829772798006876866e-02
3.682500000000676721e+01 1.000741080469612854e+00 8.648502603456245663e-02
3.697499999999613607e+01 9.985886335455351759e-01 8.662628938761093855e-02
3.712500000000000000e+01 1.000298862592252203e+00 8.646423228254664084e-02
3.727500000000402736e+01 9.992739641830317154e-01 8.638721484344928647e-02
3.742499999999315463e+01 9.999740635425553581e-01 8.619394124010484881e-02
3.757500000000686668e+01 9.987969280972825992e-01 8.568945019778025085e-02
3.772499999999575238e+01 9.990365904659314067e-01 8.647851972273419563e-02
3.787500000000000000e+01 9.978062641129292754e-01 8.611340777769113664e-02
3.802500000000440394e+01 9.994130083903848272e-01 8.557853997938937030e-02
3.817499999999306226e+01 9.985430921139233362e-01 8.369957012555148679e-02
3.832500000000695906e+01 9.985414191811474716e-01 8.440368193408570585e-02
3.847499999999537579e+01 9.984245339396079499e-01 8.515617489531904227e-02
3.862500000000000000e+01 9.980652690969704643e-01 8.465005329505306819e-02
3.877500000000476632e+01 9.999790389847609262e-01 8.489702381534679210e-02
3.892499999999297700e+01 9.988485325964833184e-01 8.416310922486565371e-02
3.907500000000705143e+01 9.970958726119563131e-01 8.496061269419113993e-02
3.922499999999502052e+01 9.977976035462133853e-01 8.412934779840058885e-02
3.937500000000000000e+01 9.984006109296839071e-01 8.440430563453268920e-02
3.952500000000512159e+01 9.973218643337917744e-01 8.412447247879377421e-02
3.967499999999288463e+01 9.976137420189967742e-01 8.350539455314086312e-02
3.982500000000712959e+01 9.979683879663636681e-01 8.412128476183637626e-02
3.997499999999467946e+01 9.987971057733950886e-01 8.399785897477636543e-02
4.012500000000000000e+01 9.986802364999086690e-01 8.343885796149054512e-02
4.027500000000545555e+01 9.982456384354978507e-01 8.333537908684442164e-02
4.042499999999279936e+01 9.980516388566293973e-01 8.384432759588392181e-02
4.057500000000721485e+01 9.968709324691296114e-01 8.302610697714751797e-02
4.072499999999434550e+01 9.979662132874644875e-01 8.295119572968520649e-02
4.087500000000000000e+01 9.992438661761768870e-01 8.354043223864646150e-02
4.102500000000578240e+01 9.989757320240177929e-01 8.218739822246333426e-02
4.117499999999272120e+01 9.983811222596601365e-01 8.173275142313736474e-02
4.132500000000730012e+01 9.992570196016716810e-01 8.183246091940744871e-02
4.147499999999402576e+01 9.997527253420721571e-01 8.243963147677306480e-02
4.162500000000000000e+01 1.000812999497260325e+00 8.187283864090924568e-02
4.177500000000609504e+01 9.979414117050683375e-01 8.249617637903018663e-02
4.192499999999264304e+01 1.000813313084160994e+00 8.153472185692910157e-02
4.207500000000737828e+01 9.990316689924603200e-01 8.143308967058607295e-02
4.222499999999372022e+01 1.000284028449389462e+00 8.157108342519496513e-02
4.237500000000000000e+01 9.991755766303633823e-01 8.060067969280637623e-02
4.252500000000640057e+01 9.988892190131616333e-01 8.158053188465461125e-02
4.267499999999256488e+01 1.001787982382419839e+00 8.215050987789365711e-02
4.282500000000744933e+01 1.000000586207001607e+00 8.061283489015605430e-02
4.297499999999342180e+01 1.000517948871150864e+00 8.148034546036102277e-02
4.312500000000000000e+01 9.993014086583296152e-01 8.044466114227949438e-02
4.327500000000669900e+01 1.001099234080952138e+00 7.991855595507563192e-02
4.342499999999249383e+01 9.982546561779876981e-01 8.093252112574383927e-02
4.357500000000752038e+01 9.998046051326353600e-01 7.962698362651633721e-02
4.372499999999313758e+01 1.000605956089978488e+00 8.024164140156909986e-02
4.387500000000000000e+01 1.000392068290130831e+00 8.075482324087608632e-02
4.402500000000697611e+01 9.999199896594238579e-01 8.021698938329750728e-02
4.417499999999242277e+01 1.000979496061517260e+00 7.932564872552565205e-02
4.432500000000759144e+01 9.999875936750108885e-01 7.916313984830843087e-02
4.447499999999286047e+01 9.991416841613733890e-01 7.846891508721363928e-02
4.462500000000000000e+01 9.996357642676187982e-01 7.967383881338370444e-02
4.477500000000724611e+01 9.992125904732069852e-01 7.862674325370269668e-02
4.492499999999235882e+01 9.989686332771265942e-01 7.817449721544612873e-02
4.507500000000766249e+01 1.000974519306445876e+00 7.886125728251523748e-02
4.522499999999259757e+01 9.993676118830037147e-01 7.917144796786942940e-02
4.537500000000000000e+01 9.987483074446539266e-01 7.784715181539234030e-02
4.552500000000750902e+01 1.001657403284994308e+00 7.807834419124821956e-02
4.567499999999228777e+01 9.991439130067595320e-01 7.830091904502219091e-02
4.582500000000772644e+01 1.000246883890592464e+00 7.852735683718735371e-02
4.597499999999233466e+01 9.997043575032890095e-01 7.883786780795461191e-02
4.612500000000000000e+01 1.001135347159221034e+00 7.790649956536815912e-02
4.627500000000776481e+01 9.999274760254065475e-01 7.785768134314897948e-02
4.642499999999223093e+01 1.000574909698473292e+00 7.826474983252112994e-02
4.657500000000779039e+01 9.984902839632668892e-01 7.783486206592674095e-02
4.672499999999207887e+01 9.999460277286515986e-01 7.651763975383348015e-02
4.687500000000000000e+01 9.995673297272816837e-01 7.791317169493221229e-02
4.702500000000801350e+01 9.978550089018819458e-01 7.694979119530841183e-02
4.717499999999216698e+01 1.000350298140190830e+00 7.737041662446106360e-02
4.732500000000784723e+01 9.989730599830833890e-01 7.695202668193311391e-02
4.747499999999183729e+01 9.992865829824464363e-01 7.736836195613924771e-02
4.762500000000000000e+01 9.987626570100666124e-01 7.623132117731572233e-02
4.777500000000825509e+01 9.998387489539393158e-01 7.698160458857039590e-02
4.792499999999211013e+01 9.993970162363214893e-01 7.643760026214214964e-02
4.807500000000790408e+01 9.989193685138956225e-01 7.729279347929426947e-02
4.822499999999160281e+01 9.995603668438853839e-01 7.678980520658271192e-02
4.837500000000000000e+01 9.999859029707091063e-01 7.748013358072382284e-02
4.852500000000848956e+01 1.000746823244106798e+00 7.630022008512779563e-02
4.867499999999204618e+01 9.983739787059999760e-01 7.564097089415273978e-02
4.882500000000796092e+01 9.987479434277581891e-01 7.587207526567572857e-02
4.897499999999137543e+01 9.999740611377238020e-01 7.536149771775921269e-02
4.912500000000000000e+01 9.991788047723926258e-01 7.457446763470482187e-02
4.927500000000870983e+01 9.989541415413707437e-01 7.535905074856218133e-02
4.942499999999198934e+01 9.996146245487552706e-01 7.593537250203927225e-02
4.957500000000802487e+01 9.990624126047057407e-01 7.409499824789562983e-02
4.972499999999115516e+01 1.000478261106081623e+00 7.514842411776363751e-02
4.987500000000000000e+01 1.001452176176011344e+00 7.476784146304076006e-02
5.002500000000893010e+01 1.001598498053022812e+00 7.508121447584621688e-02
5.017499999999193960e+01 9.995625420919176385e-01 7.424573839425990807e-02
5.032500000000807461e+01 1.001050804164641095e+00 7.465756409744739308e-02
5.047499999999094200e+01 1.001826643631977154e+00 7.487345431087179259e-02
5.062500000000000000e+01 1.002291327861472237e+00 7.420798327848715514e-02
5.077500000000914326e+01 1.000199350002534349e+00 7.367054098999563372e-02
5.092499999999188276e+01 9.993234773414126915e-01 7.351828318939680751e-02
5.107500000000812435e+01 9.998620953113508403e-01 7.417466916925369302e-02
5.122499999999072884e+01 1.001539790291495757e+00 7.399721831565489460e-02
5.137500000000000000e+01 1.001018911997543004e+00 7.360950955842675281e-02
5.152500000000934932e+01 1.000034006392349850e+00 7.452563477930139457e-02
5.167499999999183302e+01 1.001044186282413095e+00 7.287713281281706090e-02
5.182500000000818119e+01 1.001561161227691121e+00 7.276049027986543349e-02
5.197499999999052989e+01 1.000370113123367100e+00 7.277955292105738050e-02
5.212500000000000000e+01 1.001890560760061000e+00 7.322608170330031918e-02
5.227500000000954827e+01 1.001713726480044864e+00 7.383697735783319172e-02
5.242499999999178328e+01 1.000372437259217762e+00 7.402190371184230733e-02
5.257500000000806040e+01 1.000807653596549107e+00 7.364974101187959921e-02
5.272499999999033804e+01 1.001168091790276549e+00 7.372629108585115887e-02
5.287500000000000000e+01 9.998526767912325752e-01 7.184725555271380404e-02
5.302500000000974723e+01 1.002279067495968956e+00 7.274544541208027848e-02
5.317499999999255778e+01 1.001143562040541113e+00 7.193683944322964985e-02
5.332500000000729301e+01 1.000378344566105859e+00 7.300861410878456415e-02
5.347499999999015330e+01 9.998687096126557261e-01 7.294551591959695658e-02
5.362500000000000000e+01 1.000917886329759865e+00 7.203123445819628601e-02
5.377500000000993197e+01 1.001606505858415375e+00 7.207922813202641277e-02
5.392499999999331095e+01 1.000639642864328938e+00 7.233380728274721450e-02
5.407500000000654694e+01 1.000703366746928280e+00 7.204358181825933072e-02
5.422499999998996145e+01 1.000503842623984063e+00 7.244201957287565996e-02
5.437500000000000000e+01 1.002651256032440985e+00 7.195469519614211551e-02
5.452500000001011671e+01 1.001969687398543973e+00 7.122195379347361077e-02
5.467499999999403570e+01 1.002455398857489577e+00 7.276319241774707736e-02
5.482500000000581508e+01 1.002130177908949094e+00 7.105693169365943918e-02
5.497499999998977671e+01 1.000361291988673518e+00 7.123389710970666477e-02
5.512500000000000000e+01 1.001720238061777568e+00 7.129044930184959272e-02
5.527500000001029434e+01 1.001578670297019524e+00 7.187299170897858136e-02
5.542499999999475335e+01 1.000461735508838546e+00 6.997817960217632416e-02
5.557500000000510454e+01 1.000760493099160708e+00 7.111040528945060391e-02
5.572499999998960618e+01 1.001692501345160302e+00 7.119224754340289230e-02
5.587500000000000000e+01 9.990790931959614429e-01 7.022386547347481134e-02
5.602500000001046487e+01 1.002006375495268164e+00 6.962298261614510708e-02
5.617499999999544258e+01 1.001252353851921129e+00 7.090531549759472585e-02
5.632500000000441531e+01 1.002526027385821195e+00 7.087983433952127488e-02
5.647499999998942855e+01 1.001284403753847529e+00 7.000045086010751871e-02
5.662500000000000000e+01 1.001759415866288139e+00 7.031341321109765841e-02
5.677500000001062830e+01 1.000748013826288751e+00 6.985764187620292776e-02
5.692499999999611759e+01 1.001437183297294586e+00 7.026112759777526640e-02
5.707500000000374030e+01 1.001440849337189576e+00 7.000028171574104729e-02
5.722499999998926512e+01 1.001640191293895921e+00 7.013468377447538982e-02
5.737500000000000000e+01 1.001167197316392032e+00 7.069511407829585925e-02
5.752500000001079172e+01 1.000720343974050408e+00 7.037947655890197662e-02
5.767499999999677129e+01 1.000481296000417908e+00 6.944909913891980646e-02
5.782500000000310081e+01 1.001027401103381065e+00 6.950360043331266224e-02
5.797499999998910170e+01 1.001634383353790625e+00 6.908626391302889747e-02
5.812500000000000000e+01 1.001423386894296108e+00 6.858194191554732588e-02
5.827500000001095515e+01 1.000093483980076137e+00 6.900411359675485967e-02
5.842499999999741078e+01 1.002147297250745916e+00 6.996443137084300268e-02
5.857500000000246132e+01 9.999021443601566750e-01 6.869346264351355869e-02
5.872499999998893827e+01 1.000954795810768516e+00 6.787902499664649758e-02
5.887500000000000000e+01 1.000899855855101217e+00 6.945836763647927903e-02
5.902500000001111857e+01 9.998280764942444332e-01 6.925990310824625684e-02
5.917499999999803606e+01 1.000157787806116305e+00 6.866837102275957783e-02
5.932500000000184315e+01 1.001017133581301843e+00 6.848629379839914211e-02
5.947499999998878906e+01 1.000719238528494648e+00 6.826326040013315499e-02
5.962500000000000000e+01 1.001319865739916715e+00 6.878794233890413168e-02
5.977500000001126779e+01 1.001922176416550458e+00 6.802166284996453982e-02
5.992499999999864002e+01 1.000197903511977238e+00 6.864826123137912628e-02
6.007500000000123919e+01 1.000082728097047680e+00 6.809065634858779692e-02
6.022499999998863984e+01 9.993236135909951967e-01 6.806184498411013695e-02
6.037500000000000000e+01 9.998263199778635313e-01 6.750517298211897166e-02
6.052500000001142411e+01 1.000666539074800854e+00 6.785983225388411699e-02
6.067499999999923688e+01 9.996205203881799450e-01 6.764211052636956434e-02
6.082500000000064944e+01 1.000039838756343835e+00 6.785840456814964949e-02
6.097499999998849773e+01 1.000303816183268912e+00 6.813131500394040141e-02
6.112500000000000000e+01 9.992951544293178223e-01 6.727339195371839775e-02
6.127500000001155911e+01 1.000112667609011741e+00 6.828259414911017067e-02
6.142499999999980531e+01 1.000061436235433199e+00 6.725812949762291493e-02
6.157500000000007390e+01 9.998116657299375154e-01 6.727011007524814901e-02
6.172499999998834852e+01 9.997359566370487283e-01 6.788252456141058433e-02
6.187500000000000000e+01 9.997437622419808045e-01 6.651076045742365661e-02
6.202500000001170122e+01 9.999954660298072673e-01 6.735963686741490430e-02
6.217500000000037375e+01 1.000845419353783683e+00 6.689168741716890187e-02
6.232499999999951967e+01 9.997418005791561813e-01 6.717139563091086008e-02
6.247499999998820641e+01 9.988160795834456485e-01 6.724551022668141809e-02
6.262500000000000000e+01 1.000192807600543743e+00 6.679579278141553611e-02
6.277500000001184333e+01 1.000156264145493745e+00 6.642994735037049958e-02
6.292500000000092086e+01 9.991682349996758861e-01 6.692544907418689071e-02
6.307499999999897256e+01 9.985442007359713879e-01 6.652957076939992886e-02
6.322499999998807851e+01 1.000407936759082350e+00 6.617275105857912953e-02
6.337500000000000000e+01 9.991778282932430866e-01 6.602247885483587819e-02
6.352500000001197833e+01 1.001305398646777034e+00 6.625612571341793489e-02
6.367500000000146798e+01 1.000533737287938374e+00 6.636841235553181395e-02
6.382499999999843254e+01 1.000362502705963941e+00 6.549209018299415042e-02
6.397499999998793641e+01 9.998986076143340229e-01 6.666138704111077007e-02
6.412500000000000000e+01 9.990539431747909038e-01 6.547005026938770844e-02
6.427500000001211333e+01 1.000297313354068685e+00 6.645025352350270031e-02
6.442500000000200089e+01 1.000583983364384366e+00 6.617256443332517057e-02
6.457499999999791385e+01 9.997907099275087361e-01 6.577833997247700681e-02
6.472499999998781561e+01 1.000058898644357930e+00 6.592484935869895313e-02
6.487500000000000000e+01 1.000654647712446721e+00 6.538122689359993078e-02
6.502500000001224123e+01 1.000037514307697384e+00 6.611739119122950203e-02
6.517500000000251248e+01 9.999663142833541407e-01 6.541432509192446343e-02
6.532499999999740226e+01 1.000375044491604859e+00 6.587929455736572792e-02
6.547499999998768772e+01 1.001397234692375626e+00 6.544821011062679217e-02
6.562500000000000000e+01 1.000539280545147403e+00 6.485619447190849041e-02
6.577500000001236913e+01 1.000115854642839697e+00 6.468851177420442689e-02
6.592500000000300986e+01 1.001266145480592895e+00 6.468045387893631148e-02
6.607499999999690488e+01 1.001265024355567634e+00 6.536817685311771542e-02
6.622499999998755982e+01 1.000878852254345697e+00 6.528026133896511207e-02
6.637500000000000000e+01 9.998346312781534184e-01 6.511041644871252976e-02
6.652500000001249703e+01 1.000470992320572794e+00 6.492760185139000162e-02
6.667500000000349303e+01 1.000134947794167672e+00 6.471790274944155819e-02
6.682499999999640750e+01 1.001716635723603588e+00 6.424647891011379952e-02
6.697499999998743192e+01 1.000679964185186455e+00 6.514207025887383540e-02
6.712500000000000000e+01 1.000237223106861695e+00 6.448485456363130253e-02
6.727500000001261071e+01 1.000813862859858627e+00 6.440829289219991705e-02
6.742500000000397620e+01 1.000669852103341917e+00 6.458336067023781601e-02
6.757499999999593854e+01 1.000024054476410518e+00 6.364784883525739789e-02
6.772499999998731823e+01 1.000762321669855792e+00 6.443748639501553632e-02
6.787500000000000000e+01 1.001716286828391755e+00 6.376888143586299795e-02
6.802500000001272440e+01 9.996414256917782737e-01 6.425473129213636614e-02
6.817500000000444516e+01 1.001131631243232123e+00 6.379785783188680892e-02
6.832499999999546958e+01 9.999667913150545040e-01 6.418297302889233724e-02
6.847499999998720455e+01 1.001194421328884587e+00 6.372125273825110514e-02
6.862500000000000000e+01 1.000546575356786372e+00 6.363430578675136062e-02
6.877500000001283809e+01 1.000122127294147845e+00 6.383552358862415455e-02
6.892500000000489990e+01 1.000452069776326169e+00 6.314352616765683823e-02
6.907499999999501483e+01 1.000549770300259045e+00 6.345010506480795731e-02
6.922499999998709086e+01 9.998977345940219807e-01 6.345374915964134555e-02
6.937500000000000000e+01 1.001796648527231381e+00 6.413263323361159673e-02
6.952500000001295177e+01 1.001248930686279515e+00 6.330675955520170817e-02
6.967500000000535465e+01 9.999514084748584164e-01 6.226622808151970750e-02
6.982499999999456008e+01 1.001226151112286411e+00 6.397885616857515445e-02
6.997499999998697717e+01 1.000355810438499748e+00 6.216419680572650430e-02
7.012500000000000000e+01 1.002026544773053196e+00 6.306466448698401506e-02
7.027500000001306546e+01 1.000682544546622976e+00 6.221010327876468071e-02
7.042500000000579519e+01 1.001934843092792571e+00 6.338405579166778159e-02
7.057499999999413376e+01 1.000744582293716434e+00 6.224279323780666784e-02
7.072499999998686349e+01 1.002093310598896725e+00 6.309898397249617819e-02
7.087500000000000000e+01 1.000401597314981572e+00 6.303347614171443680e-02
7.102500000001316494e+01 1.001896385179392723e+00 6.345258486787742902e-02
7.117500000000620730e+01 9.998504761651506589e-01 6.271664620669596679e-02
7.132499999999369322e+01 1.001827500193667175e+00 6.292734892465029484e-02
7.147499999998676401e+01 1.002268101861095939e+00 6.226312324948649751e-02
7.162500000000000000e+01 1.002073982034202393e+00 6.248205884266690158e-02
7.177500000001327862e+01 1.000630472775720703e+00 6.159677772310032107e-02
7.192500000000663363e+01 1.000661177215703024e+00 6.238661029759601934e-02
7.207499999999328111e+01 1.000585249136832111e+00 6.289465720513055802e-02
7.222499999998666453e+01 1.001477234770801417e+00 6.220412517682591402e-02
7.237500000000000000e+01 1.000401434944121926e+00 6.221081600484852647e-02
7.252500000001337810e+01 1.002235264846473850e+00 6.186253859614002787e-02
7.267500000000704574e+01 1.000846090794707433e+00 6.196031063402623190e-02
7.282499999999286899e+01 1.001036166248897352e+00 6.208809885668930412e-02
7.297499999998655085e+01 1.001752015465344536e+00 6.164794175114806513e-02
7.312500000000000000e+01 1.000569363401993206e+00 6.163573552286881474e-02
7.327500000001347757e+01 1.001310900026836981e+00 6.173454697909773470e-02
7.342500000000745786e+01 1.001137491033551097e+00 6.179432684211391691e-02
7.357499999999247109e+01 1.001104983387563152e+00 6.211993019114584597e-02
7.372499999998646558e+01 1.001127273523992001e+00 6.130338973908799199e-02
7.387500000000000000e+01 1.000354476451410068e+00 6.151670600862407107e-02
7.402500000001359126e+01 1.001449116530765293e+00 6.191878218411713680e-02
7.417500000000785576e+01 1.001111866189095201e+00 6.156644048266830815e-02
7.432499999999207319e+01 1.001131133080605418e+00 6.216828501062916096e-02
7.447499999998635190e+01 1.001463521286470204e+00 6.192125062500013211e-02
7.462500000000000000e+01 1.000969738826300359e+00 6.109081215966775252e-02
7.477500000001367653e+01 1.000929245753787722e+00 6.086908489873601308e-02
7.492500000000823945e+01 1.000791950476884962e+00 6.101289980673225977e-02
7.507499999999168949e+01 1.000893629063674295e+00 6.089464055888443167e-02
7.522499999998626663e+01 1.000328549781483778e+00 6.146979060663616129e-02
7.537500000000000000e+01 9.999529243284767110e-01 6.089831674085742497e-02
7.552500000001377600e+01 1.000114493911951508e+00 6.015645191018392096e-02
7.567500000000862315e+01 1.001914137626052526e+00 6.024985519210452473e-02
7.582499999999130580e+01 1.001048753253817480e+00 6.131375483851592839e-02
7.597499999998616715e+01 1.002227020524040890e+00 6.097489330155466541e-02
7.612500000000000000e+01 1.000781083546459893e+00 6.030604667896390797e-02
7.627500000001386127e+01 1.000915032057551057e+00 6.132460797857033907e-02
7.642500000000899263e+01 1.000634877140309520e+00 6.058359219214636687e-02
7.657499999999093632e+01 9.996260380100033816e-01 6.012299880959533216e-02
7.672499999998608189e+01 1.001807974819089786e+00 6.039080776926912530e-02
7.687500000000000000e+01 1.000281045485650777e+00 6.022260543244756931e-02
7.702500000001396074e+01 1.001520977995064676e+00 6.041551642158080049e-02
7.717500000000934790e+01 1.001048642731095839e+00 5.991390943592778823e-02
7.732499999999058105e+01 1.001729371252236156e+00 6.060076880465895682e-02
7.747499999998598241e+01 9.995901160862179502e-01 5.996094438970174523e-02
7.762500000000000000e+01 1.001546962671399088e+00 5.977315738797772671e-02
7.777500000001404601e+01 1.001250398801631913e+00 6.027652149348701471e-02
7.792500000000971738e+01 1.001043998176242456e+00 5.991345732510952593e-02
7.807499999999021156e+01 1.001269722315055732e+00 6.020880893453875449e-02
7.822499999998589715e+01 1.001445917007647068e+00 5.968257811622570963e-02
7.837500000000000000e+01 1.000549451847241533e+00 6.046185065397743225e-02
7.852500000001413127e+01 1.000643422200808041e+00 5.951053234781501083e-02
7.867500000001005844e+01 9.999313097354247670e-01 5.980683587250196220e-02
7.882499999998987050e+01 1.000096916832396543e+00 5.901647652764493990e-02
7.897499999998581188e+01 1.000069385822014212e+00 5.951020123369346604e-02
7.912500000000000000e+01 1.000662554061921838e+00 5.951200635877205991e-02
7.927500000001423075e+01 1.000818661744504512e+00 5.953331165119223056e-02
7.942500000001041371e+01 1.000933603563572305e+00 5.907993283169755278e-02
7.957499999998951523e+01 1.002307365124258220e+00 5.968803279475880241e-02
7.972499999998572662e+01 1.001013420320801428e+00 6.032740819218817413e-02
7.987500000000000000e+01 1.000890699657395855e+00 5.968881917678203752e-02
8.002500000001430180e+01 1.000496781993471807e+00 5.861939766811447017e-02
8.017500000001075477e+01 1.000355212225225277e+00 5.899664853086301897e-02
8.032499999998918838e+01 1.000254341691269477e+00 5.845394342903445506e-02
8.047499999998564135e+01 1.002305734772854118e+00 5.971999566548829436e-02
8.062500000000000000e+01 1.000355494697011016e+00 5.875138346877421119e-02
8.077500000001438707e+01 1.000207749944310276e+00 5.859566605533670508e-02
8.092500000001108162e+01 9.998681749854438916e-01 5.934349060542153803e-02
8.107499999998886153e+01 1.000230046326940014e+00 5.794633176105386946e-02
8.122499999998557030e+01 9.999791756728773073e-01 5.814673569722844659e-02
8.137500000000000000e+01 9.997442881342736287e-01 5.893263510173796238e-02
8.152500000001447233e+01 1.000536384706006254e+00 5.842167923854415384e-02
8.167500000001139426e+01 1.000581951848698248e+00 5.757657772840182181e-02
8.182499999998853468e+01 9.998389871631320203e-01 5.817087653982921241e-02
8.197499999998548503e+01 1.000894477486379941e+00 5.818737655870587916e-02
8.212500000000000000e+01 9.995533466185343441e-01 5.842164426379130304e-02
8.227500000001455760e+01 1.000038567192414352e+00 5.913477556606829000e-02
8.242500000001172111e+01 1.000111637380060037e+00 5.836871723021982289e-02
8.257499999998822204e+01 1.000931317219490024e+00 5.900049538965635582e-02
8.272499999998539977e+01 1.000834990538373548e+00 5.799668704126386548e-02
8.287500000000000000e+01 1.000156761342620104e+00 5.765093483932907936e-02
8.302500000001462865e+01 1.000856092131330977e+00 5.786289118233444578e-02
8.317500000001203375e+01 1.001068508449818317e+00 5.821455556594618691e-02
8.332499999998789519e+01 1.001054878550815097e+00 5.797292104003997498e-02
8.347499999998531450e+01 1.000687353663406221e+00 5.755579354845225676e-02
8.362500000000000000e+01 1.000473318801960554e+00 5.817526703609578187e-02
8.377500000001469971e+01 9.999486394318453097e-01 5.797763724748525999e-02
8.392500000001234639e+01 1.000357632796988305e+00 5.771813745167362480e-02
8.407499999998758256e+01 1.001297477389879065e+00 5.805702444309037563e-02
8.422499999998524345e+01 9.997099769862163310e-01 5.769828612447996941e-02
8.437500000000000000e+01 1.000544717564758157e+00 5.750840485239436944e-02
8.452500000001478497e+01 1.000154681468760964e+00 5.749957005994691533e-02
8.467500000001264482e+01 1.000416479922705770e+00 5.730244800742406719e-02
8.482499999998728413e+01 1.000852776037210790e+00 5.723265895204506654e-02
8.497499999998517239e+01 1.000122114805502616e+00 5.749101948467550544e-02
8.512500000000000000e+01 1.001187219139517914e+00 5.807037477646215251e-02
8.527500000001485603e+01 1.000216893157629183e+00 5.800410114775827325e-02
8.542500000001294325e+01 1.001661796962885376e+00 5.682985064335412118e-02
8.557499999998699991e+01 1.000852361910119503e+00 5.717309947098156431e-02
8.572499999998510134e+01 1.000858034982702982e+00 5.735843693874356775e-02
8.587500000000000000e+01 1.000661524569711469e+00 5.743182801122590636e-02
8.602500000001494129e+01 1.001168598866466253e+00 5.664633379762499393e-02
8.617500000001324167e+01 1.000243648181968759e+00 5.702560436759312318e-02
8.632499999998670148e+01 1.000386710395341661e+00 5.659035460852625959e-02
8.647499999998503029e+01 1.000576353412679254e+00 5.800751828701126989e-02
8.662500000000000000e+01 1.001583483160358945e+00 5.689535222612746718e-02
8.677500000001501235e+01 1.000945664512357336e+00 5.643239450483480274e-02
8.692500000001352589e+01 9.998289421190834636e-01 5.691644431719132535e-02
8.707499999998641727e+01 1.001561745318822361e+00 5.614983538409080294e-02
8.722499999998494502e+01 1.000936203344193975e+00 5.680858052387233181e-02
8.737500000000000000e+01 1.001650319903288233e+00 5.709609418897743094e-02
8.752500000001508340e+01 1.001855034549174794e+00 5.650352703752947736e-02
8.767500000001381011e+01 9.784696161047287122e-01 5.642115836646763999e-02
8.782499999998613305e+01 9.555821508886594984e-01 5.504490164704164967e-02
8.797499999998487397e+01 9.416926837909143089e-01 5.441418349485829115e-02
8.812500000000000000e+01 9.321458093953509660e-01 5.392301140018006256e-02
8.827500000001514024e+01 9.221278110847827003e-01 5.396302772402924997e-02
8.842500000001409433e+01 9.141905885336140125e-01 5.315200339591889117e-02
8.857499999998586304e+01 9.073891953288809598e-01 5.360639540044870310e-02
8.872499999998480291e+01 9.014513595157028769e-01 5.243689768674194424e-02
8.887500000000000000e+01 8.936393826996475998e-01 5.355389157788214421e-02
8.902500000001521130e+01 8.872535160082457573e-01 5.288596798290213369e-02
8.917500000001436433e+01 8.820566827634711560e-01 5.247123367159738788e-02
8.932499999998557882e+01 8.763250428360441768e-01 5.194510785006815207e-02
8.947499999998473186e+01 8.722763868336230741e-01 5.207918136781121421e-02
8.962500000000000000e+01 8.664747493851755467e-01 5.231190066619920837e-02
8.977500000001528235e+01 8.618461749919770210e-01 5.197211603294581150e-02
8.992500000001462013e+01 8.569291466124037138e-01 5.225325270939644440e-02
9.007499999998532303e+01 8.521754401113196264e-01 5.122618521998625191e-02
9.022499999998467501e+01 8.482968717680988702e-01 5.158883717290251719e-02
9.037500000000000000e+01 8.435564102571260214e-01 5.094492292935471484e-02
9.052500000001533920e+01 8.399552420317563106e-01 5.032624880882587831e-02
9.067500000001489013e+01 8.357731215406907221e-01 5.076174122587592819e-02
9.082499999998505302e+01 8.321878301815380796e-01 5.084781975075240018e-02
9.097499999998460396e+01 8.279541847541644906e-01 5.041625262362228743e-02
9.112500000000000000e+01 8.237879903230675982e-01 5.036009005737256128e-02
9.127500000001541025e+01 8.201570778282906149e-01 4.969380956223800466e-02
9.142500000001514593e+01 8.169686767675634620e-01 5.001424367389003395e-02
9.157499999998479723e+01 8.139682167488893061e-01 4.951878281651555386e-02
9.172499999998454712e+01 8.096092071061876672e-01 4.940559849513138230e-02
9.187500000000000000e+01 8.056944194510129442e-01 4.923616166294073060e-02
9.202500000001548131e+01 8.039289700413442263e-01 4.990938584112684928e-02
9.217500000001541594e+01 8.002734083800409071e-01 4.930818674431667464e-02
9.232499999998454143e+01 7.965856007773250980e-01 4.903026855011252683e-02
9.247499999998447606e+01 7.936592429004664107e-01 4.858716651536974795e-02
9.262500000000000000e+01 7.915686125902854364e-01 4.920599077092490531e-02
9.277500000001553815e+01 7.870140407271979388e-01 4.885656690379770739e-02
9.292500000001565752e+01 7.850363618315796543e-01 4.871582077242491565e-02
9.307499999998428564e+01 7.822826731482380724e-01 4.817019280442436102e-02
9.322499999998441922e+01 7.792501333860660795e-01 4.843259246637737769e-02
9.337500000000000000e+01 7.765093145855171963e-01 4.873447860407006255e-02
9.352500000001559499e+01 7.736692807544910400e-01 4.755601680561453992e-02
9.367500000001591332e+01 7.703992685062569512e-01 4.736015379599503583e-02
9.382499999998402984e+01 7.683553348927407711e-01 4.807603638293848902e-02
9.397499999998436238e+01 7.661504077400094204e-01 4.768798990670963800e-02
9.412500000000000000e+01 7.623366590831059941e-01 4.770311862394791685e-02
9.427500000001566605e+01 7.608556065661218337e-01 4.771361498362609865e-02
9.442500000001615490e+01 7.567184039716867705e-01 4.686643367871201615e-02
9.457499999998380247e+01 7.543096945307422585e-01 4.714567893310938479e-02
9.472499999998429132e+01 7.518350033628090623e-01 4.759580678899542200e-02
9.487500000000000000e+01 7.497886067185086656e-01 4.699125306179911116e-02
9.502500000001572289e+01 7.473184363137723718e-01 4.691488922468761008e-02
9.517500000001639648e+01 7.450946366282489297e-01 4.684290434073663800e-02
9.532499999998356088e+01 7.431207391845445764e-01 4.656577401366560065e-02
9.547499999998423448e+01 7.411207155634138566e-01 4.602476310166746243e-02
9.562500000000000000e+01 7.385179578266822809e-01 4.677459113466761464e-02
9.577500000001577973e+01 7.354263176564712623e-01 4.650947154123466487e-02
9.592500000001662386e+01 7.339292263631700397e-01 4.655675960860654328e-02
9.607499999998331930e+01 7.314456211877045089e-01 4.581348025251034267e-02
9.622499999998417763e+01 7.288449860820992443e-01 4.608605306022180159e-02
9.637500000000000000e+01 7.273841212951360768e-01 4.584890095762662876e-02
9.652500000001585079e+01 7.251712112569465019e-01 4.608387678352815486e-02
9.667500000001686544e+01 7.226697009275984129e-01 4.607343704564573206e-02
9.682499999998309193e+01 7.215511475707268030e-01 4.619139734300163613e-02
9.697499999998412079e+01 7.178926499855969867e-01 4.588539460948084375e-02
9.712500000000000000e+01 7.166395661068202250e-01 4.513619129173492006e-02
9.727500000001590763e+01 7.147338698554253078e-01 4.580068745068659186e-02
9.742500000001709282e+01 7.127204225630514589e-01 4.573401686195308763e-02
9.757499999998287876e+01 7.108779037478092366e-01 4.500165622007940708e-02
9.772499999998406395e+01 7.078092218716268702e-01 4.497457041391825228e-02
9.787500000000000000e+01 7.058483569685779502e-01 4.510868079298289285e-02
9.802500000001595026e+01 7.046278846876703472e-01 4.498792024808389439e-02
9.817500000001732019e+01 7.020796650523797311e-01 4.423384166454379790e-02
9.832499999998263718e+01 7.002124335987454096e-01 4.478816277351496677e-02
9.847499999998402131e+01 6.987614718605497099e-01 4.444162587648948365e-02
9.862500000000000000e+01 6.962164628965908930e-01 4.424847295234717731e-02
9.877500000001600711e+01 6.947538808338742378e-01 4.420287011028672247e-02
9.892500000001753335e+01 6.923296763181908675e-01 4.387311834532735266e-02
9.907499999998242401e+01 6.905006795985859647e-01 4.449639311536894570e-02
9.922499999998395026e+01 6.893483321386114637e-01 4.363772861911174861e-02
9.937500000000000000e+01 6.878952933254529611e-01 4.431215677515804724e-02
9.952500000001606395e+01 6.859775710651602187e-01 4.410513329912354313e-02
9.967500000001776073e+01 6.837535925751377919e-01 4.353933281898805102e-02
9.982499999998221085e+01 6.825636073035812323e-01 4.355126415309339832e-02
9.997499999998389342e+01 6.807298545669669965e-01 4.329542272659463176e-02
1.001250000000000000e+02 6.783807327267142862e-01 4.337271511762870457e-02
1.002750000000161208e+02 6.771749786752027100e-01 4.329232705751126509e-02
1.004250000000179597e+02 6.752765216734948339e-01 4.366623507153765543e-02
1.005749999999819835e+02 6.737970851930481508e-01 4.285251851667272460e-02
1.007249999999838508e+02 6.716998477365047071e-01 4.357033254779734549e-02
1.008750000000000000e+02 6.712437182114293632e-01 4.312579338439202770e-02
1.010250000000161776e+02 6.688286279787811761e-01 4.352289813804412905e-02
1.011750000000181871e+02 6.670704792480853795e-01 4.276476212989329534e-02
1.013249999999817845e+02 6.657051817117364267e-01 4.283789524943314164e-02
1.014749999999837939e+02 6.638974505606448639e-01 4.271710350314992383e-02
1.016250000000000000e+02 6.626549749833515746e-01 4.258222941683407342e-02
1.017750000000162345e+02 6.613689616818587691e-01 4.279042699956123880e-02
1.019250000000184002e+02 6.586763623551250557e-01 4.229100921873708147e-02
1.020749999999815714e+02 6.571222776261469445e-01 4.290872173603881012e-02
1.022249999999837513e+02 6.556860265031969615e-01 4.271757336417360967e-02
1.023750000000000000e+02 6.549327815668624098e-01 4.285729925924722239e-02
1.025250000000162771e+02 6.528254540779013793e-01 4.236765686217980331e-02
1.026750000000185992e+02 6.513427543808953946e-01 4.241542058199718190e-02
1.028249999999813582e+02 6.502858828988720141e-01 4.168883403443818941e-02
1.029749999999836945e+02 6.480869271339666504e-01 4.182168180368805999e-02
1.031250000000000000e+02 6.466415097635964671e-01 4.190765290784368574e-02
1.032750000000163340e+02 6.456373493215329384e-01 4.201634728733381896e-02
1.034250000000187981e+02 6.439338849886334648e-01 4.176397749613658394e-02
1.035749999999811592e+02 6.420251247697963404e-01 4.188543710575354240e-02
1.037249999999836376e+02 6.412703441817372285e-01 4.112284906149213382e-02
1.038750000000000000e+02 6.393894881654413886e-01 4.108485644620083616e-02
1.040250000000163766e+02 6.385062298563702887e-01 4.104469576224256677e-02
1.041750000000189971e+02 6.371012657937211721e-01 4.148244373110424044e-02
1.043249999999809603e+02 6.356071418056237210e-01 4.090129644751998306e-02
1.044749999999835950e+02 6.342089976567134579e-01 4.117552431653891121e-02
1.046250000000000000e+02 6.326564256764821703e-01 4.123094434060525088e-02
1.047750000000164334e+02 6.313121265701003848e-01 4.117733507286406441e-02
1.049250000000191818e+02 6.301169959506619511e-01 4.109933581109384559e-02
1.050749999999807613e+02 6.288500480163371487e-01 4.051100096743842638e-02
1.052249999999839503e+02 6.269459286293506128e-01 4.171436752242285717e-02
1.053750000000000000e+02 6.256831408425359564e-01 4.037457189677939873e-02
1.055250000000157229e+02 6.243950235931506887e-01 4.063894096548655022e-02
1.056750000000193808e+02 6.230039787866543666e-01 4.088846028629129076e-02
1.058249999999805766e+02 6.211515648682538471e-01 4.039426155163361454e-02
1.059749999999847319e+02 6.199257898106026454e-01 4.016641675623295465e-02
1.061250000000000000e+02 6.185036304386062334e-01 3.976047733131582440e-02
1.062750000000149555e+02 6.179733247183430978e-01 3.992242868739272199e-02
1.064250000000195797e+02 6.162478873767331944e-01 3.976213978534268167e-02
1.065749999999803919e+02 6.158645329386073231e-01 3.977656113341057620e-02
1.067249999999854850e+02 6.134435541701321881e-01 4.010143067921757148e-02
1.068750000000000000e+02 6.126744874250419359e-01 3.971788950281376906e-02
1.070250000000141881e+02 6.115925054972158881e-01 3.961156652866349576e-02
1.071750000000197645e+02 6.093704220887615763e-01 3.969934123073889931e-02
1.073249999999802071e+02 6.089900405058534805e-01 3.963356842855481066e-02
1.074749999999862524e+02 6.067931645385631345e-01 3.991260800849618512e-02
1.076250000000000000e+02 6.056549747026687136e-01 3.976580458511554811e-02
1.077750000000134492e+02 6.043537989915704900e-01 3.995120096055113090e-02
1.079250000000199492e+02 6.035752890067753729e-01 3.944357542632611485e-02
1.080749999999800224e+02 6.020728447958534346e-01 3.976705567699347771e-02
1.082249999999869914e+02 6.010883334525869426e-01 3.999139962475031090e-02
1.083750000000000000e+02 6.008495969768802292e-01 3.889437721025949118e-02
1.085250000000127244e+02 5.989827263600681073e-01 3.896433114205013343e-02
1.086750000000201481e+02 5.976307565480216688e-01 3.949975825525352258e-02
1.088249999999798376e+02 5.960364449596553538e-01 3.888288643284328050e-02
1.089749999999877161e+02 5.947643590124532809e-01 3.923228932086481047e-02
1.091250000000000000e+02 5.929186481960371236e-01 3.859278938474745846e-02
1.092750000000119854e+02 5.933329560841182904e-01 3.871990338403887011e-02
1.094250000000203045e+02 5.906772189636904091e-01 3.899318328826650859e-02
1.095749999999796529e+02 5.707911997176324803e-01 3.827623132210757062e-02
1.097249999999884409e+02 5.501891240310208264e-01 3.730732691448854221e-02
1.098750000000000000e+02 5.369815814619660621e-01 3.743805598340654850e-02
1.100250000000112749e+02 5.258350679271234229e-01 3.637591958595110669e-02
1.101750000000204892e+02 5.166016627523413174e-01 3.663300981513548799e-02
1.103249999999794682e+02 5.077050814272439094e-01 3.586625918688121639e-02
1.104749999999891372e+02 4.998245532164573568e-01 3.571799875615948305e-02
1.106250000000000000e+02 4.924095606622003185e-01 3.494656761755016855e-02
1.107750000000105643e+02 4.855155487949461279e-01 3.512557427919111436e-02
1.109250000000206740e+02 4.791892559858914047e-01 3.494193065995448294e-02
1.110749999999792976e+02 4.723454201180151690e-01 3.461887122923359983e-02
1.112249999999898620e+02 4.658831178253121652e-01 3.406938819644723254e-02
1.113750000000000000e+02 4.607296536411124577e-01 3.407952969343355093e-02
1.115250000000098822e+02 4.548798020783938467e-01 3.405493491605986883e-02
1.116750000000208445e+02 4.500181495188442238e-01 3.339480003445414319e-02
1.118249999999791129e+02 4.449178703820729774e-01 3.294365039524480010e-02
1.119749999999905299e+02 4.388747071483091178e-01 3.308292649112053174e-02
1.121250000000000000e+02 4.340554585468748283e-01 3.312842873151433665e-02
1.122750000000091859e+02 4.292424061952411218e-01 3.271427347810169917e-02
1.124250000000210008e+02 4.235229246848957740e-01 3.231387558320487907e-02
1.125749999999789566e+02 4.195457840706216524e-01 3.226947293980893944e-02
1.127249999999912120e+02 4.149377147498742868e-01 3.241405352248694083e-02
1.128750000000000000e+02 4.106039273328145334e-01 3.192215224928328376e-02
1.130250000000085180e+02 4.061324134862068780e-01 3.179118687679554495e-02
1.131750000000211855e+02 4.013235229167436136e-01 3.143595045230945795e-02
1.133249999999787860e+02 3.980906283297332426e-01 3.141095561510791334e-02
1.134749999999919083e+02 3.939880031496659774e-01 3.119608836758248904e-02
1.136250000000000000e+02 3.897002565451637701e-01 3.066244815550412187e-02
1.137750000000078359e+02 3.850160428264829959e-01 3.053568334686646360e-02
1.139250000000213561e+02 3.819027993581028402e-01 3.069059065332494993e-02
1.140749999999786297e+02 3.782125548898823131e-01 3.016349542301318201e-02
1.142249999999925620e+02 3.742951718162734198e-01 3.035541295960804756e-02
1.143750000000000000e+02 3.701655378094444449e-01 3.003983245264663093e-02
1.145250000000071680e+02 3.668855728336597455e-01 2.981171113818581811e-02
1.146750000000215124e+02 3.626865686917654097e-01 3.005439597632757198e-02
1.148249999999784308e+02 3.593386390349941895e-01 2.928539694819225214e-02
1.149749999999932157e+02 3.555840339900548930e-01 2.945203743572101865e-02
1.151250000000000000e+02 3.520948861279138975e-01 2.946698272154654047e-02
1.152750000000065285e+02 3.484870352643029134e-01 2.887913731188588781e-02
1.154250000000216829e+02 3.451158305903055945e-01 2.877574875290971751e-02
1.155749999999783029e+02 3.412279158082756059e-01 2.869665776678352598e-02
1.157249999999938694e+02 3.381887025805973557e-01 2.823144917615786481e-02
1.158750000000000000e+02 3.345865153417769688e-01 2.858429720923263626e-02
1.160250000000058748e+02 3.313686434329656261e-01 2.816258981599268837e-02
1.161750000000218392e+02 3.284219134608469259e-01 2.815329437702196458e-02
1.163249999999781323e+02 3.250534565784916063e-01 2.779726255483257191e-02
1.164749999999945089e+02 3.223173016541870384e-01 2.778892869896639611e-02
1.166250000000000000e+02 3.180349383431709809e-01 2.768839641414464967e-02
1.167750000000052495e+02 3.154476691119211806e-01 2.765617305976763099e-02
1.169250000000220098e+02 3.123549018010191025e-01 2.721730606769832972e-02
1.170749999999779760e+02 3.087860323156516040e-01 2.694944332089047739e-02
1.172249999999951484e+02 3.060326513891811206e-01 2.678825265950193074e-02
1.173750000000000000e+02 3.024279225856554287e-01 2.697807593536166032e-02
1.175250000000046242e+02 3.001763670845459808e-01 2.667207348076120962e-02
1.176750000000221377e+02 2.971317128805435748e-01 2.687234293301055815e-02
1.178249999999778055e+02 2.934180441287193020e-01 2.636220386565864965e-02
1.179749999999957453e+02 2.911786969911102640e-01 2.637131679643949303e-02
1.181250000000000000e+02 2.879099611173858153e-01 2.578728491333755896e-02
1.182750000000039989e+02 2.847079272573251330e-01 2.612631071574218755e-02
1.184250000000223082e+02 2.826591927840061969e-01 2.548114122606198045e-02
1.185749999999776634e+02 2.794163185564641494e-01 2.566956582192803094e-02
1.187249999999963705e+02 2.764341692309909559e-01 2.525150479250714772e-02
1.188750000000000000e+02 2.739943525958473680e-01 2.512856796501427431e-02
1.190250000000033879e+02 2.714265222988707094e-01 2.498920759018004312e-02
1.191750000000224645e+02 2.686466400606081772e-01 2.526642644135966218e-02
1.193249999999775071e+02 2.658000588826854860e-01 2.478830369457702548e-02
1.194749999999969816e+02 2.625268339586777078e-01 2.487305810307781709e-02
1.196250000000000000e+02 2.605510645326015728e-01 2.484817650297920302e-02
1.197750000000027910e+02 2.578568119210436493e-01 2.447584493578270140e-02
1.199250000000226066e+02 2.549540760709543830e-01 2.434773041926134932e-02
1.200749999999773650e+02 2.521422212531095886e-01 2.408847249076790861e-02
1.202249999999975927e+02 2.498073612978332081e-01 2.386250250732337846e-02
1.203750000000000000e+02 2.468027356940571126e-01 2.407068435710250920e-02
1.205250000000021799e+02 2.440004260423787874e-01 2.389123750555523923e-02
1.206750000000227772e+02 2.413747979475040772e-01 2.357632900527070752e-02
1.208249999999772086e+02 2.391222476983503598e-01 2.353775812502142614e-02
1.209749999999981753e+02 2.367394924207160412e-01 2.343396952127752356e-02
1.211250000000000000e+02 2.344111931817298156e-01 2.341952805080932051e-02
1.212750000000015973e+02 2.320374101099232089e-01 2.296548598544628089e-02
1.214250000000229193e+02 2.292053473449821577e-01 2.305356758622565186e-02
1.215749999999770665e+02 2.265336437949468373e-01 2.286317674468707831e-02
1.217249999999987580e+02 2.249187498905984572e-01 2.257889293299655820e-02
1.218750000000000000e+02 2.220951496101471190e-01 2.253199205366245017e-02
1.220250000000010147e+02 2.195371161117831149e-01 2.236652593955362756e-02
1.221750000000230472e+02 2.169978345942041864e-01 2.249930232407245170e-02
1.223249999999769244e+02 2.146189307595422757e-01 2.232134701970683519e-02
1.224749999999993406e+02 2.127051828937140954e-01 2.228123405547862215e-02
1.226250000000000000e+02 2.100707250403989479e-01 2.186530087781828405e-02
1.227750000000004320e+02 2.078700209434193591e-01 2.185906773102389705e-02
1.229250000000231893e+02 2.050998828748837877e-01 2.170893977087854851e-02
1.230749999999767681e+02 2.031607283267661546e-01 2.134966648607753911e-02
1.232249999999999233e+02 2.010936409777343281e-01 2.114331082371631240e-02
1.233750000000000000e+02 1.986075075637739329e-01 2.116579004843947148e-02
1.235249999999998494e+02 1.961526794787393224e-01 2.093376230254745396e-02
1.236750000000233314e+02 1.940806422652314733e-01 2.118001314471180951e-02
1.238249999999766402e+02 1.915982721351579821e-01 2.087034003699901955e-02
1.239750000000004775e+02 1.891901672374148857e-01 2.055213408535165598e-02
1.241250000000000000e+02 1.873328132958682890e-01 2.074944319552270502e-02
1.242749999999992951e+02 1.848675786798524845e-01 2.023399720720083644e-02
1.244250000000234735e+02 1.830601545214636527e-01 2.041210428121724083e-02
1.245749999999764839e+02 1.804115013559760838e-01 2.004680664776157736e-02
1.247250000000010317e+02 1.787232129969314465e-01 2.017487562065592432e-02
1.248750000000000000e+02 1.762228301631191540e-01 1.982904879440505058e-02
1.250249999999987551e+02 1.743509358110624519e-01 1.983395700864654804e-02
1.251750000000236156e+02 1.722589407750615420e-01 1.963078149766080485e-02
1.253249999999763702e+02 1.698027784365823967e-01 1.925932108765838341e-02
1.254750000000015859e+02 1.679766385590833189e-01 1.924676142428689493e-02
1.256250000000000000e+02 1.656971892149093073e-01 1.921010762217592246e-02
1.257749999999982009e+02 1.637245371004900918e-01 1.907897918059096518e-02
1.259250000000237577e+02 1.618075561323498168e-01 1.894543787056045953e-02
1.260749999999762281e+02 1.596951095582628266e-01 1.872118479587643602e-02
1.262250000000021259e+02 1.576052904686843503e-01 1.860598609593367564e-02
1.263750000000000000e+02 1.555168192423889151e-01 1.853740423089988987e-02
1.265249999999976609e+02 1.532422263006053553e-01 1.835923696689973142e-02
1.266750000000238856e+02 1.512963161081587737e-01 1.817808176782411203e-02
1.268249999999760860e+02 1.494176897608588961e-01 1.799079624387335194e-02
1.269750000000026660e+02 1.474701966737636816e-01 1.793619191135152960e-02
1.271250000000000000e+02 1.454810314394955895e-01 1.789099528506005524e-02
1.272749999999971209e+02 1.434763031163572566e-01 1.766747800608479968e-02
1.274250000000240277e+02 1.415285810751611140e-01 1.744007813661693426e-02
1.275749999999759439e+02 1.392852248012243777e-01 1.726297045183679962e-02
1.277250000000031918e+02 1.376433057818577388e-01 1.719721433097821939e-02
1.278750000000000000e+02 1.353628310281046743e-01 1.716704242609429568e-02
1.280249999999965951e+02 1.334689483211796146e-01 1.709990019516344217e-02
1.281750000000241414e+02 1.318774519990687233e-01 1.687292869553849370e-02
1.283249999999758018e+02 1.301387400873872946e-01 1.672615211493452131e-02
1.284750000000037176e+02 1.282010269917500944e-01 1.671441067632856159e-02
1.286250000000000000e+02 1.264167984653727095e-01 1.647895456891413854e-02
1.287749999999960835e+02 1.242497526572174660e-01 1.635220745545129181e-02
1.289250000000242835e+02 1.225904060366313497e-01 1.602249896566810411e-02
1.290749999999756881e+02 1.205386255843202553e-01 1.627833534816363129e-02
1.292250000000042292e+02 1.187298683909358832e-01 1.618775188117963990e-02
1.293750000000000000e+02 1.165308033370680840e-01 1.580917592720236173e-02
1.295249999999955719e+02 1.149215365669195854e-01 1.562861324604325128e-02
1.296750000000243972e+02 1.130402493883482101e-01 1.552352675771666302e-02
1.298249999999755460e+02 1.114149620412576147e-01 1.533213812023201394e-02
1.299750000000047692e+02 1.094008751912779187e-01 1.517413353073201847e-02
1.301250000000000000e+02 1.073830676879642260e-01 1.520310166109027292e-02
1.302749999999950319e+02 1.054616746163042490e-01 1.513400276301393385e-02
1.304250000000245393e+02 1.038919298602830471e-01 1.483894837743344151e-02
1.305749999999754323e+02 1.020599792450569143e-01 1.472932232677881537e-02
1.307250000000052523e+02 1.000521456413883958e-01 1.469834849602545679e-02
1.308750000000000000e+02 9.837703954349986957e-02 1.442872753578336095e-02
1.310249999999945487e+02 9.650149704374437476e-02 1.436926493579038233e-02
1.311750000000246530e+02 9.482607603048688605e-02 1.425977052988339384e-02
1.313249999999753186e+02 9.306540877613338203e-02 1.397066512928961564e-02
1.314750000000057639e+02 9.117949040665190852e-02 1.398585846682570862e-02
1.316250000000000000e+02 8.936571844032718814e-02 1.382268126962571918e-02
1.317749999999940655e+02 8.777216697086644148e-02 1.374435233265466384e-02
1.319250000000247951e+02 8.573218441413450741e-02 1.342071486437582291e-02
1.320749999999751765e+02 8.440458530467787046e-02 1.346744715454629981e-02
1.322250000000062471e+02 8.230766100934322482e-02 1.331077585489767560e-02
1.323750000000000000e+02 8.102283588731938602e-02 1.315310908932940115e-02
1.325249999999935540e+02 7.911360296978979523e-02 1.291410898259430333e-02
1.326750000000249088e+02 7.742347709323416094e-02 1.273177162190888660e-02
1.328249999999750628e+02 7.564636773187484453e-02 1.241124766624412609e-02
1.329750000000067303e+02 7.399302426399451127e-02 1.252540276400180078e-02
1.331250000000000000e+02 7.243710103756427487e-02 1.229047367922323809e-02
1.332749999999930424e+02 7.074512717380772309e-02 1.217640505417197025e-02
1.334250000000250225e+02 6.916971408470426463e-02 1.204237350751308742e-02
1.335749999999749491e+02 6.749243854669290110e-02 1.202697273573338256e-02
1.337250000000072134e+02 6.571146240973325947e-02 1.171831406875100713e-02
1.338750000000000000e+02 6.433818926608780853e-02 1.158027631831471359e-02
1.340249999999925876e+02 6.240086861983657612e-02 1.140185757489767769e-02
1.341750000000251362e+02 6.100337626822243536e-02 1.120103339083134211e-02
1.343249999999748354e+02 5.922943715941803022e-02 1.120184050520901982e-02
1.344750000000077250e+02 5.746308177610964796e-02 1.082253664838862643e-02
1.346250000000000000e+02 5.633249369094199543e-02 1.071428764466012158e-02
1.347749999999921044e+02 5.442291438931448622e-02 1.071950449330066023e-02
1.349250000000252783e+02 5.292660297900339539e-02 1.042780071024322457e-02
1.350749999999746933e+02 5.150588132191796092e-02 1.031965646367872386e-02
1.352250000000081798e+02 4.980436551738492285e-02 1.027126995977331245e-02
1.353750000000000000e+02 4.835993072552679378e-02 1.004433097747096937e-02
1.355249999999916213e+02 4.656353302247196596e-02 9.844841552449063934e-03
1.356750000000253920e+02 4.512304835608745707e-02 9.654612333525660131e-03
1.358249999999746080e+02 4.336190394774192686e-02 9.319209842569949748e-03
1.359750000000086345e+02 4.197731614018970769e-02 9.299112242869705253e-03
1.361250000000000000e+02 4.052809494171192434e-02 9.082148113899244160e-03
1.362749999999911665e+02 3.890890992731727699e-02 8.997369645557971515e-03
1.364250000000255056e+02 3.732235779520516605e-02 8.807172491796647074e-03
1.365749999999744659e+02 3.577625358399046107e-02 8.555140882635214189e-03
1.367250000000091177e+02 3.436510437101481658e-02 8.346637972691351576e-03
1.368750000000000000e+02 3.273199909241384514e-02 8.195833376719193625e-03
1.370249999999907118e+02 3.127760897614569741e-02 8.021786356192462178e-03
1.371750000000256193e+02 2.976034618962028130e-02 7.735985344038503325e-03
1.373249999999743522e+02 2.806796864612520759e-02 7.511453284198605154e-03
1.374750000000095724e+02 2.670106244210458668e-02 7.379750538999192526e-03
1.376250000000000000e+02 2.516644462932478982e-02 7.193072101963147134e-03
1.377749999999902286e+02 2.382798996418833762e-02 7.057893377511506409e-03
1.379250000000257330e+02 2.228383611144042070e-02 6.728599343667614370e-03
1.380749999999742386e+02 2.070179864446055479e-02 6.505724601555594455e-03
1.382250000000100272e+02 1.928213671154480058e-02 6.269531762489429297e-03
1.383750000000000000e+02 1.780671715885574075e-02 5.999427092455118099e-03
1.385249999999898023e+02 1.632075933532372430e-02 5.761536595798328469e-03
1.386750000000258467e+02 1.498175196565632028e-02 5.487523302471535025e-03
1.388249999999741249e+02 1.350862520694255837e-02 5.211552693794950682e-03
1.389750000000104535e+02 1.204977591817952241e-02 4.894896253996857544e-03
1.391250000000000000e+02 1.052232708202781829e-02 4.619966122484811880e-03
1.392749999999893475e+02 9.191108264657688043e-03 4.349972246812131189e-03
1.394250000000259604e+02 7.709648020803525938e-03 3.943126288744566374e-03
1.395749999999740112e+02 6.313143156260885534e-03 3.583880426227752537e-03
1.397250000000109367e+02 4.877045033260311163e-03 3.165032057417368951e-03
1.398750000000000000e+02 3.435317216182915551e-03 2.607775197166583084e-03
1.400249999999889212e+02 2.102472683716579641e-03 2.057788743211361442e-03
1.401750000000260741e+02 6.408516221287091251e-04 1.138413956729237946e-03
