# Radius RDF_mean RDF_std
7.500000000000896228e-02 9.157150555544585346e-02 5.890060802995497058e-01
2.249999999999577616e-01 1.020198612495714779e-01 3.590878720949993719e-01
3.750000000000000000e-01 9.900093461112072224e-02 2.744389580101165849e-01
5.249999999999700462e-01 9.964069585888175873e-02 2.308315907997130489e-01
6.750000000001169509e-01 1.066069034540584742e-01 2.073518910932624915e-01
8.249999999998777200e-01 1.122480422421578555e-01 2.000940255993024497e-01
9.750000000001839418e-01 1.160627534937522937e-01 1.840698595676127924e-01
1.125000000000000000e+00 1.221430342272685904e-01 1.768556396575889089e-01
1.274999999999773648e+00 1.287946844725156026e-01 1.675931265604141407e-01
1.424999999999764455e+00 1.408843267868890303e-01 1.694135826637817865e-01
1.575000000000282396e+00 1.493442765328110988e-01 1.635668252039144677e-01
1.725000000000170397e+00 1.658626740466699889e-01 1.646108668082041371e-01
1.875000000000000000e+00 1.791184440150146162e-01 1.656621914190144484e-01
2.025000000000070521e+00 1.944345006117159935e-01 1.646238012408865192e-01
2.174999999999594813e+00 2.140480493923150318e-01 1.680457022222821006e-01
2.325000000000426059e+00 2.345511875474190211e-01 1.700363280447491909e-01
2.474999999999678124e+00 2.618309657432475457e-01 1.720716578043183786e-01
2.625000000000000000e+00 2.845801340853332806e-01 1.755446382174805919e-01
2.775000000000444444e+00 3.193891175645668934e-01 1.795172804312120118e-01
2.924999999999512212e+00 3.522776047671351551e-01 1.855201938452763211e-01
3.075000000000499334e+00 3.909962544801869333e-01 1.906678470202486375e-01
3.224999999999414779e+00 4.374091446636669822e-01 1.944226484316392001e-01
3.375000000000000000e+00 4.884274526614197920e-01 2.026181063762023948e-01
3.525000000000659384e+00 5.410506090167019888e-01 2.090318085520465607e-01
3.674999999999857714e+00 6.042784974345828397e-01 2.154852579487860909e-01
3.825000000000022382e+00 6.815828298943449326e-01 2.237675959281168192e-01
3.974999999999250466e+00 7.694030287232073162e-01 2.334033700665760491e-01
4.125000000000000000e+00 8.882615208814205188e-01 2.467402245513643233e-01
4.275000000000798828e+00 1.019723316309182337e+00 2.629973207081166553e-01
4.425000000000374634e+00 1.121950390122133268e+00 2.673069988122894203e-01
4.574999999999541878e+00 1.162079816083240624e+00 2.692731569315144902e-01
4.724999999999138112e+00 1.144157179515113087e+00 2.596965450831133504e-01
4.875000000000000000e+00 1.113042262735542076e+00 2.527336685350931589e-01
5.025000000000897415e+00 1.068051131366202000e+00 2.441875313132222947e-01
5.175000000000743228e+00 1.031175376208443684e+00 2.338823613902326903e-01
5.324999999999196376e+00 1.012759226977946625e+00 2.304228261287335489e-01
5.474999999999057287e+00 9.951593376700705873e-01 2.252046840886215429e-01
5.625000000000000000e+00 9.947793826132127482e-01 2.228539654436041961e-01
5.775000000000969358e+00 9.998365789879790633e-01 2.201963401521460639e-01
5.925000000001017675e+00 1.023216008699823210e+00 2.185225248544689636e-01
6.074999999998936140e+00 1.041153886456965161e+00 2.198459689418616470e-01
6.224999999998995115e+00 1.047515392169272364e+00 2.164106128438203491e-01
6.375000000000000000e+00 1.029800759659198706e+00 2.121472927179304524e-01
6.525000000001025313e+00 1.005536698125519823e+00 2.058274249313725990e-01
6.675000000001229949e+00 9.808920222897559160e-01 2.018509959071248250e-01
6.824999999998733635e+00 9.658196432129909637e-01 1.981797818264133815e-01
6.974999999999387690e+00 9.577363051474641065e-01 1.961397493514276669e-01
7.125000000000000000e+00 9.549943884861606946e-01 1.938182965315636552e-01
7.275000000000346745e+00 9.594354412769110496e-01 1.919950025698789753e-01
7.425000000001398703e+00 9.740590881741779672e-01 1.902954798525368640e-01
7.574999999998571099e+00 9.921913310692326293e-01 1.889780189417442358e-01
7.725000000000012079e+00 1.002161598884110161e+00 1.879369431635849186e-01
7.875000000000000000e+00 1.006883217205022829e+00 1.877881553941836978e-01
8.024999999999771205e+00 1.005528306161464380e+00 1.877487347597222578e-01
8.175000000001539036e+00 1.000878575906605894e+00 1.836832245860982871e-01
8.324999999998437872e+00 1.002692106463848987e+00 1.834222954934415784e-01
8.475000000000525446e+00 1.006036506095004945e+00 1.830692154258099780e-01
8.625000000000000000e+00 1.011030255553528434e+00 1.832464621821147110e-01
8.774999999999291589e+00 1.015976847352061840e+00 1.798501663612450396e-01
8.925000000001652722e+00 1.021196585383393529e+00 1.780152154016739208e-01
9.074999999998325961e+00 1.027693901437199964e+00 1.756358935884755057e-01
9.225000000000957101e+00 1.037818067703790037e+00 1.786114327695405291e-01
9.375000000000000000e+00 1.033344511262136223e+00 1.749827237917817302e-01
9.524999999998890132e+00 1.030326720124250528e+00 1.740151517760057387e-01
9.675000000001750422e+00 1.029783202271509657e+00 1.729691965698895162e-01
9.824999999998231814e+00 1.022740691390938039e+00 1.702909563337732246e-01
9.975000000001321254e+00 1.021874557315719523e+00 1.692826320341224988e-01
1.012500000000000000e+01 1.016617770805094745e+00 1.670739863076132203e-01
1.027499999999854730e+01 1.016177751067369295e+00 1.658958663045368154e-01
1.042500000000183391e+01 1.008383202422674652e+00 1.659723847754110693e-01
1.057499999999815010e+01 1.009194270494625290e+00 1.605420768779607099e-01
1.072500000000163745e+01 1.003931541969314889e+00 1.608169572850675910e-01
1.087500000000000000e+01 1.003740453274821531e+00 1.588475027409740059e-01
1.102499999999824887e+01 1.002341052368679319e+00 1.579897661856937419e-01
1.117500000000190674e+01 1.002817645604725749e+00 1.582815049553897013e-01
1.132499999999808082e+01 9.986792523899415963e-01 1.562079819493901456e-01
1.147500000000190923e+01 9.973591036744501315e-01 1.556208981109462597e-01
1.162500000000000000e+01 9.960135715895945818e-01 1.553666376769770596e-01
1.177499999999798952e+01 9.931634631141726954e-01 1.539436501445772820e-01
1.192500000000196891e+01 9.931456681034348533e-01 1.525626090032913829e-01
1.207499999999801865e+01 9.930577067711562345e-01 1.510854583904161497e-01
1.222500000000215081e+01 9.946770603807300049e-01 1.515337184126456793e-01
1.237500000000000000e+01 9.939291945693391472e-01 1.516795747750920575e-01
1.252499999999776215e+01 9.975406811880610514e-01 1.489970356612295987e-01
1.267500000000202398e+01 9.997146027487356923e-01 1.469176306376929197e-01
1.282499999999796536e+01 1.002728393881602065e+00 1.487262719120897858e-01
1.297500000000236220e+01 1.003842537673776736e+00 1.471284618935357336e-01
1.312500000000000000e+01 1.005851416359757611e+00 1.451183159351488172e-01
1.327499999999756142e+01 1.011119838733753884e+00 1.453375632091564174e-01
1.342500000000173088e+01 1.011033066826902305e+00 1.444894943471785875e-01
1.357499999999841833e+01 1.008079111675452610e+00 1.429821306200949049e-01
1.372500000000255049e+01 1.012392238172320269e+00 1.452176253932257188e-01
1.387500000000000000e+01 1.013733446041152897e+00 1.417717934851272510e-01
1.402499999999738023e+01 1.013203251426611828e+00 1.427689946679207289e-01
1.417500000000102034e+01 1.014572715494778121e+00 1.403373601424288131e-01
1.432499999999911111e+01 1.015013965970524179e+00 1.406231932813526986e-01
1.447500000000271925e+01 1.013404170330885812e+00 1.390212620030689683e-01
1.462500000000000000e+01 1.014070043715536551e+00 1.380228423504358259e-01
1.477499999999721680e+01 1.013964329733306746e+00 1.395451040973915424e-01
1.492500000000038618e+01 1.011148919815049618e+00 1.378390744539277069e-01
1.507499999999973639e+01 1.010746016223003751e+00 1.373301232395013338e-01
1.522500000000287201e+01 1.010878104758176299e+00 1.342715653701852807e-01
1.537500000000000000e+01 1.009832817726556753e+00 1.360619106847567039e-01
1.552499999999706937e+01 1.010578696671306398e+00 1.355433154576250743e-01
1.567499999999980886e+01 1.006215391933013903e+00 1.343871072884270934e-01
1.582500000000029772e+01 1.002435046892429904e+00 1.335905486976818601e-01
1.597500000000300879e+01 1.002661739955078568e+00 1.321896068810470282e-01
1.612500000000000000e+01 1.000838706784265009e+00 1.301590747995609865e-01
1.627499999999693969e+01 1.000921315566108527e+00 1.307669736993984366e-01
1.642499999999928662e+01 9.987790238887753747e-01 1.291290840340959534e-01
1.657500000000081286e+01 9.977839618979280623e-01 1.296160820704674588e-01
1.672500000000313847e+01 9.960772031755197320e-01 1.265431965501788991e-01
1.687500000000000000e+01 9.971443424300570069e-01 1.277263851375950166e-01
1.702499999999681535e+01 9.953199088566097030e-01 1.274869233238787036e-01
1.717499999999880700e+01 9.961506246327526126e-01 1.271977177712318163e-01
1.732500000000128182e+01 9.953578862634915314e-01 1.271491817031874805e-01
1.747500000000325215e+01 9.957100989967767601e-01 1.253945937995155635e-01
1.762500000000000000e+01 9.954202025614619087e-01 1.252362699410342617e-01
1.777499999999670521e+01 9.961200672297522152e-01 1.242191914090857441e-01
1.792499999999837357e+01 9.975525043670611103e-01 1.238044612275247536e-01
1.807500000000171170e+01 9.966321702628998525e-01 1.233771645200560929e-01
1.822500000000335874e+01 9.987169530517419069e-01 1.242073497316899811e-01
1.837500000000000000e+01 1.000122383673630599e+00 1.226304393421257938e-01
1.852499999999660218e+01 1.000976728211031785e+00 1.223045478813080539e-01
1.867499999999797211e+01 9.988434253606305324e-01 1.218937757580271508e-01
1.882500000000210960e+01 1.000509865302069645e+00 1.204896731918407293e-01
1.897500000000345466e+01 1.003391582992908093e+00 1.221753881291314653e-01
1.912500000000000000e+01 1.001810621535424328e+00 1.203393111128776560e-01
1.927499999999650626e+01 1.001525438137665258e+00 1.206885303325248293e-01
1.942499999999759908e+01 1.003468024787269597e+00 1.210883656019365179e-01
1.957500000000247198e+01 9.998575889794124594e-01 1.198502546493142723e-01
1.972500000000354348e+01 1.004650354381282362e+00 1.199138595399240059e-01
1.987500000000000000e+01 1.002469095106255370e+00 1.186169050719943635e-01
2.002499999999642100e+01 1.003830601172003067e+00 1.177354777554308063e-01
2.017499999999725446e+01 1.001089345406686704e+00 1.168335502779658669e-01
2.032500000000281304e+01 1.001028783178277815e+00 1.170192921490140064e-01
2.047500000000362874e+01 1.002549107300418907e+00 1.173883223575342694e-01
2.062500000000000000e+01 9.992805017575470128e-01 1.155742015695547797e-01
2.077499999999633928e+01 1.002243611731322481e+00 1.163108224128390766e-01
2.092499999999693472e+01 9.982857745542698114e-01 1.158059203863855691e-01
2.107500000000312212e+01 9.977301591384591939e-01 1.146166451452547003e-01
2.122500000000370690e+01 9.978389790186362740e-01 1.149283830240743487e-01
2.137500000000000000e+01 9.968080109715368176e-01 1.145987745623767706e-01
2.152499999999626468e+01 9.954807497581438236e-01 1.128797346363462906e-01
2.167499999999663984e+01 9.955351601640600734e-01 1.136838436987228779e-01
2.182500000000341700e+01 9.954502421080793084e-01 1.117754225043964961e-01
2.197500000000377796e+01 9.984225084556106466e-01 1.127650232320626666e-01
2.212500000000000000e+01 9.947530637492314476e-01 1.120635263098633816e-01
2.227499999999619718e+01 9.950432875355637030e-01 1.126011321552829458e-01
2.242499999999636273e+01 9.970610981367137304e-01 1.111611585353803472e-01
2.257500000000369056e+01 9.975498352640038702e-01 1.111938695434238483e-01
2.272500000000384546e+01 9.966256519289165006e-01 1.078429177950281370e-01
2.287500000000000000e+01 9.968950660016026033e-01 1.102214751258817765e-01
2.302499999999612967e+01 9.977592316057566357e-01 1.107278589747934666e-01
2.317499999999610338e+01 9.963809824913607560e-01 1.102051815420085901e-01
2.332500000000394635e+01 9.973949987853282240e-01 1.090648304293272697e-01
2.347500000000390941e+01 9.982205081829307325e-01 1.088806379882147346e-01
2.362500000000000000e+01 9.987990178427273991e-01 1.075544949837357045e-01
2.377499999999606928e+01 9.978754546020001115e-01 1.073830803550868962e-01
2.392499999999586180e+01 9.994711416427618511e-01 1.068301729621160961e-01
2.407500000000418439e+01 9.963415743921062440e-01 1.082229958035138551e-01
2.422500000000396625e+01 9.975710437123402885e-01 1.078931304941389696e-01
2.437500000000000000e+01 9.979694255060275188e-01 1.067431996390716537e-01
2.452499999999600888e+01 9.975557303949306176e-01 1.054842669104074787e-01
2.467499999999563087e+01 9.988243839076419439e-01 1.056793794392566072e-01
2.482500000000441176e+01 9.975595756828089522e-01 1.058664159804894311e-01
2.497500000000402309e+01 9.981388101528211321e-01 1.046758337737758865e-01
2.512500000000000000e+01 9.986431788638309159e-01 1.046328295810432935e-01
2.527499999999595559e+01 9.983894791553118431e-01 1.041481209849048351e-01
2.542499999999541771e+01 9.966078281067096700e-01 1.044494183962772077e-01
2.557500000000462137e+01 9.971922908131166663e-01 1.042439709688217503e-01
2.572500000000407638e+01 9.957694758367163779e-01 1.033846081196479194e-01
2.587500000000000000e+01 9.973572651646779308e-01 1.022355539502227129e-01
2.602499999999590585e+01 9.962648820785601211e-01 1.043542870465213185e-01
2.617499999999521521e+01 9.969892805753894915e-01 1.021670056409021282e-01
2.632500000000482032e+01 9.978167220917065761e-01 1.031976540337691539e-01
2.647500000000383480e+01 9.969512882700453105e-01 1.024309907835505989e-01
2.662500000000000000e+01 9.964023883757558986e-01 1.027768506587840719e-01
2.677499999999647073e+01 9.983385704799137006e-01 1.015422438129649219e-01
2.692499999999502691e+01 9.973695274237627251e-01 1.017796869210533806e-01
2.707500000000501217e+01 9.956983352432955403e-01 1.001318374920739523e-01
2.722500000000308873e+01 9.973191909493633878e-01 1.013097363521545807e-01
2.737500000000000000e+01 9.971305425016646629e-01 1.003294028954552775e-01
2.752499999999719549e+01 9.961092960960854503e-01 9.978853951185540083e-02
2.767499999999484928e+01 1.000089408655362444e+00 1.006647044254848911e-01
2.782500000000518625e+01 9.985051229044048515e-01 1.010787944193917570e-01
2.797500000000238529e+01 9.988531322774103494e-01 9.913525718190058234e-02
2.812500000000000000e+01 9.959326557147000214e-01 9.936734899319792091e-02
2.827499999999788827e+01 9.944669002762464016e-01 9.931024865017733239e-02
2.842499999999467164e+01 9.969329926571510736e-01 9.918024378801100494e-02
2.857500000000536033e+01 9.974503191275293501e-01 1.000902020846684698e-01
2.872500000000171028e+01 9.975588591308961472e-01 9.796320965205330966e-02
2.887500000000000000e+01 9.988748651268649636e-01 9.867894767459059469e-02
2.902499999999854552e+01 9.963099562419083233e-01 9.774744667279554322e-02
2.917499999999451177e+01 9.970202391907297956e-01 9.643952278983550230e-02
2.932500000000552021e+01 9.967170784344459022e-01 9.764896184543747637e-02
2.947500000000107434e+01 9.986156863871821221e-01 9.679692206136827903e-02
2.962500000000000000e+01 9.991220111316070351e-01 9.754134886871958232e-02
2.977499999999917080e+01 9.979091648335799425e-01 9.602663149985216084e-02
2.992499999999435900e+01 9.982977246288863293e-01 9.409687570401510659e-02
3.007500000000566942e+01 9.978340312730908934e-01 9.674470852256635001e-02
3.022500000000047393e+01 9.982339786204253995e-01 9.549929675373430848e-02
3.037500000000000000e+01 9.976657631289890249e-01 9.612705734407500646e-02
3.052499999999976410e+01 9.992187145382532831e-01 9.697748100112704717e-02
3.067499999999420623e+01 9.992359091716295216e-01 9.504431396340504157e-02
3.082500000000581508e+01 9.985587439051033520e-01 9.486384554090471211e-02
3.097499999999989839e+01 9.984347960975760161e-01 9.507636337654652714e-02
3.112500000000000000e+01 9.996275663723656058e-01 9.469688433052916854e-02
3.127500000000032898e+01 9.993207379728263895e-01 9.440452401535937010e-02
3.142499999999406768e+01 9.984801121720733308e-01 9.348111854529350673e-02
3.157500000000595364e+01 1.000060643283342987e+00 9.331449960245809250e-02
3.172499999999935127e+01 1.000492663621282530e+00 9.490535006777291172e-02
3.187500000000000000e+01 9.985213574485526378e-01 9.415289531066850515e-02
3.202500000000086544e+01 9.992899397966770181e-01 9.332306163357935447e-02
3.217499999999394333e+01 1.000169760405132280e+00 9.325674653435236938e-02
3.232500000000609219e+01 9.983312534528108184e-01 9.281395027504778239e-02
3.247499999999882903e+01 1.000316072902919684e+00 9.325420568380310415e-02
3.262500000000000000e+01 9.989770103081568875e-01 9.192116022742387316e-02
3.277500000000137703e+01 1.000244872742876101e+00 9.237932388728990751e-02
3.292499999999381544e+01 9.992169269139127286e-01 9.173500211961968520e-02
3.307500000000621299e+01 9.990742690565507234e-01 9.178898119678655099e-02
3.322499999999832454e+01 1.000289611637289022e+00 9.135837590085178761e-02
3.337500000000000000e+01 9.982525887318717261e-01 9.152323599985129343e-02
3.352500000000186731e+01 9.998823588834427900e-01 9.150558680336434714e-02
3.367499999999368754e+01 9.980184632194822880e-01 9.033526916670642226e-02
3.382500000000633378e+01 9.994791906283091443e-01 8.987460074137371135e-02
3.397499999999784848e+01 9.991840083987768573e-01 9.189377496034926984e-02
3.412500000000000000e+01 9.979173392782395569e-01 9.076942319863803843e-02
3.427500000000233626e+01 1.001382948094226011e+00 8.952613406191091416e-02
3.442499999999357385e+01 9.984967110055561479e-01 9.021784427626584890e-02
3.457500000000644746e+01 9.984146811407631494e-01 8.969180995211567531e-02
3.472499999999739373e+01 9.986431328901855808e-01 9.046355596537905552e-02
3.487500000000000000e+01 9.969070166222715468e-01 8.864826210264359352e-02
3.502500000000278391e+01 9.999462928528128902e-01 8.933663933374079436e-02
3.517499999999346016e+01 9.998214527895196158e-01 8.939080164262881711e-02
3.532500000000656115e+01 9.987037660366808733e-01 8.838295287300150516e-02
3.547499999999695319e+01 9.985211383243326466e-01 8.877058156117097198e-02
3.562500000000000000e+01 9.985010535362864870e-01 8.863271612016079826e-02
3.577500000000321734e+01 1.000623696869589185e+00 8.841415895097662347e-02
3.592499999999336069e+01 9.994553218154045293e-01 8.778798923770118889e-02
3.607500000000666773e+01 1.001449157391066658e+00 8.827146867457895396e-02
3.622499999999653397e+01 1.000885294924013014e+00 8.763873125937630959e-02
3.637500000000000000e+01 1.000019348400298380e+00 8.767577260767922542e-02
3.652500000000362235e+01 9.989531890294871541e-01 8.743920474603883441e-02
3.667499999999325411e+01 9.994641911429585912e-01 8.610442375482757482e-02
3.682500000000676721e+01 9.998665277934157825e-01 8.745083011788093441e-02
3.697499999999613607e+01 9.981783851734061797e-01 8.726114267734619290e-02
3.712500000000000000e+01 1.000050781928244259e+00 8.695919374749466746e-02
3.727500000000402736e+01 1.000255761906907015e+00 8.651518093060148185e-02
3.742499999999315463e+01 9.998889672063859813e-01 8.632796741141247898e-02
3.757500000000686668e+01 9.996531042702793135e-01 8.659290124200405558e-02
3.772499999999575238e+01 9.996950485199719294e-01 8.504047709197809501e-02
3.787500000000000000e+01 1.000171736467108774e+00 8.572609087344799927e-02
3.802500000000440394e+01 9.999311335042648796e-01 8.609726991143841490e-02
3.817499999999306226e+01 9.998426351584144278e-01 8.492924370455802452e-02
3.832500000000695906e+01 9.998406266518700125e-01 8.570250083311629907e-02
3.847499999999537579e+01 9.997362987819574665e-01 8.570739161165377706e-02
3.862500000000000000e+01 1.000387983206858955e+00 8.529294117708433043e-02
3.877500000000476632e+01 9.993579092678875897e-01 8.501084295214784980e-02
3.892499999999297700e+01 1.001010959082365259e+00 8.506980955889287266e-02
3.907500000000705143e+01 9.998353780947705216e-01 8.530816675914455749e-02
3.922499999999502052e+01 1.000915544108303745e+00 8.482971517270303241e-02
3.937500000000000000e+01 9.993456701357154026e-01 8.495768170991187251e-02
3.952500000000512159e+01 9.990683263270266901e-01 8.450673922150440942e-02
3.967499999999288463e+01 1.000570500239470695e+00 8.466572285999149350e-02
3.982500000000712959e+01 9.988198579248140918e-01 8.287774080824325540e-02
3.997499999999467946e+01 9.996852573570099709e-01 8.294050252018451974e-02
4.012500000000000000e+01 9.992877472510118819e-01 8.324652896520340351e-02
4.027500000000545555e+01 9.996478535554276235e-01 8.323436945774301265e-02
4.042499999999279936e+01 1.000490839610740590e+00 8.288114603716778550e-02
4.057500000000721485e+01 9.990785226189549117e-01 8.246410263867964829e-02
4.072499999999434550e+01 9.995658524881610996e-01 8.300806516371515842e-02
4.087500000000000000e+01 1.000078421920101102e+00 8.237774462605144954e-02
4.102500000000578240e+01 9.991562542442812278e-01 8.326839217605146171e-02
4.117499999999272120e+01 9.985197196787459761e-01 8.277428835328984325e-02
4.132500000000730012e+01 1.001509252748367995e+00 8.252925325606873252e-02
4.147499999999402576e+01 9.988751894523327790e-01 8.224506475987153342e-02
4.162500000000000000e+01 9.993976895970024810e-01 8.357995238395092563e-02
4.177500000000609504e+01 9.996396834971696954e-01 8.285540184393307139e-02
4.192499999999264304e+01 9.988305396031703642e-01 8.198271886828113753e-02
4.207500000000737828e+01 9.998135897528503957e-01 8.096934651257235716e-02
4.222499999999372022e+01 9.994379180575901911e-01 8.132081517469123833e-02
4.237500000000000000e+01 1.000429699864464173e+00 8.036549724303412856e-02
4.252500000000640057e+01 1.000351613282477903e+00 8.090557608273125922e-02
4.267499999999256488e+01 9.998067316743937116e-01 8.136661434259881420e-02
4.282500000000744933e+01 9.990090671751243878e-01 8.017639975062186564e-02
4.297499999999342180e+01 9.987511098610778459e-01 8.107248029019942237e-02
4.312500000000000000e+01 9.981819961495570492e-01 8.112487799602061123e-02
4.327500000000669900e+01 9.985346762500036943e-01 7.972861534887851209e-02
4.342499999999249383e+01 9.974282501441377180e-01 8.057326313290677500e-02
4.357500000000752038e+01 1.000279904576945045e+00 8.041006897113778251e-02
4.372499999999313758e+01 9.985549685514728546e-01 8.005143479471955870e-02
4.387500000000000000e+01 9.981849652850937060e-01 7.987023140627293183e-02
4.402500000000697611e+01 9.963387448887826014e-01 7.893227497968269279e-02
4.417499999999242277e+01 9.988604706098557218e-01 8.042784024765761708e-02
4.432500000000759144e+01 9.987692387438162900e-01 7.825216686529316845e-02
4.447499999999286047e+01 9.986136483660477126e-01 7.971822606780891440e-02
4.462500000000000000e+01 9.997578053469139414e-01 7.961507217731988995e-02
4.477500000000724611e+01 9.991840955488785481e-01 7.783987703695009752e-02
4.492499999999235882e+01 9.994579837316739379e-01 7.906788428293971827e-02
4.507500000000766249e+01 9.979766375640830578e-01 7.848710117405398312e-02
4.522499999999259757e+01 9.975150906878613721e-01 7.755966684366427666e-02
4.537500000000000000e+01 9.982293786428416693e-01 7.824128170432657903e-02
4.552500000000750902e+01 1.000020702444230025e+00 7.850601368193636798e-02
4.567499999999228777e+01 9.985268962562449113e-01 7.759662489261459628e-02
4.582500000000772644e+01 9.983188308533894606e-01 7.831268861871912290e-02
4.597499999999233466e+01 9.993187529806903946e-01 7.725738974140070048e-02
4.612500000000000000e+01 9.996935632427786933e-01 7.782204315632954006e-02
4.627500000000776481e+01 9.995566557369800487e-01 7.768766606345284265e-02
4.642499999999223093e+01 1.000437939835680856e+00 7.709208104393446004e-02
4.657500000000779039e+01 1.000107226719444631e+00 7.710970721791839122e-02
4.672499999999207887e+01 9.978296188867318284e-01 7.725942456539115766e-02
4.687500000000000000e+01 1.000126055983417528e+00 7.818591936104535289e-02
4.702500000000801350e+01 1.001747834184415042e+00 7.730810350485632643e-02
4.717499999999216698e+01 1.000977919016884155e+00 7.703556393495121501e-02
4.732500000000784723e+01 1.000634421785120409e+00 7.668921338965994927e-02
4.747499999999183729e+01 1.000054319845705919e+00 7.644498738288027506e-02
4.762500000000000000e+01 9.997676899880697521e-01 7.755757267433491253e-02
4.777500000000825509e+01 1.000053035723413863e+00 7.686975371152879322e-02
4.792499999999211013e+01 1.002213405939178514e+00 7.758967660347949880e-02
4.807500000000790408e+01 1.002173884496998735e+00 7.649258036640112224e-02
4.822499999999160281e+01 9.987458458402126427e-01 7.558864882934396290e-02
4.837500000000000000e+01 1.000544119780891084e+00 7.608123784325891703e-02
4.852500000000848956e+01 1.000654392474960019e+00 7.638063619892503098e-02
4.867499999999204618e+01 1.000671306654730142e+00 7.582823646675214413e-02
4.882500000000796092e+01 1.001067863466439389e+00 7.592902607501024470e-02
4.897499999999137543e+01 1.001572947605479325e+00 7.503240858418760983e-02
4.912500000000000000e+01 1.000068449454974751e+00 7.593246105287111691e-02
4.927500000000870983e+01 1.002422508018004033e+00 7.523817995649734192e-02
4.942499999999198934e+01 1.001337806914867290e+00 7.472534919137545362e-02
4.957500000000802487e+01 9.993288067672972952e-01 7.513060515739232448e-02
4.972499999999115516e+01 1.001254962614390287e+00 7.560617205927760986e-02
4.987500000000000000e+01 1.001150519219808022e+00 7.456375872975555541e-02
5.002500000000893010e+01 1.000956149922161753e+00 7.501065028767135712e-02
5.017499999999193960e+01 1.002424901557389836e+00 7.478988683144263683e-02
5.032500000000807461e+01 1.001658721535337637e+00 7.513657217572621005e-02
5.047499999999094200e+01 1.001457550570040045e+00 7.421117936405778603e-02
5.062500000000000000e+01 1.001022771165443581e+00 7.425220317981319484e-02
5.077500000000914326e+01 1.001466555052702656e+00 7.471939669153598862e-02
5.092499999999188276e+01 1.001093918060762311e+00 7.364260297469132910e-02
5.107500000000812435e+01 1.000373616846011338e+00 7.329589272974473824e-02
5.122499999999072884e+01 1.001368775222366336e+00 7.418546230678386977e-02
5.137500000000000000e+01 1.000389426256244052e+00 7.300649933006271575e-02
5.152500000000934932e+01 1.000770777503383391e+00 7.426793022498670571e-02
5.167499999999183302e+01 9.998561866092313677e-01 7.292913441631311555e-02
5.182500000000818119e+01 9.999835502791237785e-01 7.441642837417007661e-02
5.197499999999052989e+01 9.995022419247295842e-01 7.373305365580029580e-02
5.212500000000000000e+01 1.000999468206334564e+00 7.291050487072651964e-02
5.227500000000954827e+01 1.000606545688742299e+00 7.342577729343026383e-02
5.242499999999178328e+01 1.001869919958659150e+00 7.291625210204377705e-02
5.257500000000806040e+01 1.000959098044690299e+00 7.264363550060340402e-02
5.272499999999033804e+01 1.001304598623114162e+00 7.256432112556598923e-02
5.287500000000000000e+01 1.001972660661638148e+00 7.160176876991285189e-02
5.302500000000974723e+01 9.995125208757608126e-01 7.303073972080575960e-02
5.317499999999255778e+01 1.000847374258249767e+00 7.250729160019599162e-02
5.332500000000729301e+01 9.993434479443957796e-01 7.279811079223921788e-02
5.347499999999015330e+01 1.000038393619859578e+00 7.234457298933566483e-02
5.362500000000000000e+01 1.000151074610945656e+00 7.240900163527776157e-02
5.377500000000993197e+01 1.001028854470362495e+00 7.227108838699097815e-02
5.392499999999331095e+01 1.000657116266437718e+00 7.161577942184763068e-02
5.407500000000654694e+01 1.000454977278644186e+00 7.088596374600598937e-02
5.422499999998996145e+01 1.001052227824225094e+00 7.280213193865824051e-02
5.437500000000000000e+01 1.000366234314210123e+00 7.227244973022338426e-02
5.452500000001011671e+01 1.000267839461938868e+00 7.178411285366635697e-02
5.467499999999403570e+01 1.001011509969199187e+00 7.162234631315982092e-02
5.482500000000581508e+01 9.997699126204707687e-01 7.146742095304589593e-02
5.497499999998977671e+01 1.001431712020760312e+00 7.105578135081332125e-02
5.512500000000000000e+01 1.000039504871038432e+00 7.125750173509787233e-02
5.527500000001029434e+01 9.996935212330514409e-01 7.135719151891405099e-02
5.542499999999475335e+01 9.997602211360409052e-01 7.171005426775121927e-02
5.557500000000510454e+01 1.000877500503457362e+00 7.128748242545063230e-02
5.572499999998960618e+01 1.000655701881256965e+00 7.077365644719668669e-02
5.587500000000000000e+01 1.001499112915746226e+00 7.087458980224572991e-02
5.602500000001046487e+01 1.001777739493707520e+00 7.148210111293563929e-02
5.617499999999544258e+01 1.001099657441274715e+00 7.021630195561141818e-02
5.632500000000441531e+01 1.002709176228295807e+00 7.058317456684058688e-02
5.647499999998942855e+01 1.001657319802463197e+00 7.092355145838460939e-02
5.662500000000000000e+01 1.002320247150736865e+00 7.014629130337121654e-02
5.677500000001062830e+01 1.001256949191079659e+00 7.109604801209576386e-02
5.692499999999611759e+01 1.000804149205370530e+00 7.018371250290417196e-02
5.707500000000374030e+01 1.002220216277616816e+00 7.021760725947408244e-02
5.722499999998926512e+01 1.001143874585267213e+00 6.904967162189697139e-02
5.737500000000000000e+01 1.002213728179429220e+00 7.065288825788404448e-02
5.752500000001079172e+01 1.000115529058130059e+00 6.976113162770201936e-02
5.767499999999677129e+01 1.001487981522675375e+00 6.926453104324030441e-02
5.782500000000310081e+01 1.001132217396816237e+00 7.053337005177519325e-02
5.797499999998910170e+01 1.002728166061411796e+00 6.987846863514111939e-02
5.812500000000000000e+01 1.001343376944990871e+00 6.919819817111418081e-02
5.827500000001095515e+01 1.001705249341814596e+00 6.891678697720735047e-02
5.842499999999741078e+01 1.000528167295859472e+00 6.914416617158440637e-02
5.857500000000246132e+01 1.000939078220653533e+00 7.006269499871189965e-02
5.872499999998893827e+01 1.000859822344128736e+00 6.972842386200329978e-02
5.887500000000000000e+01 1.000425477683849484e+00 6.911966110623397885e-02
5.902500000001111857e+01 1.000567163204925558e+00 6.913344314752825626e-02
5.917499999999803606e+01 1.001193551138064741e+00 6.868229110035706242e-02
5.932500000000184315e+01 1.000695335548563047e+00 6.864424447490441450e-02
5.947499999998878906e+01 1.000228693618405718e+00 6.751152003703828064e-02
5.962500000000000000e+01 1.000859741028309102e+00 6.779144783602146507e-02
5.977500000001126779e+01 1.001459925413641372e+00 6.799164967534754300e-02
5.992499999999864002e+01 9.999123221916541571e-01 6.774611083805934242e-02
6.007500000000123919e+01 1.000360412300798751e+00 6.825008735936383131e-02
6.022499999998863984e+01 9.992313870770435091e-01 6.784699756162590467e-02
6.037500000000000000e+01 1.000819907588033519e+00 6.817088585464535500e-02
6.052500000001142411e+01 1.000215532047794120e+00 6.780600563955685445e-02
6.067499999999923688e+01 9.994200579598638834e-01 6.798807665975632741e-02
6.082500000000064944e+01 1.000285506016036052e+00 6.764846212475664200e-02
6.097499999998849773e+01 1.000481455527649111e+00 6.793265465328345021e-02
6.112500000000000000e+01 9.994030066033484649e-01 6.798232932086423208e-02
6.127500000001155911e+01 1.000286804219611581e+00 6.747887876170796662e-02
6.142499999999980531e+01 9.995165837796622377e-01 6.714510940685346208e-02
6.157500000000007390e+01 9.984414258769421791e-01 6.717365017039574060e-02
6.172499999998834852e+01 9.997480016849105144e-01 6.680482769261866793e-02
6.187500000000000000e+01 1.000256482372974931e+00 6.812325900777335685e-02
6.202500000001170122e+01 9.990457751551062859e-01 6.674913586541486588e-02
6.217500000000037375e+01 1.000278741625331591e+00 6.786945189734247541e-02
6.232499999999951967e+01 1.001156384871488170e+00 6.705516530979736822e-02
6.247499999998820641e+01 9.997687993924011529e-01 6.670485792456104512e-02
6.262500000000000000e+01 9.992933868484787929e-01 6.592235198698756515e-02
6.277500000001184333e+01 9.999290158925612237e-01 6.590739059180088233e-02
6.292500000000092086e+01 9.983063277789386847e-01 6.698312081326206202e-02
6.307499999999897256e+01 9.989264485470686905e-01 6.627539906403889791e-02
6.322499999998807851e+01 9.989300315461833168e-01 6.594509500690294568e-02
6.337500000000000000e+01 9.998024396749217724e-01 6.521104439785352369e-02
6.352500000001197833e+01 1.000133656290890016e+00 6.563077535664040008e-02
6.367500000000146798e+01 1.000030466296882414e+00 6.455143363939588874e-02
6.382499999999843254e+01 9.995649702325092312e-01 6.629873709022894579e-02
6.397499999998793641e+01 9.996001043892032145e-01 6.579906174491617632e-02
6.412500000000000000e+01 9.991460192347503266e-01 6.608816630391912972e-02
6.427500000001211333e+01 9.997782486246105105e-01 6.646725800295986974e-02
6.442500000000200089e+01 9.998089400193945764e-01 6.535548570224361531e-02
6.457499999999791385e+01 1.000443573837632050e+00 6.592094941308379585e-02
6.472499999998781561e+01 1.000796062443634282e+00 6.596861145210038135e-02
6.487500000000000000e+01 9.997969936946180525e-01 6.520073045031285486e-02
6.502500000001224123e+01 9.999885665290939585e-01 6.606324566413730726e-02
6.517500000000251248e+01 1.001044086838722258e+00 6.524982581480606725e-02
6.532499999999740226e+01 9.998325702853737562e-01 6.475946688540058782e-02
6.547499999998768772e+01 1.000339651141815445e+00 6.459954826048520948e-02
6.562500000000000000e+01 1.000638171100449947e+00 6.576954811959220826e-02
6.577500000001236913e+01 9.990776472864528746e-01 6.546188814804265732e-02
6.592500000000300986e+01 9.998272579237749147e-01 6.540217927434657796e-02
6.607499999999690488e+01 9.999491946345637761e-01 6.509493358778452310e-02
6.622499999998755982e+01 1.000595032626920400e+00 6.434781333611655496e-02
6.637500000000000000e+01 1.000644203274935862e+00 6.546551205226809611e-02
6.652500000001249703e+01 1.000181354987652149e+00 6.501762603848902644e-02
6.667500000000349303e+01 9.994470624052074204e-01 6.473638035125826862e-02
6.682499999999640750e+01 1.001031436217373782e+00 6.497903661300521994e-02
6.697499999998743192e+01 1.000372300983182194e+00 6.455087223807186303e-02
6.712500000000000000e+01 1.001068689226725761e+00 6.469563460184195314e-02
6.727500000001261071e+01 1.000643986451007938e+00 6.474480137179519645e-02
6.742500000000397620e+01 1.000017306557220653e+00 6.461805250848672022e-02
6.757499999999593854e+01 9.999732963884961912e-01 6.414313612761439465e-02
6.772499999998731823e+01 9.994902155503976315e-01 6.452478048431514734e-02
6.787500000000000000e+01 1.000104218812039703e+00 6.412872128074305345e-02
6.802500000001272440e+01 9.996866249035515350e-01 6.352094460775530027e-02
6.817500000000444516e+01 9.986823773804852644e-01 6.355196898224568791e-02
6.832499999999546958e+01 1.000732529203715693e+00 6.360216856469459723e-02
6.847499999998720455e+01 1.001834575929592797e+00 6.358413826895872867e-02
6.862500000000000000e+01 9.995301360121117140e-01 6.370442236139850500e-02
6.877500000001283809e+01 1.000392508981432282e+00 6.323605655262970471e-02
6.892500000000489990e+01 9.998181899651488180e-01 6.297200384490865555e-02
6.907499999999501483e+01 1.000658267755578867e+00 6.403007267393676094e-02
6.922499999998709086e+01 1.000266545579548971e+00 6.325113373203787581e-02
6.937500000000000000e+01 9.998663489144845595e-01 6.408304854992442900e-02
6.952500000001295177e+01 1.000632674840767233e+00 6.335515705529104480e-02
6.967500000000535465e+01 1.000465011787954550e+00 6.361159518855422079e-02
6.982499999999456008e+01 1.001246250910680091e+00 6.284873706988937381e-02
6.997499999998697717e+01 1.000406968235610927e+00 6.294508098060218326e-02
7.012500000000000000e+01 1.000279194415581774e+00 6.323967977400825335e-02
7.027500000001306546e+01 1.000521988808256602e+00 6.390071101775676721e-02
7.042500000000579519e+01 1.000674840444565117e+00 6.273232722304751541e-02
7.057499999999413376e+01 1.000035373905571179e+00 6.315730704246694249e-02
7.072499999998686349e+01 1.000975261966433383e+00 6.389570237677985598e-02
7.087500000000000000e+01 9.991983057950223346e-01 6.255220143175822811e-02
7.102500000001316494e+01 9.998393535592914327e-01 6.239779326949941585e-02
7.117500000000620730e+01 1.001490749851538853e+00 6.220446674059945669e-02
7.132499999999369322e+01 1.001182042062616961e+00 6.234454810756710763e-02
7.147499999998676401e+01 1.001713973167358329e+00 6.236004212320703233e-02
7.162500000000000000e+01 1.002106572939522655e+00 6.236871984853932516e-02
7.177500000001327862e+01 1.001726646144315058e+00 6.219204410367219077e-02
7.192500000000663363e+01 1.002081274903665831e+00 6.206475157266821974e-02
7.207499999999328111e+01 1.001883423516241267e+00 6.230977862265019845e-02
7.222499999998666453e+01 1.001948051924688610e+00 6.128352031462571542e-02
7.237500000000000000e+01 1.001486233617519650e+00 6.179553263528981405e-02
7.252500000001337810e+01 1.000067558096449982e+00 6.068143004145447328e-02
7.267500000000704574e+01 1.000934445475679446e+00 6.260910326642803170e-02
7.282499999999286899e+01 1.001041595853567223e+00 6.243923292856616569e-02
7.297499999998655085e+01 1.000798792130746850e+00 6.182534474632678245e-02
7.312500000000000000e+01 1.002069890711697386e+00 6.151687640422229958e-02
7.327500000001347757e+01 1.001589142763517293e+00 6.040281647082448163e-02
7.342500000000745786e+01 1.001489711090655765e+00 6.178860297136670038e-02
7.357499999999247109e+01 1.002340737140308802e+00 6.270706642867997227e-02
7.372499999998646558e+01 1.001233905501337729e+00 6.216070384741741867e-02
7.387500000000000000e+01 1.001606869315216697e+00 6.133505319104436831e-02
7.402500000001359126e+01 1.001155145589498696e+00 6.186833187116255739e-02
7.417500000000785576e+01 1.001900119191979632e+00 6.032508797421472918e-02
7.432499999999207319e+01 1.001599867606186356e+00 6.176399261984076572e-02
7.447499999998635190e+01 1.001955363154912515e+00 6.142370144747182070e-02
7.462500000000000000e+01 1.001645108663968164e+00 6.187865389299176261e-02
7.477500000001367653e+01 1.001340642056147701e+00 6.169520921640729572e-02
7.492500000000823945e+01 1.001449114310155819e+00 6.149337389737724591e-02
7.507499999999168949e+01 1.000693067269315728e+00 6.140349293377353468e-02
7.522499999998626663e+01 1.000858527339473447e+00 6.105198356505712326e-02
7.537500000000000000e+01 1.001500338207282459e+00 6.099786781907569344e-02
7.552500000001377600e+01 1.002779137141150745e+00 6.073848924476582534e-02
7.567500000000862315e+01 1.001942149107476032e+00 6.149780985208961465e-02
7.582499999999130580e+01 1.001151602091453041e+00 6.076173172297601177e-02
7.597499999998616715e+01 1.001477087178698433e+00 6.101006083152166887e-02
7.612500000000000000e+01 1.002066540140317707e+00 6.076331377365181557e-02
7.627500000001386127e+01 1.002567579887996940e+00 6.072307039306888005e-02
7.642500000000899263e+01 1.002176164067972053e+00 6.037635972184420691e-02
7.657499999999093632e+01 1.001713964332819229e+00 6.077299476749729867e-02
7.672499999998608189e+01 1.001417387329945896e+00 6.079627848765386394e-02
7.687500000000000000e+01 1.001598931367110978e+00 5.970861569948664876e-02
7.702500000001396074e+01 1.002254726613644564e+00 6.034084239657871995e-02
7.717500000000934790e+01 1.002170252461431321e+00 5.963534384308369352e-02
7.732499999999058105e+01 1.001418024542253926e+00 6.000379771196052980e-02
7.747499999998598241e+01 1.001807825464950064e+00 5.926088550882585571e-02
7.762500000000000000e+01 1.000175438929964189e+00 5.935487576231265189e-02
7.777500000001404601e+01 9.998181445324140215e-01 6.058004442602302891e-02
7.792500000000971738e+01 1.001531838013429043e+00 6.024068712862984398e-02
7.807499999999021156e+01 1.001172026001099891e+00 5.989228461742397702e-02
7.822499999998589715e+01 1.001034457347626860e+00 6.063884229622248934e-02
7.837500000000000000e+01 1.000449507818658157e+00 5.967499614541431352e-02
7.852500000001413127e+01 1.001028313136581804e+00 5.912866850619140358e-02
7.867500000001005844e+01 1.000046360083131525e+00 5.908169133070235307e-02
7.882499999998987050e+01 1.000599765941073915e+00 5.990096288168077904e-02
7.897499999998581188e+01 9.999004398978146302e-01 5.863467611331697749e-02
7.912500000000000000e+01 1.000903220997983345e+00 5.894914981971250550e-02
7.927500000001423075e+01 1.000796205201012867e+00 5.944311983886519518e-02
7.942500000001041371e+01 1.000171643484458972e+00 5.875792714678285816e-02
7.957499999998951523e+01 1.000616986419363252e+00 5.897418638819911657e-02
7.972499999998572662e+01 9.989649397052138280e-01 5.937524896804462909e-02
7.987500000000000000e+01 1.000348824938321668e+00 5.896694456692474356e-02
8.002500000001430180e+01 1.000308576446979680e+00 5.845334154972311319e-02
8.017500000001075477e+01 1.000120896713824203e+00 5.889856871906332114e-02
8.032499999998918838e+01 9.989135778398314791e-01 5.948459033197672080e-02
8.047499999998564135e+01 9.998902803105648163e-01 5.943670551073876318e-02
8.062500000000000000e+01 1.000761415160370094e+00 5.843095779507597592e-02
8.077500000001438707e+01 1.000766807407984293e+00 5.855822708908817176e-02
8.092500000001108162e+01 1.001288393069777349e+00 5.854777858287922576e-02
8.107499999998886153e+01 9.998322039822269414e-01 5.752422809331633746e-02
8.122499999998557030e+01 1.000177397682150415e+00 5.868108356631748790e-02
8.137500000000000000e+01 9.989043765447159773e-01 5.843025154323811671e-02
8.152500000001447233e+01 9.996082682702184252e-01 5.820274735389810439e-02
8.167500000001139426e+01 9.998134671704272947e-01 5.778378144291915208e-02
8.182499999998853468e+01 1.000171492522126337e+00 5.823704470347781936e-02
8.197499999998548503e+01 1.000282533657399719e+00 5.792908232775402511e-02
8.212500000000000000e+01 1.000506965935866299e+00 5.852571157515290556e-02
8.227500000001455760e+01 9.998583234897698846e-01 5.812835439579452923e-02
8.242500000001172111e+01 9.999799466987294716e-01 5.855808721632430047e-02
8.257499999998822204e+01 1.000341106616661424e+00 5.868040007431743477e-02
8.272499999998539977e+01 1.000437021576647378e+00 5.782622186949513965e-02
8.287500000000000000e+01 9.996948372603327027e-01 5.746222977988971192e-02
8.302500000001462865e+01 9.997564445592065363e-01 5.810185033202623639e-02
8.317500000001203375e+01 1.000841981582568874e+00 5.728780695923819249e-02
8.332499999998789519e+01 1.000786387076402439e+00 5.762682914162402248e-02
8.347499999998531450e+01 9.995543433607134709e-01 5.803610258621895446e-02
8.362500000000000000e+01 9.998446236278670796e-01 5.767844449299986548e-02
8.377500000001469971e+01 1.000644238686248633e+00 5.802302947339547934e-02
8.392500000001234639e+01 9.993644203337492815e-01 5.746836483014149816e-02
8.407499999998758256e+01 1.001298536467446487e+00 5.837678173043699126e-02
8.422499999998524345e+01 1.000106308095067176e+00 5.740959393254758264e-02
8.437500000000000000e+01 1.000993995546282989e+00 5.765624607974757787e-02
8.452500000001478497e+01 1.000287311724735950e+00 5.751397258786244276e-02
8.467500000001264482e+01 1.001732609397939733e+00 5.704138850096172192e-02
8.482499999998728413e+01 9.996910069641502528e-01 5.708570611312129700e-02
8.497499999998517239e+01 1.000310148672010735e+00 5.626092058834765430e-02
8.512500000000000000e+01 1.000773855890820352e+00 5.719921894319328348e-02
8.527500000001485603e+01 1.001071155151720182e+00 5.751244086721578330e-02
8.542500000001294325e+01 1.001147695896264400e+00 5.742825853715433776e-02
8.557499999998699991e+01 1.000593704862308142e+00 5.682160256153371419e-02
8.572499999998510134e+01 1.000605652417887237e+00 5.689876184058995090e-02
8.587500000000000000e+01 1.000215327182948144e+00 5.744039751450170234e-02
8.602500000001494129e+01 1.000762720688098240e+00 5.735460159225253679e-02
8.617500000001324167e+01 1.000491705759692929e+00 5.709146634630376388e-02
8.632499999998670148e+01 1.000550337771971998e+00 5.654295882146054275e-02
8.647499999998503029e+01 1.002516375490417389e+00 5.673799491594109373e-02
8.662500000000000000e+01 1.001077611434549208e+00 5.656007910915668291e-02
8.677500000001501235e+01 1.001733354975670620e+00 5.748965371850953132e-02
8.692500000001352589e+01 1.000310644718895414e+00 5.705094030662673926e-02
8.707499999998641727e+01 1.000533885397949296e+00 5.663077387240960520e-02
8.722499999998494502e+01 1.001069584454804540e+00 5.644706641821751331e-02
8.737500000000000000e+01 1.001236339398261288e+00 5.668862240059504426e-02
8.752500000001508340e+01 1.001725257111869327e+00 5.634680213586093500e-02
8.767500000001381011e+01 9.796900920122939560e-01 5.610444363482129659e-02
8.782499999998613305e+01 9.563618409049046143e-01 5.499480963484805474e-02
8.797499999998487397e+01 9.425991474949863003e-01 5.432001659013422495e-02
8.812500000000000000e+01 9.315642592634243435e-01 5.492163917374669191e-02
8.827500000001514024e+01 9.230511191231816071e-01 5.350899343677260195e-02
8.842500000001409433e+01 9.149800287242024766e-01 5.394101587757297450e-02
8.857499999998586304e+01 9.067661528515825742e-01 5.315424377446179016e-02
8.872499999998480291e+01 9.007596711286429692e-01 5.286828930739066040e-02
8.887500000000000000e+01 8.937333587455148498e-01 5.305772260149415470e-02
8.902500000001521130e+01 8.870401687681117586e-01 5.261835719045882681e-02
8.917500000001436433e+01 8.815157807855674710e-01 5.218731368687556244e-02
8.932499999998557882e+01 8.764224166896575907e-01 5.206412883178952039e-02
8.947499999998473186e+01 8.720177987767903094e-01 5.272537030421129561e-02
8.962500000000000000e+01 8.666751644174893743e-01 5.237303616380223348e-02
8.977500000001528235e+01 8.619631349505345597e-01 5.127537921606588334e-02
8.992500000001462013e+01 8.568813296725886763e-01 5.109628826870273727e-02
9.007499999998532303e+01 8.529432897185940110e-01 5.141421465399607926e-02
9.022499999998467501e+01 8.485290101665358131e-01 5.129189436825593029e-02
9.037500000000000000e+01 8.438394605773229529e-01 5.066628554989444783e-02
9.052500000001533920e+01 8.399150902612928515e-01 5.057520202283701666e-02
9.067500000001489013e+01 8.358591486245906532e-01 5.049831923856186455e-02
9.082499999998505302e+01 8.313720733144599473e-01 5.088044652445237320e-02
9.097499999998460396e+01 8.285743368598288416e-01 4.999978686402520300e-02
9.112500000000000000e+01 8.252067471979271929e-01 4.996945703234396269e-02
9.127500000001541025e+01 8.206814058820462998e-01 4.999152870384561409e-02
9.142500000001514593e+01 8.169177431530768585e-01 4.972109990740435082e-02
9.157499999998479723e+01 8.138604473063872913e-01 4.977071235717568654e-02
9.172499999998454712e+01 8.102816704597185504e-01 4.960380899728580179e-02
9.187500000000000000e+01 8.056034647535980087e-01 5.005518303428645871e-02
9.202500000001548131e+01 8.032718133688845352e-01 4.932793556325983098e-02
9.217500000001541594e+01 8.002737804748708550e-01 4.909058220267890904e-02
9.232499999998454143e+01 7.969133723547786596e-01 4.914459038898693483e-02
9.247499999998447606e+01 7.938775518581671076e-01 4.932957946963682089e-02
9.262500000000000000e+01 7.902667094849246121e-01 4.863383752036203045e-02
9.277500000001553815e+01 7.869888762044593422e-01 4.880531413067159402e-02
9.292500000001565752e+01 7.853761831690633244e-01 4.834962079573645877e-02
9.307499999998428564e+01 7.825565195198700419e-01 4.898987380556769217e-02
9.322499999998441922e+01 7.788629987070235794e-01 4.764812235380244676e-02
9.337500000000000000e+01 7.764342901225295135e-01 4.854624618168833228e-02
9.352500000001559499e+01 7.739502999339018530e-01 4.777142244087898698e-02
9.367500000001591332e+01 7.705580244928916800e-01 4.709936294300488130e-02
9.382499999998402984e+01 7.682729984243467092e-01 4.758032213434330165e-02
9.397499999998436238e+01 7.656921145391488714e-01 4.766993922005575979e-02
9.412500000000000000e+01 7.627268201633315980e-01 4.783949631477753955e-02
9.427500000001566605e+01 7.601204736013577046e-01 4.784019885116500698e-02
9.442500000001615490e+01 7.575937037297967303e-01 4.747438347531954261e-02
9.457499999998380247e+01 7.558258188367930064e-01 4.691947351327171306e-02
9.472499999998429132e+01 7.521986019078411578e-01 4.740099433500555293e-02
9.487500000000000000e+01 7.491612520805772668e-01 4.752059430419331570e-02
9.502500000001572289e+01 7.469771844583800169e-01 4.755261801611723738e-02
9.517500000001639648e+01 7.453492394712761815e-01 4.713851150689549879e-02
9.532499999998356088e+01 7.438723804562566988e-01 4.621695830637780750e-02
9.547499999998423448e+01 7.405032264852269286e-01 4.671107586044760673e-02
9.562500000000000000e+01 7.377891582994352548e-01 4.656475295632441641e-02
9.577500000001577973e+01 7.360342994413355822e-01 4.617980154070786686e-02
9.592500000001662386e+01 7.330498175264823502e-01 4.643655696027731983e-02
9.607499999998331930e+01 7.312553793266198809e-01 4.639868667153695253e-02
9.622499999998417763e+01 7.287448921389408918e-01 4.565937205432205048e-02
9.637500000000000000e+01 7.268728435636533369e-01 4.600970876013328603e-02
9.652500000001585079e+01 7.251598958805366424e-01 4.561966579056684484e-02
9.667500000001686544e+01 7.225907239478052135e-01 4.556318191574548759e-02
9.682499999998309193e+01 7.199196398391409790e-01 4.540371266718049026e-02
9.697499999998412079e+01 7.186508416082620920e-01 4.544354338297509205e-02
9.712500000000000000e+01 7.167841075007166385e-01 4.521310178937422430e-02
9.727500000001590763e+01 7.140197087235132800e-01 4.465523560148516868e-02
9.742500000001709282e+01 7.118659295494351724e-01 4.517177914321311716e-02
9.757499999998287876e+01 7.097511741207601643e-01 4.513712266548590424e-02
9.772499999998406395e+01 7.076986785290128035e-01 4.522997063163219922e-02
9.787500000000000000e+01 7.060259456013945334e-01 4.481496801022534504e-02
9.802500000001595026e+01 7.042559288280894059e-01 4.508229843262166053e-02
9.817500000001732019e+01 7.023050920254290119e-01 4.414943464162714853e-02
9.832499999998263718e+01 7.005382236051919120e-01 4.452728152708914505e-02
9.847499999998402131e+01 6.980949345045104337e-01 4.489810937974335336e-02
9.862500000000000000e+01 6.959539411971464862e-01 4.402921479922059650e-02
9.877500000001600711e+01 6.944583237040875545e-01 4.431521700592708918e-02
9.892500000001753335e+01 6.926771041020823860e-01 4.405648708634901656e-02
9.907499999998242401e+01 6.897186435701166962e-01 4.399829162616745309e-02
9.922499999998395026e+01 6.898531816169752862e-01 4.445896290875216844e-02
9.937500000000000000e+01 6.873439058893201503e-01 4.371692998885497866e-02
9.952500000001606395e+01 6.855255248492402309e-01 4.389730092372048920e-02
9.967500000001776073e+01 6.829097831320625200e-01 4.302892521043451268e-02
9.982499999998221085e+01 6.824758548439703310e-01 4.380905722313750694e-02
9.997499999998389342e+01 6.794450714293515103e-01 4.370385112244426495e-02
1.001250000000000000e+02 6.787115754099416476e-01 4.359842361951633133e-02
1.002750000000161208e+02 6.771075322963983067e-01 4.374538083127380711e-02
1.004250000000179597e+02 6.747038791560974191e-01 4.320114337587444009e-02
1.005749999999819835e+02 6.734843731263920885e-01 4.310382507404852265e-02
1.007249999999838508e+02 6.717729933587256452e-01 4.316326715201283803e-02
1.008750000000000000e+02 6.704878402894884903e-01 4.286842399569298218e-02
1.010250000000161776e+02 6.682763479326310208e-01 4.355023262102530879e-02
1.011750000000181871e+02 6.669321107130945503e-01 4.297020722662660275e-02
1.013249999999817845e+02 6.652469788314292476e-01 4.279452453595965211e-02
1.014749999999837939e+02 6.639097574464385421e-01 4.267106063335520533e-02
1.016250000000000000e+02 6.621858788637009496e-01 4.301149027173770817e-02
1.017750000000162345e+02 6.606281370339326386e-01 4.209750934224151808e-02
1.019250000000184002e+02 6.590156049228803603e-01 4.231515568788309090e-02
1.020749999999815714e+02 6.577373807986780507e-01 4.236739766954587122e-02
1.022249999999837513e+02 6.560537654359785975e-01 4.217371766055856563e-02
1.023750000000000000e+02 6.548539058325671958e-01 4.231994160381151449e-02
1.025250000000162771e+02 6.530703742727905770e-01 4.210287104203416092e-02
1.026750000000185992e+02 6.510153929506732329e-01 4.195144383097837437e-02
1.028249999999813582e+02 6.502203447754005827e-01 4.231607764501406355e-02
1.029749999999836945e+02 6.482739323679134191e-01 4.235561621346436989e-02
1.031250000000000000e+02 6.465626977225491512e-01 4.193045332093218308e-02
1.032750000000163340e+02 6.456942684079943762e-01 4.222173779399818194e-02
1.034250000000187981e+02 6.436254752660267586e-01 4.118634255796792265e-02
1.035749999999811592e+02 6.419110837545077830e-01 4.184398163197781961e-02
1.037249999999836376e+02 6.403153336038860388e-01 4.178768927390823229e-02
1.038750000000000000e+02 6.400296313521464109e-01 4.150657298744842710e-02
1.040250000000163766e+02 6.380569189667038010e-01 4.083467511102654990e-02
1.041750000000189971e+02 6.365887425203936578e-01 4.134618906843597758e-02
1.043249999999809603e+02 6.349542345103311725e-01 4.099833856074978217e-02
1.044749999999835950e+02 6.336437945358011081e-01 4.127677855147678099e-02
1.046250000000000000e+02 6.320852824954215077e-01 4.111825540192261264e-02
1.047750000000164334e+02 6.311438568878791067e-01 4.034270231501716625e-02
1.049250000000191818e+02 6.294339811963195475e-01 4.138319033743836223e-02
1.050749999999807613e+02 6.284154313117966684e-01 4.136614153823218315e-02
1.052249999999839503e+02 6.264135412280360526e-01 4.120513691410476742e-02
1.053750000000000000e+02 6.248931504054854313e-01 4.103767178916523789e-02
1.055250000000157229e+02 6.241073058205623969e-01 4.051502551687300585e-02
1.056750000000193808e+02 6.223011316572354401e-01 4.085192532115899250e-02
1.058249999999805766e+02 6.208289467686312069e-01 4.058546343938987389e-02
1.059749999999847319e+02 6.195286643161042051e-01 4.062378243096126385e-02
1.061250000000000000e+02 6.184663966720105321e-01 4.018496972725803251e-02
1.062750000000149555e+02 6.165991659743776943e-01 4.018976762893892302e-02
1.064250000000195797e+02 6.164579966770036279e-01 4.046359290662009806e-02
1.065749999999803919e+02 6.139613676904035477e-01 4.022633271789876480e-02
1.067249999999854850e+02 6.128428215234411613e-01 4.011731616370578513e-02
1.068750000000000000e+02 6.116654087532286121e-01 3.955483690030516669e-02
1.070250000000141881e+02 6.100766619205159058e-01 4.039366414351302365e-02
1.071750000000197645e+02 6.093021771549329557e-01 4.010601188164658604e-02
1.073249999999802071e+02 6.083824599809740663e-01 3.969583295536954770e-02
1.074749999999862524e+02 6.063197761836789379e-01 3.969572006310437967e-02
1.076250000000000000e+02 6.058435066325027485e-01 4.008829693015604489e-02
1.077750000000134492e+02 6.038810778008162350e-01 3.979767851753556601e-02
1.079250000000199492e+02 6.031940688750855317e-01 3.924072293086012381e-02
1.080749999999800224e+02 6.017450086594573477e-01 3.946454616417172101e-02
1.082249999999869914e+02 6.000775224954665310e-01 3.978127621481556547e-02
1.083750000000000000e+02 5.995108418210912671e-01 3.889332141047499580e-02
1.085250000000127244e+02 5.979077358709015133e-01 3.896983560172738448e-02
1.086750000000201481e+02 5.971011122570618612e-01 3.927675693498355186e-02
1.088249999999798376e+02 5.958033305328011009e-01 3.935858403828250418e-02
1.089749999999877161e+02 5.941125739071538847e-01 3.903599217231408514e-02
1.091250000000000000e+02 5.935210959228818250e-01 3.875996372045633492e-02
1.092750000000119854e+02 5.924990399129661522e-01 3.917331195832626095e-02
1.094250000000203045e+02 5.911661217237309529e-01 3.859812294059448284e-02
1.095749999999796529e+02 5.711560150107268807e-01 3.788215335945679940e-02
1.097249999999884409e+02 5.494873364232853996e-01 3.776901897932666285e-02
1.098750000000000000e+02 5.368528218035736321e-01 3.664529858388475281e-02
1.100250000000112749e+02 5.264340784358156888e-01 3.663663819434410246e-02
1.101750000000204892e+02 5.161139978155118158e-01 3.638028756661201152e-02
1.103249999999794682e+02 5.079179321576756667e-01 3.589037052998622634e-02
1.104749999999891372e+02 4.994994914282831489e-01 3.607758461398946626e-02
1.106250000000000000e+02 4.937827500689011551e-01 3.524781496235864647e-02
1.107750000000105643e+02 4.860084869160555265e-01 3.517468273437780735e-02
1.109250000000206740e+02 4.788103942416992997e-01 3.485985304919229921e-02
1.110749999999792976e+02 4.730736959122174845e-01 3.457856843690818721e-02
1.112249999999898620e+02 4.672589308274677222e-01 3.376073765083809769e-02
1.113750000000000000e+02 4.610113748977944792e-01 3.400139653552558539e-02
1.115250000000098822e+02 4.549378122529964541e-01 3.406496723395039533e-02
1.116750000000208445e+02 4.496970120311771790e-01 3.325040265306512810e-02
1.118249999999791129e+02 4.445202335071741229e-01 3.329867888397075593e-02
1.119749999999905299e+02 4.393152268688471640e-01 3.328343331775873715e-02
1.121250000000000000e+02 4.342591721559466711e-01 3.289488507782793031e-02
1.122750000000091859e+02 4.293720940461327462e-01 3.311776833253075175e-02
1.124250000000210008e+02 4.246155784861792015e-01 3.270921436309647684e-02
1.125749999999789566e+02 4.202450184983069770e-01 3.263786405458504736e-02
1.127249999999912120e+02 4.162687401437932255e-01 3.163910783754089046e-02
1.128750000000000000e+02 4.104689381873495302e-01 3.192552092531181218e-02
1.130250000000085180e+02 4.064092279902636329e-01 3.186921228435558862e-02
1.131750000000211855e+02 4.024090101967963684e-01 3.170448394096354872e-02
1.133249999999787860e+02 3.979633488325406421e-01 3.124880608534216786e-02
1.134749999999919083e+02 3.935421696338425313e-01 3.116359816900287835e-02
1.136250000000000000e+02 3.897509827082258349e-01 3.060280703798194321e-02
1.137750000000078359e+02 3.850890248710406860e-01 3.085540840445967839e-02
1.139250000000213561e+02 3.811561847857683483e-01 3.045660766245241943e-02
1.140749999999786297e+02 3.772927274962172284e-01 3.020947082044699375e-02
1.142249999999925620e+02 3.739686778190373095e-01 3.004266891314439844e-02
1.143750000000000000e+02 3.696739846500533000e-01 3.011134325083130239e-02
1.145250000000071680e+02 3.659564154886274512e-01 2.990634503906158120e-02
1.146750000000215124e+02 3.626127636809455823e-01 2.978631981062314707e-02
1.148249999999784308e+02 3.592570466868084678e-01 2.952893562709034067e-02
1.149749999999932157e+02 3.555046189402784607e-01 2.920083423751542936e-02
1.151250000000000000e+02 3.523221128784278511e-01 2.905650637560513658e-02
1.152750000000065285e+02 3.480268664850600935e-01 2.938116122316931575e-02
1.154250000000216829e+02 3.454122323391132232e-01 2.896190740527038177e-02
1.155749999999783029e+02 3.414323975325326277e-01 2.892203298977703146e-02
1.157249999999938694e+02 3.383910995285087653e-01 2.868995757180820005e-02
1.158750000000000000e+02 3.345909642240336712e-01 2.827668353260142861e-02
1.160250000000058748e+02 3.316147232806712641e-01 2.809575201420300497e-02
1.161750000000218392e+02 3.284414790002998519e-01 2.800467846989810813e-02
1.163249999999781323e+02 3.245620276000925064e-01 2.760340750043374994e-02
1.164749999999945089e+02 3.214721389604635049e-01 2.728746586837189556e-02
1.166250000000000000e+02 3.180472801559168783e-01 2.758604529041388392e-02
1.167750000000052495e+02 3.154527327443792939e-01 2.768898115825505976e-02
1.169250000000220098e+02 3.120265379522967897e-01 2.731270604015523240e-02
1.170749999999779760e+02 3.089566812015707709e-01 2.691518811351291049e-02
1.172249999999951484e+02 3.062737684256968684e-01 2.704252758166948711e-02
1.173750000000000000e+02 3.027535377051873700e-01 2.724072029494232355e-02
1.175250000000046242e+02 2.999459169134121583e-01 2.655520632155299390e-02
1.176750000000221377e+02 2.966847432018834829e-01 2.637337400061144990e-02
1.178249999999778055e+02 2.937442153501679809e-01 2.640260589690768961e-02
1.179749999999957453e+02 2.910482202687182385e-01 2.625220597038739612e-02
1.181250000000000000e+02 2.878376866467495243e-01 2.659666441530269404e-02
1.182750000000039989e+02 2.849088929332033726e-01 2.602572975684308565e-02
1.184250000000223082e+02 2.822013896413665401e-01 2.535757000632429120e-02
1.185749999999776634e+02 2.790878864429281458e-01 2.578535849476726663e-02
1.187249999999963705e+02 2.768855204860566355e-01 2.538729842668510650e-02
1.188750000000000000e+02 2.741479109714459739e-01 2.539291075229932818e-02
1.190250000000033879e+02 2.711489688176503821e-01 2.519217119487782847e-02
1.191750000000224645e+02 2.683358590636458763e-01 2.535835158627681996e-02
1.193249999999775071e+02 2.654641809480319248e-01 2.474756943077043025e-02
1.194749999999969816e+02 2.632575513226437791e-01 2.504037481499001364e-02
1.196250000000000000e+02 2.606197754747457962e-01 2.467312943903837014e-02
1.197750000000027910e+02 2.573471386353404777e-01 2.453953368743834809e-02
1.199250000000226066e+02 2.552250244961393744e-01 2.440966479735296249e-02
1.200749999999773650e+02 2.521199363702522067e-01 2.391277338962949361e-02
1.202249999999975927e+02 2.498133847064486213e-01 2.379960321483294908e-02
1.203750000000000000e+02 2.467707843538645140e-01 2.404976385263559585e-02
1.205250000000021799e+02 2.442544384426418025e-01 2.394529734518231409e-02
1.206750000000227772e+02 2.416969362028295598e-01 2.393851622084311459e-02
1.208249999999772086e+02 2.391874381666927452e-01 2.328464803667435953e-02
1.209749999999981753e+02 2.369827817861879238e-01 2.322217478544539096e-02
1.211250000000000000e+02 2.342897609401871084e-01 2.340933125051891314e-02
1.212750000000015973e+02 2.315481250857904794e-01 2.284744806715225188e-02
1.214250000000229193e+02 2.295886458840917521e-01 2.314665765321917770e-02
1.215749999999770665e+02 2.261479768385387945e-01 2.282528084833861798e-02
1.217249999999987580e+02 2.244270463763252677e-01 2.285667764370445665e-02
1.218750000000000000e+02 2.219975465095873901e-01 2.265087680261325398e-02
1.220250000000010147e+02 2.197942437459652620e-01 2.239496236756380321e-02
1.221750000000230472e+02 2.170932804991516363e-01 2.233530211083420078e-02
1.223249999999769244e+02 2.151212913418737438e-01 2.229579175094502375e-02
1.224749999999993406e+02 2.127983698648098498e-01 2.198621970509791884e-02
1.226250000000000000e+02 2.102719880547402331e-01 2.199844707894146184e-02
1.227750000000004320e+02 2.082541227914695703e-01 2.177367906686740115e-02
1.229250000000231893e+02 2.052853297208195038e-01 2.180316757503548628e-02
1.230749999999767681e+02 2.032291327516220492e-01 2.159018035275742792e-02
1.232249999999999233e+02 2.008304402979456671e-01 2.154535318277748385e-02
1.233750000000000000e+02 1.986965815356951104e-01 2.139853487300975507e-02
1.235249999999998494e+02 1.965549922719050102e-01 2.116705542811662261e-02
1.236750000000233314e+02 1.937976611909641156e-01 2.114420289361196650e-02
1.238249999999766402e+02 1.919110758304230224e-01 2.103056179007537635e-02
1.239750000000004775e+02 1.894196558177646539e-01 2.074150477329148728e-02
1.241250000000000000e+02 1.871871257287195667e-01 2.055767879209224186e-02
1.242749999999992951e+02 1.849737613099445566e-01 2.042070687997544348e-02
1.244250000000234735e+02 1.831393646393262020e-01 2.006847248289148414e-02
1.245749999999764839e+02 1.809221532274659927e-01 2.020093186179962308e-02
1.247250000000010317e+02 1.783038457228496021e-01 1.992658518010906668e-02
1.248750000000000000e+02 1.762004474191838088e-01 1.958312832347926247e-02
1.250249999999987551e+02 1.738858139278693093e-01 1.986401111416025850e-02
1.251750000000236156e+02 1.722202745433860926e-01 1.964602138696747505e-02
1.253249999999763702e+02 1.701042819792080718e-01 1.962554086221040411e-02
1.254750000000015859e+02 1.679454914910530894e-01 1.929310708742911287e-02
1.256250000000000000e+02 1.658759630715763433e-01 1.886279142279637111e-02
1.257749999999982009e+02 1.635774100664422470e-01 1.908620955484703965e-02
1.259250000000237577e+02 1.615656909773591221e-01 1.909438636015551444e-02
1.260749999999762281e+02 1.592461872281836499e-01 1.871326018047408252e-02
1.262250000000021259e+02 1.570860275224705560e-01 1.855282370676837253e-02
1.263750000000000000e+02 1.554975512660067560e-01 1.874660047737653629e-02
1.265249999999976609e+02 1.530984148934659006e-01 1.831013703735532086e-02
1.266750000000238856e+02 1.512924899297568015e-01 1.839360720480884628e-02
1.268249999999760860e+02 1.494411132253084251e-01 1.817543531544576693e-02
1.269750000000026660e+02 1.472308748435999237e-01 1.780494749434655480e-02
1.271250000000000000e+02 1.451416429637136796e-01 1.777411883955050051e-02
1.272749999999971209e+02 1.431678690812581145e-01 1.767901102634987162e-02
1.274250000000240277e+02 1.411195073164103753e-01 1.764619592358290107e-02
1.275749999999759439e+02 1.388661231159362131e-01 1.725568254126309820e-02
1.277250000000031918e+02 1.373306894400443123e-01 1.741283072373092308e-02
1.278750000000000000e+02 1.357757695348798532e-01 1.717104176600953852e-02
1.280249999999965951e+02 1.333821522656509773e-01 1.746964433060335317e-02
1.281750000000241414e+02 1.313570257205858571e-01 1.688345172837918406e-02
1.283249999999758018e+02 1.295575123892239999e-01 1.687459467858818188e-02
1.284750000000037176e+02 1.276980503663680544e-01 1.675765286290760436e-02
1.286250000000000000e+02 1.259874911846789458e-01 1.652294098402418143e-02
1.287749999999960835e+02 1.238830287303143152e-01 1.678846196481940944e-02
1.289250000000242835e+02 1.218669345048968011e-01 1.623425029583694390e-02
1.290749999999756881e+02 1.202606965834382008e-01 1.613586535840123501e-02
1.292250000000042292e+02 1.183521729616719836e-01 1.584683124028228238e-02
1.293750000000000000e+02 1.160286397170845335e-01 1.581756306850419166e-02
1.295249999999955719e+02 1.145901829248094778e-01 1.582844061916483663e-02
1.296750000000243972e+02 1.128577622750863430e-01 1.563101301881196850e-02
1.298249999999755460e+02 1.108940642044030367e-01 1.555112491614024477e-02
1.299750000000047692e+02 1.091164358639358511e-01 1.533072156808760328e-02
1.301250000000000000e+02 1.075231481663511679e-01 1.524931573847532543e-02
1.302749999999950319e+02 1.055963938856991635e-01 1.491458786991721984e-02
1.304250000000245393e+02 1.035015971119813277e-01 1.499917134822659377e-02
1.305749999999754323e+02 1.019298166892819713e-01 1.494474334011011880e-02
1.307250000000052523e+02 9.996788829394293030e-02 1.441334490189861463e-02
1.308750000000000000e+02 9.838119329277709990e-02 1.443412777880551806e-02
1.310249999999945487e+02 9.671652322268810276e-02 1.440797792615026475e-02
1.311750000000246530e+02 9.479285716685133256e-02 1.418375670219081987e-02
1.313249999999753186e+02 9.302896154893797176e-02 1.394462982175800024e-02
1.314750000000057639e+02 9.127452263015085887e-02 1.385281257297853522e-02
1.316250000000000000e+02 8.949826389070145161e-02 1.382413930868163325e-02
1.317749999999940655e+02 8.777590129043667810e-02 1.359133442164550849e-02
1.319250000000247951e+02 8.609548925678511822e-02 1.360024870236160692e-02
1.320749999999751765e+02 8.417177800849993952e-02 1.327023366560306679e-02
1.322250000000062471e+02 8.256899851654916911e-02 1.320769902213903176e-02
1.323750000000000000e+02 8.078441293522191369e-02 1.321509933681159522e-02
1.325249999999935540e+02 7.908843326696393672e-02 1.305403564702272215e-02
1.326750000000249088e+02 7.733365981957544821e-02 1.265673583297545306e-02
1.328249999999750628e+02 7.556503953905559234e-02 1.253263963937138910e-02
1.329750000000067303e+02 7.450127911395124092e-02 1.253331734783070216e-02
1.331250000000000000e+02 7.266113484178253479e-02 1.238520605304711461e-02
1.332749999999930424e+02 7.086714391402952617e-02 1.215265187883883720e-02
1.334250000000250225e+02 6.911145215252323393e-02 1.209747479122676335e-02
1.335749999999749491e+02 6.764501689716263810e-02 1.199267759082712700e-02
1.337250000000072134e+02 6.595533765776549762e-02 1.175951988888303788e-02
1.338750000000000000e+02 6.420251668481900820e-02 1.162780022406288867e-02
1.340249999999925876e+02 6.270118632849407125e-02 1.148563441853978767e-02
1.341750000000251362e+02 6.092890406400994913e-02 1.132028100352316588e-02
1.343249999999748354e+02 5.925246702516918929e-02 1.109542441196495650e-02
1.344750000000077250e+02 5.782665795997413150e-02 1.091067261635469271e-02
1.346250000000000000e+02 5.615335626607145803e-02 1.081851890002601471e-02
1.347749999999921044e+02 5.444935532116461363e-02 1.079174359176914358e-02
1.349250000000252783e+02 5.302304923556775546e-02 1.057314398205478831e-02
1.350749999999746933e+02 5.158962120643735549e-02 1.019338394461603674e-02
1.352250000000081798e+02 4.982152892898546181e-02 1.017704885929421148e-02
1.353750000000000000e+02 4.830534632581583165e-02 9.995940380500634506e-03
1.355249999999916213e+02 4.668104009070770527e-02 9.747378995930547352e-03
1.356750000000253920e+02 4.504055245405631097e-02 9.606873177903908767e-03
1.358249999999746080e+02 4.352893835734249900e-02 9.540181323586971462e-03
1.359750000000086345e+02 4.193957804962026442e-02 9.321259975203364384e-03
1.361250000000000000e+02 4.037043285263106074e-02 9.149283165799122070e-03
1.362749999999911665e+02 3.882604924519496292e-02 9.029985636805838017e-03
1.364250000000255056e+02 3.737900297494583385e-02 8.675922478315209463e-03
1.365749999999744659e+02 3.569954376857555067e-02 8.521845370537657963e-03
1.367250000000091177e+02 3.427280766463051270e-02 8.368061411289063126e-03
1.368750000000000000e+02 3.290391498120173036e-02 8.190776508395412880e-03
1.370249999999907118e+02 3.113785697924770224e-02 7.919084882884045232e-03
1.371750000000256193e+02 2.979218504404900283e-02 7.766498346701681404e-03
1.373249999999743522e+02 2.825003053771835831e-02 7.666503657858334507e-03
1.374750000000095724e+02 2.671931400339567012e-02 7.319544758377143946e-03
1.376250000000000000e+02 2.525201205696332371e-02 7.119306195280008902e-03
1.377749999999902286e+02 2.383950766880948632e-02 6.937351651378930416e-03
1.379250000000257330e+02 2.235341613590990928e-02 6.776565165164980670e-03
1.380749999999742386e+02 2.077912595843163859e-02 6.538985757932719821e-03
1.382250000000100272e+02 1.926075618847632870e-02 6.263996975923451400e-03
1.383750000000000000e+02 1.788164526858285544e-02 6.031225910367753705e-03
1.385249999999898023e+02 1.647122307711171990e-02 5.780769204400662033e-03
1.386750000000258467e+02 1.495916366180640930e-02 5.428520666264630319e-03
1.388249999999741249e+02 1.345271757412531098e-02 5.183101720209793567e-03
1.389750000000104535e+02 1.207210033090508859e-02 4.899669911214746612e-03
1.391250000000000000e+02 1.058040494536616714e-02 4.699662176570950853e-03
1.392749999999893475e+02 9.142319430115550261e-03 4.333774751182438607e-03
1.394250000000259604e+02 7.671565851138299579e-03 3.875253289756215927e-03
1.395749999999740112e+02 6.252301425479374862e-03 3.518452630801606300e-03
1.397250000000109367e+02 4.862207268877137036e-03 3.136027178595127834e-03
1.398750000000000000e+02 3.404442908484047250e-03 2.620199809192187354e-03
1.400249999999889212e+02 2.055276954516029996e-03 2.019940271362981148e-03
1.401750000000260741e+02 6.591652141329692452e-04 1.154858850936390938e-03
