# Radius RDF_mean RDF_std
7.500000000000896228e-02 1.575148018082954877e+03 4.166469537713436466e+01
2.249999999999577616e-01 6.432900437945773819e-02 4.447194489944107376e-01
3.750000000000000000e-01 6.508077182764224200e-02 3.498914724101382934e-01
5.249999999999700462e-01 6.939045135226490357e-02 2.992487019961751482e-01
6.750000000001169509e-01 6.948848226548277884e-02 2.660979520392182107e-01
8.249999999998777200e-01 7.362090426713743807e-02 2.502684891740046269e-01
9.750000000001839418e-01 7.344495247451675313e-02 2.258251877284050135e-01
1.125000000000000000e+00 7.540136477068279386e-02 2.138007963057719230e-01
1.274999999999773648e+00 8.057637043237853014e-02 2.077926494876398966e-01
1.424999999999764455e+00 8.521914534813361530e-02 2.012262159660452854e-01
1.575000000000282396e+00 8.917247993995430777e-02 1.946487803852704757e-01
1.725000000000170397e+00 9.489483404311897796e-02 1.934021933166644724e-01
1.875000000000000000e+00 1.051613942490639414e-01 1.995722362635991010e-01
2.025000000000070521e+00 1.160944069534781131e-01 1.969708242930619801e-01
2.174999999999594813e+00 1.292347519865007510e-01 2.032060951858968012e-01
2.325000000000426059e+00 1.455129552455369790e-01 2.095656588760879679e-01
2.474999999999678124e+00 1.643242558818137355e-01 2.128350030683541505e-01
2.625000000000000000e+00 1.892052972498942109e-01 2.217947760243743349e-01
2.775000000000444444e+00 2.166368809630948300e-01 2.345765879354906880e-01
2.924999999999512212e+00 2.559716525648968455e-01 2.468218904227656718e-01
3.075000000000499334e+00 3.112416044274268767e-01 2.658567875696618010e-01
3.224999999999414779e+00 3.689861660278064281e-01 2.805064338837831017e-01
3.375000000000000000e+00 4.516420930954868074e-01 3.016464463321062994e-01
3.525000000000659384e+00 5.625312488592847382e-01 3.280791713896883399e-01
3.674999999999857714e+00 7.083464919303498197e-01 3.550743807156625520e-01
3.825000000000022382e+00 9.372847299933607657e-01 4.036056791681171263e-01
3.974999999999250466e+00 1.226347762605617842e+00 4.527050082100214645e-01
4.125000000000000000e+00 1.499580230114831547e+00 4.998593657572660276e-01
4.275000000000798828e+00 1.584976648295104429e+00 4.935078826719372369e-01
4.425000000000374634e+00 1.492631335508644908e+00 4.804948261295969858e-01
4.574999999999541878e+00 1.317651951998499049e+00 4.351907520108575511e-01
4.724999999999138112e+00 1.157762823024596655e+00 4.075307956200797110e-01
4.875000000000000000e+00 1.037207334945980941e+00 3.776733540641095677e-01
5.025000000000897415e+00 9.544697165901866454e-01 3.588425186832680525e-01
5.175000000000743228e+00 9.043831445927423829e-01 3.482130609406797195e-01
5.324999999999196376e+00 9.146762141597698514e-01 3.353884034932513858e-01
5.474999999999057287e+00 9.332657711757095242e-01 3.392501044568141388e-01
5.625000000000000000e+00 1.000019847791246086e+00 3.453391804222230022e-01
5.775000000000969358e+00 1.080571146195235199e+00 3.529327674898750100e-01
5.925000000001017675e+00 1.120205882943686060e+00 3.537444341718105068e-01
6.074999999998936140e+00 1.087914611570153678e+00 3.472708935509262740e-01
6.224999999998995115e+00 1.021176295057454997e+00 3.326703924332080620e-01
6.375000000000000000e+00 9.428559216664055276e-01 3.151944081448578849e-01
6.525000000001025313e+00 8.907203565375888532e-01 3.006421470171187216e-01
6.675000000001229949e+00 8.501933843833502369e-01 2.972234655061442576e-01
6.824999999998733635e+00 8.429258399510923816e-01 2.891791538856273713e-01
6.974999999999387690e+00 8.471361883203215593e-01 2.887725227060129463e-01
7.125000000000000000e+00 8.652901241277854982e-01 2.879787912148010776e-01
7.275000000000346745e+00 8.906174638602156746e-01 2.846607224375047873e-01
7.425000000001398703e+00 9.243015541662781276e-01 2.903870784930055460e-01
7.574999999998571099e+00 9.637167695624635488e-01 2.929110619991139308e-01
7.725000000000012079e+00 9.783219484695884205e-01 2.929431041865888097e-01
7.875000000000000000e+00 9.757194897326639804e-01 2.859383452883329513e-01
8.024999999999771205e+00 9.827827416349151912e-01 2.871701220203342064e-01
8.175000000001539036e+00 9.734582165709414481e-01 2.799776202510600442e-01
8.324999999998437872e+00 9.828912260077649066e-01 2.853313313978286248e-01
8.475000000000525446e+00 9.896373530545671260e-01 2.797210456585190741e-01
8.625000000000000000e+00 9.978548188166539434e-01 2.779187501920707404e-01
8.774999999999291589e+00 1.008788114356025778e+00 2.833013739096878481e-01
8.925000000001652722e+00 1.011798258189098298e+00 2.750527900187819674e-01
9.074999999998325961e+00 1.021198953720706015e+00 2.738544051866158568e-01
9.225000000000957101e+00 1.024655289329862606e+00 2.775226799624178065e-01
9.375000000000000000e+00 1.022224614745701921e+00 2.742621104065852133e-01
9.524999999998890132e+00 1.021497058008986603e+00 2.690384848334547718e-01
9.675000000001750422e+00 1.029850594298162836e+00 2.692866255769916783e-01
9.824999999998231814e+00 1.037472128956449025e+00 2.718178681242575667e-01
9.975000000001321254e+00 1.037438870251251366e+00 2.637509851369271852e-01
1.012500000000000000e+01 1.039766229538843012e+00 2.646486795049749485e-01
1.027499999999854730e+01 1.044969240933571131e+00 2.622455838049094767e-01
1.042500000000183391e+01 1.042305343236746840e+00 2.614634045447428723e-01
1.057499999999815010e+01 1.038623005912326036e+00 2.554197160880846695e-01
1.072500000000163745e+01 1.043667843245082993e+00 2.564194473473049296e-01
1.087500000000000000e+01 1.036115605358677971e+00 2.528357408879387536e-01
1.102499999999824887e+01 1.035677164657786031e+00 2.505979310557888695e-01
1.117500000000190674e+01 1.028245721585383521e+00 2.490252670816320291e-01
1.132499999999808082e+01 1.024044464979126712e+00 2.465195098459795620e-01
1.147500000000190923e+01 1.024467465750171558e+00 2.425010745489139807e-01
1.162500000000000000e+01 1.018573051578017807e+00 2.432526035487578842e-01
1.177499999999798952e+01 1.015015840950783010e+00 2.395168101472435473e-01
1.192500000000196891e+01 1.011718742362642809e+00 2.417340075506588803e-01
1.207499999999801865e+01 1.011405982346352816e+00 2.397090800437702840e-01
1.222500000000215081e+01 1.014564747852604309e+00 2.364244603475721407e-01
1.237500000000000000e+01 1.003673326438454305e+00 2.340927047778200987e-01
1.252499999999776215e+01 1.004689855492305828e+00 2.342414853684843534e-01
1.267500000000202398e+01 9.969415080131583951e-01 2.290499426436625463e-01
1.282499999999796536e+01 1.001028793449709298e+00 2.299519850723486802e-01
1.297500000000236220e+01 9.969382997752205267e-01 2.271711833589060148e-01
1.312500000000000000e+01 9.990986192362083518e-01 2.257376143087304887e-01
1.327499999999756142e+01 1.001246857887986952e+00 2.246739710244121946e-01
1.342500000000173088e+01 9.985332563022963903e-01 2.241007268938858266e-01
1.357499999999841833e+01 9.978771637885602841e-01 2.218441707247584549e-01
1.372500000000255049e+01 9.959186442937083550e-01 2.209822974264097628e-01
1.387500000000000000e+01 9.970697439771494253e-01 2.183025232521440817e-01
1.402499999999738023e+01 9.984728851770385827e-01 2.181633922856971441e-01
1.417500000000102034e+01 1.000449804400216136e+00 2.175204987744140117e-01
1.432499999999911111e+01 1.000931980697909118e+00 2.171587347726911255e-01
1.447500000000271925e+01 1.004411975045755856e+00 2.200738298276225802e-01
1.462500000000000000e+01 1.002135730421698678e+00 2.173415366020279849e-01
1.477499999999721680e+01 1.004733766680705687e+00 2.119723035314571846e-01
1.492500000000038618e+01 1.001148994961931216e+00 2.122391893975636712e-01
1.507499999999973639e+01 1.002288198395318686e+00 2.105473317207507689e-01
1.522500000000287201e+01 1.003758692583470946e+00 2.117861896328792903e-01
1.537500000000000000e+01 1.003385169535895072e+00 2.086496255347665696e-01
1.552499999999706937e+01 9.999506786208490761e-01 2.070308265624795085e-01
1.567499999999980886e+01 1.001446026369834819e+00 2.086741264167831511e-01
1.582500000000029772e+01 1.000147907259335334e+00 2.058873514458685605e-01
1.597500000000300879e+01 1.002068350719384826e+00 2.037025277361361741e-01
1.612500000000000000e+01 1.001253115567914076e+00 2.067260090591061805e-01
1.627499999999693969e+01 9.983590121387868610e-01 2.027514592113714709e-01
1.642499999999928662e+01 9.988402839847286829e-01 2.047232655728292161e-01
1.657500000000081286e+01 9.974008541295387165e-01 2.008839040210942950e-01
1.672500000000313847e+01 9.948732878120331025e-01 2.012344842364682806e-01
1.687500000000000000e+01 9.961384477227382961e-01 1.975613588682104405e-01
1.702499999999681535e+01 9.922667461003094047e-01 1.994297722270239603e-01
1.717499999999880700e+01 9.967337478074491663e-01 1.963255468927463387e-01
1.732500000000128182e+01 9.938967977645208896e-01 1.990707585938700508e-01
1.747500000000325215e+01 9.980443331604689217e-01 1.962806856055103188e-01
1.762500000000000000e+01 9.976604270100395411e-01 1.931883542769222972e-01
1.777499999999670521e+01 9.978081760997458138e-01 1.952757713595779654e-01
1.792499999999837357e+01 9.921538994319114568e-01 1.945086137778397617e-01
1.807500000000171170e+01 9.973222905635914515e-01 1.927218911869980900e-01
1.822500000000335874e+01 9.975350950654715554e-01 1.932704380070234818e-01
1.837500000000000000e+01 9.981962121020653278e-01 1.935047300133751758e-01
1.852499999999660218e+01 9.977646213027208111e-01 1.902765408752332410e-01
1.867499999999797211e+01 9.975113321127664356e-01 1.889887333565485605e-01
1.882500000000210960e+01 9.983413224867326852e-01 1.873094848083249608e-01
1.897500000000345466e+01 9.951131177796144200e-01 1.896036810762695424e-01
1.912500000000000000e+01 9.969169503357194762e-01 1.863822182231514857e-01
1.927499999999650626e+01 9.963564440759495877e-01 1.864940077607361024e-01
1.942499999999759908e+01 9.955636668283016633e-01 1.859103960258290389e-01
1.957500000000247198e+01 9.987558103332432324e-01 1.838322778385137468e-01
1.972500000000354348e+01 9.990084221188257896e-01 1.830526152664459782e-01
1.987500000000000000e+01 9.974681867540448055e-01 1.824393598407640094e-01
2.002499999999642100e+01 9.967701225550600341e-01 1.822697287763191676e-01
2.017499999999725446e+01 9.966011483766905599e-01 1.821083000082799608e-01
2.032500000000281304e+01 9.992235664914528304e-01 1.831408672424907624e-01
2.047500000000362874e+01 9.984341983978285429e-01 1.805555347159822632e-01
2.062500000000000000e+01 9.926750514850596341e-01 1.786534090633946914e-01
2.077499999999633928e+01 9.966816483032782115e-01 1.804563608631181704e-01
2.092499999999693472e+01 9.965605155267850401e-01 1.817943662379183922e-01
2.107500000000312212e+01 9.949453319762332493e-01 1.793803681588655441e-01
2.122500000000370690e+01 9.963516762084393408e-01 1.786225195421792811e-01
2.137500000000000000e+01 9.956518214519624044e-01 1.758060670605858244e-01
2.152499999999626468e+01 9.948587696433838223e-01 1.777286933394653934e-01
2.167499999999663984e+01 9.959521333199539139e-01 1.769168393413980966e-01
2.182500000000341700e+01 9.958875589138241891e-01 1.754619735826990767e-01
2.197500000000377796e+01 9.973598549009067282e-01 1.744897043185817953e-01
2.212500000000000000e+01 9.970746163677619567e-01 1.760374516551325985e-01
2.227499999999619718e+01 9.943543411657441711e-01 1.726453252334661514e-01
2.242499999999636273e+01 9.956957495654948920e-01 1.721481631071516971e-01
2.257500000000369056e+01 9.986266011920689190e-01 1.721248088147106781e-01
2.272500000000384546e+01 9.957781310589146617e-01 1.698966563416500208e-01
2.287500000000000000e+01 9.961377989531657873e-01 1.713469199611247218e-01
2.302499999999612967e+01 9.931045943718749269e-01 1.725469384492858971e-01
2.317499999999610338e+01 9.970655679430199259e-01 1.695197290943257495e-01
2.332500000000394635e+01 9.975500779557386899e-01 1.710225102028111177e-01
2.347500000000390941e+01 9.983199143865865155e-01 1.684746222543685445e-01
2.362500000000000000e+01 9.977763250737831102e-01 1.685193786084473733e-01
2.377499999999606928e+01 9.957769052448611768e-01 1.677338861102635748e-01
2.392499999999586180e+01 9.993118417462512060e-01 1.664784028861206189e-01
2.407500000000418439e+01 9.953603975514759838e-01 1.669297791636031592e-01
2.422500000000396625e+01 9.959509724291338850e-01 1.648807723532770275e-01
2.437500000000000000e+01 9.983114870906685256e-01 1.657889601412537717e-01
2.452499999999600888e+01 9.975186694871167603e-01 1.643887064294274614e-01
2.467499999999563087e+01 1.000960577603212220e+00 1.637323928410615026e-01
2.482500000000441176e+01 9.954854215102639792e-01 1.638006577151346621e-01
2.497500000000402309e+01 9.998159768149760263e-01 1.628724569124496979e-01
2.512500000000000000e+01 1.004364029405667935e+00 1.672695630101341813e-01
2.527499999999595559e+01 1.003070427821209476e+00 1.632437842759307256e-01
2.542499999999541771e+01 1.002254751964257729e+00 1.644477892369161920e-01
2.557500000000462137e+01 1.002167463521158597e+00 1.633618822992723985e-01
2.572500000000407638e+01 1.000760345480484093e+00 1.638585382147198233e-01
2.587500000000000000e+01 1.004977065485271215e+00 1.631632543515314226e-01
2.602499999999590585e+01 1.002917078509699689e+00 1.610000029664001853e-01
2.617499999999521521e+01 1.003158721699525691e+00 1.617812291287076265e-01
2.632500000000482032e+01 1.004016953509328625e+00 1.605458001484806885e-01
2.647500000000383480e+01 1.002311451999029046e+00 1.591693946200586629e-01
2.662500000000000000e+01 1.004331792912947829e+00 1.575970104270963956e-01
2.677499999999647073e+01 1.002796968399482180e+00 1.609735290791404205e-01
2.692499999999502691e+01 1.007925067853054468e+00 1.577548559404574890e-01
2.707500000000501217e+01 1.002739193418530128e+00 1.585254538088978482e-01
2.722500000000308873e+01 1.002945122483780649e+00 1.574465796002998130e-01
2.737500000000000000e+01 1.004404845288538795e+00 1.555668755833994055e-01
2.752499999999719549e+01 1.006492862994526005e+00 1.583224877885858195e-01
2.767499999999484928e+01 1.005607798455053103e+00 1.561746585325148318e-01
2.782500000000518625e+01 1.005776654616843180e+00 1.579302339086813001e-01
2.797500000000238529e+01 1.006856946218026794e+00 1.575385555378528424e-01
2.812500000000000000e+01 1.006542745016303142e+00 1.552007218246129194e-01
2.827499999999788827e+01 1.007839073499669391e+00 1.559170882328111685e-01
2.842499999999467164e+01 1.007339960226904418e+00 1.537563822018116755e-01
2.857500000000536033e+01 1.003810249842229663e+00 1.531155615179620733e-01
2.872500000000171028e+01 1.008275731627445548e+00 1.547598862616881288e-01
2.887500000000000000e+01 1.005460917783765451e+00 1.529115998960127454e-01
2.902499999999854552e+01 1.005609656047907752e+00 1.532187964504774513e-01
2.917499999999451177e+01 1.005450516153864493e+00 1.535219587227603655e-01
2.932500000000552021e+01 1.006380486591431866e+00 1.510036183306985857e-01
2.947500000000107434e+01 1.005088140719487821e+00 1.501895757135627563e-01
2.962500000000000000e+01 1.009111402767604027e+00 1.513385882807695149e-01
2.977499999999917080e+01 1.008277712825826677e+00 1.508547220201824912e-01
2.992499999999435900e+01 1.008742319019855893e+00 1.512941221493683541e-01
3.007500000000566942e+01 1.006812557823639320e+00 1.504711170769613415e-01
3.022500000000047393e+01 1.006020977881588507e+00 1.487635759401544910e-01
3.037500000000000000e+01 1.008183762349258217e+00 1.483031133313924832e-01
3.052499999999976410e+01 1.005548568128659337e+00 1.487300251947946128e-01
3.067499999999420623e+01 1.008866425013596579e+00 1.492485251255359358e-01
3.082500000000581508e+01 1.009616683823421290e+00 1.487346215499220081e-01
3.097499999999989839e+01 1.004242701663220494e+00 1.481593158267167920e-01
3.112500000000000000e+01 1.006618933637140945e+00 1.504950247610851999e-01
3.127500000000032898e+01 1.007890529337616803e+00 1.465077494005256054e-01
3.142499999999406768e+01 1.006165280840371379e+00 1.473876280196006472e-01
3.157500000000595364e+01 1.008444425763031616e+00 1.467904559722652269e-01
3.172499999999935127e+01 1.008831778437015103e+00 1.475896577169951152e-01
3.187500000000000000e+01 1.005618523618722504e+00 1.479062172132959430e-01
3.202500000000086544e+01 1.009173291961990238e+00 1.448631653819839049e-01
3.217499999999394333e+01 1.008846008958309337e+00 1.454816294850646563e-01
3.232500000000609219e+01 1.004929532598314967e+00 1.449957620911657419e-01
3.247499999999882903e+01 1.008120586607885283e+00 1.453220029529746493e-01
3.262500000000000000e+01 1.003951469889338810e+00 1.457073802220871239e-01
3.277500000000137703e+01 1.004790622524217136e+00 1.432799052484059477e-01
3.292499999999381544e+01 1.005882044653055862e+00 1.426026070649329680e-01
3.307500000000621299e+01 1.008008453361328050e+00 1.427214609395907052e-01
3.322499999999832454e+01 1.005799012654770008e+00 1.421753036489374622e-01
3.337500000000000000e+01 1.004804164762461927e+00 1.423795517971788716e-01
3.352500000000186731e+01 1.005467843358527791e+00 1.422080393147360233e-01
3.367499999999368754e+01 1.004239968561570162e+00 1.417978754460067214e-01
3.382500000000633378e+01 1.007755763847981489e+00 1.424931787961558338e-01
3.397499999999784848e+01 1.005110135493862744e+00 1.403993670079788092e-01
3.412500000000000000e+01 1.005799494610973399e+00 1.400609836403810537e-01
3.427500000000233626e+01 1.007984016466277888e+00 1.423236966061294795e-01
3.442499999999357385e+01 1.005195366412184654e+00 1.415543912032526941e-01
3.457500000000644746e+01 1.006654668585382328e+00 1.381383515709581067e-01
3.472499999999739373e+01 1.006828369144019630e+00 1.406660723457875684e-01
3.487500000000000000e+01 1.002852821680950024e+00 1.363929633414361908e-01
3.502500000000278391e+01 1.007735168813151283e+00 1.395354622959147917e-01
3.517499999999346016e+01 1.005672674241483433e+00 1.411805391065500681e-01
3.532500000000656115e+01 1.006857132699777724e+00 1.368525189972993328e-01
3.547499999999695319e+01 1.006172562008528892e+00 1.388426142329345636e-01
3.562500000000000000e+01 1.004701537711067072e+00 1.381676693411784118e-01
3.577500000000321734e+01 1.003741107810014466e+00 1.383706116257896468e-01
3.592499999999336069e+01 1.004492870545789618e+00 1.368701424021162294e-01
3.607500000000666773e+01 1.005312873311024147e+00 1.375299733288713189e-01
3.622499999999653397e+01 1.006545577165492977e+00 1.390963796765562477e-01
3.637500000000000000e+01 1.001717537509711375e+00 1.388271942705897044e-01
3.652500000000362235e+01 1.006399363308056127e+00 1.384259544563027911e-01
3.667499999999325411e+01 1.007192420101470587e+00 1.365190200164064782e-01
3.682500000000676721e+01 1.002430125618047896e+00 1.371993552754758594e-01
3.697499999999613607e+01 1.003101088706768174e+00 1.347543467397875616e-01
3.712500000000000000e+01 1.005525932506708520e+00 1.351677490788452674e-01
3.727500000000402736e+01 1.006900313032485839e+00 1.337596244187913286e-01
3.742499999999315463e+01 1.005550215187453134e+00 1.342490160170783930e-01
3.757500000000686668e+01 1.002199781651410548e+00 1.349334586089526444e-01
3.772499999999575238e+01 1.004288672670779814e+00 1.338916750940920553e-01
3.787500000000000000e+01 1.001778631460516822e+00 1.336542236276385687e-01
3.802500000000440394e+01 1.004451719835568912e+00 1.326246013919038513e-01
3.817499999999306226e+01 1.001954054991335941e+00 1.335063228868868246e-01
3.832500000000695906e+01 1.002585014513785566e+00 1.332628118928437799e-01
3.847499999999537579e+01 1.000914539125282499e+00 1.321619917155252844e-01
3.862500000000000000e+01 1.004019518057767346e+00 1.320393670535516262e-01
3.877500000000476632e+01 1.003407641755985180e+00 1.309603895704756493e-01
3.892499999999297700e+01 1.003823761918229085e+00 1.312936314825977890e-01
3.907500000000705143e+01 1.003259454007998208e+00 1.320827833522830452e-01
3.922499999999502052e+01 1.001748697164146940e+00 1.310075879130691290e-01
3.937500000000000000e+01 1.003370490109369184e+00 1.317583683891469515e-01
3.952500000000512159e+01 1.001316725577810374e+00 1.302401419576928454e-01
3.967499999999288463e+01 1.004570674771392724e+00 1.310549940907496658e-01
3.982500000000712959e+01 1.002638362493136759e+00 1.303358930192799747e-01
3.997499999999467946e+01 1.002287625469062693e+00 1.303889651868568311e-01
4.012500000000000000e+01 1.004561030931765631e+00 1.310046047433980065e-01
4.027500000000545555e+01 1.003594117798296104e+00 1.308844523813725569e-01
4.042499999999279936e+01 1.003527581947623704e+00 1.295768314348355876e-01
4.057500000000721485e+01 1.001930453631436846e+00 1.294090729055775157e-01
4.072499999999434550e+01 1.001082174326066720e+00 1.296911640453016490e-01
4.087500000000000000e+01 1.000150511539096954e+00 1.274291138726937889e-01
4.102500000000578240e+01 1.003146430190634097e+00 1.273426045343406532e-01
4.117499999999272120e+01 1.002717891921593107e+00 1.268046666465104388e-01
4.132500000000730012e+01 1.000911329035287567e+00 1.276328195353257366e-01
4.147499999999402576e+01 1.002308563125629881e+00 1.277771336679515979e-01
4.162500000000000000e+01 1.003668735692537561e+00 1.283694213996704470e-01
4.177500000000609504e+01 9.987935404357567437e-01 1.265687473366728100e-01
4.192499999999264304e+01 1.000178946539345803e+00 1.269101905649193396e-01
4.207500000000737828e+01 9.991982503223590939e-01 1.279519812369656617e-01
4.222499999999372022e+01 9.996129301466192274e-01 1.262910767501903841e-01
4.237500000000000000e+01 1.001472504169838462e+00 1.262721003533866238e-01
4.252500000000640057e+01 1.001432735064472057e+00 1.273950184211233572e-01
4.267499999999256488e+01 1.001168354855054288e+00 1.262430867083075003e-01
4.282500000000744933e+01 1.001071126492987240e+00 1.270927130325736620e-01
4.297499999999342180e+01 1.000838184255420593e+00 1.243282936301128294e-01
4.312500000000000000e+01 9.995650577793100400e-01 1.234285563115839895e-01
4.327500000000669900e+01 1.001955556674581471e+00 1.264433626713789838e-01
4.342499999999249383e+01 1.000724644685337283e+00 1.228150133483531109e-01
4.357500000000752038e+01 1.003287244122083921e+00 1.255809720029406884e-01
4.372499999999313758e+01 1.001982719345553052e+00 1.240337196915211049e-01
4.387500000000000000e+01 1.002385906961151374e+00 1.236332433884504839e-01
4.402500000000697611e+01 1.000398528923492902e+00 1.234461119280696462e-01
4.417499999999242277e+01 9.994533588587618533e-01 1.228960269210921663e-01
4.432500000000759144e+01 1.003651802267990556e+00 1.253535119633678308e-01
4.447499999999286047e+01 1.002795400408057258e+00 1.231457299703111186e-01
4.462500000000000000e+01 1.000501741054879545e+00 1.217720758118175650e-01
4.477500000000724611e+01 1.003227295659218088e+00 1.236546186110093343e-01
4.492499999999235882e+01 9.993069550567137416e-01 1.216850712842098420e-01
4.507500000000766249e+01 1.000758170957505300e+00 1.239301190907328015e-01
4.522499999999259757e+01 9.990557525817517215e-01 1.214764506195767785e-01
4.537500000000000000e+01 9.998777882063665245e-01 1.238648083118515097e-01
4.552500000000750902e+01 1.002807465107307783e+00 1.216728126997880938e-01
4.567499999999228777e+01 1.001694065645479581e+00 1.225139201970949915e-01
4.582500000000772644e+01 1.001328050868675712e+00 1.221126645796782179e-01
4.597499999999233466e+01 1.001188021088190494e+00 1.211832119164758387e-01
4.612500000000000000e+01 9.983448694163842285e-01 1.203886504419990899e-01
4.627500000000776481e+01 1.000337199535330734e+00 1.208721606836002938e-01
4.642499999999223093e+01 1.002382873156389742e+00 1.203664851596168150e-01
4.657500000000779039e+01 1.000604061056135530e+00 1.224093083466505361e-01
4.672499999999207887e+01 1.001373977675065641e+00 1.209050341400873668e-01
4.687500000000000000e+01 1.000099290925599460e+00 1.198393750562882637e-01
4.702500000000801350e+01 1.000726517600581733e+00 1.183614582141941513e-01
4.717499999999216698e+01 1.002011159320413736e+00 1.191078529712512601e-01
4.732500000000784723e+01 1.001046915018158678e+00 1.205539931784683355e-01
4.747499999999183729e+01 9.979722786534265255e-01 1.182090772385411964e-01
4.762500000000000000e+01 9.985715036544230427e-01 1.193448389830800704e-01
4.777500000000825509e+01 9.990216145513971524e-01 1.173447664904826715e-01
4.792499999999211013e+01 1.000337631593092302e+00 1.191816063731732378e-01
4.807500000000790408e+01 9.995155172375388419e-01 1.181761997188429114e-01
4.822499999999160281e+01 9.989911094984257334e-01 1.195508890763404136e-01
4.837500000000000000e+01 9.992811463987315568e-01 1.177613410058194060e-01
4.852500000000848956e+01 9.994215242363984064e-01 1.184037730114934905e-01
4.867499999999204618e+01 9.993302118890214913e-01 1.188036026436891240e-01
4.882500000000796092e+01 1.001169191759631039e+00 1.161868309352283718e-01
4.897499999999137543e+01 9.981488548091232982e-01 1.170509926128792400e-01
4.912500000000000000e+01 9.981044896497232033e-01 1.174720428297710839e-01
4.927500000000870983e+01 1.000083478971474982e+00 1.170918957014129985e-01
4.942499999999198934e+01 9.991626316236352778e-01 1.178511468908587656e-01
4.957500000000802487e+01 1.000172647056862374e+00 1.183517955489332280e-01
4.972499999999115516e+01 9.996234053545496323e-01 1.166906054249184366e-01
4.987500000000000000e+01 9.982602112165196440e-01 1.162917460706217598e-01
5.002500000000893010e+01 1.000488729201977511e+00 1.165814155797979118e-01
5.017499999999193960e+01 1.000295951163219232e+00 1.156717707507735754e-01
5.032500000000807461e+01 1.000050640107324584e+00 1.168280843611211733e-01
5.047499999999094200e+01 9.997953222147862862e-01 1.159138334217460486e-01
5.062500000000000000e+01 9.998659552440960496e-01 1.154396113174292193e-01
5.077500000000914326e+01 9.999561718327173443e-01 1.161553171288684100e-01
5.092499999999188276e+01 9.989112319941277907e-01 1.159151065657877538e-01
5.107500000000812435e+01 1.000116302862015027e+00 1.160556003185588408e-01
5.122499999999072884e+01 1.000573940664270634e+00 1.166690435430841749e-01
5.137500000000000000e+01 1.002018410900636702e+00 1.147057274314148140e-01
5.152500000000934932e+01 1.000072353544201542e+00 1.153036319760174649e-01
5.167499999999183302e+01 1.000245705581009892e+00 1.153159777269933683e-01
5.182500000000818119e+01 1.000416580245640397e+00 1.130755714467299861e-01
5.197499999999052989e+01 9.998200577913385345e-01 1.144845194436343166e-01
5.212500000000000000e+01 1.000101265723817967e+00 1.143041145978744150e-01
5.227500000000954827e+01 1.002084577077035910e+00 1.127257073441778334e-01
5.242499999999178328e+01 1.002442572585902303e+00 1.138967015182166670e-01
5.257500000000806040e+01 1.002261303632113965e+00 1.134342399324743678e-01
5.272499999999033804e+01 1.001221484492989422e+00 1.133413695988582104e-01
5.287500000000000000e+01 1.001559140429537198e+00 1.137012204963132600e-01
5.302500000000974723e+01 1.000776953637715572e+00 1.132294049378342188e-01
5.317499999999255778e+01 1.000227033036740654e+00 1.117640070694575771e-01
5.332500000000729301e+01 1.000430966955584644e+00 1.132297397000523453e-01
5.347499999999015330e+01 1.002499598417928350e+00 1.117203233640570725e-01
5.362500000000000000e+01 1.000844405030641759e+00 1.114340655136490804e-01
5.377500000000993197e+01 1.000547260250501447e+00 1.134806197865665112e-01
5.392499999999331095e+01 1.002828969295205708e+00 1.119446823619547060e-01
5.407500000000654694e+01 1.000910891213849352e+00 1.126820120374917161e-01
5.422499999998996145e+01 1.000034851015823012e+00 1.120532314385209866e-01
5.437500000000000000e+01 1.002159317652422166e+00 1.115177864810675129e-01
5.452500000001011671e+01 1.000743804141579485e+00 1.127850563574748222e-01
5.467499999999403570e+01 1.000147601627845217e+00 1.114882432774506743e-01
5.482500000000581508e+01 1.001954053364473740e+00 1.120140972802511903e-01
5.497499999998977671e+01 9.989548889520819541e-01 1.122197382312892233e-01
5.512500000000000000e+01 9.998140132594062202e-01 1.111224053229576125e-01
5.527500000001029434e+01 9.999042735942391680e-01 1.118589354293529486e-01
5.542499999999475335e+01 9.998287608519206282e-01 1.099901074811445306e-01
5.557500000000510454e+01 9.995498163394384017e-01 1.105437520404056184e-01
5.572499999998960618e+01 9.979405119228283993e-01 1.111604727115353963e-01
5.587500000000000000e+01 9.971105477683401830e-01 1.108316318137665540e-01
5.602500000001046487e+01 1.002305435975933356e+00 1.100296950439898641e-01
5.617499999999544258e+01 9.982959015688614990e-01 1.096877933121562787e-01
5.632500000000441531e+01 9.979175425325356175e-01 1.086791519265702805e-01
5.647499999998942855e+01 9.981676807580024402e-01 1.086370298059921163e-01
5.662500000000000000e+01 9.997197053433443115e-01 1.095954292256974411e-01
5.677500000001062830e+01 9.988035144940747845e-01 1.075366525870472545e-01
5.692499999999611759e+01 9.966541166851929923e-01 1.076876052231980352e-01
5.707500000000374030e+01 9.976991523302412013e-01 1.076100146750567227e-01
5.722499999998926512e+01 9.967546444770890579e-01 1.079492697066474355e-01
5.737500000000000000e+01 9.966774503830645449e-01 1.096886861363829541e-01
5.752500000001079172e+01 9.967022739603985659e-01 1.090245828826328645e-01
5.767499999999677129e+01 9.974332365786324761e-01 1.070874304355856343e-01
5.782500000000310081e+01 9.960859486492056325e-01 1.083154393122107012e-01
5.797499999998910170e+01 9.951758517517572677e-01 1.078820393843528958e-01
5.812500000000000000e+01 9.982626701998555951e-01 1.078397294459231548e-01
5.827500000001095515e+01 9.971409176595549262e-01 1.082286776433514508e-01
5.842499999999741078e+01 9.969802365266970945e-01 1.073863270891537297e-01
5.857500000000246132e+01 9.964496021872936149e-01 1.086523026598156388e-01
5.872499999998893827e+01 9.960500624272413672e-01 1.064223445511704585e-01
5.887500000000000000e+01 9.981705352715534163e-01 1.065165538603123213e-01
5.902500000001111857e+01 9.987641159352200759e-01 1.063130677357996684e-01
5.917499999999803606e+01 9.967772405884656184e-01 1.072797773436751922e-01
5.932500000000184315e+01 9.951360382265894700e-01 1.067918251224659887e-01
5.947499999998878906e+01 9.957585949247508283e-01 1.056798963615026843e-01
5.962500000000000000e+01 9.975600889948439409e-01 1.054267481007712670e-01
5.977500000001126779e+01 9.977306796109454146e-01 1.060208318922438026e-01
5.992499999999864002e+01 9.975516481731639962e-01 1.047579657096147643e-01
6.007500000000123919e+01 9.978404240841610706e-01 1.066166219533814519e-01
6.022499999998863984e+01 9.966516151555063763e-01 1.065061171950187069e-01
6.037500000000000000e+01 9.972711580303413870e-01 1.067801417132869524e-01
6.052500000001142411e+01 9.950445264551509572e-01 1.050718979647225909e-01
6.067499999999923688e+01 9.987146214551779755e-01 1.066936682046180085e-01
6.082500000000064944e+01 9.976117355755376170e-01 1.047367971226626365e-01
6.097499999998849773e+01 9.971626562102112734e-01 1.037936905309740088e-01
6.112500000000000000e+01 9.963330338446300116e-01 1.038447748410133292e-01
6.127500000001155911e+01 9.955614106407592034e-01 1.048710206799621514e-01
6.142499999999980531e+01 9.962017929285162943e-01 1.043504221215354882e-01
6.157500000000007390e+01 9.986633125216972662e-01 1.041869117072868056e-01
6.172499999998834852e+01 9.954321817181660537e-01 1.042840039868962176e-01
6.187500000000000000e+01 9.976664119598894764e-01 1.040956995776828597e-01
6.202500000001170122e+01 9.967325987575940127e-01 1.056605824337437383e-01
6.217500000000037375e+01 9.986239044155555966e-01 1.034517339921169898e-01
6.232499999999951967e+01 9.980434940839003621e-01 1.046470849907730760e-01
6.247499999998820641e+01 9.976929413421756765e-01 1.036633860583182076e-01
6.262500000000000000e+01 9.973237217258860143e-01 1.025868650162698043e-01
6.277500000001184333e+01 9.967667828264583640e-01 1.039803906593365357e-01
6.292500000000092086e+01 9.965966522783018533e-01 1.027194021460392098e-01
6.307499999999897256e+01 9.977966180335959834e-01 1.025897052110313484e-01
6.322499999998807851e+01 9.973648686708321831e-01 1.036286422751755837e-01
6.337500000000000000e+01 9.984632476859335304e-01 1.027390171607864278e-01
6.352500000001197833e+01 9.977352601536239041e-01 1.030247566024137529e-01
6.367500000000146798e+01 9.962822590670445955e-01 1.024004204645764943e-01
6.382499999999843254e+01 9.967968095414918572e-01 1.025307120177024606e-01
6.397499999998793641e+01 9.988531880963008591e-01 1.016986531432927943e-01
6.412500000000000000e+01 9.992304657492774300e-01 1.030541706389653811e-01
6.427500000001211333e+01 1.000040983698967434e+00 1.019638295871574812e-01
6.442500000000200089e+01 9.964189372771772302e-01 1.030334155648559707e-01
6.457499999999791385e+01 9.971085172021695309e-01 1.017790340739608279e-01
6.472499999998781561e+01 9.977863870072055663e-01 1.019106911823366990e-01
6.487500000000000000e+01 1.000661984826580087e+00 1.021864893211255343e-01
6.502500000001224123e+01 9.975100648119262781e-01 1.015720921583457975e-01
6.517500000000251248e+01 9.977658139834540973e-01 1.011151717399429162e-01
6.532499999999740226e+01 9.979039984502363625e-01 1.017260990054638659e-01
6.547499999998768772e+01 9.986578321452121987e-01 1.004946722428606415e-01
6.562500000000000000e+01 9.998761025450196849e-01 1.026274150997310008e-01
6.577500000001236913e+01 1.000304314995153376e+00 1.020879349306714895e-01
6.592500000000300986e+01 9.992250699984256412e-01 1.016451516474916328e-01
6.607499999999690488e+01 9.991318418289639736e-01 1.009473176917227571e-01
6.622499999998755982e+01 1.000305361384872693e+00 1.025117002566995339e-01
6.637500000000000000e+01 9.987907570580843997e-01 9.982328460713109364e-02
6.652500000001249703e+01 1.001303512914833327e+00 1.020617299418926233e-01
6.667500000000349303e+01 9.991180394612018123e-01 1.020328991519838524e-01
6.682499999999640750e+01 1.001720929873832766e+00 1.009674856224190287e-01
6.697499999998743192e+01 1.001663324141468969e+00 1.015225397332558122e-01
6.712500000000000000e+01 9.973475145860773994e-01 9.947375048801014585e-02
6.727500000001261071e+01 1.001772658003085903e+00 1.006496280345853811e-01
6.742500000000397620e+01 9.987148164323830235e-01 9.920687204577338658e-02
6.757499999999593854e+01 9.984529040096604691e-01 1.001869377322520682e-01
6.772499999998731823e+01 9.986793440955313850e-01 9.893325731315953664e-02
6.787500000000000000e+01 9.998942191948253511e-01 9.949977695251258081e-02
6.802500000001272440e+01 1.000512142345346689e+00 1.006807942455999749e-01
6.817500000000444516e+01 9.993493606031108589e-01 1.001437363259825575e-01
6.832499999999546958e+01 1.001563260681432865e+00 9.874492992005243219e-02
6.847499999998720455e+01 1.001003456963892591e+00 9.798777366901194330e-02
6.862500000000000000e+01 9.988616420172966581e-01 9.888942261932062716e-02
6.877500000001283809e+01 9.978073617519322980e-01 9.880859459986597593e-02
6.892500000000489990e+01 9.981788973085371497e-01 9.832658002706370914e-02
6.907499999999501483e+01 9.977537997058129049e-01 9.794048352158200854e-02
6.922499999998709086e+01 1.000189667771931301e+00 9.823171186225580775e-02
6.937500000000000000e+01 9.989166230541295377e-01 9.758349339639189879e-02
6.952500000001295177e+01 9.995361235332493877e-01 9.820358184127782331e-02
6.967500000000535465e+01 9.994046682995811892e-01 9.844537539208360333e-02
6.982499999999456008e+01 1.000474665879018232e+00 9.822616755273620714e-02
6.997499999998697717e+01 9.984679072698195990e-01 9.894727914276540970e-02
7.012500000000000000e+01 9.958783208654171659e-01 9.788107571482047853e-02
7.027500000001306546e+01 9.975651845705546528e-01 9.754401816447592910e-02
7.042500000000579519e+01 9.997084507292306466e-01 9.834438811724163787e-02
7.057499999999413376e+01 9.978358299604231929e-01 9.725823099716708608e-02
7.072499999998686349e+01 9.984350339414621578e-01 9.709607849246462696e-02
7.087500000000000000e+01 9.970545072102923179e-01 9.699026863185235270e-02
7.102500000001316494e+01 9.997927773788608530e-01 9.697862128688179706e-02
7.117500000000620730e+01 9.986779807699820433e-01 9.746694022084664843e-02
7.132499999999369322e+01 9.984913407052962153e-01 9.663275701291865194e-02
7.147499999998676401e+01 9.963397582210496983e-01 9.707053912961680076e-02
7.162500000000000000e+01 9.992560596329985723e-01 9.612766036895552257e-02
7.177500000001327862e+01 9.974623485184923588e-01 9.719943194135108322e-02
7.192500000000663363e+01 9.968229615814738764e-01 9.700348098338255898e-02
7.207499999999328111e+01 9.977976553332662535e-01 9.613206363341421368e-02
7.222499999998666453e+01 9.954765159948779640e-01 9.582727806057426967e-02
7.237500000000000000e+01 9.976759463662637772e-01 9.721458792510707936e-02
7.252500000001337810e+01 9.983290724666178395e-01 9.630342238437787639e-02
7.267500000000704574e+01 9.963080346276445010e-01 9.623042540294275693e-02
7.282499999999286899e+01 9.987023774677488142e-01 9.583324098684632697e-02
7.297499999998655085e+01 9.976767712203362670e-01 9.588400229760019045e-02
7.312500000000000000e+01 9.975641339751651904e-01 9.599586842371383988e-02
7.327500000001347757e+01 9.977772519913528093e-01 9.461584608707925004e-02
7.342500000000745786e+01 9.972733573376734162e-01 9.543352367537612235e-02
7.357499999999247109e+01 9.981179299330398269e-01 9.436489056964250666e-02
7.372499999998646558e+01 9.995296071471065913e-01 9.544072623660175558e-02
7.387500000000000000e+01 9.991739955651548488e-01 9.395495004657779259e-02
7.402500000001359126e+01 9.998644757170330744e-01 9.392905870039447436e-02
7.417500000000785576e+01 9.976822499444630843e-01 9.529088640062580162e-02
7.432499999999207319e+01 9.999158975160966634e-01 9.492996977224008037e-02
7.447499999998635190e+01 9.988645314331564551e-01 9.507703551463825287e-02
7.462500000000000000e+01 1.000085506950917802e+00 9.516593498971227805e-02
7.477500000001367653e+01 1.001338319888449568e+00 9.525813453472965764e-02
7.492500000000823945e+01 1.000073290595714148e+00 9.509316247196154814e-02
7.507499999999168949e+01 1.000634832588086720e+00 9.456114544146440593e-02
7.522499999998626663e+01 9.992498874468421777e-01 9.476292017172045778e-02
7.537500000000000000e+01 9.992590176982216743e-01 9.483363264832204986e-02
7.552500000001377600e+01 9.984350857044758110e-01 9.575007635550306095e-02
7.567500000000862315e+01 9.990446342479020192e-01 9.422285975430501337e-02
7.582499999999130580e+01 1.000785824458880313e+00 9.353070322556408800e-02
7.597499999998616715e+01 1.000688510937608466e+00 9.361034868153488009e-02
7.612500000000000000e+01 9.997604965390884946e-01 9.341601688901088330e-02
7.627500000001386127e+01 9.992014893946701282e-01 9.415803745937198488e-02
7.642500000000899263e+01 9.980024701578675828e-01 9.397751452228514379e-02
7.657499999999093632e+01 1.000339836578999053e+00 9.450574332062353089e-02
7.672499999998608189e+01 9.983142367626850477e-01 9.466485017117656775e-02
7.687500000000000000e+01 9.993560663059637417e-01 9.474582079684557012e-02
7.702500000001396074e+01 1.000059591338609000e+00 9.303392260325514529e-02
7.717500000000934790e+01 9.987078001981412045e-01 9.421693014201518168e-02
7.732499999999058105e+01 9.988232339364853107e-01 9.426479828600685396e-02
7.747499999998598241e+01 9.992504313778628466e-01 9.313797546091638624e-02
7.762500000000000000e+01 9.995501276426083104e-01 9.218773511457482861e-02
7.777500000001404601e+01 9.994755513890353216e-01 9.306935119422511671e-02
7.792500000000971738e+01 9.989633653032563565e-01 9.318784497937171452e-02
7.807499999999021156e+01 9.978080673986109428e-01 9.336533962613563498e-02
7.822499999998589715e+01 9.995223004164486280e-01 9.168667209057931866e-02
7.837500000000000000e+01 9.988977673322324558e-01 9.178391522359168053e-02
7.852500000001413127e+01 9.994307792786432110e-01 9.256442153823236929e-02
7.867500000001005844e+01 9.985375683040773609e-01 9.264749157256763068e-02
7.882499999998987050e+01 9.988565904486790270e-01 9.233520432009986734e-02
7.897499999998581188e+01 9.985421406425971647e-01 9.319255242396064232e-02
7.912500000000000000e+01 1.000398947261774696e+00 9.286411417234237409e-02
7.927500000001423075e+01 9.993496165219580840e-01 9.213097774644407600e-02
7.942500000001041371e+01 9.998251843859734533e-01 9.182118840449467190e-02
7.957499999998951523e+01 1.000541689050305383e+00 9.219047068190636129e-02
7.972499999998572662e+01 1.000272129210415972e+00 9.143898290182042587e-02
7.987500000000000000e+01 9.998420201938379437e-01 9.180530949018717024e-02
8.002500000001430180e+01 9.987921085601326743e-01 9.100405594657290376e-02
8.017500000001075477e+01 9.997915240991579466e-01 9.144407758165840061e-02
8.032499999998918838e+01 9.982603267436024330e-01 9.171272884385869850e-02
8.047499999998564135e+01 9.981574043867501578e-01 9.183865046567593615e-02
8.062500000000000000e+01 9.999613936324384111e-01 9.110597313847462742e-02
8.077500000001438707e+01 9.978275567203371832e-01 9.231341713479634947e-02
8.092500000001108162e+01 1.000175150911919664e+00 9.069475778547253508e-02
8.107499999998886153e+01 1.000795004495666829e+00 9.179000412368074069e-02
8.122499999998557030e+01 1.000040340594976707e+00 9.022592614575540571e-02
8.137500000000000000e+01 9.999159284821399485e-01 9.210454802055209611e-02
8.152500000001447233e+01 9.997837186148408328e-01 9.064525261925830690e-02
8.167500000001139426e+01 9.987542594370012461e-01 9.116917414858238811e-02
8.182499999998853468e+01 1.000054218717705279e+00 9.098723511320326585e-02
8.197499999998548503e+01 9.993126886422709632e-01 9.056111590636208020e-02
8.212500000000000000e+01 9.998844474599778431e-01 9.116701885852594722e-02
8.227500000001455760e+01 1.000746855416634107e+00 9.015136697917744413e-02
8.242500000001172111e+01 9.987389166745389568e-01 9.025867177148004517e-02
8.257499999998822204e+01 9.984483907811103620e-01 9.113448092223154495e-02
8.272499999998539977e+01 9.992288773344228936e-01 8.965922805761600278e-02
8.287500000000000000e+01 9.983191745493065206e-01 8.956921416255930746e-02
8.302500000001462865e+01 9.991828560442197471e-01 9.008215986245046714e-02
8.317500000001203375e+01 9.999349842255315091e-01 9.032590963055175948e-02
8.332499999998789519e+01 9.999286047171882519e-01 9.093600781313279646e-02
8.347499999998531450e+01 9.983018096332091362e-01 8.969542254353282673e-02
8.362500000000000000e+01 1.000390924695206740e+00 9.007750891076098110e-02
8.377500000001469971e+01 9.977429667010497827e-01 8.935299186703088425e-02
8.392500000001234639e+01 9.982155541476438465e-01 8.892544938781815622e-02
8.407499999998758256e+01 9.995052984471312074e-01 8.945606726415442078e-02
8.422499999998524345e+01 9.975376083324185572e-01 8.873680718328053052e-02
8.437500000000000000e+01 9.987034874398937889e-01 8.939339100042051345e-02
8.452500000001478497e+01 9.977254671386068807e-01 8.980832615463650581e-02
8.467500000001264482e+01 9.968156278401010262e-01 8.890845331534776019e-02
8.482499999998728413e+01 9.979449672035768382e-01 8.985814349324525163e-02
8.497499999998517239e+01 9.972013102814140106e-01 8.896562313761456620e-02
8.512500000000000000e+01 9.988960888612863354e-01 8.846407741783940404e-02
8.527500000001485603e+01 9.979626849746856543e-01 8.975092691532045308e-02
8.542500000001294325e+01 9.988504256434181938e-01 8.877124084050222463e-02
8.557499999998699991e+01 9.990419936715244642e-01 8.870685418668884659e-02
8.572499999998510134e+01 9.985292935130033465e-01 8.819029952629102442e-02
8.587500000000000000e+01 9.960885255580004261e-01 8.943292590923848651e-02
8.602500000001494129e+01 9.970900239052173930e-01 8.940049476949957219e-02
8.617500000001324167e+01 9.966456549308972956e-01 8.723335038867920110e-02
8.632499999998670148e+01 9.982710387229062343e-01 8.797668800062466432e-02
8.647499999998503029e+01 9.987151679385661840e-01 8.879715857040533511e-02
8.662500000000000000e+01 9.971007423496519584e-01 8.772850609544931288e-02
8.677500000001501235e+01 9.979845753303384637e-01 8.765904584186512416e-02
8.692500000001352589e+01 9.960250465464891567e-01 8.747501675943614163e-02
8.707499999998641727e+01 9.979358328431585656e-01 8.737123143635718014e-02
8.722499999998494502e+01 9.961111946310612364e-01 8.865285301724448730e-02
8.737500000000000000e+01 9.954446414256639120e-01 8.693085253683927038e-02
8.752500000001508340e+01 9.961468117734393335e-01 8.855189790847513287e-02
8.767500000001381011e+01 9.733349624355239760e-01 8.620026803079465505e-02
8.782499999998613305e+01 9.516989550165685374e-01 8.593187446710644217e-02
8.797499999998487397e+01 9.375823026712687414e-01 8.549641219671171022e-02
8.812500000000000000e+01 9.266818426851521906e-01 8.426622481257102504e-02
8.827500000001514024e+01 9.169380393511457061e-01 8.459333494616323723e-02
8.842500000001409433e+01 9.090203467991977426e-01 8.346638853258067647e-02
8.857499999998586304e+01 9.018515337214956240e-01 8.234398608225799998e-02
8.872499999998480291e+01 8.951776623447577075e-01 8.183850465017393494e-02
8.887500000000000000e+01 8.861916456930818420e-01 8.167026261073444260e-02
8.902500000001521130e+01 8.825367148548408647e-01 8.187678339198921351e-02
8.917500000001436433e+01 8.736435657718196746e-01 8.189721539828953567e-02
8.932499999998557882e+01 8.698761824571653589e-01 8.140352126426846080e-02
8.947499999998473186e+01 8.639036146004874794e-01 8.032581809116812188e-02
8.962500000000000000e+01 8.587119850309612445e-01 8.113142073313175939e-02
8.977500000001528235e+01 8.554446081435880256e-01 7.960436962794591176e-02
8.992500000001462013e+01 8.487164122814967460e-01 8.152641651723906147e-02
9.007499999998532303e+01 8.447841715389656780e-01 8.003519535754095859e-02
9.022499999998467501e+01 8.417416374444985916e-01 7.920865891279837978e-02
9.037500000000000000e+01 8.348131712857843612e-01 8.001031548314756214e-02
9.052500000001533920e+01 8.320860652208112995e-01 8.022581485548901936e-02
9.067500000001489013e+01 8.286542880479894624e-01 7.789426600932436440e-02
9.082499999998505302e+01 8.249128650336020607e-01 7.798686085933959067e-02
9.097499999998460396e+01 8.208575730582284846e-01 7.833850485884842618e-02
9.112500000000000000e+01 8.161972819681053704e-01 7.848551890759573879e-02
9.127500000001541025e+01 8.133909641538515922e-01 7.721986231492025676e-02
9.142500000001514593e+01 8.081116975851839745e-01 7.719697108232433103e-02
9.157499999998479723e+01 8.049191984672209310e-01 7.586965901968982517e-02
9.172499999998454712e+01 8.025525633729507780e-01 7.694422704926366652e-02
9.187500000000000000e+01 7.995006874281201936e-01 7.654186350429392771e-02
9.202500000001548131e+01 7.962492091039437003e-01 7.661649272107173836e-02
9.217500000001541594e+01 7.926268111069725286e-01 7.614421591589465299e-02
9.232499999998454143e+01 7.906275745102230301e-01 7.672169073178052023e-02
9.247499999998447606e+01 7.875971099961825983e-01 7.601067101767380874e-02
9.262500000000000000e+01 7.830820596958997237e-01 7.558540104666744419e-02
9.277500000001553815e+01 7.808219787231840403e-01 7.629891739406435835e-02
9.292500000001565752e+01 7.782217807301153867e-01 7.475900521630708673e-02
9.307499999998428564e+01 7.768471537260992488e-01 7.577762705199377058e-02
9.322499999998441922e+01 7.744244748552989721e-01 7.495950757464769909e-02
9.337500000000000000e+01 7.698866230426441026e-01 7.423731168014142956e-02
9.352500000001559499e+01 7.684559830198690600e-01 7.444591059471544758e-02
9.367500000001591332e+01 7.655299943377983363e-01 7.443452475207464059e-02
9.382499999998402984e+01 7.638743474366447295e-01 7.429900536451457260e-02
9.397499999998436238e+01 7.605835615522833493e-01 7.308794065718841881e-02
9.412500000000000000e+01 7.586355294458146936e-01 7.338539293804637043e-02
9.427500000001566605e+01 7.560899383670963703e-01 7.340378608211999001e-02
9.442500000001615490e+01 7.544649200298990666e-01 7.286519919329935424e-02
9.457499999998380247e+01 7.497382787586484021e-01 7.293161207363600684e-02
9.472499999998429132e+01 7.483255099311710845e-01 7.300418463890409604e-02
9.487500000000000000e+01 7.455373799886145791e-01 7.308012201655900153e-02
9.502500000001572289e+01 7.439229886984992657e-01 7.289854690150575356e-02
9.517500000001639648e+01 7.409734734562948288e-01 7.255805138821069811e-02
9.532499999998356088e+01 7.397404979075065112e-01 7.216469158870014722e-02
9.547499999998423448e+01 7.376704126645194926e-01 7.217541151689826906e-02
9.562500000000000000e+01 7.355618087189286225e-01 7.224800772442348251e-02
9.577500000001577973e+01 7.337081540437063731e-01 7.154715338069546349e-02
9.592500000001662386e+01 7.312851897529453193e-01 7.157763292016218470e-02
9.607499999998331930e+01 7.288054935306894633e-01 7.134848179883999941e-02
9.622499999998417763e+01 7.261488170182648361e-01 7.163739016650032265e-02
9.637500000000000000e+01 7.238621972919900838e-01 7.114448426555659843e-02
9.652500000001585079e+01 7.218735278168302294e-01 7.070614174308573197e-02
9.667500000001686544e+01 7.212675864594196851e-01 7.011832760225694683e-02
9.682499999998309193e+01 7.187123040840353028e-01 7.081336555798628529e-02
9.697499999998412079e+01 7.163535797304636521e-01 7.011882432615124117e-02
9.712500000000000000e+01 7.151325378538085920e-01 7.021403472143691871e-02
9.727500000001590763e+01 7.133492911594321306e-01 7.144482951372570223e-02
9.742500000001709282e+01 7.116947664544027718e-01 6.992287609392412728e-02
9.757499999998287876e+01 7.088950276947237894e-01 6.945146592852401157e-02
9.772499999998406395e+01 7.073304225768809461e-01 7.013224812148910470e-02
9.787500000000000000e+01 7.036463841803837216e-01 7.013526154243880650e-02
9.802500000001595026e+01 7.026471509592693288e-01 6.828728894391941640e-02
9.817500000001732019e+01 7.008113640053369453e-01 6.874657665687575192e-02
9.832499999998263718e+01 6.995701088481072194e-01 6.859319846581243829e-02
9.847499999998402131e+01 6.976782296642262127e-01 6.884771501473772870e-02
9.862500000000000000e+01 6.945188502102317418e-01 6.955047414381054782e-02
9.877500000001600711e+01 6.924345815272504590e-01 6.877793967553469390e-02
9.892500000001753335e+01 6.918344718695481621e-01 6.863444046869761339e-02
9.907499999998242401e+01 6.900394127971031244e-01 6.872124922671937752e-02
9.922499999998395026e+01 6.879115859431746971e-01 6.848371965560666463e-02
9.937500000000000000e+01 6.856669097490137865e-01 6.776173114097719385e-02
9.952500000001606395e+01 6.842724756706080047e-01 6.910826339577416655e-02
9.967500000001776073e+01 6.807566653515931820e-01 6.872644872099399616e-02
9.982499999998221085e+01 6.808697016499812849e-01 6.778340770717777852e-02
9.997499999998389342e+01 6.787378823308357623e-01 6.872337888211368928e-02
1.001250000000000000e+02 6.766975972827470320e-01 6.750209587454385207e-02
1.002750000000161208e+02 6.749251936464494284e-01 6.799806395871940690e-02
1.004250000000179597e+02 6.737350415914000745e-01 6.766110665735719509e-02
1.005749999999819835e+02 6.711761869199893704e-01 6.745722241521584506e-02
1.007249999999838508e+02 6.679860120431579951e-01 6.695854229189880658e-02
1.008750000000000000e+02 6.679493030251674179e-01 6.704850183540204955e-02
1.010250000000161776e+02 6.662342753070262802e-01 6.701783930470672779e-02
1.011750000000181871e+02 6.634046384661917983e-01 6.726803713468484935e-02
1.013249999999817845e+02 6.621778636765996984e-01 6.643383191272907162e-02
1.014749999999837939e+02 6.616256033109575441e-01 6.585704487195549739e-02
1.016250000000000000e+02 6.584566658242079207e-01 6.637731563417006986e-02
1.017750000000162345e+02 6.567576745308549846e-01 6.615643909048876670e-02
1.019250000000184002e+02 6.545277288681915495e-01 6.604439893455839317e-02
1.020749999999815714e+02 6.546976459144878691e-01 6.524182893233673730e-02
1.022249999999837513e+02 6.530998106173238060e-01 6.675374384179669218e-02
1.023750000000000000e+02 6.523362336643035997e-01 6.576950173707110658e-02
1.025250000000162771e+02 6.480476297954198550e-01 6.448728893232050230e-02
1.026750000000185992e+02 6.481912222936742074e-01 6.418396283926118551e-02
1.028249999999813582e+02 6.475714893422220841e-01 6.515584446613878478e-02
1.029749999999836945e+02 6.461894687285349992e-01 6.462019772840890686e-02
1.031250000000000000e+02 6.431012942622682527e-01 6.473293892668809113e-02
1.032750000000163340e+02 6.424631404509333343e-01 6.521879656495546684e-02
1.034250000000187981e+02 6.425638404659479441e-01 6.516551827569916355e-02
1.035749999999811592e+02 6.407006072329102242e-01 6.506242499615379205e-02
1.037249999999836376e+02 6.384994603729813312e-01 6.485698707061918200e-02
1.038750000000000000e+02 6.367018675090736490e-01 6.431456348916690657e-02
1.040250000000163766e+02 6.353767878815647085e-01 6.358139300710363706e-02
1.041750000000189971e+02 6.342545091684337333e-01 6.467208530941108424e-02
1.043249999999809603e+02 6.335527317370446276e-01 6.408281880034291667e-02
1.044749999999835950e+02 6.327104036248808461e-01 6.366303016340574272e-02
1.046250000000000000e+02 6.307169066455587947e-01 6.422389095239874890e-02
1.047750000000164334e+02 6.281998243421287320e-01 6.390892084935456685e-02
1.049250000000191818e+02 6.269761131265793042e-01 6.321723663970084395e-02
1.050749999999807613e+02 6.256924960100564981e-01 6.319059947963726054e-02
1.052249999999839503e+02 6.246018419738490479e-01 6.340450566371501340e-02
1.053750000000000000e+02 6.231113095874538654e-01 6.332541583188106005e-02
1.055250000000157229e+02 6.211334603133834564e-01 6.383768822577683133e-02
1.056750000000193808e+02 6.201084424104038595e-01 6.322148922974699103e-02
1.058249999999805766e+02 6.201243335244316368e-01 6.299554130270565433e-02
1.059749999999847319e+02 6.183549029796161500e-01 6.361385751856303561e-02
1.061250000000000000e+02 6.168686852440823376e-01 6.261628418751621905e-02
1.062750000000149555e+02 6.143322287235829515e-01 6.310693430838204554e-02
1.064250000000195797e+02 6.142686391655151068e-01 6.246187750636107011e-02
1.065749999999803919e+02 6.134629247822314113e-01 6.208672385614512346e-02
1.067249999999854850e+02 6.121733765453475362e-01 6.220053042991190162e-02
1.068750000000000000e+02 6.105386476760915615e-01 6.277225858928343893e-02
1.070250000000141881e+02 6.084513080617943714e-01 6.260993469633589770e-02
1.071750000000197645e+02 6.084569143175136974e-01 6.207983155769722372e-02
1.073249999999802071e+02 6.074764227987751175e-01 6.211155848799865958e-02
1.074749999999862524e+02 6.058522532634832425e-01 6.201208030666231080e-02
1.076250000000000000e+02 6.047874433810999095e-01 6.128445568198805787e-02
1.077750000000134492e+02 6.018497701621002838e-01 6.133008143887875435e-02
1.079250000000199492e+02 6.030315389032609996e-01 6.178883016455900129e-02
1.080749999999800224e+02 6.012654959091892071e-01 6.149402515667101721e-02
1.082249999999869914e+02 5.987419898830538267e-01 6.093930420297834216e-02
1.083750000000000000e+02 5.994194462896125231e-01 6.149080361844713044e-02
1.085250000000127244e+02 5.965708733131036556e-01 6.069328488962167506e-02
1.086750000000201481e+02 5.961749139240225537e-01 6.129777274104925705e-02
1.088249999999798376e+02 5.947951754367641897e-01 6.139799908327839978e-02
1.089749999999877161e+02 5.926613006836566333e-01 6.021176837457031111e-02
1.091250000000000000e+02 5.925910890591409297e-01 6.106655092200637125e-02
1.092750000000119854e+02 5.905060784312438082e-01 6.020218163085907376e-02
1.094250000000203045e+02 5.888300895918865407e-01 6.001024213968928628e-02
1.095749999999796529e+02 5.678408558993141009e-01 5.975808752299303223e-02
1.097249999999884409e+02 5.469669559085523769e-01 5.840241189813672601e-02
1.098750000000000000e+02 5.329234185108442379e-01 5.700158679756890667e-02
1.100250000000112749e+02 5.225855213428808321e-01 5.595946502805421163e-02
1.101750000000204892e+02 5.118728579321472072e-01 5.591739746680464418e-02
1.103249999999794682e+02 5.038473883230129013e-01 5.580481127270675579e-02
1.104749999999891372e+02 4.953010747839207695e-01 5.481828491995525965e-02
1.106250000000000000e+02 4.871703315655319111e-01 5.511356998329377394e-02
1.107750000000105643e+02 4.803744290728088617e-01 5.485354902173786296e-02
1.109250000000206740e+02 4.745611471943286253e-01 5.407281692157615838e-02
1.110749999999792976e+02 4.666528831578150016e-01 5.282820140857102248e-02
1.112249999999898620e+02 4.623318466397377535e-01 5.306461100133254283e-02
1.113750000000000000e+02 4.558298979657933736e-01 5.274491359486341985e-02
1.115250000000098822e+02 4.510546203576540902e-01 5.216116438842733488e-02
1.116750000000208445e+02 4.448357562170601187e-01 5.256925192801142205e-02
1.118249999999791129e+02 4.388993145353076719e-01 5.166057383621251720e-02
1.119749999999905299e+02 4.345915528646841497e-01 5.042157819764403470e-02
1.121250000000000000e+02 4.293717294411422691e-01 5.051407793233955723e-02
1.122750000000091859e+02 4.242701498100153734e-01 5.110541595422132821e-02
1.124250000000210008e+02 4.202323194573475695e-01 4.998023173690106791e-02
1.125749999999789566e+02 4.153360958466749686e-01 4.952241399017662943e-02
1.127249999999912120e+02 4.108184164311836084e-01 4.967335820758039117e-02
1.128750000000000000e+02 4.057440050415694888e-01 4.921508556366817333e-02
1.130250000000085180e+02 4.012076644673852055e-01 4.903864023692009605e-02
1.131750000000211855e+02 3.978524785990507073e-01 4.929321530148546987e-02
1.133249999999787860e+02 3.937094406741892816e-01 4.878677039300811924e-02
1.134749999999919083e+02 3.893299203491615845e-01 4.853085514839859671e-02
1.136250000000000000e+02 3.868586780285083182e-01 4.850823458592560394e-02
1.137750000000078359e+02 3.815984353738204327e-01 4.748037887244331567e-02
1.139250000000213561e+02 3.777030730945041825e-01 4.756290732254529058e-02
1.140749999999786297e+02 3.741149121353539164e-01 4.715942168235841281e-02
1.142249999999925620e+02 3.691639981146283001e-01 4.677124295044375601e-02
1.143750000000000000e+02 3.658459359266608701e-01 4.658191417829230657e-02
1.145250000000071680e+02 3.626794336779595174e-01 4.610910195090053842e-02
1.146750000000215124e+02 3.591222416129731809e-01 4.615369423634755469e-02
1.148249999999784308e+02 3.556386727206665155e-01 4.591178897158559175e-02
1.149749999999932157e+02 3.511025720409650663e-01 4.585204466952062796e-02
1.151250000000000000e+02 3.472133369912656087e-01 4.438396237917296983e-02
1.152750000000065285e+02 3.441740439285864706e-01 4.475071565959450742e-02
1.154250000000216829e+02 3.403819130673619298e-01 4.488365271394180456e-02
1.155749999999783029e+02 3.374685050143845233e-01 4.452327698984238219e-02
1.157249999999938694e+02 3.340315161288051060e-01 4.497895051760177759e-02
1.158750000000000000e+02 3.300702423723164136e-01 4.476605669350607053e-02
1.160250000000058748e+02 3.268877332484215747e-01 4.409638114704930723e-02
1.161750000000218392e+02 3.241318869574293382e-01 4.324170255316540229e-02
1.163249999999781323e+02 3.205245119447355240e-01 4.345909451752956454e-02
1.164749999999945089e+02 3.175104626192428725e-01 4.303729738272823319e-02
1.166250000000000000e+02 3.139828208678566712e-01 4.284552874026390651e-02
1.167750000000052495e+02 3.105437350132532748e-01 4.213748065615560701e-02
1.169250000000220098e+02 3.071415401036000081e-01 4.228661430283942729e-02
1.170749999999779760e+02 3.043029888192236299e-01 4.179894042064106335e-02
1.172249999999951484e+02 3.014560971269722445e-01 4.119081968140221595e-02
1.173750000000000000e+02 2.988185227637839558e-01 4.150416886759420582e-02
1.175250000000046242e+02 2.952593613021888830e-01 4.114773269522326027e-02
1.176750000000221377e+02 2.923394698983159401e-01 4.085010033958882958e-02
1.178249999999778055e+02 2.899154163918408189e-01 4.085605807456490352e-02
1.179749999999957453e+02 2.867398445213060754e-01 4.098609091599601795e-02
1.181250000000000000e+02 2.836920336225542960e-01 3.994853934644958249e-02
1.182750000000039989e+02 2.809972322180341875e-01 4.031423045934046795e-02
1.184250000000223082e+02 2.786775498373658122e-01 3.939268745443961356e-02
1.185749999999776634e+02 2.755314301542049482e-01 3.962452658397393190e-02
1.187249999999963705e+02 2.726335571724305962e-01 3.929732673209935384e-02
1.188750000000000000e+02 2.692936361748049512e-01 3.935398139944223245e-02
1.190250000000033879e+02 2.671373159927247221e-01 3.931705456629625700e-02
1.191750000000224645e+02 2.643775208245991992e-01 3.898920238541274397e-02
1.193249999999775071e+02 2.621200481790604275e-01 3.831926319827089894e-02
1.194749999999969816e+02 2.590455677354162600e-01 3.796359945510883321e-02
1.196250000000000000e+02 2.557716162994828069e-01 3.766830982777783637e-02
1.197750000000027910e+02 2.535606156694525937e-01 3.777262248260233185e-02
1.199250000000226066e+02 2.505143092647783010e-01 3.753951500065362545e-02
1.200749999999773650e+02 2.487128537628293390e-01 3.739364647473221448e-02
1.202249999999975927e+02 2.458505400323185153e-01 3.738328540759321139e-02
1.203750000000000000e+02 2.431280960805153046e-01 3.675059035673657742e-02
1.205250000000021799e+02 2.407858874755492429e-01 3.674675004294221392e-02
1.206750000000227772e+02 2.379906621197512007e-01 3.672618998438889615e-02
1.208249999999772086e+02 2.359443455498733688e-01 3.638482409776958720e-02
1.209749999999981753e+02 2.332558674140378374e-01 3.587004306165886280e-02
1.211250000000000000e+02 2.302253354768182547e-01 3.588740905916450175e-02
1.212750000000015973e+02 2.273697361808443840e-01 3.536094532713870281e-02
1.214250000000229193e+02 2.260118934234502663e-01 3.543982012082406291e-02
1.215749999999770665e+02 2.225295286282779061e-01 3.500426382898544353e-02
1.217249999999987580e+02 2.205311875679761557e-01 3.497444899578551480e-02
1.218750000000000000e+02 2.181311630135545077e-01 3.485842766435932188e-02
1.220250000000010147e+02 2.157196477326079886e-01 3.450145253404057755e-02
1.221750000000230472e+02 2.133734060025518908e-01 3.411419308520113880e-02
1.223249999999769244e+02 2.121836718769505303e-01 3.431767739105824611e-02
1.224749999999993406e+02 2.093478838219998972e-01 3.422097803051718512e-02
1.226250000000000000e+02 2.065494788939782334e-01 3.354800762842540668e-02
1.227750000000004320e+02 2.036531173728297062e-01 3.334396343096480281e-02
1.229250000000231893e+02 2.020811477043149285e-01 3.367749903470670936e-02
1.230749999999767681e+02 1.992122759932895559e-01 3.334343971141904422e-02
1.232249999999999233e+02 1.972713780860684274e-01 3.252734174824058189e-02
1.233750000000000000e+02 1.953497331982065321e-01 3.235157837236463801e-02
1.235249999999998494e+02 1.924798800274629407e-01 3.256089952416581917e-02
1.236750000000233314e+02 1.908132023522109144e-01 3.235554481172677604e-02
1.238249999999766402e+02 1.886023078555561783e-01 3.190027392013833341e-02
1.239750000000004775e+02 1.864365869187241398e-01 3.152664805483865185e-02
1.241250000000000000e+02 1.847618726809784895e-01 3.145235580379101420e-02
1.242749999999992951e+02 1.820853050768229675e-01 3.131565876122943681e-02
1.244250000000234735e+02 1.800740464714835343e-01 3.110113245492536135e-02
1.245749999999764839e+02 1.774129677074270106e-01 3.073313912265726935e-02
1.247250000000010317e+02 1.757560970613617213e-01 3.110030652768929621e-02
1.248750000000000000e+02 1.736447210917265171e-01 3.106161989263447887e-02
1.250249999999987551e+02 1.714547812698520302e-01 3.049048056844437526e-02
1.251750000000236156e+02 1.688179913475317262e-01 2.988889904532648217e-02
1.253249999999763702e+02 1.670123406934261312e-01 2.992611310611557537e-02
1.254750000000015859e+02 1.650435987371666469e-01 2.980074771253728161e-02
1.256250000000000000e+02 1.627801633379860058e-01 2.950250349566993849e-02
1.257749999999982009e+02 1.615191049176713245e-01 2.932542224433243652e-02
1.259250000000237577e+02 1.590502410456156590e-01 2.908234940134171026e-02
1.260749999999762281e+02 1.569273236573967834e-01 2.888337705993486437e-02
1.262250000000021259e+02 1.551017148553321956e-01 2.851519529759788396e-02
1.263750000000000000e+02 1.528966433122266322e-01 2.855023160195270873e-02
1.265249999999976609e+02 1.517592860441661362e-01 2.851897236669677718e-02
1.266750000000238856e+02 1.488573077919399801e-01 2.838722615306842403e-02
1.268249999999760860e+02 1.474230319597205074e-01 2.781445080410571702e-02
1.269750000000026660e+02 1.455859453384136803e-01 2.814031363833580796e-02
1.271250000000000000e+02 1.429573745599769519e-01 2.751072015458611367e-02
1.272749999999971209e+02 1.416715600674681164e-01 2.748381596917426339e-02
1.274250000000240277e+02 1.396897510217302574e-01 2.714516690968588747e-02
1.275749999999759439e+02 1.374264874616927812e-01 2.697090766054887484e-02
1.277250000000031918e+02 1.355331692228566864e-01 2.698267576775190482e-02
1.278750000000000000e+02 1.340557257093332733e-01 2.658242776739885849e-02
1.280249999999965951e+02 1.317647970942479874e-01 2.618369014137987907e-02
1.281750000000241414e+02 1.301583703914745149e-01 2.586956679141260915e-02
1.283249999999758018e+02 1.287214827568266273e-01 2.577940135238369554e-02
1.284750000000037176e+02 1.262941380583887385e-01 2.596849849193452048e-02
1.286250000000000000e+02 1.241042129929104260e-01 2.563706690152353293e-02
1.287749999999960835e+02 1.229062425687402205e-01 2.526521254586520590e-02
1.289250000000242835e+02 1.211670007974764984e-01 2.531920888243353179e-02
1.290749999999756881e+02 1.186853285351134879e-01 2.464860045370026453e-02
1.292250000000042292e+02 1.173066191965767280e-01 2.485075017750066825e-02
1.293750000000000000e+02 1.151665183750065352e-01 2.450719816397348150e-02
1.295249999999955719e+02 1.131034308466231375e-01 2.426627788336094618e-02
1.296750000000243972e+02 1.117331332381139991e-01 2.417065305422873983e-02
1.298249999999755460e+02 1.099689707351764190e-01 2.416970762594054453e-02
1.299750000000047692e+02 1.079435942355370937e-01 2.378516859676676684e-02
1.301250000000000000e+02 1.060201971693958412e-01 2.330520184682418131e-02
1.302749999999950319e+02 1.042863960175672705e-01 2.354687071908522986e-02
1.304250000000245393e+02 1.028842726187578077e-01 2.308527397967486891e-02
1.305749999999754323e+02 1.010681630570772482e-01 2.269988632404244464e-02
1.307250000000052523e+02 9.910785888615718242e-02 2.252845209808651203e-02
1.308750000000000000e+02 9.754897028563046246e-02 2.260392621202219482e-02
1.310249999999945487e+02 9.582008820029568053e-02 2.253658620571615673e-02
1.311750000000246530e+02 9.388097792956007215e-02 2.200207194355547485e-02
1.313249999999753186e+02 9.175736017685567902e-02 2.171001923770695188e-02
1.314750000000057639e+02 9.044757007582819586e-02 2.150326075398942965e-02
1.316250000000000000e+02 8.863482405477535186e-02 2.134241055294002626e-02
1.317749999999940655e+02 8.726059121345099145e-02 2.111258326837800806e-02
1.319250000000247951e+02 8.552496829466885164e-02 2.094074842100249190e-02
1.320749999999751765e+02 8.391700958656687914e-02 2.070317523546522792e-02
1.322250000000062471e+02 8.216862241348442397e-02 2.088215688768250630e-02
1.323750000000000000e+02 8.033616549813109298e-02 2.039936546617343582e-02
1.325249999999935540e+02 7.861289833750703671e-02 2.009718395440307503e-02
1.326750000000249088e+02 7.694094028569341270e-02 1.969339177918824624e-02
1.328249999999750628e+02 7.540426388150127390e-02 1.959191272887466154e-02
1.329750000000067303e+02 7.377478058600427102e-02 1.940847743860497562e-02
1.331250000000000000e+02 7.193952709651381394e-02 1.914802070117293045e-02
1.332749999999930424e+02 7.004078353016399139e-02 1.886956892831553531e-02
1.334250000000250225e+02 6.861981753865954714e-02 1.866421653486708201e-02
1.335749999999749491e+02 6.698843394876899393e-02 1.853755949283894186e-02
1.337250000000072134e+02 6.546242569486006302e-02 1.803908220818300698e-02
1.338750000000000000e+02 6.389268085141001918e-02 1.802938421986891374e-02
1.340249999999925876e+02 6.223869645260871053e-02 1.762473678620146006e-02
1.341750000000251362e+02 6.060429763245799017e-02 1.737551985999017876e-02
1.343249999999748354e+02 5.880430466975072185e-02 1.732043589531346087e-02
1.344750000000077250e+02 5.722765343290067697e-02 1.679357980481746213e-02
1.346250000000000000e+02 5.559136892289167492e-02 1.654629414219354125e-02
1.347749999999921044e+02 5.421837508940405281e-02 1.640893357735107375e-02
1.349250000000252783e+02 5.252445547358443323e-02 1.616882060272585228e-02
1.350749999999746933e+02 5.094223172418255174e-02 1.614423702018779119e-02
1.352250000000081798e+02 4.962097719778593707e-02 1.580596830137133077e-02
1.353750000000000000e+02 4.755490030000972951e-02 1.546841043650459477e-02
1.355249999999916213e+02 4.626264066421124227e-02 1.551351979202617200e-02
1.356750000000253920e+02 4.472272164132881644e-02 1.485085515962876815e-02
1.358249999999746080e+02 4.301719815465435831e-02 1.451592109167457179e-02
1.359750000000086345e+02 4.134900822286434463e-02 1.429683574063507490e-02
1.361250000000000000e+02 3.993207283922659695e-02 1.409196999644336118e-02
1.362749999999911665e+02 3.871447686036579711e-02 1.383423363268833362e-02
1.364250000000255056e+02 3.715410602923605726e-02 1.338376670116476520e-02
1.365749999999744659e+02 3.542662544205688741e-02 1.317140265087919995e-02
1.367250000000091177e+02 3.403024640861768146e-02 1.306177244257915836e-02
1.368750000000000000e+02 3.278072879858326405e-02 1.266008725391691396e-02
1.370249999999907118e+02 3.131411364721702062e-02 1.229247751773172685e-02
1.371750000000256193e+02 2.950207838812974118e-02 1.200148337583062039e-02
1.373249999999743522e+02 2.816828522360907694e-02 1.180234504700582165e-02
1.374750000000095724e+02 2.661438159430297781e-02 1.148691022303465273e-02
1.376250000000000000e+02 2.498530508542743528e-02 1.104413571084811307e-02
1.377749999999902286e+02 2.396218457432805482e-02 1.103440419851576745e-02
1.379250000000257330e+02 2.216180708124896453e-02 1.040019288418893989e-02
1.380749999999742386e+02 2.068279098673526592e-02 1.016786854456487067e-02
1.382250000000100272e+02 1.930578642069238210e-02 9.668387445987048148e-03
1.383750000000000000e+02 1.783484866358034729e-02 9.387622749345611584e-03
1.385249999999898023e+02 1.628831228252538427e-02 8.863536263652592798e-03
1.386750000000258467e+02 1.484822363885071952e-02 8.399048231426727712e-03
1.388249999999741249e+02 1.351992465514377170e-02 8.096192797716110501e-03
1.389750000000104535e+02 1.212333397666181742e-02 7.571536692929748541e-03
1.391250000000000000e+02 1.062549860092583918e-02 7.137570125486100876e-03
1.392749999999893475e+02 9.214165875083385818e-03 6.714800178627059260e-03
1.394250000000259604e+02 7.811389980227773262e-03 6.158866917857811277e-03
1.395749999999740112e+02 6.390534140746555701e-03 5.542985092467644058e-03
1.397250000000109367e+02 4.781779091587570751e-03 4.808077236333740782e-03
1.398750000000000000e+02 3.458285663203318830e-03 4.107009459528337264e-03
1.400249999999889212e+02 2.099294040557173752e-03 3.194929946221744185e-03
1.401750000000260741e+02 6.758156101045691535e-04 1.818912228881328823e-03
