# Radius RDF_mean RDF_std
7.500000000000896228e-02 1.743346008453154127e+03 3.201421350240707397e-10
2.249999999999577616e-01 1.676126626234332841e-03 6.841047394147184435e-02
3.750000000000000000e-01 6.704506504937329412e-04 3.351750376762397537e-02
5.249999999999700462e-01 9.577866435624759556e-04 3.385101744978779442e-02
6.750000000001169509e-01 1.303654042626702959e-03 3.481896542767769914e-02
8.249999999998777200e-01 1.523751478394848096e-03 3.403973496248138830e-02
9.750000000001839418e-01 2.256324304546216894e-03 3.807395048525526876e-02
1.125000000000000000e+00 2.514189939351495900e-03 3.739678532385228710e-02
1.274999999999773648e+00 2.612785623247634338e-03 3.579593668239559878e-02
1.424999999999764455e+00 3.749230611313644768e-03 4.097263550279136440e-02
1.575000000000282396e+00 4.509578780106662625e-03 4.256021733524623096e-02
1.725000000000170397e+00 6.121505939290593397e-03 4.711509995133558032e-02
1.875000000000000000e+00 7.576092350579187625e-03 5.116072247698558173e-02
2.025000000000070521e+00 1.052235048691548165e-02 5.634669554288965904e-02
2.174999999999594813e+00 1.147279776922472891e-02 5.803402764285053167e-02
2.325000000000426059e+00 1.540955124118668224e-02 6.485814334045429674e-02
2.474999999999678124e+00 2.006272779886532007e-02 7.163594005022685951e-02
2.625000000000000000e+00 2.449539340911008334e-02 7.723636271033443301e-02
2.775000000000444444e+00 3.300157424896466019e-02 8.692792613688005154e-02
2.924999999999512212e+00 3.938897571650804702e-02 9.155405791056467346e-02
3.075000000000499334e+00 5.193948484464999682e-02 1.038182576973887411e-01
3.224999999999414779e+00 6.490118215535262136e-02 1.117832176883731127e-01
3.375000000000000000e+00 8.227919371892133960e-02 1.244689660319878155e-01
3.525000000000659384e+00 1.041694867070349917e-01 1.367315842727568342e-01
3.674999999999857714e+00 1.332691701185503286e-01 1.512447507759978882e-01
3.825000000000022382e+00 1.679084496751102606e-01 1.651236610586694353e-01
3.974999999999250466e+00 2.161254596921623472e-01 1.844298324341890061e-01
4.125000000000000000e+00 2.738181406675594953e-01 2.016475965137596305e-01
4.275000000000798828e+00 3.537950439217206200e-01 2.283464520154639965e-01
4.425000000000374634e+00 4.546706540604541491e-01 2.549646027090727851e-01
4.574999999999541878e+00 6.171855445108510585e-01 2.881469484629373690e-01
4.724999999999138112e+00 8.540264238431826138e-01 3.283593526219838465e-01
4.875000000000000000e+00 1.147592327855731398e+00 3.782331927623927004e-01
5.025000000000897415e+00 1.375324438863652299e+00 4.090906176312350540e-01
5.175000000000743228e+00 1.455873870870844744e+00 4.141848875345574554e-01
5.324999999999196376e+00 1.389508973148401605e+00 3.994177888694388501e-01
5.474999999999057287e+00 1.271537211427825609e+00 3.738705013369074126e-01
5.625000000000000000e+00 1.143285971754416819e+00 3.533333381783430038e-01
5.775000000000969358e+00 1.026366344029325139e+00 3.319500780306772758e-01
5.925000000001017675e+00 9.408480655322899455e-01 3.164836454628914830e-01
6.074999999998936140e+00 8.804320695025560362e-01 2.985089727016141392e-01
6.224999999998995115e+00 8.526435953358365571e-01 2.930832092651960985e-01
6.375000000000000000e+00 8.382802236217548053e-01 2.866722448654479005e-01
6.525000000001025313e+00 8.477540222320545382e-01 2.874270065258154316e-01
6.675000000001229949e+00 8.772922093244042152e-01 2.882197341377182309e-01
6.824999999998733635e+00 9.206632016374626248e-01 2.863787676536531102e-01
6.974999999999387690e+00 9.642774503594380153e-01 2.924381888378295713e-01
7.125000000000000000e+00 1.030764944819630546e+00 3.009901751066008657e-01
7.275000000000346745e+00 1.106615085917391772e+00 3.048133178897330930e-01
7.425000000001398703e+00 1.186807700091799589e+00 3.141150638126907757e-01
7.574999999998571099e+00 1.273200721069433605e+00 3.192853442285568111e-01
7.725000000000012079e+00 1.355498248402318584e+00 3.302270406826016691e-01
7.875000000000000000e+00 1.437877198648151555e+00 3.396809382198406335e-01
8.024999999999771205e+00 1.489340328185591034e+00 3.353072593649618072e-01
8.175000000001539036e+00 1.533617419733220633e+00 3.408423446866826190e-01
8.324999999998437872e+00 1.550704033824256811e+00 3.402542224724071085e-01
8.475000000000525446e+00 1.561734692238595068e+00 3.370015989434210213e-01
8.625000000000000000e+00 1.551065717396014065e+00 3.342345026671519337e-01
8.774999999999291589e+00 1.519458927221527755e+00 3.302573806889141927e-01
8.925000000001652722e+00 1.481660724846912691e+00 3.221960589392643404e-01
9.074999999998325961e+00 1.433573095446210699e+00 3.133884930217263332e-01
9.225000000000957101e+00 1.390592323284542298e+00 3.076172505143132119e-01
9.375000000000000000e+00 1.356200984831731793e+00 2.931545017716797874e-01
9.524999999998890132e+00 1.326099915071549340e+00 2.949188755852664157e-01
9.675000000001750422e+00 1.294996220596127845e+00 2.875767025945991651e-01
9.824999999998231814e+00 1.263594758424799513e+00 2.836369026953504680e-01
9.975000000001321254e+00 1.221751382282716181e+00 2.737169410301641959e-01
1.012500000000000000e+01 1.168322337249256604e+00 2.704648117154733189e-01
1.027499999999854730e+01 1.118312908473654943e+00 2.600917580713042465e-01
1.042500000000183391e+01 1.063237058117044720e+00 2.509948832608913105e-01
1.057499999999815010e+01 1.010038659937978922e+00 2.453186125361781489e-01
1.072500000000163745e+01 9.683909491808371239e-01 2.380001535822478254e-01
1.087500000000000000e+01 9.313831079695049642e-01 2.292630138628729830e-01
1.102499999999824887e+01 9.073489147791599096e-01 2.255610405251565198e-01
1.117500000000190674e+01 9.041240756175923377e-01 2.255872342997873037e-01
1.132499999999808082e+01 8.985315236894289015e-01 2.229285358823017704e-01
1.147500000000190923e+01 9.095725716318412424e-01 2.235312482547570090e-01
1.162500000000000000e+01 9.208207135724751913e-01 2.232239010200378071e-01
1.177499999999798952e+01 9.443478903622504195e-01 2.239354434946254357e-01
1.192500000000196891e+01 9.639836436226412175e-01 2.253488534619874084e-01
1.207499999999801865e+01 1.000486229633877677e+00 2.286335588487823922e-01
1.222500000000215081e+01 1.024205915498115349e+00 2.295268241809405585e-01
1.237500000000000000e+01 1.047076303408603470e+00 2.311023969722857396e-01
1.252499999999776215e+01 1.080228482205629392e+00 2.339185777587692583e-01
1.267500000000202398e+01 1.105757595772139945e+00 2.334188273343542341e-01
1.282499999999796536e+01 1.119397736662159026e+00 2.322056552126904039e-01
1.297500000000236220e+01 1.131792393623227477e+00 2.341808163719709124e-01
1.312500000000000000e+01 1.144641239854980119e+00 2.322125601793107730e-01
1.327499999999756142e+01 1.149107907629066894e+00 2.321611472794546382e-01
1.342500000000173088e+01 1.146114786580041622e+00 2.326982597471149994e-01
1.357499999999841833e+01 1.144845417742598848e+00 2.285464925778692702e-01
1.372500000000255049e+01 1.136949663557534462e+00 2.251256196479104466e-01
1.387500000000000000e+01 1.132703723649344019e+00 2.262102705115395795e-01
1.402499999999738023e+01 1.119356799272848368e+00 2.247735361750321237e-01
1.417500000000102034e+01 1.109090328060751141e+00 2.224541103260171404e-01
1.432499999999911111e+01 1.099718965217266753e+00 2.185344662396051241e-01
1.447500000000271925e+01 1.082734377577820206e+00 2.148368156422789665e-01
1.462500000000000000e+01 1.076928548397867447e+00 2.127473157786957947e-01
1.477499999999721680e+01 1.064374440686763235e+00 2.118636317545185277e-01
1.492500000000038618e+01 1.056326164016278879e+00 2.107996391981089845e-01
1.507499999999973639e+01 1.047645852903988484e+00 2.109786894915479660e-01
1.522500000000287201e+01 1.047558499442930335e+00 2.091811080581508220e-01
1.537500000000000000e+01 1.042648876247092904e+00 2.049427085957801487e-01
1.552499999999706937e+01 1.038072993284409717e+00 2.050672262427054027e-01
1.567499999999980886e+01 1.043452982787847150e+00 2.037713661347983207e-01
1.582500000000029772e+01 1.042936032329932816e+00 1.995210444277630835e-01
1.597500000000300879e+01 1.046599433579751048e+00 2.027169641191353677e-01
1.612500000000000000e+01 1.047302385604693686e+00 2.009964876524986122e-01
1.627499999999693969e+01 1.055785982596352257e+00 2.031995748161924964e-01
1.642499999999928662e+01 1.061738201937702630e+00 2.058499448896431161e-01
1.657500000000081286e+01 1.067006283265682143e+00 2.001992182153950472e-01
1.672500000000313847e+01 1.067429591709827541e+00 2.004135761933371895e-01
1.687500000000000000e+01 1.077667476700267413e+00 2.019994313360380378e-01
1.702499999999681535e+01 1.077199326247273659e+00 1.992033696701829559e-01
1.717499999999880700e+01 1.079850068449093925e+00 1.994419445399128743e-01
1.732500000000128182e+01 1.077230619570076486e+00 1.986741239499107692e-01
1.747500000000325215e+01 1.076508511471139462e+00 1.970012589579504259e-01
1.762500000000000000e+01 1.073088362156992881e+00 1.969568993868721640e-01
1.777499999999670521e+01 1.067678516382764009e+00 1.929592124229292383e-01
1.792499999999837357e+01 1.059112154939745754e+00 1.896506113865588927e-01
1.807500000000171170e+01 1.052357145513562742e+00 1.922649967780540869e-01
1.822500000000335874e+01 1.047120448307401475e+00 1.900111600488688934e-01
1.837500000000000000e+01 1.036041233008131002e+00 1.894268682007620441e-01
1.852499999999660218e+01 1.026932925767642280e+00 1.862591208847808877e-01
1.867499999999797211e+01 1.020646681028737568e+00 1.839727726344064229e-01
1.882500000000210960e+01 1.012824555634530554e+00 1.861733902022617571e-01
1.897500000000345466e+01 1.004801474892122570e+00 1.827107730773745720e-01
1.912500000000000000e+01 1.001222737351308956e+00 1.813701610352165261e-01
1.927499999999650626e+01 9.947452822558916496e-01 1.793735543911368913e-01
1.942499999999759908e+01 9.939916258422505368e-01 1.798652915745015402e-01
1.957500000000247198e+01 9.906775323092925634e-01 1.786296616196665077e-01
1.972500000000354348e+01 9.883060779466730228e-01 1.780720800280282679e-01
1.987500000000000000e+01 9.858628940172754485e-01 1.756953416959371739e-01
2.002499999999642100e+01 9.858323942217456226e-01 1.760381594007484063e-01
2.017499999999725446e+01 9.899739716584201599e-01 1.766313339857570330e-01
2.032500000000281304e+01 9.959624817682727338e-01 1.766490393948151605e-01
2.047500000000362874e+01 9.987719303515824043e-01 1.729297192865189570e-01
2.062500000000000000e+01 9.992853620402160075e-01 1.746969509100113616e-01
2.077499999999633928e+01 1.004365934532601035e+00 1.754533018722735371e-01
2.092499999999693472e+01 1.006024417834943563e+00 1.738748434944971388e-01
2.107500000000312212e+01 1.013519771162307626e+00 1.739925896455551402e-01
2.122500000000370690e+01 1.015534324748961881e+00 1.735887633796988350e-01
2.137500000000000000e+01 1.017508841607211778e+00 1.727628228680119504e-01
2.152499999999626468e+01 1.021018082524981940e+00 1.737779319481247697e-01
2.167499999999663984e+01 1.016132917979694961e+00 1.696996890196540708e-01
2.182500000000341700e+01 1.018926591904359302e+00 1.713174379238040224e-01
2.197500000000377796e+01 1.023498407494987106e+00 1.703693311932823751e-01
2.212500000000000000e+01 1.021121908735228345e+00 1.668892330831816539e-01
2.227499999999619718e+01 1.019282512090288417e+00 1.707606641065579633e-01
2.242499999999636273e+01 1.013745488377592929e+00 1.681220928390067260e-01
2.257500000000369056e+01 1.011804139701288241e+00 1.653003978131256380e-01
2.272500000000384546e+01 1.009324178743903566e+00 1.672849650453822057e-01
2.287500000000000000e+01 1.006808048150445112e+00 1.681210137800733528e-01
2.302499999999612967e+01 1.005004433150937571e+00 1.646668274562441692e-01
2.317499999999610338e+01 9.982364687248063140e-01 1.647395679363801713e-01
2.332500000000394635e+01 9.967887319892839715e-01 1.630010427897493064e-01
2.347500000000390941e+01 9.925266820322213857e-01 1.619883449947806253e-01
2.362500000000000000e+01 9.888295728877164459e-01 1.604959599985985030e-01
2.377499999999606928e+01 9.858823479005165424e-01 1.610400187282235163e-01
2.392499999999586180e+01 9.905172756882837382e-01 1.627662907076964649e-01
2.407500000000418439e+01 9.868156350117638365e-01 1.604674838340172105e-01
2.422500000000396625e+01 9.865380345717138511e-01 1.587336913337470956e-01
2.437500000000000000e+01 9.830095864412075057e-01 1.587218048886007149e-01
2.452499999999600888e+01 9.872770261232564071e-01 1.583815303110820416e-01
2.467499999999563087e+01 9.881199503484866531e-01 1.582357250878227706e-01
2.482500000000441176e+01 9.868790511587883785e-01 1.575551713811063348e-01
2.497500000000402309e+01 9.856203404786242350e-01 1.561893957770753572e-01
2.512500000000000000e+01 9.868433171700213835e-01 1.576249447944633175e-01
2.527499999999595559e+01 9.890937615807733341e-01 1.566885613718142778e-01
2.542499999999541771e+01 9.898022160546757764e-01 1.536838979261051230e-01
2.557500000000462137e+01 9.893251393119490977e-01 1.548531452784756568e-01
2.572500000000407638e+01 9.910110894277043281e-01 1.554454781272306407e-01
2.587500000000000000e+01 9.908070321475805908e-01 1.558606384976798653e-01
2.602499999999590585e+01 9.869680840304420055e-01 1.546883858004372836e-01
2.617499999999521521e+01 9.884080293663043415e-01 1.541172221759854466e-01
2.632500000000482032e+01 9.867300145167194891e-01 1.534243329188601790e-01
2.647500000000383480e+01 9.839124448869444040e-01 1.524575924137052119e-01
2.662500000000000000e+01 9.833291945519677668e-01 1.521979321679877151e-01
2.677499999999647073e+01 9.808157783010714725e-01 1.504922658264219448e-01
2.692499999999502691e+01 9.805644240436601766e-01 1.519960202764419344e-01
2.707500000000501217e+01 9.797052990540636719e-01 1.488306804956587848e-01
2.722500000000308873e+01 9.769994346600840984e-01 1.497152880564028288e-01
2.737500000000000000e+01 9.756319799813114590e-01 1.496179564546029073e-01
2.752499999999719549e+01 9.777664122176454864e-01 1.485691045920627951e-01
2.767499999999484928e+01 9.749606146387129746e-01 1.489698510334083736e-01
2.782500000000518625e+01 9.702898253363330117e-01 1.473250202925562580e-01
2.797500000000238529e+01 9.692909964038093351e-01 1.481126726781380742e-01
2.812500000000000000e+01 9.707253833303723933e-01 1.470540384499831044e-01
2.827499999999788827e+01 9.721845649304552417e-01 1.473507859891365346e-01
2.842499999999467164e+01 9.692810309632549082e-01 1.446399810576004530e-01
2.857500000000536033e+01 9.683040710427910369e-01 1.453140479880309921e-01
2.872500000000171028e+01 9.693154063566020717e-01 1.440475238533065194e-01
2.887500000000000000e+01 9.725561489637744028e-01 1.461557697527647859e-01
2.902499999999854552e+01 9.723310173546479973e-01 1.442015276227865406e-01
2.917499999999451177e+01 9.713046078807745509e-01 1.430302119479787415e-01
2.932500000000552021e+01 9.717890678624097056e-01 1.432340381552942021e-01
2.947500000000107434e+01 9.711319869131602722e-01 1.440312706112902297e-01
2.962500000000000000e+01 9.762695010069176726e-01 1.433851485558061689e-01
2.977499999999917080e+01 9.746591891924106799e-01 1.410830223708465225e-01
2.992499999999435900e+01 9.770389952617978269e-01 1.421045402126511203e-01
3.007500000000566942e+01 9.782853079557906062e-01 1.422429548799749588e-01
3.022500000000047393e+01 9.773232332814509871e-01 1.416736713259823810e-01
3.037500000000000000e+01 9.770224876005286774e-01 1.428975003739438587e-01
3.052499999999976410e+01 9.764425977152328961e-01 1.402907613820798816e-01
3.067499999999420623e+01 9.781407806265001170e-01 1.423538343518023219e-01
3.082500000000581508e+01 9.751488568581632155e-01 1.406056669093575795e-01
3.097499999999989839e+01 9.784176113698873634e-01 1.395035484862813258e-01
3.112500000000000000e+01 9.748877509893130178e-01 1.399008375161424345e-01
3.127500000000032898e+01 9.746053310864194463e-01 1.391026054310901816e-01
3.142499999999406768e+01 9.726594814455565841e-01 1.387654493420522606e-01
3.157500000000595364e+01 9.729954878272590868e-01 1.367390425266630238e-01
3.172499999999935127e+01 9.730311312719733818e-01 1.381857598644221086e-01
3.187500000000000000e+01 9.745650936440256595e-01 1.369570609955616525e-01
3.202500000000086544e+01 9.706284427609062071e-01 1.385895598972242126e-01
3.217499999999394333e+01 9.704421530940391394e-01 1.374369890259366234e-01
3.232500000000609219e+01 9.714767702855725551e-01 1.365865708803827294e-01
3.247499999999882903e+01 9.727398939869944527e-01 1.373485091327953100e-01
3.262500000000000000e+01 9.714329014248616057e-01 1.350254391671516507e-01
3.277500000000137703e+01 9.675603959964270695e-01 1.360474126421292729e-01
3.292499999999381544e+01 9.710977507053188962e-01 1.364201955343984640e-01
3.307500000000621299e+01 9.675412444382781585e-01 1.337317011636386110e-01
3.322499999999832454e+01 9.704527233096181815e-01 1.348936280547331223e-01
3.337500000000000000e+01 9.700648764423306369e-01 1.358690589844068208e-01
3.352500000000186731e+01 9.698773607503251570e-01 1.339185773091065290e-01
3.367499999999368754e+01 9.713060473492224345e-01 1.339237143610569336e-01
3.382500000000633378e+01 9.694775869611794716e-01 1.330013715768401383e-01
3.397499999999784848e+01 9.709361238780935821e-01 1.344750931718327325e-01
3.412500000000000000e+01 9.694016485130642069e-01 1.321746683880521411e-01
3.427500000000233626e+01 9.718105157770634550e-01 1.323476994682109831e-01
3.442499999999357385e+01 9.683958521518558626e-01 1.314852581510251306e-01
3.457500000000644746e+01 9.690629711284910464e-01 1.312260881618786679e-01
3.472499999999739373e+01 9.731906144435851225e-01 1.300765882544974439e-01
3.487500000000000000e+01 9.703097039270401902e-01 1.309547744831855431e-01
3.502500000000278391e+01 9.710533729569424954e-01 1.299029993762432222e-01
3.517499999999346016e+01 9.720265722239450623e-01 1.302965951929114796e-01
3.532500000000656115e+01 9.734114278494043759e-01 1.280835478244874981e-01
3.547499999999695319e+01 9.711665483630578244e-01 1.307936172171798583e-01
3.562500000000000000e+01 9.705814128748931902e-01 1.305686509214029623e-01
3.577500000000321734e+01 9.717967831476694851e-01 1.291672769922495301e-01
3.592499999999336069e+01 9.718945008978874256e-01 1.294212513441369283e-01
3.607500000000666773e+01 9.700312787348736032e-01 1.295610164168586320e-01
3.622499999999653397e+01 9.689122376902313816e-01 1.295399217929885383e-01
3.637500000000000000e+01 9.709594189904389161e-01 1.292113449506993861e-01
3.652500000000362235e+01 9.713704477180468144e-01 1.283903295459286609e-01
3.667499999999325411e+01 9.683247449715229882e-01 1.275706697866481054e-01
3.682500000000676721e+01 9.705848481349591550e-01 1.264401872821869777e-01
3.697499999999613607e+01 9.697072502999209975e-01 1.272999496216494220e-01
3.712500000000000000e+01 9.707532849129962838e-01 1.271747374441142275e-01
3.727500000000402736e+01 9.706695484160342557e-01 1.256112421910842991e-01
3.742499999999315463e+01 9.734063394717166195e-01 1.271128747404633719e-01
3.757500000000686668e+01 9.709523864118941860e-01 1.271255285430785975e-01
3.772499999999575238e+01 9.741461345131350313e-01 1.264377633072577001e-01
3.787500000000000000e+01 9.717335817937046150e-01 1.265469104927024191e-01
3.802500000000440394e+01 9.752775845606460603e-01 1.270600146654281004e-01
3.817499999999306226e+01 9.736830322491059064e-01 1.247467657762986876e-01
3.832500000000695906e+01 9.746003912847370776e-01 1.253215335632599792e-01
3.847499999999537579e+01 9.746512966384515142e-01 1.237117206944517295e-01
3.862500000000000000e+01 9.755463791534703111e-01 1.264406655101039945e-01
3.877500000000476632e+01 9.753014489298612588e-01 1.237398001244035678e-01
3.892499999999297700e+01 9.748710936127877869e-01 1.255618915947856185e-01
3.907500000000705143e+01 9.757598500259291319e-01 1.240498236820053723e-01
3.922499999999502052e+01 9.747253201137195955e-01 1.238226934266945800e-01
3.937500000000000000e+01 9.752518830078412693e-01 1.235625693917115075e-01
3.952500000000512159e+01 9.741333081586757148e-01 1.241817569242509300e-01
3.967499999999288463e+01 9.760063165193200163e-01 1.240422452884117621e-01
3.982500000000712959e+01 9.751127063272083673e-01 1.231652232974782823e-01
3.997499999999467946e+01 9.745874432322375602e-01 1.235744477494657295e-01
4.012500000000000000e+01 9.750827486280858603e-01 1.220137925582461813e-01
4.027500000000545555e+01 9.766855397918734472e-01 1.221406933189281702e-01
4.042499999999279936e+01 9.734579610632335678e-01 1.217187373625150948e-01
4.057500000000721485e+01 9.770269130552241554e-01 1.226882014631301976e-01
4.072499999999434550e+01 9.775707585548604195e-01 1.210755258651686900e-01
4.087500000000000000e+01 9.753888289238016318e-01 1.202530812836912488e-01
4.102500000000578240e+01 9.764479431549810684e-01 1.220102108404049479e-01
4.117499999999272120e+01 9.764277187654990531e-01 1.209445651846294961e-01
4.132500000000730012e+01 9.740987843728552420e-01 1.207283514040170397e-01
4.147499999999402576e+01 9.750237721762143872e-01 1.207203532930713474e-01
4.162500000000000000e+01 9.745921319558944473e-01 1.219879981370797367e-01
4.177500000000609504e+01 9.753386856465574573e-01 1.201022650251046264e-01
4.192499999999264304e+01 9.762103293076679345e-01 1.206200383028434436e-01
4.207500000000737828e+01 9.749723834509477216e-01 1.194598024227492838e-01
4.222499999999372022e+01 9.753106941699454246e-01 1.182561001510846893e-01
4.237500000000000000e+01 9.747536644334248157e-01 1.194097490871848799e-01
4.252500000000640057e+01 9.767265788257661896e-01 1.199854409174690439e-01
4.267499999999256488e+01 9.772922883819290529e-01 1.190277294085033272e-01
4.282500000000744933e+01 9.767473804664499326e-01 1.190818127549765210e-01
4.297499999999342180e+01 9.786824390793658068e-01 1.181441310384225563e-01
4.312500000000000000e+01 9.780169714049329333e-01 1.181080112931784665e-01
4.327500000000669900e+01 9.776654887502006508e-01 1.184060347938224594e-01
4.342499999999249383e+01 9.785366197458674753e-01 1.187082462497509872e-01
4.357500000000752038e+01 9.785492654712707461e-01 1.183219552571729838e-01
4.372499999999313758e+01 9.778358862292074738e-01 1.197634237820097980e-01
4.387500000000000000e+01 9.786000840860368255e-01 1.188998477218692479e-01
4.402500000000697611e+01 9.776386889552531878e-01 1.183294725355203136e-01
4.417499999999242277e+01 9.783770237449000984e-01 1.164747494129646094e-01
4.432500000000759144e+01 9.787515965085380465e-01 1.175345054103311970e-01
4.447499999999286047e+01 9.788000060516490741e-01 1.164457754965835118e-01
4.462500000000000000e+01 9.787466774490292121e-01 1.174464246532833100e-01
4.477500000000724611e+01 9.800595949403230200e-01 1.154535904627267823e-01
4.492499999999235882e+01 9.811119063109603466e-01 1.173942342356376067e-01
4.507500000000766249e+01 9.814390731693501957e-01 1.171939077550100961e-01
4.522499999999259757e+01 9.787815094518306225e-01 1.157099349107077041e-01
4.537500000000000000e+01 9.824664702674267280e-01 1.173527833478481275e-01
4.552500000000750902e+01 9.802248075132488081e-01 1.155953405586135074e-01
4.567499999999228777e+01 9.816102101908553701e-01 1.161217387689798125e-01
4.582500000000772644e+01 9.813419638944321788e-01 1.154499961159265592e-01
4.597499999999233466e+01 9.800241291761471185e-01 1.166980906965595782e-01
4.612500000000000000e+01 9.812045269975693262e-01 1.145351813891603981e-01
4.627500000000776481e+01 9.813191664524097968e-01 1.149820255015395754e-01
4.642499999999223093e+01 9.816253187224902588e-01 1.161220298756276553e-01
4.657500000000779039e+01 9.814625587294054654e-01 1.153652226870496844e-01
4.672499999999207887e+01 9.798386048657603542e-01 1.140962840581499910e-01
4.687500000000000000e+01 9.815813202631556988e-01 1.139099262120815831e-01
4.702500000000801350e+01 9.809992215352196787e-01 1.144067926529613033e-01
4.717499999999216698e+01 9.844605828395576186e-01 1.150304444798139758e-01
4.732500000000784723e+01 9.854163596101938039e-01 1.128670394973422253e-01
4.747499999999183729e+01 9.844503342936845591e-01 1.133167983004027823e-01
4.762500000000000000e+01 9.857181908257129921e-01 1.150583630055379974e-01
4.777500000000825509e+01 9.831943024367472139e-01 1.121878763379845212e-01
4.792499999999211013e+01 9.836869780759368576e-01 1.136776630557205237e-01
4.807500000000790408e+01 9.862004825858163848e-01 1.120234328724106360e-01
4.822499999999160281e+01 9.845262815229326447e-01 1.133060014688926920e-01
4.837500000000000000e+01 9.852103397019856823e-01 1.129697492271775766e-01
4.852500000000848956e+01 9.850624679122470528e-01 1.111557775745701249e-01
4.867499999999204618e+01 9.856360611700889507e-01 1.101859113979381383e-01
4.882500000000796092e+01 9.861881071784334152e-01 1.114505619351676829e-01
4.897499999999137543e+01 9.856625617976360054e-01 1.117532358363357431e-01
4.912500000000000000e+01 9.841281524487026644e-01 1.116317489690632214e-01
4.927500000000870983e+01 9.851568182751501146e-01 1.115219023782052510e-01
4.942499999999198934e+01 9.863534659082774381e-01 1.123135414040491442e-01
4.957500000000802487e+01 9.868886502129573524e-01 1.107484948051360579e-01
4.972499999999115516e+01 9.870957455150959348e-01 1.123711891272250740e-01
4.987500000000000000e+01 9.855864008918721053e-01 1.100325627333371831e-01
5.002500000000893010e+01 9.871255008457321400e-01 1.105941021919694123e-01
5.017499999999193960e+01 9.876244176807872366e-01 1.109350052426151811e-01
5.032500000000807461e+01 9.879017894381039167e-01 1.109314624130213062e-01
5.047499999999094200e+01 9.868214190928533691e-01 1.105075903848173752e-01
5.062500000000000000e+01 9.863856206355631207e-01 1.093839698294014617e-01
5.077500000000914326e+01 9.873660873147273032e-01 1.102428500486795498e-01
5.092499999999188276e+01 9.864029880612071866e-01 1.107658042991321867e-01
5.107500000000812435e+01 9.886968868550083389e-01 1.111016079669780443e-01
5.122499999999072884e+01 9.867575860456826442e-01 1.087627311802289720e-01
5.137500000000000000e+01 9.870403839370942567e-01 1.087069970814670966e-01
5.152500000000934932e+01 9.879009822392443851e-01 1.096616856335026480e-01
5.167499999999183302e+01 9.875475350748534886e-01 1.098846602991093435e-01
5.182500000000818119e+01 9.881591183869794515e-01 1.086985169572737692e-01
5.197499999999052989e+01 9.869386698626222421e-01 1.087906189817198221e-01
5.212500000000000000e+01 9.866766583859577500e-01 1.094009514453953280e-01
5.227500000000954827e+01 9.891359485738441260e-01 1.068557375471116261e-01
5.242499999999178328e+01 9.898690705615708074e-01 1.091257401146487616e-01
5.257500000000806040e+01 9.877741782361496581e-01 1.080001622801273486e-01
5.272499999999033804e+01 9.887072798673420815e-01 1.084983940990745660e-01
5.287500000000000000e+01 9.885366894307168195e-01 1.077762897468076547e-01
5.302500000000974723e+01 9.884749336802891584e-01 1.075198578384532616e-01
5.317499999999255778e+01 9.896499356852422880e-01 1.081476811957137740e-01
5.332500000000729301e+01 9.885104117055414363e-01 1.057166223987721088e-01
5.347499999999015330e+01 9.884586525841591031e-01 1.069895326147214665e-01
5.362500000000000000e+01 9.899028037061855523e-01 1.078488344518638564e-01
5.377500000000993197e+01 9.890152303219599261e-01 1.077234748973597972e-01
5.392499999999331095e+01 9.911246789381371602e-01 1.070178070712295426e-01
5.407500000000654694e+01 9.887566281875601604e-01 1.077379973795685730e-01
5.422499999998996145e+01 9.899312814362192237e-01 1.079469530006053474e-01
5.437500000000000000e+01 9.898313773504027191e-01 1.066300219943160377e-01
5.452500000001011671e+01 9.883221860354172161e-01 1.051648248993957008e-01
5.467499999999403570e+01 9.895171034097780538e-01 1.072021480043076486e-01
5.482500000000581508e+01 9.898995198557785091e-01 1.070341954366512416e-01
5.497499999998977671e+01 9.908103560991965431e-01 1.062469907556919113e-01
5.512500000000000000e+01 9.899488910088611870e-01 1.064748854793477056e-01
5.527500000001029434e+01 9.899096964510787355e-01 1.063764487002608339e-01
5.542499999999475335e+01 9.900147384548757534e-01 1.051206852447860718e-01
5.557500000000510454e+01 9.897358079469773529e-01 1.048655007109520060e-01
5.572499999998960618e+01 9.908897415930234542e-01 1.040792863615365715e-01
5.587500000000000000e+01 9.935291198278112246e-01 1.062262330232172508e-01
5.602500000001046487e+01 9.915624061569137115e-01 1.051969975416763847e-01
5.617499999999544258e+01 9.898534746580894828e-01 1.048669442185618250e-01
5.632500000000441531e+01 9.921598334656748230e-01 1.048433204711391592e-01
5.647499999998942855e+01 9.906709696483756433e-01 1.050793082482356505e-01
5.662500000000000000e+01 9.936367244901755935e-01 1.039569018081022977e-01
5.677500000001062830e+01 9.916381384746634220e-01 1.041665775125711207e-01
5.692499999999611759e+01 9.914697536239124309e-01 1.042309964589673704e-01
5.707500000000374030e+01 9.926028488154894358e-01 1.035733330566731281e-01
5.722499999998926512e+01 9.931061244230171559e-01 1.052100871314735758e-01
5.737500000000000000e+01 9.928026659465551962e-01 1.051477395915531160e-01
5.752500000001079172e+01 9.926155183981169028e-01 1.042100788596553584e-01
5.767499999999677129e+01 9.947615361035834214e-01 1.026530332009453206e-01
5.782500000000310081e+01 9.930354591799624986e-01 1.039087063983652748e-01
5.797499999998910170e+01 9.947301966859717348e-01 1.039045541191940952e-01
5.812500000000000000e+01 9.959847197249198647e-01 1.023208831118189860e-01
5.827500000001095515e+01 9.930791399183693802e-01 1.038309486231827061e-01
5.842499999999741078e+01 9.953265931062139638e-01 1.035221197809323146e-01
5.857500000000246132e+01 9.948863129833740437e-01 1.030364932394246258e-01
5.872499999998893827e+01 9.967109459696283924e-01 1.017631428118819376e-01
5.887500000000000000e+01 9.966740014014966453e-01 1.024518787942634568e-01
5.902500000001111857e+01 9.961282302953544665e-01 1.023795122187168838e-01
5.917499999999803606e+01 9.958624561589738411e-01 1.030070861909076485e-01
5.932500000000184315e+01 9.961034067974674500e-01 1.018509799562043322e-01
5.947499999998878906e+01 9.966263715158615311e-01 1.026879289697352343e-01
5.962500000000000000e+01 9.951543280321365481e-01 1.018378317146909628e-01
5.977500000001126779e+01 9.976549632532010214e-01 1.022968922270647424e-01
5.992499999999864002e+01 9.977358765161938869e-01 1.018156644155811946e-01
6.007500000000123919e+01 9.987841866725803985e-01 1.024709846540582947e-01
6.022499999998863984e+01 9.971753210888681940e-01 1.022605341664789835e-01
6.037500000000000000e+01 9.974619141995830773e-01 1.020930529807838050e-01
6.052500000001142411e+01 9.987336544912862601e-01 1.019024636542245482e-01
6.067499999999923688e+01 9.983851356939749122e-01 1.019814920940395747e-01
6.082500000000064944e+01 9.997661309962480036e-01 1.000689616043641816e-01
6.097499999998849773e+01 9.979901208050555583e-01 1.014151796340928557e-01
6.112500000000000000e+01 9.987102814055683897e-01 1.020965366918117484e-01
6.127500000001155911e+01 9.992679200281936458e-01 1.016371316287591198e-01
6.142499999999980531e+01 9.994728746366774441e-01 1.001815742635792789e-01
6.157500000000007390e+01 9.991174412865393428e-01 1.004529259077771991e-01
6.172499999998834852e+01 9.992800150240943591e-01 9.990896867071492882e-02
6.187500000000000000e+01 9.990862585137044727e-01 9.978478903784736287e-02
6.202500000001170122e+01 9.991873186742271651e-01 1.007263896665591824e-01
6.217500000000037375e+01 1.002530963717555901e+00 9.944763496597698593e-02
6.232499999999951967e+01 9.993889881425620514e-01 9.978144483375897544e-02
6.247499999998820641e+01 9.997873988238342724e-01 1.006345679491594952e-01
6.262500000000000000e+01 9.991762176379129778e-01 9.971794847011425378e-02
6.277500000001184333e+01 1.000958990951965610e+00 1.005157221669056022e-01
6.292500000000092086e+01 9.982722507384266253e-01 9.973275880258211656e-02
6.307499999999897256e+01 1.001162790550220505e+00 9.979609905358474697e-02
6.322499999998807851e+01 1.002202436931552088e+00 9.844108535122925163e-02
6.337500000000000000e+01 1.001473757684159915e+00 9.906021874820171436e-02
6.352500000001197833e+01 1.001096805713324267e+00 9.888421309189776576e-02
6.367500000000146798e+01 1.001255660645025580e+00 9.936396308181180692e-02
6.382499999999843254e+01 1.002664462683574120e+00 9.923108868155516848e-02
6.397499999998793641e+01 1.001968061386911746e+00 9.769170799368340208e-02
6.412500000000000000e+01 1.001088681816165726e+00 9.935938644776520778e-02
6.427500000001211333e+01 1.002725640833147747e+00 9.764150253500948617e-02
6.442500000000200089e+01 1.002034936992578729e+00 9.902293419791950713e-02
6.457499999999791385e+01 1.001991806588277800e+00 9.845823118146518338e-02
6.472499999998781561e+01 1.003640540393787139e+00 9.761082235941784258e-02
6.487500000000000000e+01 1.004026977175370483e+00 9.882743206692755356e-02
6.502500000001224123e+01 1.003923485790535919e+00 9.747967270760030112e-02
6.517500000000251248e+01 1.003923661540453871e+00 9.786118012458644433e-02
6.532499999999740226e+01 1.003925760853553451e+00 9.773075700632197216e-02
6.547499999998768772e+01 1.005581897613814446e+00 9.874612310002681137e-02
6.562500000000000000e+01 1.003563098404904652e+00 9.771794756344136246e-02
6.577500000001236913e+01 1.003376796343387278e+00 9.768380091392032949e-02
6.592500000000300986e+01 1.003473556794865829e+00 9.721097053863456128e-02
6.607499999999690488e+01 1.004947307752126040e+00 9.682627911150443190e-02
6.622499999998755982e+01 1.004335833726866634e+00 9.772073137051258407e-02
6.637500000000000000e+01 1.002082246618234640e+00 9.667506726021168895e-02
6.652500000001249703e+01 1.004851140033341972e+00 9.701853631581737469e-02
6.667500000000349303e+01 1.003531325529817275e+00 9.618330790608982384e-02
6.682499999999640750e+01 1.005055188101269925e+00 9.581022318537968374e-02
6.697499999998743192e+01 1.004733741063814634e+00 9.604614964423185963e-02
6.712500000000000000e+01 1.006276197621839286e+00 9.722269663899460457e-02
6.727500000001261071e+01 1.004872481371277049e+00 9.717303621457377971e-02
6.742500000000397620e+01 1.004711130880671099e+00 9.586710485020139005e-02
6.757499999999593854e+01 1.005570869020982805e+00 9.462081352921124233e-02
6.772499999998731823e+01 1.006064844542585712e+00 9.459056564144056878e-02
6.787500000000000000e+01 1.005367605482863524e+00 9.752332593293437657e-02
6.802500000001272440e+01 1.004801876629016544e+00 9.506519434062493668e-02
6.817500000000444516e+01 1.004751248014460696e+00 9.589380185094141529e-02
6.832499999999546958e+01 1.005825005660164750e+00 9.529312979240271708e-02
6.847499999998720455e+01 1.004246770287666957e+00 9.623928749497666357e-02
6.862500000000000000e+01 1.004587867307826787e+00 9.656387446547171072e-02
6.877500000001283809e+01 1.004047372879127042e+00 9.545731630188129813e-02
6.892500000000489990e+01 1.006577874126527439e+00 9.542266532916750255e-02
6.907499999999501483e+01 1.006920786394613243e+00 9.476624208240408409e-02
6.922499999998709086e+01 1.005237422565910643e+00 9.474921532950110470e-02
6.937500000000000000e+01 1.005667821611072155e+00 9.634199470611878868e-02
6.952500000001295177e+01 1.005284517903945130e+00 9.517985490328764731e-02
6.967500000000535465e+01 1.005618240485438131e+00 9.435810568710815971e-02
6.982499999999456008e+01 1.006251187831972871e+00 9.357514828889158809e-02
6.997499999998697717e+01 1.005606810815511176e+00 9.499110023254274393e-02
7.012500000000000000e+01 1.004799370478324683e+00 9.456245732285709082e-02
7.027500000001306546e+01 1.005297639794541009e+00 9.454992998950403904e-02
7.042500000000579519e+01 1.006721100489967213e+00 9.521535432279161493e-02
7.057499999999413376e+01 1.005597602125774426e+00 9.409422423354696363e-02
7.072499999998686349e+01 1.006146997538868160e+00 9.371881471439551248e-02
7.087500000000000000e+01 1.005339863575873016e+00 9.379891962741371270e-02
7.102500000001316494e+01 1.006877760301541080e+00 9.394234143338744958e-02
7.117500000000620730e+01 1.006140487123843297e+00 9.372301372234481676e-02
7.132499999999369322e+01 1.005837243444387852e+00 9.324671966521327904e-02
7.147499999998676401e+01 1.006361024345969302e+00 9.383996340390698965e-02
7.162500000000000000e+01 1.007275755237793780e+00 9.332949877394201843e-02
7.177500000001327862e+01 1.008438869944248584e+00 9.272228289020559289e-02
7.192500000000663363e+01 1.005872601648256648e+00 9.423449058949484591e-02
7.207499999999328111e+01 1.006181778780766312e+00 9.241140363607405761e-02
7.222499999998666453e+01 1.005097250815142784e+00 9.335736672431230176e-02
7.237500000000000000e+01 1.005245219882258789e+00 9.180718962655592952e-02
7.252500000001337810e+01 1.006256640083681875e+00 9.343003931562467168e-02
7.267500000000704574e+01 1.006971557621971769e+00 9.276850833421398934e-02
7.282499999999286899e+01 1.006527848541888037e+00 9.332692111001657242e-02
7.297499999998655085e+01 1.007806017439814905e+00 9.294274702957391887e-02
7.312500000000000000e+01 1.005313244747607859e+00 9.304520107358041359e-02
7.327500000001347757e+01 1.006483158522191168e+00 9.291053480755934180e-02
7.342500000000745786e+01 1.006329990420083753e+00 9.193335794302802400e-02
7.357499999999247109e+01 1.007569093275607397e+00 9.175286745663542576e-02
7.372499999998646558e+01 1.006422815478428046e+00 9.309164242593583050e-02
7.387500000000000000e+01 1.007241495026010236e+00 9.218107210404366536e-02
7.402500000001359126e+01 1.007534659218213946e+00 9.159356522262160349e-02
7.417500000000785576e+01 1.004498111225698764e+00 9.184222522040479120e-02
7.432499999999207319e+01 1.008221455632109631e+00 9.101859620058608269e-02
7.447499999998635190e+01 1.004921465567457206e+00 9.133380528169147972e-02
7.462500000000000000e+01 1.006167021882873991e+00 9.182046978863292463e-02
7.477500000001367653e+01 1.006588010539721134e+00 9.091586070380677786e-02
7.492500000000823945e+01 1.006159183416642788e+00 9.153263916754635077e-02
7.507499999999168949e+01 1.005585555323218028e+00 9.133114079737994495e-02
7.522499999998626663e+01 1.006431318946007236e+00 9.139897008582358040e-02
7.537500000000000000e+01 1.005501691927227714e+00 9.155766445754234817e-02
7.552500000001377600e+01 1.006521529192561992e+00 9.108806220867830816e-02
7.567500000000862315e+01 1.006440947307879696e+00 9.027464549945442285e-02
7.582499999999130580e+01 1.008018574081718022e+00 9.107449777964109205e-02
7.597499999998616715e+01 1.006675364173216902e+00 9.105718339179411092e-02
7.612500000000000000e+01 1.006738623508067088e+00 9.078022902663354654e-02
7.627500000001386127e+01 1.006228916235288651e+00 9.113308503639788727e-02
7.642500000000899263e+01 1.006000838359526250e+00 9.091173244443354062e-02
7.657499999999093632e+01 1.005973935566914168e+00 9.094579842199840281e-02
7.672499999998608189e+01 1.005591595954424378e+00 8.932702604314508854e-02
7.687500000000000000e+01 1.005421695067060250e+00 9.004415246423563834e-02
7.702500000001396074e+01 1.005739626118816510e+00 9.105667920719225095e-02
7.717500000000934790e+01 1.005657243518828681e+00 8.988160941781474234e-02
7.732499999999058105e+01 1.007081418483944502e+00 8.931376075245667234e-02
7.747499999998598241e+01 1.006592734253492161e+00 9.077340603055594759e-02
7.762500000000000000e+01 1.006518897391762479e+00 8.947414636436559765e-02
7.777500000001404601e+01 1.006776691490318454e+00 9.070492617774872368e-02
7.792500000000971738e+01 1.005167007549485625e+00 9.054820441518442176e-02
7.807499999999021156e+01 1.005558437562201091e+00 8.921346936971905062e-02
7.822499999998589715e+01 1.004359822618001719e+00 8.974002287696393465e-02
7.837500000000000000e+01 1.005229275965101143e+00 8.925918339520849676e-02
7.852500000001413127e+01 1.005100457572347450e+00 8.942924812692838732e-02
7.867500000001005844e+01 1.005427512737366857e+00 8.810156053422014966e-02
7.882499999998987050e+01 1.004303657032826980e+00 8.927071036880447619e-02
7.897499999998581188e+01 1.003519932516270030e+00 8.799962804041368269e-02
7.912500000000000000e+01 1.004735438335159881e+00 8.786003611934120605e-02
7.927500000001423075e+01 1.004781618676071631e+00 8.882014941358602755e-02
7.942500000001041371e+01 1.004320354914002289e+00 8.793009648722649452e-02
7.957499999998951523e+01 1.005832372098744321e+00 8.805306819257674444e-02
7.972499999998572662e+01 1.006362667317028503e+00 8.815790043369767237e-02
7.987500000000000000e+01 1.005083429567101172e+00 9.035817227623497983e-02
8.002500000001430180e+01 1.004227626397174555e+00 8.858964378514234961e-02
8.017500000001075477e+01 1.004188785745292467e+00 8.926188435758115880e-02
8.032499999998918838e+01 1.004549950430075000e+00 8.729856243206528255e-02
8.047499999998564135e+01 1.004361473824500806e+00 8.810365797603592064e-02
8.062500000000000000e+01 1.005093619187224618e+00 8.747636829149366133e-02
8.077500000001438707e+01 1.005138276808971831e+00 8.744903217556544706e-02
8.092500000001108162e+01 1.004739271055131722e+00 8.727726596580448470e-02
8.107499999998886153e+01 1.005127862176915743e+00 8.745962425848892441e-02
8.122499999998557030e+01 1.004861901312710915e+00 8.766024223481359845e-02
8.137500000000000000e+01 1.004136565433644712e+00 8.752257976230712333e-02
8.152500000001447233e+01 1.003794766463680155e+00 8.823782017980193182e-02
8.167500000001139426e+01 1.003147933515082357e+00 8.784521040264819947e-02
8.182499999998853468e+01 1.004395451869872558e+00 8.766404251027962169e-02
8.197499999998548503e+01 1.003506825591646168e+00 8.850088628303039162e-02
8.212500000000000000e+01 1.003541401694669988e+00 8.695521381974960495e-02
8.227500000001455760e+01 1.003924217147187825e+00 8.797805794609449281e-02
8.242500000001172111e+01 1.002973431262269788e+00 8.767516885873927190e-02
8.257499999998822204e+01 1.003368827782315620e+00 8.822740439538864776e-02
8.272499999998539977e+01 1.002854825167978303e+00 8.594412403480529428e-02
8.287500000000000000e+01 1.004350243006365773e+00 8.661899618407523094e-02
8.302500000001462865e+01 1.000718759322991591e+00 8.582096482125073367e-02
8.317500000001203375e+01 1.003085460828632591e+00 8.574604452420254985e-02
8.332499999998789519e+01 1.003691327156620572e+00 8.590474093653649446e-02
8.347499999998531450e+01 1.001724352858981648e+00 8.633692815381249774e-02
8.362500000000000000e+01 1.001858465814749577e+00 8.623084456782548202e-02
8.377500000001469971e+01 1.004167911945293090e+00 8.641559041680375863e-02
8.392500000001234639e+01 1.002233849746787087e+00 8.651664757717082710e-02
8.407499999998758256e+01 1.003237293735776081e+00 8.487742514115469150e-02
8.422499999998524345e+01 1.000456550262466049e+00 8.565665038585555668e-02
8.437500000000000000e+01 1.004421488078979463e+00 8.626176288071538134e-02
8.452500000001478497e+01 1.002641249581915694e+00 8.619406025304776620e-02
8.467500000001264482e+01 1.002980663172027720e+00 8.581314884615941219e-02
8.482499999998728413e+01 1.001568650413815931e+00 8.621148548888689367e-02
8.497499999998517239e+01 1.001085489490585401e+00 8.549706752325958448e-02
8.512500000000000000e+01 1.002487643241892767e+00 8.446250583964289016e-02
8.527500000001485603e+01 1.000949799871030610e+00 8.558315349132006311e-02
8.542500000001294325e+01 1.002941784984202833e+00 8.451656344238633878e-02
8.557499999998699991e+01 1.001075808755437446e+00 8.527843883188758467e-02
8.572499999998510134e+01 1.002232070769716987e+00 8.682917846368382042e-02
8.587500000000000000e+01 1.001948972779562741e+00 8.545086114459000959e-02
8.602500000001494129e+01 1.000566492960619502e+00 8.639553677711593604e-02
8.617500000001324167e+01 1.000618420463705860e+00 8.531119400329684188e-02
8.632499999998670148e+01 1.000083304751847812e+00 8.564602302927201705e-02
8.647499999998503029e+01 1.001133134711122530e+00 8.524111723865632206e-02
8.662500000000000000e+01 1.001114154052658245e+00 8.539846393447959871e-02
8.677500000001501235e+01 1.000625141270091945e+00 8.368821666508025059e-02
8.692500000001352589e+01 9.986547550586609701e-01 8.520562099484611795e-02
8.707499999998641727e+01 1.000332870965716436e+00 8.418479595911369795e-02
8.722499999998494502e+01 9.996978388140091987e-01 8.347264371182307185e-02
8.737500000000000000e+01 1.000502283596469644e+00 8.424429080389120306e-02
8.752500000001508340e+01 1.000381885985411445e+00 8.509836362212994110e-02
8.767500000001381011e+01 1.001226139141351279e+00 8.442706867033479556e-02
8.782499999998613305e+01 1.001214415796931823e+00 8.425196654261872531e-02
8.797499999998487397e+01 1.001773587150452505e+00 8.333533546248651780e-02
8.812500000000000000e+01 1.000229634073386054e+00 8.467512441100910614e-02
8.827500000001514024e+01 9.998964006237155422e-01 8.453973743316467448e-02
8.842500000001409433e+01 9.993474959470045604e-01 8.358290651652254544e-02
8.857499999998586304e+01 9.984399625282065482e-01 8.406570561030476951e-02
8.872499999998480291e+01 9.988538711714388674e-01 8.290351540204321523e-02
8.887500000000000000e+01 1.000361876386365090e+00 8.318316556833166286e-02
8.902500000001521130e+01 9.989467580174790085e-01 8.386688780251344566e-02
8.917500000001436433e+01 9.983526133997379093e-01 8.410447841093871002e-02
8.932499999998557882e+01 9.998559743444700443e-01 8.453343853906793159e-02
8.947499999998473186e+01 9.983757628739495793e-01 8.434162773684271419e-02
8.962500000000000000e+01 9.991278609669228539e-01 8.332746979588066816e-02
8.977500000001528235e+01 9.991920122127971871e-01 8.305148087417897618e-02
8.992500000001462013e+01 9.969060171170168738e-01 8.291699034469901530e-02
9.007499999998532303e+01 9.973532603904238236e-01 8.221882789688536586e-02
9.022499999998467501e+01 9.993483539010002970e-01 8.325661778071458130e-02
9.037500000000000000e+01 9.978941579725775224e-01 8.265819589689885061e-02
9.052500000001533920e+01 9.976487595326417601e-01 8.292588938802392118e-02
9.067500000001489013e+01 9.979053473369173810e-01 8.345392943484515602e-02
9.082499999998505302e+01 9.983015722190666796e-01 8.252738777300265560e-02
9.097499999998460396e+01 9.964531338883229061e-01 8.324722461830981468e-02
9.112500000000000000e+01 9.979795885407880540e-01 8.265490938940714405e-02
9.127500000001541025e+01 9.987648800869887156e-01 8.252982440395682795e-02
9.142500000001514593e+01 9.978295306277139565e-01 8.297456361115043699e-02
9.157499999998479723e+01 9.983976601203721213e-01 8.223802786428205391e-02
9.172499999998454712e+01 9.965600671106739084e-01 8.183955430613247539e-02
9.187500000000000000e+01 9.988702175047651233e-01 8.247920033301885112e-02
9.202500000001548131e+01 9.978800061758524853e-01 8.352396372541250058e-02
9.217500000001541594e+01 9.979908874258450746e-01 8.171628267146742453e-02
9.232499999998454143e+01 9.976588891644326829e-01 8.167067429999094741e-02
9.247499999998447606e+01 9.967631418193522164e-01 8.151513459135940887e-02
9.262500000000000000e+01 9.985161328120987223e-01 8.151057495311356260e-02
9.277500000001553815e+01 9.974816541786339918e-01 8.171586082261420025e-02
9.292500000001565752e+01 9.965262724019885443e-01 8.180845172651096675e-02
9.307499999998428564e+01 9.970326458900035105e-01 8.141637100389853554e-02
9.322499999998441922e+01 9.965226792491469476e-01 8.048843091492696722e-02
9.337500000000000000e+01 9.965158427567475385e-01 8.219536693894434476e-02
9.352500000001559499e+01 9.960977252686494809e-01 8.103915112581941416e-02
9.367500000001591332e+01 9.966907829255787776e-01 8.195541336299197455e-02
9.382499999998402984e+01 9.965296300859306511e-01 8.107112584376002795e-02
9.397499999998436238e+01 9.953316124519598906e-01 8.089975835649049207e-02
9.412500000000000000e+01 9.955410857779032341e-01 8.139898728907749015e-02
9.427500000001566605e+01 9.961112531550919691e-01 8.130320905185102476e-02
9.442500000001615490e+01 9.957290495389282681e-01 8.029721065175253469e-02
9.457499999998380247e+01 9.939962575290798297e-01 8.112847613034596117e-02
9.472499999998429132e+01 9.960379158646831543e-01 8.093991023239904825e-02
9.487500000000000000e+01 9.952992281727381929e-01 7.987016309350601639e-02
9.502500000001572289e+01 9.949379174729188202e-01 8.032978701703828717e-02
9.517500000001639648e+01 9.957103528919538649e-01 8.130866735570302373e-02
9.532499999998356088e+01 9.953198605590098946e-01 8.062835503892724909e-02
9.547499999998423448e+01 9.963104700906364464e-01 7.949825369821265919e-02
9.562500000000000000e+01 9.945668713837615416e-01 8.115711068457071020e-02
9.577500000001577973e+01 9.949970671807115696e-01 8.003483112060910676e-02
9.592500000001662386e+01 9.960850979344250122e-01 8.140631565802974867e-02
9.607499999998331930e+01 9.942191726654184825e-01 8.097380714638280352e-02
9.622499999998417763e+01 9.949326964648171900e-01 8.049858025502117098e-02
9.637500000000000000e+01 9.947837614274778195e-01 8.034093537823250308e-02
9.652500000001585079e+01 9.927709728351202800e-01 8.060754594162071462e-02
9.667500000001686544e+01 9.945360402813702150e-01 7.976679469490721708e-02
9.682499999998309193e+01 9.949440913932369179e-01 8.014391629165797115e-02
9.697499999998412079e+01 9.944220752721838474e-01 8.135116377775590546e-02
9.712500000000000000e+01 9.941107020195819599e-01 7.933325075154931683e-02
9.727500000001590763e+01 9.934733345160690066e-01 8.037135435272577122e-02
9.742500000001709282e+01 9.940095408744906713e-01 8.052384679330934492e-02
9.757499999998287876e+01 9.949859982762079280e-01 8.062120797450862686e-02
9.772499999998406395e+01 9.941739909144352572e-01 7.987990074981514421e-02
9.787500000000000000e+01 9.926169585204942525e-01 7.949614538246799200e-02
9.802500000001595026e+01 9.934294790173937573e-01 7.943288339478431215e-02
9.817500000001732019e+01 9.930903007144276096e-01 7.966073655339647730e-02
9.832499999998263718e+01 9.916085300743533448e-01 7.980798336732625176e-02
9.847499999998402131e+01 9.945481800049651433e-01 7.905173247643570988e-02
9.862500000000000000e+01 9.929405999337388433e-01 7.955777895026734658e-02
9.877500000001600711e+01 9.920359703369069360e-01 7.921728116224982519e-02
9.892500000001753335e+01 9.945867270644501712e-01 8.047874450291192527e-02
9.907499999998242401e+01 9.934577612460306906e-01 7.807610429400177465e-02
9.922499999998395026e+01 9.937688887438699270e-01 7.958336339506909274e-02
9.937500000000000000e+01 9.942454246503015236e-01 7.849807610294300131e-02
9.952500000001606395e+01 9.933854330604474647e-01 7.957974795153263670e-02
9.967500000001776073e+01 9.940925408281442444e-01 7.881382604980623208e-02
9.982499999998221085e+01 9.949750846764273682e-01 7.871591908804713433e-02
9.997499999998389342e+01 9.922757645959758843e-01 7.876032283515981003e-02
1.001250000000000000e+02 9.931797298148268283e-01 7.886777097654046331e-02
1.002750000000161208e+02 9.939719232480647149e-01 7.941572847788407052e-02
1.004250000000179597e+02 9.911240922230550865e-01 7.795434409511911578e-02
1.005749999999819835e+02 9.937681022371402939e-01 7.879324071758707360e-02
1.007249999999838508e+02 9.949558791985004813e-01 7.914806737116343582e-02
1.008750000000000000e+02 9.926196347271784015e-01 7.871273873180599512e-02
1.010250000000161776e+02 9.934770838472946064e-01 7.757863912814057239e-02
1.011750000000181871e+02 9.931609383480284325e-01 7.804990209278347968e-02
1.013249999999817845e+02 9.717855886306604463e-01 7.732067781512448612e-02
1.014749999999837939e+02 9.518825932638980136e-01 7.619370269136643836e-02
1.016250000000000000e+02 9.395438121304279244e-01 7.634969471600962232e-02
1.017750000000162345e+02 9.295277027064420272e-01 7.476988612482893259e-02
1.019250000000184002e+02 9.204383383584303635e-01 7.536459819135213345e-02
1.020749999999815714e+02 9.151676010049555332e-01 7.440589967500733926e-02
1.022249999999837513e+02 9.068675117973791222e-01 7.335507890873516068e-02
1.023750000000000000e+02 9.012704779685144496e-01 7.444754789240012882e-02
1.025250000000162771e+02 8.941228211016042371e-01 7.369772519156486679e-02
1.026750000000185992e+02 8.895035045984772681e-01 7.411596417931377856e-02
1.028249999999813582e+02 8.837991972071929103e-01 7.392726920182632333e-02
1.029749999999836945e+02 8.802094133677957899e-01 7.277810659322175857e-02
1.031250000000000000e+02 8.751038830551494119e-01 7.386155387398571359e-02
1.032750000000163340e+02 8.685926754357052859e-01 7.358953795884194682e-02
1.034250000000187981e+02 8.650496810787146051e-01 7.253657183534509278e-02
1.035749999999811592e+02 8.592849453110135149e-01 7.179820690909255454e-02
1.037249999999836376e+02 8.574696599013851284e-01 7.107645267404959222e-02
1.038750000000000000e+02 8.523842116237129174e-01 7.161194700206147123e-02
1.040250000000163766e+02 8.481690152886822709e-01 7.152668581360707711e-02
1.041750000000189971e+02 8.442899606271537793e-01 7.102408349140623689e-02
1.043249999999809603e+02 8.403413270545494473e-01 7.068607524360895344e-02
1.044749999999835950e+02 8.379213296700025460e-01 7.000538030136745082e-02
1.046250000000000000e+02 8.334542652761363080e-01 7.134318787939128437e-02
1.047750000000164334e+02 8.301182089518704954e-01 7.047819321158123318e-02
1.049250000000191818e+02 8.267898938966191658e-01 7.029441191018856450e-02
1.050749999999807613e+02 8.230260286309892814e-01 7.006896685858464424e-02
1.052249999999839503e+02 8.191420775460312997e-01 6.966267163179137856e-02
1.053750000000000000e+02 8.170592394909731437e-01 6.985435463516100063e-02
1.055250000000157229e+02 8.136498795601392331e-01 7.016985615106065277e-02
1.056750000000193808e+02 8.113874426203608881e-01 6.870753821464865851e-02
1.058249999999805766e+02 8.070015150405605020e-01 6.819552373904837206e-02
1.059749999999847319e+02 8.054292581884100466e-01 6.949578903333310242e-02
1.061250000000000000e+02 8.020710109700671664e-01 6.872044612384300977e-02
1.062750000000149555e+02 7.991309251760537746e-01 6.883082389334867213e-02
1.064250000000195797e+02 7.961884963260258408e-01 6.794227267562492900e-02
1.065749999999803919e+02 7.941973925661249822e-01 6.849330727798284835e-02
1.067249999999854850e+02 7.901776828550807208e-01 6.766781238931303399e-02
1.068750000000000000e+02 7.870314325516809539e-01 6.733734604804743340e-02
1.070250000000141881e+02 7.859266133119996445e-01 6.750326258449898531e-02
1.071750000000197645e+02 7.837446118848995225e-01 6.812596558774614008e-02
1.073249999999802071e+02 7.813877442397446638e-01 6.723297466726184390e-02
1.074749999999862524e+02 7.778367966844283998e-01 6.688628614672570416e-02
1.076250000000000000e+02 7.764361667826308322e-01 6.726558101523348598e-02
1.077750000000134492e+02 7.741774609885740954e-01 6.662211326099128084e-02
1.079250000000199492e+02 7.714468892063975902e-01 6.680807980370302712e-02
1.080749999999800224e+02 7.683162063240387418e-01 6.709505501926348037e-02
1.082249999999869914e+02 7.660549153762542529e-01 6.597786576464735597e-02
1.083750000000000000e+02 7.636630100491469397e-01 6.588137853519340781e-02
1.085250000000127244e+02 7.610813771188303933e-01 6.588284841391227331e-02
1.086750000000201481e+02 7.593871554337033869e-01 6.676361193840711639e-02
1.088249999999798376e+02 7.582896200219886307e-01 6.556586123682506262e-02
1.089749999999877161e+02 7.545067281334468801e-01 6.586775530711237725e-02
1.091250000000000000e+02 7.520768652142784116e-01 6.513459935357505948e-02
1.092750000000119854e+02 7.518118156118609452e-01 6.502545294252179420e-02
1.094250000000203045e+02 7.478235965368349447e-01 6.498930837473758382e-02
1.095749999999796529e+02 7.469610699098057083e-01 6.520587199241144327e-02
1.097249999999884409e+02 7.448177423840337541e-01 6.551599231353849584e-02
1.098750000000000000e+02 7.437631706001117671e-01 6.482185162865128358e-02
1.100250000000112749e+02 7.402412726547884514e-01 6.444391584647038429e-02
1.101750000000204892e+02 7.392870830061332166e-01 6.480423625255364584e-02
1.103249999999794682e+02 7.371555905954960686e-01 6.431904462179353910e-02
1.104749999999891372e+02 7.352358462425625518e-01 6.401403023050011853e-02
1.106250000000000000e+02 7.336855104056417831e-01 6.342180242019559988e-02
1.107750000000105643e+02 7.307872371741331863e-01 6.424885224778659198e-02
1.109250000000206740e+02 7.284470116572536735e-01 6.284273822985536606e-02
1.110749999999792976e+02 7.264639503241586693e-01 6.368097301732718318e-02
1.112249999999898620e+02 7.255870788624901868e-01 6.389710048966153189e-02
1.113750000000000000e+02 7.243920171813121867e-01 6.271055475386831668e-02
1.115250000000098822e+02 7.227126619431936128e-01 6.341634346242637499e-02
1.116750000000208445e+02 7.194230406040977854e-01 6.344294665968368274e-02
1.118249999999791129e+02 7.177739667387122990e-01 6.291329133248996230e-02
1.119749999999905299e+02 7.155286896251388251e-01 6.309538101906965457e-02
1.121250000000000000e+02 7.137849704227615666e-01 6.247261981418944510e-02
1.122750000000091859e+02 7.126689996134005778e-01 6.223840094694861602e-02
1.124250000000210008e+02 7.112943565242704214e-01 6.298043871183535425e-02
1.125749999999789566e+02 7.094588406142663395e-01 6.247989874192196730e-02
1.127249999999912120e+02 7.082170285780805541e-01 6.370113165082991191e-02
1.128750000000000000e+02 7.058119106329857617e-01 6.134448045408073813e-02
1.130250000000085180e+02 7.038080172559724179e-01 6.238750969022569676e-02
1.131750000000211855e+02 7.022892811195714513e-01 6.250297056034540000e-02
1.133249999999787860e+02 7.009648074986682964e-01 6.246404406024279321e-02
1.134749999999919083e+02 6.990195807651415905e-01 6.173761611890645623e-02
1.136250000000000000e+02 6.976260289228930489e-01 6.291390351625890387e-02
1.137750000000078359e+02 6.959113122680430363e-01 6.238584487417495744e-02
1.139250000000213561e+02 6.937542174584699906e-01 6.147635410102111897e-02
1.140749999999786297e+02 6.927483139751461350e-01 6.240492789052724115e-02
1.142249999999925620e+02 6.911210446460189782e-01 6.061056940495513495e-02
1.143750000000000000e+02 6.907026565363388881e-01 6.061764658767833380e-02
1.145250000000071680e+02 6.885131925355875149e-01 6.081098231107057162e-02
1.146750000000215124e+02 6.874070446432429815e-01 6.128430308009103628e-02
1.148249999999784308e+02 6.848925998013500882e-01 6.089203958215187035e-02
1.149749999999932157e+02 6.844588268376926576e-01 6.208143440052940609e-02
1.151250000000000000e+02 6.815780566075084757e-01 6.116963388408723501e-02
1.152750000000065285e+02 6.804321644884803177e-01 6.113511025657778625e-02
1.154250000000216829e+02 6.786902450296443678e-01 5.994227599678822460e-02
1.155749999999783029e+02 6.779246959915621318e-01 6.120342218892908803e-02
1.157249999999938694e+02 6.776363780585639152e-01 5.989214385156185066e-02
1.158750000000000000e+02 6.759954292553334021e-01 6.075424440174199969e-02
1.160250000000058748e+02 6.725650403522160925e-01 6.032643530668350268e-02
1.161750000000218392e+02 6.723859329153093478e-01 6.028833573536596796e-02
1.163249999999781323e+02 6.707791756350925949e-01 6.004961512479711772e-02
1.164749999999945089e+02 6.703108833346264062e-01 5.968656302158175525e-02
1.166250000000000000e+02 6.666047213603540911e-01 5.966277206499321500e-02
1.167750000000052495e+02 6.650228852724894280e-01 6.013559849717318301e-02
1.169250000000220098e+02 6.643949845397508769e-01 5.842480985696571483e-02
1.170749999999779760e+02 6.638298966325123507e-01 5.858412490356653540e-02
1.172249999999951484e+02 6.631649151779274165e-01 5.930529636773831936e-02
1.173750000000000000e+02 6.602203875328501725e-01 5.900899924432498334e-02
1.175250000000046242e+02 6.588375638434257331e-01 5.921923260915591680e-02
1.176750000000221377e+02 6.585836953455308507e-01 5.922965202031203052e-02
1.178249999999778055e+02 6.562153102579837416e-01 5.883110439662882218e-02
1.179749999999957453e+02 6.552600203706807624e-01 5.829904266306411981e-02
1.181250000000000000e+02 6.549063053724044625e-01 5.854942163737052868e-02
1.182750000000039989e+02 6.519973147393414159e-01 5.808700416572630532e-02
1.184250000000223082e+02 6.513805967633269356e-01 5.876297085139084442e-02
1.185749999999776634e+02 6.490691692806440649e-01 5.857479692163886087e-02
1.187249999999963705e+02 6.488632407301889726e-01 5.810854183147168978e-02
1.188750000000000000e+02 6.472978956957692320e-01 5.810648427430050583e-02
1.190250000000033879e+02 6.459017851900922258e-01 5.840191903662185491e-02
1.191750000000224645e+02 6.453541088377376944e-01 5.858323146586066205e-02
1.193249999999775071e+02 6.438501732787157428e-01 5.763650178294416060e-02
1.194749999999969816e+02 6.426877646432487268e-01 5.771974950164579510e-02
1.196250000000000000e+02 6.410732474218231447e-01 5.708384903710670560e-02
1.197750000000027910e+02 6.404729631037386905e-01 5.758822048827017676e-02
1.199250000000226066e+02 6.383469030776145470e-01 5.755404213872457320e-02
1.200749999999773650e+02 6.360000191219795651e-01 5.703033738479851983e-02
1.202249999999975927e+02 6.349827445516277313e-01 5.698955764831398901e-02
1.203750000000000000e+02 6.346008605319347629e-01 5.726068513553495692e-02
1.205250000000021799e+02 6.340525230041915705e-01 5.625018285011404440e-02
1.206750000000227772e+02 6.325284157901204241e-01 5.628201996893519854e-02
1.208249999999772086e+02 6.302376572179525516e-01 5.676092778904402031e-02
1.209749999999981753e+02 6.300989151248959086e-01 5.753915355287437389e-02
1.211250000000000000e+02 6.289039860738625531e-01 5.734839084287489397e-02
1.212750000000015973e+02 6.268029448799707914e-01 5.664743778530021562e-02
1.214250000000229193e+02 6.266824186753295889e-01 5.639746097840904471e-02
1.215749999999770665e+02 6.254299513535515054e-01 5.685486547253836703e-02
1.217249999999987580e+02 6.238722998489827365e-01 5.621508158004353412e-02
1.218750000000000000e+02 6.224773277945755412e-01 5.634315974828441043e-02
1.220250000000010147e+02 6.212016821899311037e-01 5.586577434326924635e-02
1.221750000000230472e+02 6.204009332336904992e-01 5.567504374708538706e-02
1.223249999999769244e+02 6.195034919659115902e-01 5.526313083416892896e-02
1.224749999999993406e+02 6.191609704490679267e-01 5.582325602436419287e-02
1.226250000000000000e+02 6.171585375876427193e-01 5.575597731324343637e-02
1.227750000000004320e+02 6.161628851997481560e-01 5.568961998744983294e-02
1.229250000000231893e+02 6.152049442079444708e-01 5.625607145836985373e-02
1.230749999999767681e+02 6.133964645391271064e-01 5.620894988449016277e-02
1.232249999999999233e+02 6.137801257520228981e-01 5.533767254819337705e-02
1.233750000000000000e+02 6.108753023421921169e-01 5.505104447200723922e-02
1.235249999999998494e+02 6.100332567578692355e-01 5.536877725150267382e-02
1.236750000000233314e+02 6.091968113103161109e-01 5.544578800911609262e-02
1.238249999999766402e+02 6.084106152852591931e-01 5.561609716397939579e-02
1.239750000000004775e+02 6.066386947896240667e-01 5.515432918637709625e-02
1.241250000000000000e+02 6.053222438372011238e-01 5.499882621030653673e-02
1.242749999999992951e+02 6.045744232938513596e-01 5.502675547228359776e-02
1.244250000000234735e+02 6.030019612206152235e-01 5.477395066700198323e-02
1.245749999999764839e+02 6.025327079418435483e-01 5.391436624216778412e-02
1.247250000000010317e+02 6.024047473566349620e-01 5.480572461339953960e-02
1.248750000000000000e+02 5.998207884978034032e-01 5.501839493314717583e-02
1.250249999999987551e+02 5.996848256480958872e-01 5.429831716953577997e-02
1.251750000000236156e+02 5.988115523397530282e-01 5.480005569218320688e-02
1.253249999999763702e+02 5.974518753366284685e-01 5.407142567891209256e-02
1.254750000000015859e+02 5.974700133002275315e-01 5.485737876252538142e-02
1.256250000000000000e+02 5.953586766295171362e-01 5.411703030889769561e-02
1.257749999999982009e+02 5.946986223528574200e-01 5.340238855563188280e-02
1.259250000000237577e+02 5.932075678444150846e-01 5.446678276132275315e-02
1.260749999999762281e+02 5.926294173818811295e-01 5.403471745158410638e-02
1.262250000000021259e+02 5.923051057200553471e-01 5.348203291790671471e-02
1.263750000000000000e+02 5.908062858313669619e-01 5.414334082650546637e-02
1.265249999999976609e+02 5.883219361401775815e-01 5.356502746918367919e-02
1.266750000000238856e+02 5.639466470711659296e-01 5.252357972614555420e-02
1.268249999999760860e+02 5.483159321645475481e-01 5.209644013073750496e-02
1.269750000000026660e+02 5.368426666838133077e-01 5.091718733854146139e-02
1.271250000000000000e+02 5.270014050828907282e-01 5.075989019349078091e-02
1.272749999999971209e+02 5.179142382078595341e-01 5.072434654294472739e-02
1.274250000000240277e+02 5.113059295396823467e-01 5.041785336394138256e-02
1.275749999999759439e+02 5.038391311108919579e-01 5.018612594375398972e-02
1.277250000000031918e+02 4.963603440707911596e-01 4.916475570289921548e-02
1.278750000000000000e+02 4.919402156033678142e-01 4.899906449156200133e-02
1.280249999999965951e+02 4.853221209563733929e-01 4.881445540193204979e-02
1.281750000000241414e+02 4.800430580593360586e-01 4.797071703209616206e-02
1.283249999999758018e+02 4.735317317917255298e-01 4.771383380555236503e-02
1.284750000000037176e+02 4.689475489758132554e-01 4.709356698583101047e-02
1.286250000000000000e+02 4.641399868037913157e-01 4.760849095215886895e-02
1.287749999999960835e+02 4.589819443368713392e-01 4.720631674238146003e-02
1.289250000000242835e+02 4.539070836114233454e-01 4.656646175065178028e-02
1.290749999999756881e+02 4.490816559712236811e-01 4.622145827971536891e-02
1.292250000000042292e+02 4.455398472153278000e-01 4.608730081389316585e-02
1.293750000000000000e+02 4.402407313030042846e-01 4.585365273208669157e-02
1.295249999999955719e+02 4.359176375119927505e-01 4.626267051293316002e-02
1.296750000000243972e+02 4.319317242366036425e-01 4.589236199454221898e-02
1.298249999999755460e+02 4.278480245146074057e-01 4.548490142748366077e-02
1.299750000000047692e+02 4.232229403062944262e-01 4.389504697718082243e-02
1.301250000000000000e+02 4.198054764015817786e-01 4.523350364291969794e-02
1.302749999999950319e+02 4.158009876209675104e-01 4.459794279810780360e-02
1.304250000000245393e+02 4.121681156123944145e-01 4.417816632973006752e-02
1.305749999999754323e+02 4.089094306262321954e-01 4.414411689594353178e-02
1.307250000000052523e+02 4.034911836135149366e-01 4.406423900531736965e-02
1.308750000000000000e+02 4.008137450075885400e-01 4.367967369565772806e-02
1.310249999999945487e+02 3.960316877277872960e-01 4.323825139681444774e-02
1.311750000000246530e+02 3.938059029170399850e-01 4.329863872864921776e-02
1.313249999999753186e+02 3.899062043637657182e-01 4.283846561506247236e-02
1.314750000000057639e+02 3.858141350970837324e-01 4.269931206407637930e-02
1.316250000000000000e+02 3.828497652927255190e-01 4.270925712466549368e-02
1.317749999999940655e+02 3.793440879940350174e-01 4.210750453787124453e-02
1.319250000000247951e+02 3.757072613046431031e-01 4.185921831577233548e-02
1.320749999999751765e+02 3.728977226723950711e-01 4.217238283855341552e-02
1.322250000000062471e+02 3.693696313470150039e-01 4.188761122499422285e-02
1.323750000000000000e+02 3.655917065861186699e-01 4.133583182176496507e-02
1.325249999999935540e+02 3.629340603226668960e-01 4.101142043268833637e-02
1.326750000000249088e+02 3.603875958797551071e-01 4.066103591913160925e-02
1.328249999999750628e+02 3.566699978389046843e-01 4.135063152069865661e-02
1.329750000000067303e+02 3.542526239531344490e-01 4.018546212701484821e-02
1.331250000000000000e+02 3.507372869872318333e-01 4.038434668592188331e-02
1.332749999999930424e+02 3.475651826400650846e-01 4.012772667981483188e-02
1.334250000000250225e+02 3.445985381423718463e-01 3.982554900708283607e-02
1.335749999999749491e+02 3.418037222807817077e-01 3.953115897488237301e-02
1.337250000000072134e+02 3.387096569014537706e-01 3.934798284189093553e-02
1.338750000000000000e+02 3.355370754092851793e-01 3.918131355043540098e-02
1.340249999999925876e+02 3.335946894663891493e-01 3.970840659861869099e-02
1.341750000000251362e+02 3.302878253473416903e-01 3.943936460846383246e-02
1.343249999999748354e+02 3.270178263568179200e-01 3.872117751590122697e-02
1.344750000000077250e+02 3.239327376033073191e-01 3.869071678735833825e-02
1.346250000000000000e+02 3.213013351704916420e-01 3.877723319731649076e-02
1.347749999999921044e+02 3.184780500247784696e-01 3.824504752673912877e-02
1.349250000000252783e+02 3.153172453769020334e-01 3.836029732167445944e-02
1.350749999999746933e+02 3.132444275668463396e-01 3.807931889332036995e-02
1.352250000000081798e+02 3.107104626860962560e-01 3.769429412071694657e-02
1.353750000000000000e+02 3.079833924100101039e-01 3.813342174035273119e-02
1.355249999999916213e+02 3.043524084985205769e-01 3.752342748002791828e-02
1.356750000000253920e+02 3.025658728506132600e-01 3.684887875166049237e-02
1.358249999999746080e+02 2.998711778169818043e-01 3.681063661974303541e-02
1.359750000000086345e+02 2.974375912935317556e-01 3.652579658181461658e-02
1.361250000000000000e+02 2.946505938344399222e-01 3.648874023929183502e-02
1.362749999999911665e+02 2.916086729601701788e-01 3.663879547821533023e-02
1.364250000000255056e+02 2.896879411116936587e-01 3.587639729816842482e-02
1.365749999999744659e+02 2.870972038671096849e-01 3.571090577811521227e-02
1.367250000000091177e+02 2.846385732380354305e-01 3.577198698042249186e-02
1.368750000000000000e+02 2.818817917446064247e-01 3.560721884305845242e-02
1.370249999999907118e+02 2.795461785184647496e-01 3.552500424946552354e-02
1.371750000000256193e+02 2.770026063050703424e-01 3.531375411593313390e-02
1.373249999999743522e+02 2.750486261596069570e-01 3.550047434891037690e-02
1.374750000000095724e+02 2.726453591150611033e-01 3.479918303619889547e-02
1.376250000000000000e+02 2.702290623896664301e-01 3.486864176792201647e-02
1.377749999999902286e+02 2.672632720323513955e-01 3.459202593731380143e-02
1.379250000000257330e+02 2.653912729890753330e-01 3.408670981968847657e-02
1.380749999999742386e+02 2.625942336275500222e-01 3.469982940672087374e-02
1.382250000000100272e+02 2.594726777868147094e-01 3.401768918951568466e-02
1.383750000000000000e+02 2.582838453449820548e-01 3.365210182982775189e-02
1.385249999999898023e+02 2.561760355023815494e-01 3.378254044637518660e-02
1.386750000000258467e+02 2.536208931104474429e-01 3.388481071142934731e-02
1.388249999999741249e+02 2.515208654886046391e-01 3.360447054608037276e-02
1.389750000000104535e+02 2.496913080980794897e-01 3.304386495294863585e-02
1.391250000000000000e+02 2.468636341582440275e-01 3.304407648873384368e-02
1.392749999999893475e+02 2.455570637390904198e-01 3.264201975652875065e-02
1.394250000000259604e+02 2.434544621692280586e-01 3.286017205803216240e-02
1.395749999999740112e+02 2.404611247260779738e-01 3.222086458261012171e-02
1.397250000000109367e+02 2.375848763461567426e-01 3.250451686040994187e-02
1.398750000000000000e+02 2.357146311111158743e-01 3.216334433675398924e-02
1.400249999999889212e+02 2.341872989892772872e-01 3.204527631173918756e-02
1.401750000000260741e+02 2.318709093255494347e-01 3.167370510503607350e-02
1.403249999999738975e+02 2.295433466417120538e-01 3.172614252505574078e-02
1.404750000000113346e+02 2.274592425786116645e-01 3.154714719650535820e-02
1.406250000000000000e+02 2.251748736722242739e-01 3.173505033836656469e-02
1.407749999999884665e+02 2.231458542566659431e-01 3.134641846126224457e-02
1.409250000000261593e+02 2.213084807533817477e-01 3.116334341070921277e-02
1.410749999999738122e+02 2.190178890335996165e-01 3.059282114983163936e-02
1.412250000000117893e+02 2.169538070837541688e-01 3.109133426100393546e-02
1.413750000000000000e+02 2.150457123580780672e-01 3.043738999986990088e-02
1.415249999999880401e+02 2.136519616312058389e-01 3.039230755073837886e-02
1.416750000000263014e+02 2.108126303249468758e-01 3.063588719563349605e-02
1.418249999999736986e+02 2.087929931319129906e-01 3.014400501042360792e-02
1.419750000000122441e+02 2.068714795369498427e-01 2.956949983538348370e-02
1.421250000000000000e+02 2.049173151764998591e-01 2.992370975002859798e-02
1.422749999999876138e+02 2.029964290638443525e-01 2.962326854557612021e-02
1.424250000000264151e+02 2.011921251994033266e-01 2.930935225859403193e-02
1.425749999999735849e+02 1.993594355346345048e-01 2.942474574233379728e-02
1.427250000000126420e+02 1.974874398025879274e-01 2.938590160077979990e-02
1.428750000000000000e+02 1.954878362239806655e-01 2.923911475885622099e-02
1.430249999999871875e+02 1.933311425448957510e-01 2.895642884256282440e-02
1.431750000000265004e+02 1.911991621644749118e-01 2.897217816819235015e-02
1.433249999999734712e+02 1.894913338050680240e-01 2.848164758001176314e-02
1.434750000000130683e+02 1.873665114743174043e-01 2.838397168856373817e-02
1.436250000000000000e+02 1.852964549766637492e-01 2.798676625105425697e-02
1.437749999999867612e+02 1.835096351090262090e-01 2.807519029566950264e-02
1.439250000000266141e+02 1.817090709719408892e-01 2.820197535778593001e-02
1.440749999999733575e+02 1.798498702928445769e-01 2.786528643171400435e-02
1.442250000000134946e+02 1.781858576517847959e-01 2.762470315278138175e-02
1.443750000000000000e+02 1.761630852050639351e-01 2.758306621800574870e-02
1.445249999999863348e+02 1.745533229317015045e-01 2.730302090028128431e-02
1.446750000000266994e+02 1.724290285587437299e-01 2.717960011878193735e-02
1.448249999999732722e+02 1.706268261188241264e-01 2.685748872688569974e-02
1.449750000000139210e+02 1.688257516819628989e-01 2.699965565021422709e-02
1.451250000000000000e+02 1.671011624824521591e-01 2.655387674777264298e-02
1.452749999999859369e+02 1.656496821115016616e-01 2.617075835935605763e-02
1.454250000000268130e+02 1.635757820950616004e-01 2.644354246187104185e-02
1.455749999999731870e+02 1.619279941120967681e-01 2.639331993784519922e-02
1.457250000000142904e+02 1.600709554541850377e-01 2.601047671202457584e-02
1.458750000000000000e+02 1.583836250380067645e-01 2.584634734279677923e-02
1.460249999999855390e+02 1.564780854361247642e-01 2.576933517125459816e-02
1.461750000000269267e+02 1.549742034653281419e-01 2.554959375314471218e-02
1.463249999999730733e+02 1.528853429462316837e-01 2.567567469363938107e-02
1.464750000000146883e+02 1.518834200518447974e-01 2.523901628531380684e-02
1.466250000000000000e+02 1.493788912559467219e-01 2.479016507030427918e-02
1.467749999999851411e+02 1.485581776376710406e-01 2.487150049944772748e-02
1.469250000000270120e+02 1.460540293405207801e-01 2.465744591217931825e-02
1.470749999999729596e+02 1.444481823782043373e-01 2.464995252511273383e-02
1.472250000000150862e+02 1.428750658063569490e-01 2.477730221350844461e-02
1.473750000000000000e+02 1.412403242180402529e-01 2.420495587883575439e-02
1.475249999999847432e+02 1.399612599689864789e-01 2.400386824689288226e-02
1.476750000000270973e+02 1.377220215415221327e-01 2.391211887296222985e-02
1.478249999999728743e+02 1.355183668662570118e-01 2.382241949844286430e-02
1.479750000000154841e+02 1.346159904036911825e-01 2.356900872223091289e-02
1.481250000000000000e+02 1.326889731063866373e-01 2.370890901362261369e-02
1.482749999999843453e+02 1.315806031317976743e-01 2.347371152488185800e-02
1.484250000000272109e+02 1.295910979418202491e-01 2.296925315255473818e-02
1.485749999999727606e+02 1.274799638860048823e-01 2.315593359754448965e-02
1.487250000000158821e+02 1.260835191723733983e-01 2.308801958111220826e-02
1.488750000000000000e+02 1.240878339017366383e-01 2.270003648097124876e-02
1.490249999999839474e+02 1.228249901742101413e-01 2.269011302579736211e-02
1.491750000000273246e+02 1.212794327774698588e-01 2.245504081514251848e-02
1.493249999999726754e+02 1.193051105742674450e-01 2.222911770367379941e-02
1.494750000000162800e+02 1.177741769566208602e-01 2.213679732875639336e-02
1.496250000000000000e+02 1.166873988343339330e-01 2.210190470592255166e-02
1.497749999999835779e+02 1.145876372158303458e-01 2.191232898242416807e-02
1.499250000000274099e+02 1.130760803205220072e-01 2.151421326948679477e-02
1.500749999999725617e+02 1.114109055083900707e-01 2.143820657075808794e-02
1.502250000000166494e+02 1.104235233872337407e-01 2.138601669413525350e-02
1.503750000000000000e+02 1.089407069448146415e-01 2.102014159259645368e-02
1.505249999999831800e+02 1.072219956596750651e-01 2.097379233448612781e-02
1.506750000000274952e+02 1.053018835574210804e-01 2.075480274733304195e-02
1.508249999999724764e+02 1.031822217543176129e-01 2.059783678446851923e-02
1.509750000000170473e+02 1.021204918402921213e-01 2.045177051491505610e-02
1.511250000000000000e+02 1.006141797532486837e-01 2.044418412524837483e-02
1.512749999999828106e+02 9.885656895560984703e-02 2.029001588653425725e-02
1.514250000000275804e+02 9.769145062181026906e-02 2.012108328622344219e-02
1.515749999999723912e+02 9.580875809789203557e-02 1.986810594162582988e-02
1.517250000000174168e+02 9.445300810218201781e-02 1.958158881229429132e-02
1.518750000000000000e+02 9.299978239200706875e-02 1.953205731345393492e-02
1.520249999999824411e+02 9.137660228516222838e-02 1.927174693037407571e-02
1.521750000000276941e+02 8.964881803623009349e-02 1.908194739790185224e-02
1.523249999999722775e+02 8.854421558607092346e-02 1.885108062833183024e-02
1.524750000000177863e+02 8.698173795261215924e-02 1.893955930520189665e-02
1.526250000000000000e+02 8.511799305730653742e-02 1.845725208767426059e-02
1.527749999999820716e+02 8.386228448332974650e-02 1.828122289127740926e-02
1.529250000000277794e+02 8.180426834056088448e-02 1.819855179116272592e-02
1.530749999999721922e+02 8.096898810072254704e-02 1.796408758569027417e-02
1.532250000000181558e+02 7.929235740200507587e-02 1.795615975954747284e-02
1.533750000000000000e+02 7.761285901286939237e-02 1.783299115122976078e-02
1.535249999999817021e+02 7.604595510256412227e-02 1.743231311140782530e-02
1.536750000000278646e+02 7.471524626503976696e-02 1.746578994202822518e-02
1.538249999999721069e+02 7.345128475832050918e-02 1.718382129656101376e-02
1.539750000000185253e+02 7.175177230716117682e-02 1.693644563831381636e-02
1.541250000000000000e+02 7.038549161761765982e-02 1.696139084613335068e-02
1.542749999999813326e+02 6.896605120462676042e-02 1.666411679855416342e-02
1.544250000000279783e+02 6.749686217300560065e-02 1.661271794515866221e-02
1.545749999999720217e+02 6.615332664778690586e-02 1.649904270020728994e-02
1.547250000000188948e+02 6.509269845565615609e-02 1.601848962235511223e-02
1.548750000000000000e+02 6.354589706598501309e-02 1.583736768842242126e-02
1.550249999999809631e+02 6.174665606252429523e-02 1.560802127435810017e-02
1.551750000000280636e+02 6.039686149297236045e-02 1.541688544448025118e-02
1.553249999999719080e+02 5.914234247966391328e-02 1.520258700923204746e-02
1.554750000000192358e+02 5.748030869383148611e-02 1.506887329684665489e-02
1.556250000000000000e+02 5.626211838257708098e-02 1.497175525425505083e-02
1.557749999999806221e+02 5.505313357809114155e-02 1.479058580890529363e-02
1.559250000000281489e+02 5.348932041565289397e-02 1.465579764199223013e-02
1.560749999999718511e+02 5.158056181837795268e-02 1.437383427191102521e-02
1.562250000000196053e+02 5.055416774834319005e-02 1.406535970687271611e-02
1.563750000000000000e+02 4.941800100455703143e-02 1.409021509466653298e-02
1.565249999999802810e+02 4.792501397569705335e-02 1.390301435433116163e-02
1.566750000000282341e+02 4.617732867067377706e-02 1.347990013879131997e-02
1.568249999999717659e+02 4.496404060673103026e-02 1.358300696534434776e-02
1.569750000000199748e+02 4.384236327909301484e-02 1.320013867767928263e-02
1.571250000000000000e+02 4.250841138031891814e-02 1.292560905904503385e-02
1.572749999999799115e+02 4.109227845399032047e-02 1.292845743067465476e-02
1.574250000000283194e+02 3.947002709933920134e-02 1.266232657479450345e-02
1.575749999999716522e+02 3.847751704422087277e-02 1.213619401989095466e-02
1.577250000000202874e+02 3.702701601282352983e-02 1.196150841950935177e-02
1.578750000000000000e+02 3.575962409542586540e-02 1.181333782159769627e-02
1.580249999999795705e+02 3.432599142003139869e-02 1.171837857561492703e-02
1.581750000000284047e+02 3.311879979537013519e-02 1.132171722586379492e-02
1.583249999999715669e+02 3.167132966866325477e-02 1.110456613489191509e-02
1.584750000000206569e+02 3.048004143385992307e-02 1.091171387910057702e-02
1.586250000000000000e+02 2.901323677845803542e-02 1.071085989803651807e-02
1.587749999999792294e+02 2.801118748679724130e-02 1.049635919439492575e-02
1.589250000000284899e+02 2.664202876900319955e-02 1.013386270736771344e-02
1.590749999999715101e+02 2.520670014002671794e-02 9.927474640484953636e-03
1.592250000000209980e+02 2.388815983512621727e-02 9.520701464450396015e-03
1.593750000000000000e+02 2.264466791179340840e-02 9.272425400834507017e-03
1.595249999999788884e+02 2.118641392083884731e-02 8.979414468400562926e-03
1.596750000000285752e+02 2.011076402247095191e-02 8.671684002947037395e-03
1.598249999999713964e+02 1.878740525304421066e-02 8.455358804622215702e-03
1.599750000000213390e+02 1.756711148278428808e-02 8.299672750445342279e-03
1.601250000000000000e+02 1.640837683916214138e-02 7.980377646008099748e-03
1.602749999999785473e+02 1.499807830924282034e-02 7.638733178128993308e-03
1.604250000000286605e+02 1.378866862016402128e-02 7.219366214231784720e-03
1.605749999999713395e+02 1.251888878099619191e-02 6.896432787277141999e-03
1.607250000000216517e+02 1.119633814957753624e-02 6.522938334553874014e-03
1.608750000000000000e+02 9.921575651886914426e-03 6.125906323389702576e-03
1.610249999999782062e+02 8.645675045287480598e-03 5.701154280086093151e-03
1.611750000000287457e+02 7.541789861503427755e-03 5.417046260050736167e-03
1.613249999999712543e+02 6.214759603688281911e-03 4.882752532545772857e-03
1.614750000000219927e+02 4.969602563199023923e-03 4.385331724428260559e-03
1.616250000000000000e+02 3.823590948755479103e-03 3.848488281293572805e-03
1.617749999999778652e+02 2.561590831423985089e-03 3.164885863663845830e-03
1.619250000000288310e+02 1.322890120937122039e-03 2.253740979267788991e-03
1.620749999999711406e+02 2.074798114380770736e-04 9.015577586266708019e-04
