# Radius RDF_mean RDF_std
7.500000000000896228e-02 4.706880215196915240e-01 1.319518090030199708e+00
2.249999999999577616e-01 4.901760226525641584e-01 7.840552352453926677e-01
3.750000000000000000e-01 4.941485005508816641e-01 6.120531762258440978e-01
5.249999999999700462e-01 4.885794955246218207e-01 5.170644379338611429e-01
6.750000000001169509e-01 4.980247611994260137e-01 4.549797972634321841e-01
8.249999999998777200e-01 5.033678779025525518e-01 4.146983091268690580e-01
9.750000000001839418e-01 4.959734477132003994e-01 3.751844335466425484e-01
1.125000000000000000e+00 5.047521510967866165e-01 3.560640759475928174e-01
1.274999999999773648e+00 5.079261587060850403e-01 3.394683190622553859e-01
1.424999999999764455e+00 5.194644304870430496e-01 3.224402486788274236e-01
1.575000000000282396e+00 5.281096752613906320e-01 3.072296787074659807e-01
1.725000000000170397e+00 5.333103753706662786e-01 2.928624499149876659e-01
1.875000000000000000e+00 5.463324057994835004e-01 2.868010211166371337e-01
2.025000000000070521e+00 5.492642182961047226e-01 2.817033752575874850e-01
2.174999999999594813e+00 5.651109863943315492e-01 2.714148265366734813e-01
2.325000000000426059e+00 5.722001737856126091e-01 2.644028188994030359e-01
2.474999999999678124e+00 5.862277488603490072e-01 2.567026585624866408e-01
2.625000000000000000e+00 6.020320050781255983e-01 2.553198256806138988e-01
2.775000000000444444e+00 6.145987773758928574e-01 2.493073601021826846e-01
2.924999999999512212e+00 6.308358130960382004e-01 2.468005324491628349e-01
3.075000000000499334e+00 6.500800754232306522e-01 2.412105162896907018e-01
3.224999999999414779e+00 6.578492844817901419e-01 2.390965387378578833e-01
3.375000000000000000e+00 6.796071259970133394e-01 2.368660825536383907e-01
3.525000000000659384e+00 7.009478724949567141e-01 2.373169802876130552e-01
3.674999999999857714e+00 7.207841691717332688e-01 2.344378823490836095e-01
3.825000000000022382e+00 7.451848616049433494e-01 2.327465851143054321e-01
3.974999999999250466e+00 7.801267837875304201e-01 2.347524597813914204e-01
4.125000000000000000e+00 8.139672040771985806e-01 2.358909983392369902e-01
4.275000000000798828e+00 8.566231980589181783e-01 2.395467761282906172e-01
4.425000000000374634e+00 8.891852637444135343e-01 2.352808598523437600e-01
4.574999999999541878e+00 9.034082614740377437e-01 2.343598888577571315e-01
4.724999999999138112e+00 9.046196167265216914e-01 2.316238253994064855e-01
4.875000000000000000e+00 8.966180556160292525e-01 2.267979643802405521e-01
5.025000000000897415e+00 8.938168669539050537e-01 2.235310999101931817e-01
5.175000000000743228e+00 8.834934728800485360e-01 2.202222791183240380e-01
5.324999999999196376e+00 8.873989194253734114e-01 2.152468847001978158e-01
5.474999999999057287e+00 8.908548032957794849e-01 2.150707921259312205e-01
5.625000000000000000e+00 8.961552149761891073e-01 2.121419242361540780e-01
5.775000000000969358e+00 9.051208480375207976e-01 2.091013979770637576e-01
5.925000000001017675e+00 9.178311184752363516e-01 2.065278416380724735e-01
6.074999999998936140e+00 9.308380263790970721e-01 2.063244855920019494e-01
6.224999999998995115e+00 9.380718753469724502e-01 2.060385082789397693e-01
6.375000000000000000e+00 9.321701380091970135e-01 2.042211978374693093e-01
6.525000000001025313e+00 9.289557162846527882e-01 1.999491246015352719e-01
6.675000000001229949e+00 9.230808619608710242e-01 1.979133332548901059e-01
6.824999999998733635e+00 9.224043706626197103e-01 1.944664479289247849e-01
6.974999999999387690e+00 9.223693114381421587e-01 1.907563457042345811e-01
7.125000000000000000e+00 9.237373926154507364e-01 1.903276420465591368e-01
7.275000000000346745e+00 9.245742642437579928e-01 1.898541661773198996e-01
7.425000000001398703e+00 9.306393296439500196e-01 1.881159821430436474e-01
7.574999999998571099e+00 9.379791363580282093e-01 1.849567519236801627e-01
7.725000000000012079e+00 9.441052376000261814e-01 1.844115403464587077e-01
7.875000000000000000e+00 9.480244314312021858e-01 1.835661815802678287e-01
8.024999999999771205e+00 9.531210004900217969e-01 1.829521050274312000e-01
8.175000000001539036e+00 9.570893033075480449e-01 1.833635020112359959e-01
8.324999999998437872e+00 9.610485892611834169e-01 1.818308101189527182e-01
8.475000000000525446e+00 9.636163058584353847e-01 1.766692795363957735e-01
8.625000000000000000e+00 9.765186691791637452e-01 1.785459589978857231e-01
8.774999999999291589e+00 9.768741693427858142e-01 1.763002651684191235e-01
8.925000000001652722e+00 9.860196394204853165e-01 1.736294364496779041e-01
9.074999999998325961e+00 9.870734881343593559e-01 1.751902666926700436e-01
9.225000000000957101e+00 9.903259172998082338e-01 1.741176274324121587e-01
9.375000000000000000e+00 9.926843017232089839e-01 1.706338093824148194e-01
9.524999999998890132e+00 9.934917171925122803e-01 1.711213951350243900e-01
9.675000000001750422e+00 9.958119847396870172e-01 1.703203406249128860e-01
9.824999999998231814e+00 9.971250080943414584e-01 1.688167507742437679e-01
9.975000000001321254e+00 9.941282302584235619e-01 1.673625075583558275e-01
1.012500000000000000e+01 9.927308165560252418e-01 1.646913916607751771e-01
1.027499999999854730e+01 9.927014836756485883e-01 1.639231304146026025e-01
1.042500000000183391e+01 9.907085832253283986e-01 1.637207685513766553e-01
1.057499999999815010e+01 9.940348637259230902e-01 1.621314432915715587e-01
1.072500000000163745e+01 9.902043115206523582e-01 1.606435192928560851e-01
1.087500000000000000e+01 9.958322985196245147e-01 1.592192874711072792e-01
1.102499999999824887e+01 9.897406354294837616e-01 1.575899408330985740e-01
1.117500000000190674e+01 9.948376084866377145e-01 1.571349708223646890e-01
1.132499999999808082e+01 9.936440588014209263e-01 1.576068467430674636e-01
1.147500000000190923e+01 9.932422697218924457e-01 1.531347021356538884e-01
1.162500000000000000e+01 9.948248353744542083e-01 1.555352401951641261e-01
1.177499999999798952e+01 9.950277355223086095e-01 1.535272757047552450e-01
1.192500000000196891e+01 9.993856217931207375e-01 1.531996175946321315e-01
1.207499999999801865e+01 9.943446026217646061e-01 1.532216975769258860e-01
1.222500000000215081e+01 9.960158333077915316e-01 1.514816681437363421e-01
1.237500000000000000e+01 9.989302346611516059e-01 1.504384749665578225e-01
1.252499999999776215e+01 9.959442806969844852e-01 1.482716706364507198e-01
1.267500000000202398e+01 1.001052425538831114e+00 1.472974623114403081e-01
1.282499999999796536e+01 1.003215212427709835e+00 1.484416177981143781e-01
1.297500000000236220e+01 1.003573495220107636e+00 1.480318824311248893e-01
1.312500000000000000e+01 1.002842846594708570e+00 1.441992327296888199e-01
1.327499999999756142e+01 1.004171436805471496e+00 1.457358361376238087e-01
1.342500000000173088e+01 1.004877656434373323e+00 1.441672960743776710e-01
1.357499999999841833e+01 1.009038723535170101e+00 1.452362736626451878e-01
1.372500000000255049e+01 1.006402485151769222e+00 1.441485463471258444e-01
1.387500000000000000e+01 1.008203932091527033e+00 1.442738007724912175e-01
1.402499999999738023e+01 1.005634832209655993e+00 1.399259498456200956e-01
1.417500000000102034e+01 1.006081393654769007e+00 1.399157957291870535e-01
1.432499999999911111e+01 1.009512698968785260e+00 1.396997717021055130e-01
1.447500000000271925e+01 1.009662239721489607e+00 1.402285926761165369e-01
1.462500000000000000e+01 1.008038816170630181e+00 1.367210686202500469e-01
1.477499999999721680e+01 1.009613624340862215e+00 1.400441202091461945e-01
1.492500000000038618e+01 1.009387429642846445e+00 1.382349506575763776e-01
1.507499999999973639e+01 1.002537024979009317e+00 1.353862800352752249e-01
1.522500000000287201e+01 1.005021547009074645e+00 1.361818380328678191e-01
1.537500000000000000e+01 1.004581745499116607e+00 1.345288188940258478e-01
1.552499999999706937e+01 1.004748705746446369e+00 1.342601690791824787e-01
1.567499999999980886e+01 1.006110489582112688e+00 1.327895405246433125e-01
1.582500000000029772e+01 1.004902271035150285e+00 1.349828672268713892e-01
1.597500000000300879e+01 1.004212815317728325e+00 1.322836151418019801e-01
1.612500000000000000e+01 9.994980114465591425e-01 1.313524368371589701e-01
1.627499999999693969e+01 1.000953374946435881e+00 1.311628612160115059e-01
1.642499999999928662e+01 1.000918565246864178e+00 1.292782033950325982e-01
1.657500000000081286e+01 1.006168911304460512e+00 1.309908395024443895e-01
1.672500000000313847e+01 1.001250250855313828e+00 1.285772801808878485e-01
1.687500000000000000e+01 1.002363892016101987e+00 1.292039644583146962e-01
1.702499999999681535e+01 1.002228233259999213e+00 1.285829140071793331e-01
1.717499999999880700e+01 1.003182623733117174e+00 1.273665967555994705e-01
1.732500000000128182e+01 1.000810364944578534e+00 1.275419323500266711e-01
1.747500000000325215e+01 1.002006558820627502e+00 1.281469467551046293e-01
1.762500000000000000e+01 1.005043554484204460e+00 1.267652851327944474e-01
1.777499999999670521e+01 1.002863983072993959e+00 1.238502787865730231e-01
1.792499999999837357e+01 1.001663562070812752e+00 1.248010160718227013e-01
1.807500000000171170e+01 1.001357892729531907e+00 1.246459081790077528e-01
1.822500000000335874e+01 1.002132849540148696e+00 1.240217994503285959e-01
1.837500000000000000e+01 1.003179783770746125e+00 1.243276973472182828e-01
1.852499999999660218e+01 1.003934175614497715e+00 1.226090161000353007e-01
1.867499999999797211e+01 1.002077584088202800e+00 1.223914384009001516e-01
1.882500000000210960e+01 1.002838395973294716e+00 1.221093270725898128e-01
1.897500000000345466e+01 1.004499821810920457e+00 1.215818970074105387e-01
1.912500000000000000e+01 1.002754283622075970e+00 1.203558814710708608e-01
1.927499999999650626e+01 1.000137650634469910e+00 1.210404224021637276e-01
1.942499999999759908e+01 1.000754649125381368e+00 1.199739225065465376e-01
1.957500000000247198e+01 9.999521160723957580e-01 1.192835263240113602e-01
1.972500000000354348e+01 1.001588594631033224e+00 1.196009508666036891e-01
1.987500000000000000e+01 1.001934017236582486e+00 1.193461414168005830e-01
2.002499999999642100e+01 1.000334032355074898e+00 1.188019754364447594e-01
2.017499999999725446e+01 1.001981266631924106e+00 1.173051376545099778e-01
2.032500000000281304e+01 1.001852797529204864e+00 1.161985782845191134e-01
2.047500000000362874e+01 1.002236393187736940e+00 1.176580111250382366e-01
2.062500000000000000e+01 1.001261755118472596e+00 1.159680869067295644e-01
2.077499999999633928e+01 1.001485828341092121e+00 1.150686478725538170e-01
2.092499999999693472e+01 9.993242678686127256e-01 1.166200536202513516e-01
2.107500000000312212e+01 9.992818014797753001e-01 1.144994336434541349e-01
2.122500000000370690e+01 9.965732303663625835e-01 1.155236273898895827e-01
2.137500000000000000e+01 1.000507716751082965e+00 1.138590540049583127e-01
2.152499999999626468e+01 9.995740069457524912e-01 1.131602207906320240e-01
2.167499999999663984e+01 1.000624492644693220e+00 1.129110591159583482e-01
2.182500000000341700e+01 9.996593008411812642e-01 1.123099822409959758e-01
2.197500000000377796e+01 1.000537902771971410e+00 1.135180908904168118e-01
2.212500000000000000e+01 9.988579750942604418e-01 1.122218705298720920e-01
2.227499999999619718e+01 9.967306266469487808e-01 1.116670413887916047e-01
2.242499999999636273e+01 9.994799327452271731e-01 1.109897297418749179e-01
2.257500000000369056e+01 1.000266123032686805e+00 1.115813948661210780e-01
2.272500000000384546e+01 9.990355544710888269e-01 1.112707444276234137e-01
2.287500000000000000e+01 9.998143555343628197e-01 1.093482715880775974e-01
2.302499999999612967e+01 9.998997106396861900e-01 1.118349573006145320e-01
2.317499999999610338e+01 9.985282966503862268e-01 1.084328955019326496e-01
2.332500000000394635e+01 9.987572345816366770e-01 1.092660804635195715e-01
2.347500000000390941e+01 1.000675238241192533e+00 1.097792780962723869e-01
2.362500000000000000e+01 9.996401316351253286e-01 1.097537792225601050e-01
2.377499999999606928e+01 9.996991550071097077e-01 1.100731187114273590e-01
2.392499999999586180e+01 9.988455262056133988e-01 1.067500990107094205e-01
2.407500000000418439e+01 9.992208949949595853e-01 1.072893132542426936e-01
2.422500000000396625e+01 9.981595902235239626e-01 1.064343952581732061e-01
2.437500000000000000e+01 9.970653644086523437e-01 1.061236719679805041e-01
2.452499999999600888e+01 1.000581444555957988e+00 1.066503975023321282e-01
2.467499999999563087e+01 9.981847260933209842e-01 1.056327990530489258e-01
2.482500000000441176e+01 9.979983587267943212e-01 1.072068790669653965e-01
2.497500000000402309e+01 9.972675858212339817e-01 1.036066943556430003e-01
2.512500000000000000e+01 9.971112412411338166e-01 1.055114148762507781e-01
2.527499999999595559e+01 9.987551346759574455e-01 1.050764648003389284e-01
2.542499999999541771e+01 9.972957785133507169e-01 1.054172341697355852e-01
2.557500000000462137e+01 9.988867488513157866e-01 1.049833579093991248e-01
2.572500000000407638e+01 9.983874400145754668e-01 1.037554934211040863e-01
2.587500000000000000e+01 9.981882236864181301e-01 1.040952021100265135e-01
2.602499999999590585e+01 9.980233782588330271e-01 1.029119978653591783e-01
2.617499999999521521e+01 9.983721059370226358e-01 1.027857601480676036e-01
2.632500000000482032e+01 9.993542670047000920e-01 1.027052622922446229e-01
2.647500000000383480e+01 9.971717523448655474e-01 1.022007170800139919e-01
2.662500000000000000e+01 9.993528995615438282e-01 1.019973175511665608e-01
2.677499999999647073e+01 9.970619612042421753e-01 1.027638399746219483e-01
2.692499999999502691e+01 9.971609163196023529e-01 1.018044069530043838e-01
2.707500000000501217e+01 9.968818983945065826e-01 9.989416158678759983e-02
2.722500000000308873e+01 9.976400981076826158e-01 1.005390974338548071e-01
2.737500000000000000e+01 9.975964798518424104e-01 1.006807062618796378e-01
2.752499999999719549e+01 9.984515154697537476e-01 1.008256741840338894e-01
2.767499999999484928e+01 9.988922973469982480e-01 1.011691492800342318e-01
2.782500000000518625e+01 9.972404736912167111e-01 9.924813233744904373e-02
2.797500000000238529e+01 9.980289455533383203e-01 9.992450007386599609e-02
2.812500000000000000e+01 9.980567732145871895e-01 1.008750711741635692e-01
2.827499999999788827e+01 9.971605869288032720e-01 9.871367763983761312e-02
2.842499999999467164e+01 9.968195412570471925e-01 1.001130118350440357e-01
2.857500000000536033e+01 9.985211247120366895e-01 9.960752751983002751e-02
2.872500000000171028e+01 1.000642530558349952e+00 9.858583713837064388e-02
2.887500000000000000e+01 9.981939999569746647e-01 9.848985875394823675e-02
2.902499999999854552e+01 9.969167046232717544e-01 9.862144523867376333e-02
2.917499999999451177e+01 9.969131675200862963e-01 9.782828803457555011e-02
2.932500000000552021e+01 9.966422186873202804e-01 9.790414508450878683e-02
2.947500000000107434e+01 9.974358244548378050e-01 9.658646618116097093e-02
2.962500000000000000e+01 9.996449044201660694e-01 9.610913396027125077e-02
2.977499999999917080e+01 9.986560745324049027e-01 9.583675998882856817e-02
2.992499999999435900e+01 9.977250025891273300e-01 9.646361108930455452e-02
3.007500000000566942e+01 9.969197396249045440e-01 9.650018974715703080e-02
3.022500000000047393e+01 9.999612625021099266e-01 9.623951395841709444e-02
3.037500000000000000e+01 9.962499994302680406e-01 9.631665120068581831e-02
3.052499999999976410e+01 9.962884345967306654e-01 9.542044429453090670e-02
3.067499999999420623e+01 9.971373359420917515e-01 9.518350548118362231e-02
3.082500000000581508e+01 9.987589594266877979e-01 9.523827402431488121e-02
3.097499999999989839e+01 9.977050363735683325e-01 9.421858452241331505e-02
3.112500000000000000e+01 9.998360178704742696e-01 9.470409564715612238e-02
3.127500000000032898e+01 9.981575361801249269e-01 9.601683454157182440e-02
3.142499999999406768e+01 9.964263447431964682e-01 9.385223338509962598e-02
3.157500000000595364e+01 9.966780299194208936e-01 9.370326746706364451e-02
3.172499999999935127e+01 9.988044337434244246e-01 9.374626278650013966e-02
3.187500000000000000e+01 9.976747322969814480e-01 9.257610750922838638e-02
3.202500000000086544e+01 9.980470894619916100e-01 9.228508220651969463e-02
3.217499999999394333e+01 9.982864415398734481e-01 9.326271823215673273e-02
3.232500000000609219e+01 9.994061948896910685e-01 9.208171397377359901e-02
3.247499999999882903e+01 1.000205006058956680e+00 9.306184275148833562e-02
3.262500000000000000e+01 9.979660969601990006e-01 9.313383191178190024e-02
3.277500000000137703e+01 9.989403430011059015e-01 9.246367581671600944e-02
3.292499999999381544e+01 9.986706619399825513e-01 9.280502136882340380e-02
3.307500000000621299e+01 9.999599890240147282e-01 9.206089819562243703e-02
3.322499999999832454e+01 9.988089629506987643e-01 9.173787023599762336e-02
3.337500000000000000e+01 9.993876524819450546e-01 9.110945538145569234e-02
3.352500000000186731e+01 9.970356924039349700e-01 9.002987481207720688e-02
3.367499999999368754e+01 9.975603500393500633e-01 9.087897341160748599e-02
3.382500000000633378e+01 9.991982522189600813e-01 9.098524698617427298e-02
3.397499999999784848e+01 9.974378994695808354e-01 9.048207021772054770e-02
3.412500000000000000e+01 9.979484426157717580e-01 9.018815329304549766e-02
3.427500000000233626e+01 9.990407422757195954e-01 9.047788441149358374e-02
3.442499999999357385e+01 1.000013696848075950e+00 9.007709097548528832e-02
3.457500000000644746e+01 9.982117041775578903e-01 9.040275424205390653e-02
3.472499999999739373e+01 9.981854865889583373e-01 8.957290891369330821e-02
3.487500000000000000e+01 9.991717715275546530e-01 8.978021753528667159e-02
3.502500000000278391e+01 9.991118672353700436e-01 8.964645393964243425e-02
3.517499999999346016e+01 9.988799440244617855e-01 8.967860101856034438e-02
3.532500000000656115e+01 9.992686052846451172e-01 8.860870039580036328e-02
3.547499999999695319e+01 9.998317921174673106e-01 8.852307257139309382e-02
3.562500000000000000e+01 1.000841111098729641e+00 8.778235951786506064e-02
3.577500000000321734e+01 9.988339817346006955e-01 8.779566834973701051e-02
3.592499999999336069e+01 9.995369228281885121e-01 8.860631061380438989e-02
3.607500000000666773e+01 9.988332546593506889e-01 8.707889967798422559e-02
3.622499999999653397e+01 9.976882330200784743e-01 8.802210304717482392e-02
3.637500000000000000e+01 9.993072248764673926e-01 8.785414447019730677e-02
3.652500000000362235e+01 9.985259991782634570e-01 8.774809450125327370e-02
3.667499999999325411e+01 9.998618750446565118e-01 8.936081362256637073e-02
3.682500000000676721e+01 9.988595674713361960e-01 8.773716627634481346e-02
3.697499999999613607e+01 9.980879208576718398e-01 8.614864535892878539e-02
3.712500000000000000e+01 9.984479793852190088e-01 8.633076181208929056e-02
3.727500000000402736e+01 9.988926146916365933e-01 8.729315700314084492e-02
3.742499999999315463e+01 9.993274896621598957e-01 8.661473856390768111e-02
3.757500000000686668e+01 9.974635345191232849e-01 8.759175930002993660e-02
3.772499999999575238e+01 1.001565383702919254e+00 8.684072461398939513e-02
3.787500000000000000e+01 1.000384449196702219e+00 8.556656483849939265e-02
3.802500000000440394e+01 9.991547404031799751e-01 8.630868132778427015e-02
3.817499999999306226e+01 9.983084123754522032e-01 8.538530696189824964e-02
3.832500000000695906e+01 9.980407563392621473e-01 8.470707823933953939e-02
3.847499999999537579e+01 9.985585679333242037e-01 8.616714380124024242e-02
3.862500000000000000e+01 9.972727545300146268e-01 8.551313038821896362e-02
3.877500000000476632e+01 9.998990316372307063e-01 8.594997644146935845e-02
3.892499999999297700e+01 9.973074763204800020e-01 8.595152426125617084e-02
3.907500000000705143e+01 9.991444435829106574e-01 8.513870687598237841e-02
3.922499999999502052e+01 9.988380832924477204e-01 8.451337479299900202e-02
3.937500000000000000e+01 9.995976446661095638e-01 8.471261685030744004e-02
3.952500000000512159e+01 9.998929832650416127e-01 8.434401077838848959e-02
3.967499999999288463e+01 9.994239374814094523e-01 8.414324876834709810e-02
3.982500000000712959e+01 9.986138797768193687e-01 8.426928186872431614e-02
3.997499999999467946e+01 9.990784551658795642e-01 8.347946963956914823e-02
4.012500000000000000e+01 9.985474957697284548e-01 8.501776096686669559e-02
4.027500000000545555e+01 9.990859220060962498e-01 8.304267315577534836e-02
4.042499999999279936e+01 9.998882708925735940e-01 8.258179571774919292e-02
4.057500000000721485e+01 9.985724595836887874e-01 8.398268774553629967e-02
4.072499999999434550e+01 9.991401334978518012e-01 8.209219351090199512e-02
4.087500000000000000e+01 9.993873880691034328e-01 8.268069711577154257e-02
4.102500000000578240e+01 9.974784082533596496e-01 8.216404082659671537e-02
4.117499999999272120e+01 9.999317425139335747e-01 8.247398165330215025e-02
4.132500000000730012e+01 9.971815979272602437e-01 8.227798884320298989e-02
4.147499999999402576e+01 1.000103965262163053e+00 8.158486892411548341e-02
4.162500000000000000e+01 9.990533067335752859e-01 8.227502103883334306e-02
4.177500000000609504e+01 9.977513336322140214e-01 8.187225405532348732e-02
4.192499999999264304e+01 1.001153986366481341e+00 8.101858674034370655e-02
4.207500000000737828e+01 9.988203764493260861e-01 8.239851827925112615e-02
4.222499999999372022e+01 9.984938987730676008e-01 8.147369279150869226e-02
4.237500000000000000e+01 9.990095488176004013e-01 8.123781465615904918e-02
4.252500000000640057e+01 9.997017054482848497e-01 8.076973005576269793e-02
4.267499999999256488e+01 1.000329695616921200e+00 8.056209403078139208e-02
4.282500000000744933e+01 9.978021053755110614e-01 8.139465447188649894e-02
4.297499999999342180e+01 9.989882585826177497e-01 8.046611336910575174e-02
4.312500000000000000e+01 9.990063348805047205e-01 7.933798235499342488e-02
4.327500000000669900e+01 1.000316304743971596e+00 8.160716877654992929e-02
4.342499999999249383e+01 9.993081568601974718e-01 8.040572031294952737e-02
4.357500000000752038e+01 1.000699917594040311e+00 8.061454265524546636e-02
4.372499999999313758e+01 9.986577513713823517e-01 7.998983575324029871e-02
4.387500000000000000e+01 1.000863465801954177e+00 7.989129128847585748e-02
4.402500000000697611e+01 9.990021566400251185e-01 7.918421584576179617e-02
4.417499999999242277e+01 9.986625809776169538e-01 7.982496413959871973e-02
4.432500000000759144e+01 9.987791489455889460e-01 7.947397119898755302e-02
4.447499999999286047e+01 9.996229066415049935e-01 7.943475422850866663e-02
4.462500000000000000e+01 9.993406408393535889e-01 7.830728520150136152e-02
4.477500000000724611e+01 9.986335540678691336e-01 7.960555273571129353e-02
4.492499999999235882e+01 9.987184090158280902e-01 7.799871053042171931e-02
4.507500000000766249e+01 9.996352157077047496e-01 7.818940173735183796e-02
4.522499999999259757e+01 1.000043175280710850e+00 7.777997584617879490e-02
4.537500000000000000e+01 9.986984538544119161e-01 7.871130323478563173e-02
4.552500000000750902e+01 9.985666429575424941e-01 7.885458639930201241e-02
4.567499999999228777e+01 9.992556096623332884e-01 7.704055751381765071e-02
4.582500000000772644e+01 9.999183103809342610e-01 7.817705697022299394e-02
4.597499999999233466e+01 9.994887529288367656e-01 7.778122842306936513e-02
4.612500000000000000e+01 9.989246627645954613e-01 7.736708956417855110e-02
4.627500000000776481e+01 9.975796184798637611e-01 7.765547020559920854e-02
4.642499999999223093e+01 9.981652513958675366e-01 7.720723971728954416e-02
4.657500000000779039e+01 9.983274543535952672e-01 7.734499065895963921e-02
4.672499999999207887e+01 9.999784348549851654e-01 7.722054873845658751e-02
4.687500000000000000e+01 9.987368741839661723e-01 7.703220084070865059e-02
4.702500000000801350e+01 9.987557105128729296e-01 7.761493891192093597e-02
4.717499999999216698e+01 1.002321541435490904e+00 7.824829575634380252e-02
4.732500000000784723e+01 9.981343111394748169e-01 7.664763670489611880e-02
4.747499999999183729e+01 9.998080080198883390e-01 7.696123711321667393e-02
4.762500000000000000e+01 1.000328878953861134e+00 7.722988795499174941e-02
4.777500000000825509e+01 1.000789435490233581e+00 7.690334236654379485e-02
4.792499999999211013e+01 9.996083008150493665e-01 7.640474009072879824e-02
4.807500000000790408e+01 9.994714250694763935e-01 7.672047388878629193e-02
4.822499999999160281e+01 1.000634824832116410e+00 7.597471969811696313e-02
4.837500000000000000e+01 1.000856951136989803e+00 7.643403860787698068e-02
4.852500000000848956e+01 1.000940609124338465e+00 7.605535759775174098e-02
4.867499999999204618e+01 1.000429084990307471e+00 7.578871791269836677e-02
4.882500000000796092e+01 1.001865656299914198e+00 7.619605573699672618e-02
4.897499999999137543e+01 1.001157914314963815e+00 7.492406609304409770e-02
4.912500000000000000e+01 1.001099714645587557e+00 7.551282897612515699e-02
4.927500000000870983e+01 9.992738099022785425e-01 7.556602705032787470e-02
4.942499999999198934e+01 1.002776527584626542e+00 7.613736755517969135e-02
4.957500000000802487e+01 1.001224488515741751e+00 7.525956262701505306e-02
4.972499999999115516e+01 1.001670825732793091e+00 7.546455312220962108e-02
4.987500000000000000e+01 1.000722838775734314e+00 7.516227323341129196e-02
5.002500000000893010e+01 9.999459822179894708e-01 7.534454544208167570e-02
5.017499999999193960e+01 1.000618674423969789e+00 7.429633051496419005e-02
5.032500000000807461e+01 9.995755648511687186e-01 7.494933034135395356e-02
5.047499999999094200e+01 9.991672115898396767e-01 7.491239151457160239e-02
5.062500000000000000e+01 1.000645174195883502e+00 7.539338467080608508e-02
5.077500000000914326e+01 1.000768479792619958e+00 7.327174601803421172e-02
5.092499999999188276e+01 1.001260340777960778e+00 7.362487622893190697e-02
5.107500000000812435e+01 1.002072293902185551e+00 7.410716011481123522e-02
5.122499999999072884e+01 1.000920230478504980e+00 7.370641637332407681e-02
5.137500000000000000e+01 1.001829948898663059e+00 7.332626805491791744e-02
5.152500000000934932e+01 1.001601973096544418e+00 7.370158896043595143e-02
5.167499999999183302e+01 1.002884162491376907e+00 7.377068764263894352e-02
5.182500000000818119e+01 1.000784219450402190e+00 7.300637175377604204e-02
5.197499999999052989e+01 1.000181492784274484e+00 7.367124744294091532e-02
5.212500000000000000e+01 1.002181965139673281e+00 7.263948956135179991e-02
5.227500000000954827e+01 1.000116720759949507e+00 7.311118688154920331e-02
5.242499999999178328e+01 1.002172504178066914e+00 7.322628196914525434e-02
5.257500000000806040e+01 1.001449527739733947e+00 7.268893995192080015e-02
5.272499999999033804e+01 1.001433977776070350e+00 7.284052994191303476e-02
5.287500000000000000e+01 1.000060260041287563e+00 7.309851439327852418e-02
5.302500000000974723e+01 1.000521358754925316e+00 7.239815884210266950e-02
5.317499999999255778e+01 1.000923153960714185e+00 7.247147438430211197e-02
5.332500000000729301e+01 9.998500118665383241e-01 7.314591612410080435e-02
5.347499999999015330e+01 1.000008016599356564e+00 7.271989885078078419e-02
5.362500000000000000e+01 9.997429502302223048e-01 7.274020496605768105e-02
5.377500000000993197e+01 1.000086751399706930e+00 7.203916257628731334e-02
5.392499999999331095e+01 1.000169944425550517e+00 7.221049955962483002e-02
5.407500000000654694e+01 1.000534508041452275e+00 7.129154377150380417e-02
5.422499999998996145e+01 1.001164120668482704e+00 7.186361885625426604e-02
5.437500000000000000e+01 1.000327539196525617e+00 7.097417158197319442e-02
5.452500000001011671e+01 9.997359738318666311e-01 7.122079897071069421e-02
5.467499999999403570e+01 1.000631084371468749e+00 7.165014450182559391e-02
5.482500000000581508e+01 1.000138992433667884e+00 7.113278427839245244e-02
5.497499999998977671e+01 1.000252159078546699e+00 7.159794518558765253e-02
5.512500000000000000e+01 9.998207210711282933e-01 7.126296338795218288e-02
5.527500000001029434e+01 1.000054557371391706e+00 7.167342063710036015e-02
5.542499999999475335e+01 1.000071406014370057e+00 7.145791680915598854e-02
5.557500000000510454e+01 9.999526833406252591e-01 7.145160037666153929e-02
5.572499999998960618e+01 1.000690735824245836e+00 7.049777474959884049e-02
5.587500000000000000e+01 1.001230187315844233e+00 7.087834622823799280e-02
5.602500000001046487e+01 1.001141137367269618e+00 7.125612462276138814e-02
5.617499999999544258e+01 9.999504493250667148e-01 7.127554603734201355e-02
5.632500000000441531e+01 1.001621183336723009e+00 7.119558714802189103e-02
5.647499999998942855e+01 1.001315462735493655e+00 7.085208092575007166e-02
5.662500000000000000e+01 1.000201493641721839e+00 6.985139311870054712e-02
5.677500000001062830e+01 1.000639031765830911e+00 7.033651173700308790e-02
5.692499999999611759e+01 1.000208089725010741e+00 7.001027747459788453e-02
5.707500000000374030e+01 1.000883322613388415e+00 7.024657459750835442e-02
5.722499999998926512e+01 1.001432158154459406e+00 6.927132194339519211e-02
5.737500000000000000e+01 1.001445004359020174e+00 6.998761153052635020e-02
5.752500000001079172e+01 1.001056603872738870e+00 7.013040465934895773e-02
5.767499999999677129e+01 1.002056947692711253e+00 7.020675008876864354e-02
5.782500000000310081e+01 1.001806444447985278e+00 6.920366205548654503e-02
5.797499999998910170e+01 1.000754907517785730e+00 6.869642945636336706e-02
5.812500000000000000e+01 1.000345033851075982e+00 6.988910553445655538e-02
5.827500000001095515e+01 1.000618908543657204e+00 6.930238080921211075e-02
5.842499999999741078e+01 1.001549068729684633e+00 6.991442049710819284e-02
5.857500000000246132e+01 1.000458052093709638e+00 6.962078847053040920e-02
5.872499999998893827e+01 1.002482198333129348e+00 6.946614927352749713e-02
5.887500000000000000e+01 1.002218948015651145e+00 6.937979033802402218e-02
5.902500000001111857e+01 1.002771071234278333e+00 6.898113720999794751e-02
5.917499999999803606e+01 1.001735909095580634e+00 6.914166871768684386e-02
5.932500000000184315e+01 1.001901880571032466e+00 6.830360080338700179e-02
5.947499999998878906e+01 1.001244820367441779e+00 6.871070302861304047e-02
5.962500000000000000e+01 1.002185062998850684e+00 6.825145181590372423e-02
5.977500000001126779e+01 1.001983339336804946e+00 6.882133421229494341e-02
5.992499999999864002e+01 1.003021647389442661e+00 6.894752166383774639e-02
6.007500000000123919e+01 1.002166539223946717e+00 6.895289108953510382e-02
6.022499999998863984e+01 1.001308016181781113e+00 6.832195463911647226e-02
6.037500000000000000e+01 1.002138880133411458e+00 6.735856838614905084e-02
6.052500000001142411e+01 1.001111504914218742e+00 6.824122869069039476e-02
6.067499999999923688e+01 1.001434170283240332e+00 6.784979900114888884e-02
6.082500000000064944e+01 1.003403822641295129e+00 6.747873429386186395e-02
6.097499999998849773e+01 1.000631715345994932e+00 6.700617381513525317e-02
6.112500000000000000e+01 1.000875700780354371e+00 6.761081880764233110e-02
6.127500000001155911e+01 1.000152257692940916e+00 6.777330490119994055e-02
6.142499999999980531e+01 1.001695621203551712e+00 6.751617288967905195e-02
6.157500000000007390e+01 1.001376957001312684e+00 6.772485646574460949e-02
6.172499999998834852e+01 1.000088467451335728e+00 6.693737932515450573e-02
6.187500000000000000e+01 1.002132974667375054e+00 6.695530442649817726e-02
6.202500000001170122e+01 1.000903165022289265e+00 6.618323988139374059e-02
6.217500000000037375e+01 1.001523520088734687e+00 6.718486029815046168e-02
6.232499999999951967e+01 1.000382823911661001e+00 6.637171823219589761e-02
6.247499999998820641e+01 1.000021377387275257e+00 6.699568936164358723e-02
6.262500000000000000e+01 1.000966396581251638e+00 6.729806741474878007e-02
6.277500000001184333e+01 1.000505439147512776e+00 6.679531809211693150e-02
6.292500000000092086e+01 1.001343058818281229e+00 6.654698216052605531e-02
6.307499999999897256e+01 1.001434819403680621e+00 6.739224722753521524e-02
6.322499999998807851e+01 1.001530959154552924e+00 6.657891079566913284e-02
6.337500000000000000e+01 1.001130412374547474e+00 6.640322721094063518e-02
6.352500000001197833e+01 9.998585953346730282e-01 6.653499589095956956e-02
6.367500000000146798e+01 9.990667483866140230e-01 6.666539483187572390e-02
6.382499999999843254e+01 1.000393375881280633e+00 6.604823961318075087e-02
6.397499999998793641e+01 1.002072807334553950e+00 6.631659475925068270e-02
6.412500000000000000e+01 1.000802681901731939e+00 6.623179587931835033e-02
6.427500000001211333e+01 9.993452347442220995e-01 6.549980233362731608e-02
6.442500000000200089e+01 1.000071357969202657e+00 6.586517063990381116e-02
6.457499999999791385e+01 1.000343070889690988e+00 6.579324110892030564e-02
6.472499999998781561e+01 9.997046496643079427e-01 6.574133132117740419e-02
6.487500000000000000e+01 1.000749559970007141e+00 6.621993932374774239e-02
6.502500000001224123e+01 9.998152300233729139e-01 6.534831584779716984e-02
6.517500000000251248e+01 9.996037794035436130e-01 6.567337081699484158e-02
6.532499999999740226e+01 9.989924904336698885e-01 6.585100452057451870e-02
6.547499999998768772e+01 1.000279637512111464e+00 6.611523676117871118e-02
6.562500000000000000e+01 1.000308548570808753e+00 6.565652870721175316e-02
6.577500000001236913e+01 1.000240351550622186e+00 6.542257342357306327e-02
6.592500000000300986e+01 9.995130433323003993e-01 6.522038895547804804e-02
6.607499999999690488e+01 1.000489649857556840e+00 6.572040384253829970e-02
6.622499999998755982e+01 9.994233939785968079e-01 6.521796997823044173e-02
6.637500000000000000e+01 1.000522810257087780e+00 6.537532230456424842e-02
6.652500000001249703e+01 1.000180353206355122e+00 6.490835888617042804e-02
6.667500000000349303e+01 1.001525930055454205e+00 6.580928408615174807e-02
6.682499999999640750e+01 1.000860913117441298e+00 6.443752421539872266e-02
6.697499999998743192e+01 9.998578941411526699e-01 6.406817345080551007e-02
6.712500000000000000e+01 1.001111368597069839e+00 6.526996584999129880e-02
6.727500000001261071e+01 9.996659095271466233e-01 6.533040913827332929e-02
6.742500000000397620e+01 9.999897511543437423e-01 6.417693153560388719e-02
6.757499999999593854e+01 1.000743287747338561e+00 6.412132213384769130e-02
6.772499999998731823e+01 1.000405366184885958e+00 6.351677713758097088e-02
6.787500000000000000e+01 1.000554856299057827e+00 6.406382039386257499e-02
6.802500000001272440e+01 1.000245823564327674e+00 6.493353989252066694e-02
6.817500000000444516e+01 9.990870881644993151e-01 6.392216822221560846e-02
6.832499999999546958e+01 9.996064030738152084e-01 6.361190466926659737e-02
6.847499999998720455e+01 1.000947489636660803e+00 6.424653916075465099e-02
6.862500000000000000e+01 9.997392467027316210e-01 6.350478490965995315e-02
6.877500000001283809e+01 1.000170929257813368e+00 6.384916550249547518e-02
6.892500000000489990e+01 1.000224646343601975e+00 6.355000034693987498e-02
6.907499999999501483e+01 9.999788012672363724e-01 6.345037206388375040e-02
6.922499999998709086e+01 1.000735272758808359e+00 6.291872869541541291e-02
6.937500000000000000e+01 1.001011397835564809e+00 6.332320814287548116e-02
6.952500000001295177e+01 1.001088674442588866e+00 6.393917762311557285e-02
6.967500000000535465e+01 1.001064037911511884e+00 6.384731333348386828e-02
6.982499999999456008e+01 1.000740232421942988e+00 6.317562438975735106e-02
6.997499999998697717e+01 1.000184185131173686e+00 6.377300350745773727e-02
7.012500000000000000e+01 1.000137082195604377e+00 6.382681520929758823e-02
7.027500000001306546e+01 1.000380520103762549e+00 6.319685276106494498e-02
7.042500000000579519e+01 1.001624181485448961e+00 6.263627334117091716e-02
7.057499999999413376e+01 1.000673922234138979e+00 6.237258960187269663e-02
7.072499999998686349e+01 1.001646157679511706e+00 6.294475117519708618e-02
7.087500000000000000e+01 1.001331517122156400e+00 6.243896056153168395e-02
7.102500000001316494e+01 1.002114743679299425e+00 6.222130476771309260e-02
7.117500000000620730e+01 1.002111378654807261e+00 6.326346201098176358e-02
7.132499999999369322e+01 1.002281109215357402e+00 6.257257338160228388e-02
7.147499999998676401e+01 1.001144754929385927e+00 6.284569386769810195e-02
7.162500000000000000e+01 1.001166399330880141e+00 6.270925478747950421e-02
7.177500000001327862e+01 1.002862930319876833e+00 6.289059334009593216e-02
7.192500000000663363e+01 1.002046561797424573e+00 6.263074238059640475e-02
7.207499999999328111e+01 1.001013222413677406e+00 6.138721481207756736e-02
7.222499999998666453e+01 1.000896075064505952e+00 6.217558931257409494e-02
7.237500000000000000e+01 1.002024894921614173e+00 6.297744016551198865e-02
7.252500000001337810e+01 1.001889095666552265e+00 6.318625501563061853e-02
7.267500000000704574e+01 1.002418376418589885e+00 6.240688150473604895e-02
7.282499999999286899e+01 1.000714295983373248e+00 6.127155501102343055e-02
7.297499999998655085e+01 1.002422452574097678e+00 6.219220208346205869e-02
7.312500000000000000e+01 1.001322044504481479e+00 6.175999713411643721e-02
7.327500000001347757e+01 1.001408130411451713e+00 6.192927771240971241e-02
7.342500000000745786e+01 1.001008823687264515e+00 6.197499329542363600e-02
7.357499999999247109e+01 1.001121544123964036e+00 6.176484551450296678e-02
7.372499999998646558e+01 1.002902480884573455e+00 6.138689382172461684e-02
7.387500000000000000e+01 1.000879631062525643e+00 6.189785340387687906e-02
7.402500000001359126e+01 1.001383983889298168e+00 6.219635914997539289e-02
7.417500000000785576e+01 1.000569374669228795e+00 6.111797549041820404e-02
7.432499999999207319e+01 1.000872117632637393e+00 6.186855409092993641e-02
7.447499999998635190e+01 1.001204161987575558e+00 6.118496245927565469e-02
7.462500000000000000e+01 1.000941322650624521e+00 6.102120461985833383e-02
7.477500000001367653e+01 1.000474546554068977e+00 6.065025505666094691e-02
7.492500000000823945e+01 1.000990124937819470e+00 6.106529602011873809e-02
7.507499999999168949e+01 1.001292466772635281e+00 6.129836066916048015e-02
7.522499999998626663e+01 1.001031826484804155e+00 6.193943755179910637e-02
7.537500000000000000e+01 1.000383431441844939e+00 6.090161890598420891e-02
7.552500000001377600e+01 1.001546640912113650e+00 6.139531320211864124e-02
7.567500000000862315e+01 9.995303898381346919e-01 6.124367544179793593e-02
7.582499999999130580e+01 1.000638687476195221e+00 6.065743433591755385e-02
7.597499999998616715e+01 1.001539271927646801e+00 6.054093507802794233e-02
7.612500000000000000e+01 1.000268867875553358e+00 6.048994878655155477e-02
7.627500000001386127e+01 1.000416428894987497e+00 6.130723625234214130e-02
7.642500000000899263e+01 9.996692118573449193e-01 6.140824399573497488e-02
7.657499999999093632e+01 9.999349632949489086e-01 6.057007173960760049e-02
7.672499999998608189e+01 1.002011142885059991e+00 6.022222446193606360e-02
7.687500000000000000e+01 1.000544235515760993e+00 6.058576600172588256e-02
7.702500000001396074e+01 9.997949132529457827e-01 6.078648967632103300e-02
7.717500000000934790e+01 1.000565883445273974e+00 5.988402545493627660e-02
7.732499999999058105e+01 1.001111984148965517e+00 6.037200807903159161e-02
7.747499999998598241e+01 1.001307245037956761e+00 6.080328098322148461e-02
7.762500000000000000e+01 1.000704535876563606e+00 6.096203077491658268e-02
7.777500000001404601e+01 9.996439604651902178e-01 5.993019169645494998e-02
7.792500000000971738e+01 1.000646439967433521e+00 6.055618329538561828e-02
7.807499999999021156e+01 1.000264322750930690e+00 5.961841508920971006e-02
7.822499999998589715e+01 1.000242027505191533e+00 5.893706897444785098e-02
7.837500000000000000e+01 9.997530028282497483e-01 5.976744791862914630e-02
7.852500000001413127e+01 1.000961742582467062e+00 6.049181375504983360e-02
7.867500000001005844e+01 9.993393682556561686e-01 5.866282478076735585e-02
7.882499999998987050e+01 1.000520309036399880e+00 5.854745177614208845e-02
7.897499999998581188e+01 1.000011909854131131e+00 5.989313706929430547e-02
7.912500000000000000e+01 9.998514189909156746e-01 5.916790594928503233e-02
7.927500000001423075e+01 9.998992880760444457e-01 5.874199777795185984e-02
7.942500000001041371e+01 1.000295709804463806e+00 5.929323597753182601e-02
7.957499999998951523e+01 1.000493864608829275e+00 5.912921079449208472e-02
7.972499999998572662e+01 9.995747312487706093e-01 5.910231922698280793e-02
7.987500000000000000e+01 1.000091165804891213e+00 5.918924030322125079e-02
8.002500000001430180e+01 1.000327962021808847e+00 5.875844811602252277e-02
8.017500000001075477e+01 1.000188388372571291e+00 5.913161504415149344e-02
8.032499999998918838e+01 1.000219382358181086e+00 5.903363311633714333e-02
8.047499999998564135e+01 9.994524880579221948e-01 5.859004775914166546e-02
8.062500000000000000e+01 9.998943255295755783e-01 5.889774516254638742e-02
8.077500000001438707e+01 1.000631216826701753e+00 5.920962922281753499e-02
8.092500000001108162e+01 1.000208258535225658e+00 5.842736523379348651e-02
8.107499999998886153e+01 1.000148788344591200e+00 5.903333432154903720e-02
8.122499999998557030e+01 1.000270090572448867e+00 5.862000776107816058e-02
8.137500000000000000e+01 1.000335090999466159e+00 5.838471629733992668e-02
8.152500000001447233e+01 1.000391753364364922e+00 5.842525546674895431e-02
8.167500000001139426e+01 1.000249872238706983e+00 5.784561072447021862e-02
8.182499999998853468e+01 1.000329641693721294e+00 5.847370816005804245e-02
8.197499999998548503e+01 9.993942998119110799e-01 5.858897975040670142e-02
8.212500000000000000e+01 1.000394156468934037e+00 5.825181042805089443e-02
8.227500000001455760e+01 1.000186143451494480e+00 5.851398811834321312e-02
8.242500000001172111e+01 1.000563804574991389e+00 5.838697770472982967e-02
8.257499999998822204e+01 9.987007119643183106e-01 5.809968912871348728e-02
8.272499999998539977e+01 9.996417165240880642e-01 5.862149573923379486e-02
8.287500000000000000e+01 1.001023520293818470e+00 5.816300690678656571e-02
8.302500000001462865e+01 9.996301560898114280e-01 5.824767522874331471e-02
8.317500000001203375e+01 1.000123656106401082e+00 5.802668252227383139e-02
8.332499999998789519e+01 1.000218731572154907e+00 5.739148318002942895e-02
8.347499999998531450e+01 1.001294028323408414e+00 5.739964781668351057e-02
8.362500000000000000e+01 1.000773044490867569e+00 5.794532129895502148e-02
8.377500000001469971e+01 9.991893257840207543e-01 5.828880142943924231e-02
8.392500000001234639e+01 1.000730719460637852e+00 5.692787195653668808e-02
8.407499999998758256e+01 1.000895685393726087e+00 5.751723680759910501e-02
8.422499999998524345e+01 1.000856609290965871e+00 5.787206519319001985e-02
8.437500000000000000e+01 1.000883120408820215e+00 5.840113437994402801e-02
8.452500000001478497e+01 1.000833324500590260e+00 5.787234288624507061e-02
8.467500000001264482e+01 1.000769019046821917e+00 5.743577267349486010e-02
8.482499999998728413e+01 1.001619668850540323e+00 5.728023842048895337e-02
8.497499999998517239e+01 1.001398003219279076e+00 5.722964105158359627e-02
8.512500000000000000e+01 1.000572705305649679e+00 5.747484738348634242e-02
8.527500000001485603e+01 1.000785937228692024e+00 5.753406169763919387e-02
8.542500000001294325e+01 1.001543737385006683e+00 5.728001049552338547e-02
8.557499999998699991e+01 1.001033430901820953e+00 5.768768077183229065e-02
8.572499999998510134e+01 1.002003757791343652e+00 5.665672850953569484e-02
8.587500000000000000e+01 1.001360850811978898e+00 5.747397574752141636e-02
8.602500000001494129e+01 1.000842838167676607e+00 5.657391299693002168e-02
8.617500000001324167e+01 1.000690766240980301e+00 5.759519034641965435e-02
8.632499999998670148e+01 1.000307353846722425e+00 5.687269692108191249e-02
8.647499999998503029e+01 1.000814480660531469e+00 5.801257955931189703e-02
8.662500000000000000e+01 1.001560092809524738e+00 5.681514849423480867e-02
8.677500000001501235e+01 1.001009709360210831e+00 5.661288347133892895e-02
8.692500000001352589e+01 1.000735333664982463e+00 5.657027263565692771e-02
8.707499999998641727e+01 1.001428499141286732e+00 5.671924252534642913e-02
8.722499999998494502e+01 1.000839226715904529e+00 5.687551361252574100e-02
8.737500000000000000e+01 1.002275871472040336e+00 5.733646697901383787e-02
8.752500000001508340e+01 1.001867885435210548e+00 5.683184702584968828e-02
8.767500000001381011e+01 9.789592332573630040e-01 5.600577477331603049e-02
8.782499999998613305e+01 9.572061641807104726e-01 5.607103245325225499e-02
8.797499999998487397e+01 9.431494576507932770e-01 5.486133454234620038e-02
8.812500000000000000e+01 9.334349041133760405e-01 5.417353654006401564e-02
8.827500000001514024e+01 9.231213696381276312e-01 5.392188209193993220e-02
8.842500000001409433e+01 9.159109537746834562e-01 5.345483964901134172e-02
8.857499999998586304e+01 9.063888189314707189e-01 5.337663452886363957e-02
8.872499999998480291e+01 9.000090744989953651e-01 5.317485595266979725e-02
8.887500000000000000e+01 8.932185217786073883e-01 5.319688122821444876e-02
8.902500000001521130e+01 8.882704146095665720e-01 5.322610239936462900e-02
8.917500000001436433e+01 8.817770865441536543e-01 5.304315020170386613e-02
8.932499999998557882e+01 8.779706478880484610e-01 5.276804084328298727e-02
8.947499999998473186e+01 8.714500549443717770e-01 5.186054857786145944e-02
8.962500000000000000e+01 8.665216711487546686e-01 5.218276927104564117e-02
8.977500000001528235e+01 8.608075137527652076e-01 5.244849063134446321e-02
8.992500000001462013e+01 8.556885832744359766e-01 5.158801155157503177e-02
9.007499999998532303e+01 8.534841512084718751e-01 5.168206206545090248e-02
9.022499999998467501e+01 8.486014827824281959e-01 5.135037165303534684e-02
9.037500000000000000e+01 8.441968004589874841e-01 5.119681027864370765e-02
9.052500000001533920e+01 8.396822881954090212e-01 5.094267234863596172e-02
9.067500000001489013e+01 8.362420350607495667e-01 5.052393659366434531e-02
9.082499999998505302e+01 8.317171000134755410e-01 5.021246663455831982e-02
9.097499999998460396e+01 8.288187005517599903e-01 5.051100928201681523e-02
9.112500000000000000e+01 8.243200281702235399e-01 5.028472884353504813e-02
9.127500000001541025e+01 8.220272424416055213e-01 5.011658335988162377e-02
9.142500000001514593e+01 8.169354023923205421e-01 5.058728273838042355e-02
9.157499999998479723e+01 8.133919701066248953e-01 4.928947111694869515e-02
9.172499999998454712e+01 8.098821442791683811e-01 4.951109801251118991e-02
9.187500000000000000e+01 8.069021346104390258e-01 4.962110552463731838e-02
9.202500000001548131e+01 8.038642335844403686e-01 4.912731152616410524e-02
9.217500000001541594e+01 7.996347374786113571e-01 4.974987429010815226e-02
9.232499999998454143e+01 7.978265522200184146e-01 4.903940294265552585e-02
9.247499999998447606e+01 7.939753703301466459e-01 4.892879600862209272e-02
9.262500000000000000e+01 7.914627007922413471e-01 4.870343575812187409e-02
9.277500000001553815e+01 7.873053389690611858e-01 4.920416247420217326e-02
9.292500000001565752e+01 7.854770155060762926e-01 4.851469617111697774e-02
9.307499999998428564e+01 7.819223019436076783e-01 4.845742380422801698e-02
9.322499999998441922e+01 7.796106602726273760e-01 4.850432062058546850e-02
9.337500000000000000e+01 7.764794799738728992e-01 4.711725201436319649e-02
9.352500000001559499e+01 7.731806272106809264e-01 4.823421655089724785e-02
9.367500000001591332e+01 7.701144714011988190e-01 4.864500662345909443e-02
9.382499999998402984e+01 7.666099826739711798e-01 4.735545938939385996e-02
9.397499999998436238e+01 7.656933715112226313e-01 4.752070880036746159e-02
9.412500000000000000e+01 7.621661038519583764e-01 4.768573066227659724e-02
9.427500000001566605e+01 7.596288046482768674e-01 4.794521105889888724e-02
9.442500000001615490e+01 7.574333478117983853e-01 4.718521853407574990e-02
9.457499999998380247e+01 7.556780364111360671e-01 4.790970552956619333e-02
9.472499999998429132e+01 7.521019310813600312e-01 4.702023984758153807e-02
9.487500000000000000e+01 7.504110139913837685e-01 4.711865155386892740e-02
9.502500000001572289e+01 7.482058099904217441e-01 4.696314977345669023e-02
9.517500000001639648e+01 7.446362229131081589e-01 4.651586670602655960e-02
9.532499999998356088e+01 7.430172819287904629e-01 4.638506064323215383e-02
9.547499999998423448e+01 7.399989630195175083e-01 4.681779990496993255e-02
9.562500000000000000e+01 7.373480132544329990e-01 4.614873030034595536e-02
9.577500000001577973e+01 7.360130450031626692e-01 4.684467357309331226e-02
9.592500000001662386e+01 7.334891464663838567e-01 4.591267121026218478e-02
9.607499999998331930e+01 7.318046762396019922e-01 4.573182492599831006e-02
9.622499999998417763e+01 7.291923555688609726e-01 4.598177562525701534e-02
9.637500000000000000e+01 7.276119105802306697e-01 4.582270694422854035e-02
9.652500000001585079e+01 7.235040543932740320e-01 4.531410946398643086e-02
9.667500000001686544e+01 7.218853156156327389e-01 4.608863413189348557e-02
9.682499999998309193e+01 7.207019217890032747e-01 4.523261586744238560e-02
9.697499999998412079e+01 7.181451793972477571e-01 4.531765245470338599e-02
9.712500000000000000e+01 7.164292791448526598e-01 4.486643164265980560e-02
9.727500000001590763e+01 7.136601781795656185e-01 4.616789034983127121e-02
9.742500000001709282e+01 7.122421534274793187e-01 4.543540209939663649e-02
9.757499999998287876e+01 7.115155361526793731e-01 4.483743515563973908e-02
9.772499999998406395e+01 7.078509451134523678e-01 4.457836673440838948e-02
9.787500000000000000e+01 7.066258693643001632e-01 4.514818170022267402e-02
9.802500000001595026e+01 7.041392711508054347e-01 4.465803413679855088e-02
9.817500000001732019e+01 7.031674749876208885e-01 4.454453413740122603e-02
9.832499999998263718e+01 7.005207108037015962e-01 4.519356006687528376e-02
9.847499999998402131e+01 6.984837197304512024e-01 4.419327359278395900e-02
9.862500000000000000e+01 6.966718658093536964e-01 4.485737423582247113e-02
9.877500000001600711e+01 6.952325797156578835e-01 4.426540923169722946e-02
9.892500000001753335e+01 6.928388297931943329e-01 4.390229599606787492e-02
9.907499999998242401e+01 6.909593984271079625e-01 4.424068431186523737e-02
9.922499999998395026e+01 6.898696452423400682e-01 4.392381789710023132e-02
9.937500000000000000e+01 6.876584061275774484e-01 4.365099506315443106e-02
9.952500000001606395e+01 6.860274992860818655e-01 4.405098538184538254e-02
9.967500000001776073e+01 6.838860211508955844e-01 4.374377838762198017e-02
9.982499999998221085e+01 6.827719132513324629e-01 4.431699046522426938e-02
9.997499999998389342e+01 6.813925880982737437e-01 4.333683043399875340e-02
1.001250000000000000e+02 6.782557398473798571e-01 4.361264436611039103e-02
1.002750000000161208e+02 6.777482656791810056e-01 4.317093700352681029e-02
1.004250000000179597e+02 6.754486260084624494e-01 4.339551416720132532e-02
1.005749999999819835e+02 6.733595608029905311e-01 4.316283800576968532e-02
1.007249999999838508e+02 6.717548933630156371e-01 4.325563136341124132e-02
1.008750000000000000e+02 6.710119814160991902e-01 4.314754061143728087e-02
1.010250000000161776e+02 6.682644043334131645e-01 4.288690563879703904e-02
1.011750000000181871e+02 6.674574795685190853e-01 4.259595842044005404e-02
1.013249999999817845e+02 6.660908573404736854e-01 4.299331457545300245e-02
1.014749999999837939e+02 6.639684449322483806e-01 4.292381211487809184e-02
1.016250000000000000e+02 6.626289096489882402e-01 4.304602207585888490e-02
1.017750000000162345e+02 6.608699791053060935e-01 4.301327016369541067e-02
1.019250000000184002e+02 6.586149338661003716e-01 4.261069385287076516e-02
1.020749999999815714e+02 6.584253386124073737e-01 4.234117359573674744e-02
1.022249999999837513e+02 6.564776598193303725e-01 4.232039255629065078e-02
1.023750000000000000e+02 6.540908510364344952e-01 4.274416707650332409e-02
1.025250000000162771e+02 6.533085514589217491e-01 4.227535754351530173e-02
1.026750000000185992e+02 6.512732354333015117e-01 4.210919206701883855e-02
1.028249999999813582e+02 6.502401487301024963e-01 4.144436410333968146e-02
1.029749999999836945e+02 6.485214685458140504e-01 4.207568651370620361e-02
1.031250000000000000e+02 6.474673656874079253e-01 4.211053670453360209e-02
1.032750000000163340e+02 6.449693747018995227e-01 4.191761840410994366e-02
1.034250000000187981e+02 6.446060850416608368e-01 4.185029824774621349e-02
1.035749999999811592e+02 6.427325065349049904e-01 4.163428215640858909e-02
1.037249999999836376e+02 6.416556718601253984e-01 4.165316652335183945e-02
1.038750000000000000e+02 6.392974021272838092e-01 4.176943113089754550e-02
1.040250000000163766e+02 6.381464202970998922e-01 4.182137296147023925e-02
1.041750000000189971e+02 6.370549014569608648e-01 4.131603969141143390e-02
1.043249999999809603e+02 6.357005086437133023e-01 4.123325260703956247e-02
1.044749999999835950e+02 6.341979790600701383e-01 4.116006492407484063e-02
1.046250000000000000e+02 6.324959764705271326e-01 4.113666792936696015e-02
1.047750000000164334e+02 6.304166562966411202e-01 4.141115724098542311e-02
1.049250000000191818e+02 6.297491615269833476e-01 4.135584787760952091e-02
1.050749999999807613e+02 6.297726710131504868e-01 4.145510589818303393e-02
1.052249999999839503e+02 6.268652955584566033e-01 4.087570782112092543e-02
1.053750000000000000e+02 6.250356786149700028e-01 4.087254735721647381e-02
1.055250000000157229e+02 6.242721796924439737e-01 4.048157011277625505e-02
1.056750000000193808e+02 6.227126221548715534e-01 4.061441303447819312e-02
1.058249999999805766e+02 6.219408341662282513e-01 4.061968157294540416e-02
1.059749999999847319e+02 6.206261638410254244e-01 4.093775087389954492e-02
1.061250000000000000e+02 6.188883636059006044e-01 4.049066317151549244e-02
1.062750000000149555e+02 6.173627498448797102e-01 4.099464869870818318e-02
1.064250000000195797e+02 6.170885139307427103e-01 4.005598285208674530e-02
1.065749999999803919e+02 6.152669152591637713e-01 4.020578295289936599e-02
1.067249999999854850e+02 6.143057293045138811e-01 4.008203488839845452e-02
1.068750000000000000e+02 6.122308076142506383e-01 4.003175953265723092e-02
1.070250000000141881e+02 6.115277415479530854e-01 3.949092620412519850e-02
1.071750000000197645e+02 6.101893242867671985e-01 3.974227598851611670e-02
1.073249999999802071e+02 6.094615889501985295e-01 4.027079499775194915e-02
1.074749999999862524e+02 6.073254543686553708e-01 3.965997959523081401e-02
1.076250000000000000e+02 6.066018301554645387e-01 3.930008332878787841e-02
1.077750000000134492e+02 6.042885377477346109e-01 3.942701844803540856e-02
1.079250000000199492e+02 6.043624493956325505e-01 3.987744409354580105e-02
1.080749999999800224e+02 6.017852579985679684e-01 3.937577739579627145e-02
1.082249999999869914e+02 6.009820937444280142e-01 3.924852322112645786e-02
1.083750000000000000e+02 6.000273196242154050e-01 3.915252659814756619e-02
1.085250000000127244e+02 5.991499619856773817e-01 3.918254642962328699e-02
1.086750000000201481e+02 5.988555773195791687e-01 3.933286761606687165e-02
1.088249999999798376e+02 5.963223754632038798e-01 3.900682707171091584e-02
1.089749999999877161e+02 5.954393725773809987e-01 3.916187003337841949e-02
1.091250000000000000e+02 5.936634583828113154e-01 3.919880319544244429e-02
1.092750000000119854e+02 5.925101477287989526e-01 3.881750087185117243e-02
1.094250000000203045e+02 5.911429812691922914e-01 3.907122344777605449e-02
1.095749999999796529e+02 5.710981090590402376e-01 3.859591908224694473e-02
1.097249999999884409e+02 5.505845507229625291e-01 3.733750215109792742e-02
1.098750000000000000e+02 5.371067124430390916e-01 3.661893911074916991e-02
1.100250000000112749e+02 5.254281516556734699e-01 3.625290346047396750e-02
1.101750000000204892e+02 5.167733115247944431e-01 3.661540755594829694e-02
1.103249999999794682e+02 5.075387328140861243e-01 3.553252148242080216e-02
1.104749999999891372e+02 5.000193525905070047e-01 3.551306370916518934e-02
1.106250000000000000e+02 4.927692595809048948e-01 3.510673387761804876e-02
1.107750000000105643e+02 4.850296044751344349e-01 3.502851611154285394e-02
1.109250000000206740e+02 4.790762662636123825e-01 3.486791856309090498e-02
1.110749999999792976e+02 4.726838732703595447e-01 3.475756138217486746e-02
1.112249999999898620e+02 4.668937269535152201e-01 3.423145083793518312e-02
1.113750000000000000e+02 4.602121951573464043e-01 3.387838370681978822e-02
1.115250000000098822e+02 4.559417623124022434e-01 3.387509967079109507e-02
1.116750000000208445e+02 4.497643775079749884e-01 3.355004664491988142e-02
1.118249999999791129e+02 4.443350892399894891e-01 3.361615713112089954e-02
1.119749999999905299e+02 4.397171657872441242e-01 3.302790194010252894e-02
1.121250000000000000e+02 4.342014296338576607e-01 3.287695191488508584e-02
1.122750000000091859e+02 4.292487381329959661e-01 3.264658332689649584e-02
1.124250000000210008e+02 4.244739858474552707e-01 3.310637073964577126e-02
1.125749999999789566e+02 4.204626923596598842e-01 3.235613667969124835e-02
1.127249999999912120e+02 4.155746855554436903e-01 3.251541831401012772e-02
1.128750000000000000e+02 4.112723512588502550e-01 3.160674652548875474e-02
1.130250000000085180e+02 4.062248972452533469e-01 3.171724470896514908e-02
1.131750000000211855e+02 4.018840343445577723e-01 3.150504781033802021e-02
1.133249999999787860e+02 3.981847973824209630e-01 3.123120216094948942e-02
1.134749999999919083e+02 3.936002452383829953e-01 3.120710420488585421e-02
1.136250000000000000e+02 3.897587395256553178e-01 3.089114709181827595e-02
1.137750000000078359e+02 3.851536579694238016e-01 3.079578455191307046e-02
1.139250000000213561e+02 3.817502181270670536e-01 3.039506106616635117e-02
1.140749999999786297e+02 3.779023589320344989e-01 3.044448557406815442e-02
1.142249999999925620e+02 3.744936933303253945e-01 3.059580554524692769e-02
1.143750000000000000e+02 3.707266122332587011e-01 3.046190042730972589e-02
1.145250000000071680e+02 3.661826305589878094e-01 2.981067496643685297e-02
1.146750000000215124e+02 3.623569774226467199e-01 2.968237576173179265e-02
1.148249999999784308e+02 3.589252982180490825e-01 2.982281376036511819e-02
1.149749999999932157e+02 3.557478293246097434e-01 2.912764127929967986e-02
1.151250000000000000e+02 3.522714299168850927e-01 2.912025367461129610e-02
1.152750000000065285e+02 3.485584517596120313e-01 2.904468261478368452e-02
1.154250000000216829e+02 3.448300418523248534e-01 2.865698136843078739e-02
1.155749999999783029e+02 3.412869187362203571e-01 2.852792482306171912e-02
1.157249999999938694e+02 3.379271992842542982e-01 2.839737225394053585e-02
1.158750000000000000e+02 3.346316573210760259e-01 2.850491965428128202e-02
1.160250000000058748e+02 3.314687713226359689e-01 2.802114568375366557e-02
1.161750000000218392e+02 3.281034037815420135e-01 2.803027876289090545e-02
1.163249999999781323e+02 3.250210650396868073e-01 2.778936960145969581e-02
1.164749999999945089e+02 3.215585512915409838e-01 2.781390141632776244e-02
1.166250000000000000e+02 3.183601867657016582e-01 2.744173155901455038e-02
1.167750000000052495e+02 3.152985260217342489e-01 2.752927571602733700e-02
1.169250000000220098e+02 3.123873968130861378e-01 2.712596334622226560e-02
1.170749999999779760e+02 3.091563224657024600e-01 2.722294134314581782e-02
1.172249999999951484e+02 3.057901441394370590e-01 2.689290742373284110e-02
1.173750000000000000e+02 3.026911571232098752e-01 2.656132179567138873e-02
1.175250000000046242e+02 2.999359119526161521e-01 2.723301014748068238e-02
1.176750000000221377e+02 2.961808300824527729e-01 2.642237340001149168e-02
1.178249999999778055e+02 2.938141234510586175e-01 2.617197794232696204e-02
1.179749999999957453e+02 2.901662922272206790e-01 2.626140510925405527e-02
1.181250000000000000e+02 2.874523390426619862e-01 2.605500122758438314e-02
1.182750000000039989e+02 2.851149694578891114e-01 2.587718145067634604e-02
1.184250000000223082e+02 2.815694793852025479e-01 2.597118378634626079e-02
1.185749999999776634e+02 2.793702869180448856e-01 2.584917426836049262e-02
1.187249999999963705e+02 2.765313846810405485e-01 2.569968652519423816e-02
1.188750000000000000e+02 2.735727544279915602e-01 2.501528816081065656e-02
1.190250000000033879e+02 2.709698213000082956e-01 2.525669387798630192e-02
1.191750000000224645e+02 2.682887762446357627e-01 2.499907345257649377e-02
1.193249999999775071e+02 2.652293347634425147e-01 2.485598979212057941e-02
1.194749999999969816e+02 2.624672255072019178e-01 2.476910584117146888e-02
1.196250000000000000e+02 2.602936769274932227e-01 2.447181735808681702e-02
1.197750000000027910e+02 2.577198465464203836e-01 2.463477983419692235e-02
1.199250000000226066e+02 2.549901928335578938e-01 2.451788739677714449e-02
1.200749999999773650e+02 2.518465442288965184e-01 2.412417525248816350e-02
1.202249999999975927e+02 2.496151964955451164e-01 2.408725433253138676e-02
1.203750000000000000e+02 2.471028481782195640e-01 2.376663622448129190e-02
1.205250000000021799e+02 2.444117233093019981e-01 2.385750240355181268e-02
1.206750000000227772e+02 2.421485799156746777e-01 2.387236671984047445e-02
1.208249999999772086e+02 2.390247610552997393e-01 2.317385122492666288e-02
1.209749999999981753e+02 2.369491496858949775e-01 2.362392748904093911e-02
1.211250000000000000e+02 2.344560450997840162e-01 2.339048702643907116e-02
1.212750000000015973e+02 2.320523805049898580e-01 2.285958329191461330e-02
1.214250000000229193e+02 2.292441051941346841e-01 2.289529088795847281e-02
1.215749999999770665e+02 2.273299298136387259e-01 2.283017939201359078e-02
1.217249999999987580e+02 2.244404016614897912e-01 2.279830388497698992e-02
1.218750000000000000e+02 2.224153596572039371e-01 2.262590046827588422e-02
1.220250000000010147e+02 2.197939684957028461e-01 2.253661244184092596e-02
1.221750000000230472e+02 2.173059375653230985e-01 2.252637476760835367e-02
1.223249999999769244e+02 2.147382612271951374e-01 2.201083195840038836e-02
1.224749999999993406e+02 2.124433528300591345e-01 2.226495552099060776e-02
1.226250000000000000e+02 2.097051536846336328e-01 2.161241202432606298e-02
1.227750000000004320e+02 2.078347824830496793e-01 2.192094868571078936e-02
1.229250000000231893e+02 2.057147145442188019e-01 2.182765260239106012e-02
1.230749999999767681e+02 2.035555741690936726e-01 2.166937264855173240e-02
1.232249999999999233e+02 2.007258780080599381e-01 2.118004013612891784e-02
1.233750000000000000e+02 1.988297124476466338e-01 2.128575138235037564e-02
1.235249999999998494e+02 1.965417968088727374e-01 2.130703120974251560e-02
1.236750000000233314e+02 1.942585920881149397e-01 2.079747571510737539e-02
1.238249999999766402e+02 1.918121420828436674e-01 2.066817487896048869e-02
1.239750000000004775e+02 1.895162308919189076e-01 2.075072987893606183e-02
1.241250000000000000e+02 1.876745901820013329e-01 2.053654547668175984e-02
1.242749999999992951e+02 1.852286150629165462e-01 2.024816702364868812e-02
1.244250000000234735e+02 1.831518242705288957e-01 2.009716625034783585e-02
1.245749999999764839e+02 1.809769569299707059e-01 2.011293590240203003e-02
1.247250000000010317e+02 1.786003190808451990e-01 2.011583447360432847e-02
1.248750000000000000e+02 1.767886636529658606e-01 1.992665681637605102e-02
1.250249999999987551e+02 1.745287156077603152e-01 1.972677870657090632e-02
1.251750000000236156e+02 1.721890956709162257e-01 1.973612955671083524e-02
1.253249999999763702e+02 1.703794793825886833e-01 1.960347965994623659e-02
1.254750000000015859e+02 1.680061056635423211e-01 1.931308872731562695e-02
1.256250000000000000e+02 1.661037858122277056e-01 1.925444957058206757e-02
1.257749999999982009e+02 1.640701068341131608e-01 1.900425195181646917e-02
1.259250000000237577e+02 1.615900022887437892e-01 1.897200889810633784e-02
1.260749999999762281e+02 1.596659608514638118e-01 1.890210197812105392e-02
1.262250000000021259e+02 1.579343529123011791e-01 1.881958575705941841e-02
1.263750000000000000e+02 1.559277008817501475e-01 1.866374674209229229e-02
1.265249999999976609e+02 1.535707066823807643e-01 1.852685156984505005e-02
1.266750000000238856e+02 1.515089006621649914e-01 1.830680361194478648e-02
1.268249999999760860e+02 1.498032446298364351e-01 1.805167959870518368e-02
1.269750000000026660e+02 1.475419976580467085e-01 1.810487097237352405e-02
1.271250000000000000e+02 1.455513321666936921e-01 1.782820351345689933e-02
1.272749999999971209e+02 1.437842365961632396e-01 1.772929305253181237e-02
1.274250000000240277e+02 1.416689885138568694e-01 1.768690524805420494e-02
1.275749999999759439e+02 1.396841189694454921e-01 1.743088867198091738e-02
1.277250000000031918e+02 1.377460946354780169e-01 1.740154994418701209e-02
1.278750000000000000e+02 1.354177351940507867e-01 1.688749516332200065e-02
1.280249999999965951e+02 1.338108955545293521e-01 1.707133226356834579e-02
1.281750000000241414e+02 1.317446814697696977e-01 1.711985242279255928e-02
1.283249999999758018e+02 1.298918028818918935e-01 1.703198832492465453e-02
1.284750000000037176e+02 1.280415668152735109e-01 1.686181055100360870e-02
1.286250000000000000e+02 1.260199724824403456e-01 1.662544319465594084e-02
1.287749999999960835e+02 1.242061177167106956e-01 1.650133465677517189e-02
1.289250000000242835e+02 1.223517449620079162e-01 1.625524799716442093e-02
1.290749999999756881e+02 1.207851497243276062e-01 1.623221679685490915e-02
1.292250000000042292e+02 1.185179466990345376e-01 1.617517012415368993e-02
1.293750000000000000e+02 1.166178132176252519e-01 1.612919990301055553e-02
1.295249999999955719e+02 1.145445802577336608e-01 1.546229574403240950e-02
1.296750000000243972e+02 1.132415431714003662e-01 1.547908894220107606e-02
1.298249999999755460e+02 1.111047469345057270e-01 1.547966808301644466e-02
1.299750000000047692e+02 1.094171482925877792e-01 1.559888767099166379e-02
1.301250000000000000e+02 1.077811578995419295e-01 1.513079474451499602e-02
1.302749999999950319e+02 1.056584088317016196e-01 1.510510819417805808e-02
1.304250000000245393e+02 1.037641208851954183e-01 1.506067874631443482e-02
1.305749999999754323e+02 1.020150426362946422e-01 1.467338043363812343e-02
1.307250000000052523e+02 1.004249091488492868e-01 1.454214030084910285e-02
1.308750000000000000e+02 9.846152240097702513e-02 1.453469631136101482e-02
1.310249999999945487e+02 9.681571106185811459e-02 1.427296391494077034e-02
1.311750000000246530e+02 9.504342176074548343e-02 1.412641192150983736e-02
1.313249999999753186e+02 9.293305999285257635e-02 1.398305811920216510e-02
1.314750000000057639e+02 9.140319989005601942e-02 1.394546050787138711e-02
1.316250000000000000e+02 8.975002789562135097e-02 1.369794575721540626e-02
1.317749999999940655e+02 8.768566402819667760e-02 1.360426592563757434e-02
1.319250000000247951e+02 8.640457479134064367e-02 1.340810396605767243e-02
1.320749999999751765e+02 8.440497119211898269e-02 1.343073141768353664e-02
1.322250000000062471e+02 8.278842716665378576e-02 1.322657099664439201e-02
1.323750000000000000e+02 8.132317057673238425e-02 1.336192186990169291e-02
1.325249999999935540e+02 7.910686389705455512e-02 1.298271699339935761e-02
1.326750000000249088e+02 7.764133488596408617e-02 1.280318178176002158e-02
1.328249999999750628e+02 7.579126776476806382e-02 1.282858697335445899e-02
1.329750000000067303e+02 7.386401623450145060e-02 1.259648218164469667e-02
1.331250000000000000e+02 7.253900186472778122e-02 1.234399069723707797e-02
1.332749999999930424e+02 7.081267961315225457e-02 1.205416823857493810e-02
1.334250000000250225e+02 6.921690534081086088e-02 1.193554316408100904e-02
1.335749999999749491e+02 6.748309320993761684e-02 1.187479621112440438e-02
1.337250000000072134e+02 6.576963260563101210e-02 1.176996044777274368e-02
1.338750000000000000e+02 6.435229299949746240e-02 1.158675324422923231e-02
1.340249999999925876e+02 6.270053133825281844e-02 1.146393964918649734e-02
1.341750000000251362e+02 6.090155931969346015e-02 1.126238975043648144e-02
1.343249999999748354e+02 5.952350467120411798e-02 1.129790866692038064e-02
1.344750000000077250e+02 5.791172651762894336e-02 1.096120996550156539e-02
1.346250000000000000e+02 5.588612509986092686e-02 1.082808023447458246e-02
1.347749999999921044e+02 5.445321523822588272e-02 1.080020480431616650e-02
1.349250000000252783e+02 5.275564228290067353e-02 1.044190050079074096e-02
1.350749999999746933e+02 5.134306074627025679e-02 1.049628452577463372e-02
1.352250000000081798e+02 4.962592198683349332e-02 9.975698163565947102e-03
1.353750000000000000e+02 4.814141898983795992e-02 1.004448285073896233e-02
1.355249999999916213e+02 4.663562790150221210e-02 9.909310854498408830e-03
1.356750000000253920e+02 4.492987756767950064e-02 9.639533468138405253e-03
1.358249999999746080e+02 4.351151194651654147e-02 9.518186870064747340e-03
1.359750000000086345e+02 4.187590207360167988e-02 9.141513057912352413e-03
1.361250000000000000e+02 4.044580178693248790e-02 9.175809350494086927e-03
1.362749999999911665e+02 3.880386493901322870e-02 8.970765495923764196e-03
1.364250000000255056e+02 3.727152489677725000e-02 8.732734760509763480e-03
1.365749999999744659e+02 3.570108084527194581e-02 8.577334773370297316e-03
1.367250000000091177e+02 3.429286397754051363e-02 8.361497174693512113e-03
1.368750000000000000e+02 3.261974551694433316e-02 8.198115379929028085e-03
1.370249999999907118e+02 3.132250073192804213e-02 7.992570625347694691e-03
1.371750000000256193e+02 2.968870740396533855e-02 7.797386923104297762e-03
1.373249999999743522e+02 2.808632738622650338e-02 7.636356275254002277e-03
1.374750000000095724e+02 2.679136821123288825e-02 7.377412210830245481e-03
1.376250000000000000e+02 2.533552741951028420e-02 7.150430562526588832e-03
1.377749999999902286e+02 2.375712807527827555e-02 6.955160563005153077e-03
1.379250000000257330e+02 2.230141262588462847e-02 6.682565945311595181e-03
1.380749999999742386e+02 2.072764075626978841e-02 6.465541447707568064e-03
1.382250000000100272e+02 1.931216124129790657e-02 6.309350240040861348e-03
1.383750000000000000e+02 1.786695338151954651e-02 6.001901965559941488e-03
1.385249999999898023e+02 1.638674097637907515e-02 5.721336629780837332e-03
1.386750000000258467e+02 1.494733693387461856e-02 5.520542751995700763e-03
1.388249999999741249e+02 1.349514302695143872e-02 5.175553066864568841e-03
1.389750000000104535e+02 1.197454107421355718e-02 4.912225544750971860e-03
1.391250000000000000e+02 1.061110839624305156e-02 4.616584208197527760e-03
1.392749999999893475e+02 9.148440929088480500e-03 4.307767150166762378e-03
1.394250000000259604e+02 7.771291334900665843e-03 3.987787096724033746e-03
1.395749999999740112e+02 6.316544073169906223e-03 3.580460771696202752e-03
1.397250000000109367e+02 4.884632852421007775e-03 3.105910359994721454e-03
1.398750000000000000e+02 3.418100759223692466e-03 2.623491598059496388e-03
1.400249999999889212e+02 2.046586055065301689e-03 2.045858934097289760e-03
1.401750000000260741e+02 6.600426251357969761e-04 1.151580502202464214e-03
