# Radius RDF_mean RDF_std
7.500000000000896228e-02 1.575149022864773087e+03 4.166547239559812255e+01
2.249999999999577616e-01 6.410899836936947982e-02 4.573481405787891418e-01
3.750000000000000000e-01 5.655792521026554998e-02 3.218981170462751340e-01
5.249999999999700462e-01 5.357229806208651385e-02 2.634737754333081328e-01
6.750000000001169509e-01 5.812687221909031837e-02 2.429777104043819025e-01
8.249999999998777200e-01 5.863312351443523973e-02 2.203792158677638502e-01
9.750000000001839418e-01 6.202160696482934832e-02 2.072763032989315135e-01
1.125000000000000000e+00 6.249649599252254245e-02 1.957558827227086351e-01
1.274999999999773648e+00 6.799528718215998302e-02 1.909909308005134643e-01
1.424999999999764455e+00 7.365958458289126320e-02 1.891944362302241389e-01
1.575000000000282396e+00 7.585521395895256092e-02 1.815388437042047276e-01
1.725000000000170397e+00 8.642600214825368887e-02 1.851331734990452338e-01
1.875000000000000000e+00 8.988679944366824437e-02 1.800366151618970623e-01
2.025000000000070521e+00 9.840823201765001860e-02 1.835574747832453002e-01
2.174999999999594813e+00 1.123174052109977006e-01 1.904982630003826394e-01
2.325000000000426059e+00 1.246770388804798596e-01 1.919793222791079390e-01
2.474999999999678124e+00 1.451001301619957717e-01 2.002212493830023421e-01
2.625000000000000000e+00 1.694442215698985510e-01 2.108193425687445166e-01
2.775000000000444444e+00 1.980989377272542873e-01 2.225489199101784998e-01
2.924999999999512212e+00 2.291361925498412999e-01 2.334397801801023908e-01
3.075000000000499334e+00 2.683802960415944683e-01 2.434210140096321473e-01
3.224999999999414779e+00 3.174236243014258441e-01 2.562194860851659817e-01
3.375000000000000000e+00 3.748069237012917054e-01 2.750629188767246824e-01
3.525000000000659384e+00 4.443105543305194138e-01 2.890316854199707630e-01
3.674999999999857714e+00 5.368447104472500175e-01 3.139709647730583586e-01
3.825000000000022382e+00 6.487629363269000748e-01 3.402179752814833980e-01
3.974999999999250466e+00 7.874184514658669753e-01 3.629567651103376424e-01
4.125000000000000000e+00 9.290862263730153003e-01 3.866086306845056275e-01
4.275000000000798828e+00 1.002031256292573946e+00 3.940612528405165738e-01
4.425000000000374634e+00 9.956550260017907883e-01 3.844809433115398134e-01
4.574999999999541878e+00 9.539043983384419834e-01 3.730300476939723553e-01
4.724999999999138112e+00 8.866024274623091062e-01 3.543786457338272688e-01
4.875000000000000000e+00 8.250704830100943354e-01 3.383067910668209333e-01
5.025000000000897415e+00 7.780069593873780720e-01 3.238968143875805561e-01
5.175000000000743228e+00 7.373211921555604675e-01 3.119618874611065906e-01
5.324999999999196376e+00 7.223850469398430674e-01 3.037492901637837694e-01
5.474999999999057287e+00 7.163705788398461172e-01 2.994727381033349123e-01
5.625000000000000000e+00 7.367907024990233422e-01 2.988389664831208048e-01
5.775000000000969358e+00 7.624384957470726754e-01 3.023389919312217677e-01
5.925000000001017675e+00 8.094665082307261894e-01 3.057293283583001897e-01
6.074999999998936140e+00 8.736064745927913933e-01 3.088324494262490449e-01
6.224999999998995115e+00 9.508571106858256794e-01 3.187046916507452754e-01
6.375000000000000000e+00 1.031415485234861817e+00 3.316603371451131710e-01
6.525000000001025313e+00 1.094456599981362244e+00 3.385912567092017045e-01
6.675000000001229949e+00 1.144382933329434415e+00 3.414137415545168142e-01
6.824999999998733635e+00 1.169171356672968898e+00 3.403231960245969301e-01
6.974999999999387690e+00 1.181607451775335660e+00 3.411344738759717887e-01
7.125000000000000000e+00 1.159459444822648955e+00 3.310136890118291486e-01
7.275000000000346745e+00 1.130417641547219798e+00 3.254212046209025155e-01
7.425000000001398703e+00 1.098564577547199050e+00 3.132196087914361771e-01
7.574999999998571099e+00 1.078770533774356943e+00 3.087892166981920372e-01
7.725000000000012079e+00 1.056483394582891533e+00 3.041182200890676923e-01
7.875000000000000000e+00 1.038645106279969976e+00 2.982235706402316389e-01
8.024999999999771205e+00 1.023826195584892629e+00 2.939055523806721193e-01
8.175000000001539036e+00 1.016038262848445672e+00 2.946533890468591155e-01
8.324999999998437872e+00 1.009511524897342527e+00 2.841495166927912042e-01
8.475000000000525446e+00 1.001483524691213267e+00 2.798917850800506923e-01
8.625000000000000000e+00 1.017511466549649635e+00 2.827312673377084806e-01
8.774999999999291589e+00 1.017731319758385045e+00 2.851142942090373888e-01
8.925000000001652722e+00 1.022276286585857674e+00 2.796703619093292015e-01
9.074999999998325961e+00 1.023876498148398762e+00 2.764305141735067251e-01
9.225000000000957101e+00 1.026543351389630709e+00 2.728296695765244362e-01
9.375000000000000000e+00 1.022451925701633124e+00 2.669300228559713384e-01
9.524999999998890132e+00 1.021718089604039870e+00 2.645408983972605266e-01
9.675000000001750422e+00 1.023970738102551126e+00 2.665960646389952671e-01
9.824999999998231814e+00 1.014564253919191472e+00 2.637031934247845433e-01
9.975000000001321254e+00 1.008495878489052311e+00 2.604056296640844814e-01
1.012500000000000000e+01 9.973471796296647929e-01 2.577941719486601668e-01
1.027499999999854730e+01 9.917227934959965685e-01 2.567108998035506628e-01
1.042500000000183391e+01 9.922514443799668182e-01 2.527881603519229192e-01
1.057499999999815010e+01 9.969951697689368730e-01 2.517962624941489369e-01
1.072500000000163745e+01 1.001212332239798997e+00 2.475555366793776302e-01
1.087500000000000000e+01 1.001686592670444798e+00 2.506103126577514661e-01
1.102499999999824887e+01 1.013484486857524791e+00 2.467598038685983597e-01
1.117500000000190674e+01 1.022749377726084541e+00 2.463761132797329390e-01
1.132499999999808082e+01 1.024388017924259486e+00 2.471418241679728955e-01
1.147500000000190923e+01 1.030143249980226328e+00 2.441608042175350268e-01
1.162500000000000000e+01 1.028560522953311906e+00 2.417824144382906826e-01
1.177499999999798952e+01 1.031437135709887265e+00 2.468939608898776950e-01
1.192500000000196891e+01 1.024859536414518102e+00 2.404851940146605915e-01
1.207499999999801865e+01 1.023211472262977262e+00 2.417183391250719571e-01
1.222500000000215081e+01 1.018464980523157370e+00 2.388128132288079575e-01
1.237500000000000000e+01 1.012690113152330484e+00 2.365748601472426327e-01
1.252499999999776215e+01 1.004644494077207018e+00 2.351527405290829431e-01
1.267500000000202398e+01 1.011393196653117110e+00 2.335513685866365263e-01
1.282499999999796536e+01 1.007537808214232111e+00 2.289656450136042520e-01
1.297500000000236220e+01 1.006218480154623673e+00 2.294534141097283597e-01
1.312500000000000000e+01 1.004255459010182649e+00 2.271546383122292623e-01
1.327499999999756142e+01 1.000656603068647454e+00 2.261635642137150015e-01
1.342500000000173088e+01 1.001191478795026679e+00 2.241162268053404905e-01
1.357499999999841833e+01 1.002861392904310645e+00 2.241299076086561148e-01
1.372500000000255049e+01 1.000998188308125814e+00 2.228600237961690655e-01
1.387500000000000000e+01 1.002289308262402479e+00 2.206181057004537593e-01
1.402499999999738023e+01 1.000138856485159655e+00 2.202772368701977623e-01
1.417500000000102034e+01 1.002067275365438270e+00 2.182856650255350361e-01
1.432499999999911111e+01 9.995172798200220310e-01 2.164959070647033690e-01
1.447500000000271925e+01 9.968748214373666094e-01 2.153178130347896957e-01
1.462500000000000000e+01 9.971019160629575051e-01 2.193734831682616626e-01
1.477499999999721680e+01 9.982566764096668654e-01 2.130985843830985882e-01
1.492500000000038618e+01 9.985127517415445242e-01 2.121460818553471406e-01
1.507499999999973639e+01 9.999476672700811086e-01 2.094985256179262012e-01
1.522500000000287201e+01 9.986031455425889991e-01 2.122547175870803104e-01
1.537500000000000000e+01 9.990962935277868384e-01 2.105871675492731743e-01
1.552499999999706937e+01 1.000465746732791983e+00 2.079759920637326842e-01
1.567499999999980886e+01 1.002753671217560649e+00 2.085581975774673802e-01
1.582500000000029772e+01 1.005047319001635131e+00 2.081156921960506390e-01
1.597500000000300879e+01 1.005363042285324804e+00 2.069440077609283057e-01
1.612500000000000000e+01 1.006027409231232017e+00 2.080339440152579322e-01
1.627499999999693969e+01 1.003115879170733749e+00 2.017185018897016957e-01
1.642499999999928662e+01 1.004769701252578695e+00 2.055573639290097510e-01
1.657500000000081286e+01 1.003327452203303549e+00 2.023102802504860576e-01
1.672500000000313847e+01 1.004091292211356734e+00 1.992848974972296350e-01
1.687500000000000000e+01 1.006767422976015292e+00 2.009491703176832511e-01
1.702499999999681535e+01 1.003199282694969385e+00 1.996499404776078679e-01
1.717499999999880700e+01 1.007212756503921725e+00 1.992978648546719356e-01
1.732500000000128182e+01 1.002883981409246505e+00 1.974811937504236670e-01
1.747500000000325215e+01 1.004339061091929830e+00 1.951787512217182663e-01
1.762500000000000000e+01 1.004456837169659833e+00 1.963514340244868761e-01
1.777499999999670521e+01 1.003818940748487210e+00 1.951788129343592915e-01
1.792499999999837357e+01 1.002554754587955843e+00 1.941147451862290652e-01
1.807500000000171170e+01 1.004297678100234403e+00 1.941022692299635699e-01
1.822500000000335874e+01 1.004113635168113916e+00 1.940644907365690064e-01
1.837500000000000000e+01 1.003139432769418971e+00 1.907257261487603772e-01
1.852499999999660218e+01 1.004732940722326440e+00 1.909498075294710218e-01
1.867499999999797211e+01 1.002735483955104145e+00 1.910240077142565940e-01
1.882500000000210960e+01 1.004711628810413648e+00 1.903436869102758666e-01
1.897500000000345466e+01 1.004610960898724370e+00 1.895713662058984839e-01
1.912500000000000000e+01 1.005815555855702703e+00 1.873874589963535342e-01
1.927499999999650626e+01 1.008221915842650640e+00 1.891337821012580023e-01
1.942499999999759908e+01 1.007113134416543154e+00 1.878889360953872323e-01
1.957500000000247198e+01 1.001924046260754597e+00 1.867651911023006928e-01
1.972500000000354348e+01 1.005844009940371597e+00 1.864280076921168150e-01
1.987500000000000000e+01 1.005044106903599355e+00 1.833979975453895461e-01
2.002499999999642100e+01 1.003716438104342190e+00 1.846721163067962246e-01
2.017499999999725446e+01 1.005520301786479331e+00 1.848783916387809756e-01
2.032500000000281304e+01 1.004225235262536708e+00 1.821548897711734449e-01
2.047500000000362874e+01 1.006883759591627125e+00 1.820366602269651579e-01
2.062500000000000000e+01 1.005065670458051175e+00 1.826720251208934498e-01
2.077499999999633928e+01 1.005119317033642989e+00 1.838263385044476006e-01
2.092499999999693472e+01 1.003874382555547395e+00 1.797384378441752584e-01
2.107500000000312212e+01 1.004513104220129849e+00 1.795129585848860010e-01
2.122500000000370690e+01 1.001056384312980274e+00 1.758450745388508707e-01
2.137500000000000000e+01 1.001768062914518476e+00 1.757373263499222849e-01
2.152499999999626468e+01 1.001111948816259201e+00 1.755295144179417621e-01
2.167499999999663984e+01 1.003183105546890275e+00 1.763819909970083255e-01
2.182500000000341700e+01 1.001953482460849365e+00 1.768884719518939164e-01
2.197500000000377796e+01 9.994541293041838692e-01 1.758081422280422246e-01
2.212500000000000000e+01 1.002272305132094754e+00 1.743111480854186157e-01
2.227499999999619718e+01 1.000811877342261846e+00 1.739144772803561112e-01
2.242499999999636273e+01 1.002653210936461425e+00 1.753763917526893756e-01
2.257500000000369056e+01 9.992017174275803493e-01 1.728231489801199949e-01
2.272500000000384546e+01 9.995462725604483678e-01 1.700855138233167974e-01
2.287500000000000000e+01 9.939102887358679528e-01 1.708780946518662081e-01
2.302499999999612967e+01 9.974838639315481981e-01 1.710610172381398786e-01
2.317499999999610338e+01 1.000319640444230052e+00 1.713741067165405474e-01
2.332500000000394635e+01 1.000176670560622982e+00 1.697256932834646237e-01
2.347500000000390941e+01 9.987561756393036339e-01 1.686836706974101652e-01
2.362500000000000000e+01 9.979437220101846640e-01 1.675613522279094658e-01
2.377499999999606928e+01 1.000473227355447747e+00 1.683497015790298701e-01
2.392499999999586180e+01 9.981818695414303999e-01 1.679754459809738865e-01
2.407500000000418439e+01 1.002344933886788469e+00 1.666393281506713397e-01
2.422500000000396625e+01 9.982264838705747767e-01 1.666764670971802864e-01
2.437500000000000000e+01 1.001212722588355586e+00 1.649278953208913601e-01
2.452499999999600888e+01 9.996861180539092784e-01 1.682579563795416899e-01
2.467499999999563087e+01 9.998464309416232876e-01 1.620614226449615392e-01
2.482500000000441176e+01 1.002177376718522916e+00 1.658304332985738871e-01
2.497500000000402309e+01 1.004435522990664298e+00 1.650447381483335085e-01
2.512500000000000000e+01 1.000893655135302707e+00 1.639540967997003273e-01
2.527499999999595559e+01 1.000243156830795677e+00 1.620144190909678095e-01
2.542499999999541771e+01 1.000190903969041534e+00 1.635567977796056061e-01
2.557500000000462137e+01 1.001895016689844820e+00 1.615794074102440969e-01
2.572500000000407638e+01 1.002425271204373747e+00 1.616409539651689764e-01
2.587500000000000000e+01 1.001194497880393497e+00 1.612562719643246545e-01
2.602499999999590585e+01 1.002848162192516268e+00 1.602046607214418217e-01
2.617499999999521521e+01 1.001761804050747662e+00 1.576208501447710075e-01
2.632500000000482032e+01 1.004142075051390526e+00 1.595451004194545774e-01
2.647500000000383480e+01 1.003631633424274527e+00 1.590821265065617829e-01
2.662500000000000000e+01 1.003219846239787438e+00 1.593216603615197902e-01
2.677499999999647073e+01 1.003385684204001427e+00 1.597255749030027372e-01
2.692499999999502691e+01 1.004778609090047015e+00 1.587503713413355999e-01
2.707500000000501217e+01 1.001389163900493040e+00 1.587121701943897956e-01
2.722500000000308873e+01 1.006775106399380393e+00 1.583169510498064203e-01
2.737500000000000000e+01 1.003722131022952935e+00 1.584317378298008838e-01
2.752499999999719549e+01 1.005472966775345256e+00 1.582560441405039819e-01
2.767499999999484928e+01 1.003673542432759414e+00 1.569710752945711885e-01
2.782500000000518625e+01 1.002477073116822437e+00 1.551797407390375083e-01
2.797500000000238529e+01 1.005506269266638109e+00 1.556272404713583413e-01
2.812500000000000000e+01 1.003272315847250074e+00 1.557638136453099453e-01
2.827499999999788827e+01 1.003143766487966992e+00 1.556667852914296046e-01
2.842499999999467164e+01 1.005476744678601486e+00 1.542654454096764050e-01
2.857500000000536033e+01 1.004566055755530929e+00 1.539491533995810124e-01
2.872500000000171028e+01 1.000747360783220019e+00 1.540594120485190843e-01
2.887500000000000000e+01 1.005246024595501719e+00 1.517373193383121099e-01
2.902499999999854552e+01 1.003250190460367230e+00 1.515651310470661206e-01
2.917499999999451177e+01 1.007576620266119605e+00 1.535760810617959604e-01
2.932500000000552021e+01 1.004667735029020070e+00 1.519478900422421841e-01
2.947500000000107434e+01 1.004385229603664165e+00 1.504061760735684317e-01
2.962500000000000000e+01 1.005362605504146023e+00 1.512574894057660546e-01
2.977499999999917080e+01 1.005135655723694121e+00 1.507887566242612221e-01
2.992499999999435900e+01 1.005062957644115018e+00 1.490873683678799189e-01
3.007500000000566942e+01 1.006051517893674641e+00 1.494155222561754093e-01
3.022500000000047393e+01 1.003284998449179843e+00 1.497627948838916312e-01
3.037500000000000000e+01 1.002692434728184701e+00 1.497840788922466526e-01
3.052499999999976410e+01 1.005365056372974797e+00 1.482257985840084447e-01
3.067499999999420623e+01 1.001077417697408212e+00 1.471674621088578938e-01
3.082500000000581508e+01 1.005827724592433414e+00 1.473971049711809977e-01
3.097499999999989839e+01 1.004510682063282756e+00 1.458992904969236004e-01
3.112500000000000000e+01 1.006479301202831467e+00 1.473818604155237022e-01
3.127500000000032898e+01 1.002170850202948493e+00 1.481746017837901885e-01
3.142499999999406768e+01 1.003189539198436675e+00 1.466585846857496600e-01
3.157500000000595364e+01 1.002379196044407061e+00 1.450464639021945834e-01
3.172499999999935127e+01 1.003452337056807586e+00 1.459269000496913327e-01
3.187500000000000000e+01 1.005434770835913039e+00 1.463529796364073099e-01
3.202500000000086544e+01 1.000815600942161154e+00 1.447173808558800956e-01
3.217499999999394333e+01 1.005319396952120581e+00 1.441746171564594059e-01
3.232500000000609219e+01 1.006251155224429095e+00 1.442173439434533133e-01
3.247499999999882903e+01 1.003534009465459897e+00 1.463911549472208529e-01
3.262500000000000000e+01 1.002214567914796017e+00 1.441010149735325874e-01
3.277500000000137703e+01 1.003275795884322363e+00 1.425235155430845391e-01
3.292499999999381544e+01 1.005630546868049313e+00 1.429292956419414284e-01
3.307500000000621299e+01 1.007365471075724050e+00 1.437658409980403784e-01
3.322499999999832454e+01 1.007088162178802593e+00 1.429005190937435166e-01
3.337500000000000000e+01 1.004857370164252695e+00 1.413963993028368171e-01
3.352500000000186731e+01 1.004402796388908392e+00 1.435465137439232985e-01
3.367499999999368754e+01 1.002385867650582352e+00 1.418823071194587060e-01
3.382500000000633378e+01 1.003336993354271733e+00 1.420875037137884489e-01
3.397499999999784848e+01 1.004544559536725945e+00 1.408664500748544046e-01
3.412500000000000000e+01 1.002687805403567056e+00 1.415014571058601511e-01
3.427500000000233626e+01 1.003680727676510509e+00 1.414610638575847512e-01
3.442499999999357385e+01 1.005507844004588591e+00 1.410604650157710194e-01
3.457500000000644746e+01 1.002789615818381330e+00 1.382747134218205998e-01
3.472499999999739373e+01 1.004026802754760972e+00 1.419472177160071291e-01
3.487500000000000000e+01 1.006205030559661484e+00 1.393783298251922431e-01
3.502500000000278391e+01 1.004346736671064555e+00 1.389398722817377918e-01
3.517499999999346016e+01 1.001221694541115204e+00 1.388664654475922910e-01
3.532500000000656115e+01 1.005138160642991663e+00 1.386164124787586382e-01
3.547499999999695319e+01 1.003203570590708082e+00 1.369752997516874848e-01
3.562500000000000000e+01 1.001459830528090178e+00 1.386830441553996429e-01
3.577500000000321734e+01 1.002799777826068439e+00 1.365624316427934692e-01
3.592499999999336069e+01 1.003609595920960995e+00 1.376479226243148279e-01
3.607500000000666773e+01 1.000632216461122770e+00 1.356924615030178083e-01
3.622499999999653397e+01 1.001655775721078445e+00 1.356768461187155550e-01
3.637500000000000000e+01 9.989773799703181023e-01 1.370691694485504097e-01
3.652500000000362235e+01 9.985806211057792758e-01 1.360613339898672502e-01
3.667499999999325411e+01 1.002123981556625631e+00 1.363513976933453664e-01
3.682500000000676721e+01 1.000705044769341967e+00 1.357224316976422540e-01
3.697499999999613607e+01 1.000916821696061554e+00 1.353076103570535482e-01
3.712500000000000000e+01 1.000409965659332157e+00 1.371038747181554107e-01
3.727500000000402736e+01 1.000423654290574671e+00 1.336100806089439708e-01
3.742499999999315463e+01 1.001397011047799213e+00 1.344827800583291710e-01
3.757500000000686668e+01 1.002926945782895096e+00 1.351413829503101405e-01
3.772499999999575238e+01 1.000212757151825782e+00 1.335857005065777536e-01
3.787500000000000000e+01 1.002604219193415691e+00 1.342160688939903479e-01
3.802500000000440394e+01 1.001184122506198815e+00 1.332439745926911889e-01
3.817499999999306226e+01 1.001698646549623151e+00 1.329726872587321529e-01
3.832500000000695906e+01 1.002378130587169291e+00 1.327623471556932389e-01
3.847499999999537579e+01 1.001647474101862167e+00 1.312107924681439608e-01
3.862500000000000000e+01 1.000661214813230115e+00 1.312358037337054972e-01
3.877500000000476632e+01 1.003451212123517733e+00 1.341599862987788161e-01
3.892499999999297700e+01 1.003116273048376916e+00 1.317130356610766717e-01
3.907500000000705143e+01 1.001601898167060245e+00 1.326030524470842020e-01
3.922499999999502052e+01 1.001432943788273633e+00 1.310251975591851248e-01
3.937500000000000000e+01 1.002411653387216051e+00 1.315650654200277159e-01
3.952500000000512159e+01 1.002179536810311467e+00 1.303233333992362686e-01
3.967499999999288463e+01 1.003355614649227956e+00 1.302711483899748612e-01
3.982500000000712959e+01 1.001707848362398678e+00 1.284449043791363598e-01
3.997499999999467946e+01 1.003347503396328388e+00 1.288037911633891364e-01
4.012500000000000000e+01 1.001072242433671322e+00 1.286740901925162162e-01
4.027500000000545555e+01 1.002082175711434431e+00 1.287751502076779353e-01
4.042499999999279936e+01 1.001542087805030068e+00 1.302996281564353653e-01
4.057500000000721485e+01 1.002048649060405472e+00 1.282450522702049678e-01
4.072499999999434550e+01 1.002166363352647416e+00 1.293049213022528232e-01
4.087500000000000000e+01 1.002401815270056229e+00 1.276145830153681271e-01
4.102500000000578240e+01 1.001363471998014010e+00 1.277795985659791467e-01
4.117499999999272120e+01 1.002359227747466885e+00 1.265866529731673740e-01
4.132500000000730012e+01 1.002668898708414691e+00 1.266064887524515348e-01
4.147499999999402576e+01 9.998057713709332939e-01 1.274566583119492724e-01
4.162500000000000000e+01 1.001088053439993741e+00 1.275829249683771427e-01
4.177500000000609504e+01 1.000780052717462176e+00 1.274987045363812077e-01
4.192499999999264304e+01 1.000764105760479472e+00 1.275740587162302320e-01
4.207500000000737828e+01 9.999675621457662089e-01 1.265277151536531863e-01
4.222499999999372022e+01 1.001891462098666530e+00 1.277911319480007357e-01
4.237500000000000000e+01 9.979664734991386954e-01 1.248674062854848443e-01
4.252500000000640057e+01 9.971992590862863715e-01 1.246622675236473826e-01
4.267499999999256488e+01 9.994090356930270813e-01 1.262112671225439631e-01
4.282500000000744933e+01 9.990359580684873286e-01 1.251539024831574698e-01
4.297499999999342180e+01 9.994591452558732048e-01 1.251903377589782540e-01
4.312500000000000000e+01 9.984743106022263559e-01 1.243707839553333389e-01
4.327500000000669900e+01 9.972448517231478071e-01 1.232986820815938495e-01
4.342499999999249383e+01 9.998383897204436987e-01 1.246706557031643375e-01
4.357500000000752038e+01 9.979049245643755173e-01 1.250818479895885738e-01
4.372499999999313758e+01 9.985279907836512869e-01 1.249609620803862342e-01
4.387500000000000000e+01 1.000001515671616881e+00 1.238829255888291986e-01
4.402500000000697611e+01 9.989963059801498790e-01 1.244137686174610069e-01
4.417499999999242277e+01 1.000657925903163825e+00 1.229101549059374715e-01
4.432500000000759144e+01 9.976293731610658133e-01 1.223010948622952898e-01
4.447499999999286047e+01 9.983678634215019665e-01 1.229766045523569551e-01
4.462500000000000000e+01 9.994103967188420201e-01 1.221647328754541378e-01
4.477500000000724611e+01 9.981753923704426157e-01 1.237915038966794917e-01
4.492499999999235882e+01 1.000105141558562449e+00 1.231998521360585519e-01
4.507500000000766249e+01 9.993564368642078311e-01 1.228346068173604005e-01
4.522499999999259757e+01 1.000297703498499891e+00 1.214231976916476802e-01
4.537500000000000000e+01 1.000031619605662225e+00 1.227466147386930689e-01
4.552500000000750902e+01 1.000481220661790793e+00 1.213178478712471087e-01
4.567499999999228777e+01 9.986800459017536324e-01 1.212856128254234112e-01
4.582500000000772644e+01 9.995991559390836612e-01 1.216515385479615408e-01
4.597499999999233466e+01 1.000789769192991674e+00 1.212265746647497033e-01
4.612500000000000000e+01 9.989892126408147499e-01 1.210795380192336707e-01
4.627500000000776481e+01 1.001397571593985347e+00 1.205038045982612521e-01
4.642499999999223093e+01 1.000328846014169049e+00 1.208628407242304248e-01
4.657500000000779039e+01 1.004019132188316510e+00 1.215842882960616045e-01
4.672499999999207887e+01 1.001785975857695465e+00 1.193558288994720495e-01
4.687500000000000000e+01 1.002395399465529913e+00 1.204426374971276081e-01
4.702500000000801350e+01 1.000310551931265390e+00 1.204219360395873961e-01
4.717499999999216698e+01 1.002219404513456036e+00 1.196683870840394986e-01
4.732500000000784723e+01 1.000132384165326016e+00 1.184457357246338771e-01
4.747499999999183729e+01 1.001361105203561142e+00 1.201014287938601127e-01
4.762500000000000000e+01 9.992206085275738836e-01 1.189838327462013345e-01
4.777500000000825509e+01 1.002952687161213330e+00 1.184061230952194177e-01
4.792499999999211013e+01 1.000458286099672689e+00 1.185333904145532413e-01
4.807500000000790408e+01 1.000684524662004860e+00 1.184301066679059183e-01
4.822499999999160281e+01 9.998625500215647666e-01 1.167555084423295697e-01
4.837500000000000000e+01 1.002400897972124172e+00 1.182570051624228374e-01
4.852500000000848956e+01 9.995827734070724668e-01 1.190145733831479702e-01
4.867499999999204618e+01 1.005107826636118418e+00 1.184510841291773475e-01
4.882500000000796092e+01 1.000860704076977914e+00 1.185709946042466656e-01
4.897499999999137543e+01 1.000298888885224224e+00 1.182667000047786104e-01
4.912500000000000000e+01 1.001618756617902450e+00 1.174659023253133566e-01
4.927500000000870983e+01 1.002275646405518028e+00 1.169085087353563396e-01
4.942499999999198934e+01 1.001185027242529557e+00 1.171799872913747848e-01
4.957500000000802487e+01 1.001984017063074717e+00 1.153575409584699507e-01
4.972499999999115516e+01 9.998396264624240803e-01 1.161668662622500209e-01
4.987500000000000000e+01 1.000333343264438346e+00 1.171359367043220273e-01
5.002500000000893010e+01 1.002300323811706750e+00 1.170665752514929020e-01
5.017499999999193960e+01 1.001876119787846964e+00 1.153400314699431356e-01
5.032500000000807461e+01 9.998610407370031039e-01 1.170040538162247096e-01
5.047499999999094200e+01 1.001395715909774387e+00 1.134636997975555645e-01
5.062500000000000000e+01 9.991079353007371600e-01 1.150822162084328415e-01
5.077500000000914326e+01 1.001163511626292468e+00 1.159557668269613206e-01
5.092499999999188276e+01 9.987892722085680575e-01 1.144951572853413757e-01
5.107500000000812435e+01 1.001515805134175263e+00 1.153576510055391996e-01
5.122499999999072884e+01 1.002207205820812685e+00 1.148089389797237875e-01
5.137500000000000000e+01 1.001177399298421866e+00 1.150794258186675773e-01
5.152500000000934932e+01 9.987923581171739285e-01 1.130744016484550168e-01
5.167499999999183302e+01 1.001225575022066883e+00 1.149441263285128773e-01
5.182500000000818119e+01 9.982548157113992904e-01 1.140844655529593410e-01
5.197499999999052989e+01 1.000153247060005857e+00 1.132954732520024266e-01
5.212500000000000000e+01 1.001828343946660871e+00 1.152239935304514434e-01
5.227500000000954827e+01 1.001727036953192318e+00 1.144166377307117843e-01
5.242499999999178328e+01 1.001282824191823240e+00 1.139692691692114207e-01
5.257500000000806040e+01 9.991023481907784776e-01 1.143931936676358951e-01
5.272499999999033804e+01 9.983871608715125801e-01 1.124310961442065021e-01
5.287500000000000000e+01 9.982144089879615434e-01 1.139858116378850011e-01
5.302500000000974723e+01 9.998020729194795342e-01 1.132921840259631940e-01
5.317499999999255778e+01 9.992980956489049271e-01 1.133502953028635574e-01
5.332500000000729301e+01 9.996626117760029073e-01 1.128823372144203696e-01
5.347499999999015330e+01 9.987644334994580930e-01 1.120137087705996015e-01
5.362500000000000000e+01 1.000826154350917818e+00 1.138357581835952315e-01
5.377500000000993197e+01 1.001021637372525808e+00 1.113132140394888225e-01
5.392499999999331095e+01 9.996331293408072804e-01 1.122278355007268053e-01
5.407500000000654694e+01 9.996870127513250992e-01 1.109442690794432834e-01
5.422499999998996145e+01 9.995500513014345945e-01 1.133797103110865401e-01
5.437500000000000000e+01 1.001134857040084869e+00 1.127207700438273563e-01
5.452500000001011671e+01 9.988441003880781377e-01 1.107042276026794364e-01
5.467499999999403570e+01 9.994227850274691738e-01 1.099126484508270718e-01
5.482500000000581508e+01 9.992201675368098668e-01 1.128571763836807018e-01
5.497499999998977671e+01 9.993958805659552969e-01 1.098398709245848731e-01
5.512500000000000000e+01 9.990998448399196485e-01 1.088526448951209480e-01
5.527500000001029434e+01 9.983791309375362744e-01 1.111230404203588096e-01
5.542499999999475335e+01 1.000920129049500673e+00 1.103769709136816074e-01
5.557500000000510454e+01 9.984236100950644177e-01 1.094185327970780691e-01
5.572499999998960618e+01 9.984389921469949414e-01 1.102395365315340658e-01
5.587500000000000000e+01 9.968914693410249050e-01 1.082003117227685468e-01
5.602500000001046487e+01 9.986602716718059325e-01 1.102691085958386608e-01
5.617499999999544258e+01 9.994798312457727762e-01 1.110365873387414437e-01
5.632500000000441531e+01 9.981322648088846172e-01 1.093330170120695027e-01
5.647499999998942855e+01 9.970970919384255504e-01 1.091932956464654603e-01
5.662500000000000000e+01 9.966478403451966006e-01 1.088346250726200254e-01
5.677500000001062830e+01 9.976481158255183779e-01 1.082480570050298602e-01
5.692499999999611759e+01 9.964899782601435163e-01 1.069134529804498801e-01
5.707500000000374030e+01 9.976267861000660542e-01 1.084247496417281853e-01
5.722499999998926512e+01 9.974150957163953057e-01 1.100149872971810106e-01
5.737500000000000000e+01 9.950877406531778435e-01 1.074455256714328538e-01
5.752500000001079172e+01 9.978810624938391216e-01 1.082996248465574185e-01
5.767499999999677129e+01 9.968882313637256187e-01 1.083970529002185323e-01
5.782500000000310081e+01 9.962150404891029210e-01 1.091002376329149731e-01
5.797499999998910170e+01 9.972725616811394245e-01 1.083976479473075794e-01
5.812500000000000000e+01 9.960824057815510502e-01 1.065822513124285442e-01
5.827500000001095515e+01 9.988714051045989306e-01 1.073991460588299557e-01
5.842499999999741078e+01 9.962786771193830049e-01 1.060720836566653447e-01
5.857500000000246132e+01 9.975349557273798240e-01 1.065424289055643126e-01
5.872499999998893827e+01 9.964909102278574071e-01 1.074107531244256064e-01
5.887500000000000000e+01 9.980988933886298931e-01 1.049743445573767114e-01
5.902500000001111857e+01 9.985512574868772306e-01 1.073656519041037288e-01
5.917499999999803606e+01 9.970740940102682526e-01 1.068362253068243090e-01
5.932500000000184315e+01 9.998953989026966305e-01 1.064151077008111262e-01
5.947499999998878906e+01 9.991816979462349035e-01 1.065661666359694476e-01
5.962500000000000000e+01 9.976632800650006017e-01 1.074806018930951346e-01
5.977500000001126779e+01 9.986566641568942471e-01 1.058192796930448459e-01
5.992499999999864002e+01 9.989872715657234226e-01 1.065167121819798335e-01
6.007500000000123919e+01 9.981288409171165110e-01 1.064722672839526485e-01
6.022499999998863984e+01 9.992979320886022920e-01 1.067173291570968630e-01
6.037500000000000000e+01 1.001370420689908336e+00 1.053905714373729735e-01
6.052500000001142411e+01 9.990898278450789372e-01 1.067206420519152127e-01
6.067499999999923688e+01 1.001076581958176837e+00 1.058823036597856676e-01
6.082500000000064944e+01 9.991279371432170153e-01 1.070941125717229381e-01
6.097499999998849773e+01 9.980892501537680372e-01 1.046310614661887933e-01
6.112500000000000000e+01 9.986053706281527997e-01 1.053379533647831601e-01
6.127500000001155911e+01 1.000348557198714294e+00 1.047678306071085919e-01
6.142499999999980531e+01 1.001232535943974433e+00 1.041559117982772953e-01
6.157500000000007390e+01 9.996088130614335654e-01 1.068630303833188328e-01
6.172499999998834852e+01 9.983513971304450729e-01 1.043947414312910438e-01
6.187500000000000000e+01 1.001467588694304967e+00 1.044199585583312218e-01
6.202500000001170122e+01 9.991360642332550723e-01 1.052409865677903511e-01
6.217500000000037375e+01 9.992762998816392406e-01 1.033407928901828865e-01
6.232499999999951967e+01 1.000091150434779586e+00 1.035567651788498189e-01
6.247499999998820641e+01 9.982380067447415017e-01 1.042670186442709590e-01
6.262500000000000000e+01 1.000160841326552363e+00 1.040657341385957668e-01
6.277500000001184333e+01 1.000787276222726563e+00 1.041603687310207194e-01
6.292500000000092086e+01 9.996661209023443018e-01 1.041030202426262846e-01
6.307499999999897256e+01 9.981648207597590972e-01 1.031968537716729667e-01
6.322499999998807851e+01 9.983515284099170328e-01 1.019228874430561510e-01
6.337500000000000000e+01 9.998613202330600691e-01 1.029284328840073121e-01
6.352500000001197833e+01 9.984217919237839967e-01 1.040052191724059744e-01
6.367500000000146798e+01 9.955736632578713330e-01 1.021401980116132674e-01
6.382499999999843254e+01 9.978254641107401346e-01 1.027814440707683352e-01
6.397499999998793641e+01 9.987485101848516678e-01 1.026266287810292943e-01
6.412500000000000000e+01 1.000288149017889650e+00 1.030049145250109960e-01
6.427500000001211333e+01 1.000285018032823547e+00 1.025973283295972122e-01
6.442500000000200089e+01 9.994389842023587711e-01 1.012221711771700700e-01
6.457499999999791385e+01 9.989510115632934673e-01 1.021528216887358509e-01
6.472499999998781561e+01 9.997087796672970983e-01 1.023081428286707062e-01
6.487500000000000000e+01 9.996784388773796159e-01 1.025476803918300567e-01
6.502500000001224123e+01 9.997750688800458585e-01 1.006209537522240599e-01
6.517500000000251248e+01 9.996592354716097306e-01 1.021313036934074631e-01
6.532499999999740226e+01 9.977701969178456309e-01 1.011244869238528965e-01
6.547499999998768772e+01 1.001391539972217304e+00 1.012092293798060177e-01
6.562500000000000000e+01 9.997169135097401238e-01 1.004356973984868590e-01
6.577500000001236913e+01 9.997929968834612380e-01 1.018702682609245597e-01
6.592500000000300986e+01 9.997336524179796236e-01 1.005650049550301656e-01
6.607499999999690488e+01 1.000720584832689219e+00 1.011404444975011196e-01
6.622499999998755982e+01 1.000093546427842650e+00 1.003988418923697640e-01
6.637500000000000000e+01 9.997198217607560222e-01 1.015770031099312160e-01
6.652500000001249703e+01 9.984126808665721997e-01 1.010155905922154040e-01
6.667500000000349303e+01 1.000109552178596539e+00 1.008030546089339896e-01
6.682499999999640750e+01 9.987083098331773767e-01 1.003958158265255973e-01
6.697499999998743192e+01 9.987285833740965346e-01 9.976243569571147107e-02
6.712500000000000000e+01 9.995974382210183196e-01 9.851379589783504365e-02
6.727500000001261071e+01 9.993633290618691989e-01 9.992934782055959420e-02
6.742500000000397620e+01 9.969349384140475667e-01 9.925248716957106587e-02
6.757499999999593854e+01 9.987610743823005510e-01 1.002539020829772698e-01
6.772499999998731823e+01 9.982680732603856910e-01 1.002159661131513113e-01
6.787500000000000000e+01 9.976520357094186275e-01 9.962133194872919983e-02
6.802500000001272440e+01 9.971120643572252140e-01 9.999683303840377346e-02
6.817500000000444516e+01 9.996636589855764088e-01 1.000462674149074638e-01
6.832499999999546958e+01 9.962958585893455510e-01 9.980035071301768257e-02
6.847499999998720455e+01 9.976858527186163172e-01 9.921104586961182470e-02
6.862500000000000000e+01 9.966064319054619425e-01 9.892160754760920272e-02
6.877500000001283809e+01 9.963302821779376206e-01 9.925334029377853862e-02
6.892500000000489990e+01 9.968379495369894538e-01 9.799162667688379735e-02
6.907499999999501483e+01 9.988162494827469429e-01 9.789767750800212887e-02
6.922499999998709086e+01 9.987282566824570162e-01 9.838344685227962128e-02
6.937500000000000000e+01 9.989559334117867895e-01 9.844942407619482194e-02
6.952500000001295177e+01 9.992389912997207135e-01 9.989362755861440346e-02
6.967500000000535465e+01 9.986475421248245388e-01 9.822669098705806567e-02
6.982499999999456008e+01 9.988242150254845741e-01 9.771598140955276013e-02
6.997499999998697717e+01 9.983582423600000366e-01 9.736228336643822090e-02
7.012500000000000000e+01 9.986206428610205910e-01 9.854439509616981507e-02
7.027500000001306546e+01 9.964888545277577059e-01 9.866573550520713054e-02
7.042500000000579519e+01 1.000729287558773661e+00 9.753788817258318700e-02
7.057499999999413376e+01 1.000080098931751316e+00 9.887076488214469050e-02
7.072499999998686349e+01 1.000562604417260859e+00 9.803500794182432032e-02
7.087500000000000000e+01 9.974161644179898589e-01 9.812560071715659138e-02
7.102500000001316494e+01 9.979835611125590367e-01 9.759128063197108904e-02
7.117500000000620730e+01 9.989504479751308841e-01 9.665613059383514061e-02
7.132499999999369322e+01 9.985803138834208337e-01 9.855120220945640108e-02
7.147499999998676401e+01 9.996218942887556969e-01 9.784541488863753023e-02
7.162500000000000000e+01 9.977350162384444054e-01 9.673863713231958816e-02
7.177500000001327862e+01 9.980089194066026348e-01 9.787837968327268989e-02
7.192500000000663363e+01 9.992851616718538832e-01 9.604411348779634539e-02
7.207499999999328111e+01 9.977402146540105266e-01 9.571897066044103564e-02
7.222499999998666453e+01 1.001049407990836526e+00 9.746021717771878590e-02
7.237500000000000000e+01 9.986686096586279149e-01 9.705932373754617981e-02
7.252500000001337810e+01 9.963492689158292004e-01 9.631832085750033356e-02
7.267500000000704574e+01 9.992485705989471167e-01 9.638393486326282678e-02
7.282499999999286899e+01 9.996140672092818091e-01 9.668000124047539112e-02
7.297499999998655085e+01 9.993088752939351949e-01 9.593231119613354618e-02
7.312500000000000000e+01 9.992300836347878246e-01 9.640166232582940420e-02
7.327500000001347757e+01 9.994115624992433444e-01 9.596127872216815569e-02
7.342500000000745786e+01 9.985432000021372545e-01 9.560166365158347113e-02
7.357499999999247109e+01 9.995893348921714994e-01 9.490980974504686918e-02
7.372499999998646558e+01 9.977155667653535565e-01 9.598220970393615825e-02
7.387500000000000000e+01 9.993250147640430070e-01 9.512222064021999546e-02
7.402500000001359126e+01 9.998304251426161082e-01 9.472938480285458818e-02
7.417500000000785576e+01 9.997545538378280749e-01 9.492700569520294562e-02
7.432499999999207319e+01 9.995054977504390648e-01 9.448675865102021398e-02
7.447499999998635190e+01 9.988515967976747678e-01 9.593253897246398210e-02
7.462500000000000000e+01 9.995384349356737363e-01 9.580543465477001086e-02
7.477500000001367653e+01 1.000213548669516950e+00 9.415994276584895017e-02
7.492500000000823945e+01 9.997183596862064814e-01 9.454105779017897560e-02
7.507499999999168949e+01 9.989559642770409198e-01 9.491441289779592450e-02
7.522499999998626663e+01 9.991251269662430046e-01 9.523334907061807575e-02
7.537500000000000000e+01 9.978077684868901231e-01 9.468587220708964136e-02
7.552500000001377600e+01 9.992064775323188375e-01 9.508078517545076602e-02
7.567500000000862315e+01 9.992759810588836000e-01 9.522354677757978447e-02
7.582499999999130580e+01 9.995934838465325711e-01 9.487128677834859303e-02
7.597499999998616715e+01 9.996988409262642650e-01 9.354900909879225457e-02
7.612500000000000000e+01 9.996567204804881479e-01 9.482544871143938625e-02
7.627500000001386127e+01 9.993493346660503596e-01 9.348999773037967864e-02
7.642500000000899263e+01 9.964795772226229253e-01 9.469232888748964350e-02
7.657499999999093632e+01 9.988567263492863502e-01 9.371945589132169019e-02
7.672499999998608189e+01 9.997212454718125141e-01 9.486571354084286090e-02
7.687500000000000000e+01 9.993350835935331800e-01 9.283126589683557417e-02
7.702500000001396074e+01 1.001558308333177161e+00 9.349073546894977327e-02
7.717500000000934790e+01 9.980531194034965026e-01 9.301571481959566845e-02
7.732499999999058105e+01 9.981782807703060145e-01 9.379059032522092665e-02
7.747499999998598241e+01 9.999024809090172328e-01 9.327187169271458633e-02
7.762500000000000000e+01 1.000368488366576880e+00 9.304569053058830974e-02
7.777500000001404601e+01 9.994666094822738378e-01 9.299139432404354699e-02
7.792500000000971738e+01 1.001122499348734429e+00 9.203649013781767252e-02
7.807499999999021156e+01 1.001164984633083677e+00 9.329516887866699804e-02
7.822499999998589715e+01 1.000963181529466617e+00 9.320567672241458768e-02
7.837500000000000000e+01 1.001567388713509477e+00 9.231168996525128401e-02
7.852500000001413127e+01 9.997561422439735779e-01 9.181010222536045706e-02
7.867500000001005844e+01 1.000988744180007606e+00 9.385506217615219304e-02
7.882499999998987050e+01 1.000741541186287664e+00 9.231191006255108633e-02
7.897499999998581188e+01 1.000257522951105482e+00 9.179757169157813645e-02
7.912500000000000000e+01 9.992256154730811968e-01 9.184406368307429513e-02
7.927500000001423075e+01 1.000769991771680134e+00 9.083113698027489580e-02
7.942500000001041371e+01 1.000709014188059687e+00 9.239478355070153415e-02
7.957499999998951523e+01 1.000903803947781556e+00 9.209546995449327533e-02
7.972499999998572662e+01 1.000277775852218110e+00 9.101892338115172287e-02
7.987500000000000000e+01 1.001086652670968524e+00 9.256772344618116599e-02
8.002500000001430180e+01 9.985444148332857095e-01 9.098100471240230802e-02
8.017500000001075477e+01 9.995452061957288414e-01 9.128879839266997032e-02
8.032499999998918838e+01 9.999135605453053355e-01 9.210520881946786254e-02
8.047499999998564135e+01 9.996493851291300414e-01 9.068377424784521135e-02
8.062500000000000000e+01 9.994339247482444399e-01 9.137638895141295126e-02
8.077500000001438707e+01 1.001237731168777234e+00 9.093663729850583188e-02
8.092500000001108162e+01 1.000596339126453627e+00 9.017204968609915383e-02
8.107499999998886153e+01 9.992771720583056849e-01 9.170597224903505318e-02
8.122499999998557030e+01 1.000298152619556236e+00 9.006391678182570915e-02
8.137500000000000000e+01 9.997448701092048751e-01 9.090852671931114182e-02
8.152500000001447233e+01 9.979852080344587817e-01 8.975810967813639685e-02
8.167500000001139426e+01 9.981068174597164111e-01 9.126798190321434856e-02
8.182499999998853468e+01 9.988811393665690819e-01 9.058221263832058612e-02
8.197499999998548503e+01 9.972423599620270362e-01 9.021653716942143464e-02
8.212500000000000000e+01 9.971972769209622722e-01 9.089988277303753805e-02
8.227500000001455760e+01 9.982559057187383456e-01 9.057743167449266997e-02
8.242500000001172111e+01 9.986937937397852849e-01 8.978519216471360365e-02
8.257499999998822204e+01 9.977247807381690592e-01 9.076226709069880327e-02
8.272499999998539977e+01 9.981421191672810167e-01 9.113110287368457463e-02
8.287500000000000000e+01 9.967134030930209221e-01 8.948193128654011175e-02
8.302500000001462865e+01 9.965460480013218492e-01 9.024372019446447180e-02
8.317500000001203375e+01 9.990393927968981291e-01 8.983008106218566546e-02
8.332499999998789519e+01 9.977590860703554609e-01 9.014362017583753273e-02
8.347499999998531450e+01 9.968833666673918570e-01 9.046952499774947587e-02
8.362500000000000000e+01 9.997464603427024255e-01 8.887546770375732985e-02
8.377500000001469971e+01 9.984417267242801097e-01 8.980553610600133796e-02
8.392500000001234639e+01 9.992355417672106332e-01 8.918010362243460054e-02
8.407499999998758256e+01 9.974723263110960580e-01 9.085561184990056938e-02
8.422499999998524345e+01 9.975965700974922523e-01 9.034846973288963856e-02
8.437500000000000000e+01 9.962746114988330071e-01 9.027537473152098813e-02
8.452500000001478497e+01 9.972752459824715254e-01 8.960776570666691143e-02
8.467500000001264482e+01 9.976623071875997395e-01 8.981151469113454744e-02
8.482499999998728413e+01 9.986971483987227005e-01 8.837738988671710316e-02
8.497499999998517239e+01 9.981296808495279116e-01 8.979384377548343954e-02
8.512500000000000000e+01 9.992332479762873199e-01 8.779899147535645543e-02
8.527500000001485603e+01 1.000409876314938940e+00 8.940050843124326685e-02
8.542500000001294325e+01 9.985396320860583375e-01 8.818890361812849188e-02
8.557499999998699991e+01 9.994300642772352417e-01 8.889251358890522259e-02
8.572499999998510134e+01 9.991587668144094048e-01 8.847468400820160395e-02
8.587500000000000000e+01 9.971237990999968215e-01 8.975861476621799229e-02
8.602500000001494129e+01 9.991387799665477631e-01 8.822576859845426833e-02
8.617500000001324167e+01 9.986498322293175800e-01 8.833252904432835340e-02
8.632499999998670148e+01 9.987281128800712393e-01 8.793592405445158078e-02
8.647499999998503029e+01 9.978123190626998484e-01 8.692320188260854730e-02
8.662500000000000000e+01 9.990009845221022866e-01 8.834321936329424252e-02
8.677500000001501235e+01 9.981892798080019835e-01 8.712420790690497685e-02
8.692500000001352589e+01 9.978397252738628875e-01 8.756654494066604122e-02
8.707499999998641727e+01 9.978574733252690843e-01 8.747380439581310674e-02
8.722499999998494502e+01 9.985169766187033114e-01 8.834474503585436345e-02
8.737500000000000000e+01 9.982976036554053190e-01 8.828554445583790267e-02
8.752500000001508340e+01 9.953189651052161135e-01 8.718229407180642931e-02
8.767500000001381011e+01 9.755079566370707944e-01 8.584819823430196728e-02
8.782499999998613305e+01 9.524938081433268477e-01 8.591792127253718159e-02
8.797499999998487397e+01 9.393175830130322534e-01 8.562202043016510500e-02
8.812500000000000000e+01 9.273298426320669696e-01 8.531368461791004332e-02
8.827500000001514024e+01 9.175875408058643545e-01 8.406898528955178418e-02
8.842500000001409433e+01 9.086775036096499392e-01 8.447863124690568881e-02
8.857499999998586304e+01 9.018763632109346728e-01 8.215339838517557447e-02
8.872499999998480291e+01 8.962180152739795957e-01 8.276745046908080827e-02
8.887500000000000000e+01 8.879148193079341445e-01 8.141125650644812084e-02
8.902500000001521130e+01 8.818199931188310803e-01 8.079133686491990485e-02
8.917500000001436433e+01 8.755642296166094019e-01 8.142928750357894541e-02
8.932499999998557882e+01 8.712458838103219749e-01 8.081082406228930204e-02
8.947499999998473186e+01 8.658121707923986943e-01 8.015655769783024132e-02
8.962500000000000000e+01 8.593095780890319668e-01 8.094689554519821084e-02
8.977500000001528235e+01 8.558133572401137590e-01 8.015459342388106534e-02
8.992500000001462013e+01 8.499564174463966060e-01 7.968287741179620742e-02
9.007499999998532303e+01 8.455803163512251031e-01 7.904194111500910391e-02
9.022499999998467501e+01 8.414003987952635155e-01 7.929294658805771667e-02
9.037500000000000000e+01 8.369810215253351560e-01 7.875129255635290870e-02
9.052500000001533920e+01 8.355208545833775480e-01 7.810632829415840861e-02
9.067500000001489013e+01 8.303633043049550855e-01 7.775738984060781567e-02
9.082499999998505302e+01 8.262474654828552145e-01 7.832638970357785890e-02
9.097499999998460396e+01 8.225411804612440259e-01 7.852901540965644134e-02
9.112500000000000000e+01 8.194081540677683462e-01 7.783303676132757865e-02
9.127500000001541025e+01 8.149481556384244874e-01 7.675164868227500603e-02
9.142500000001514593e+01 8.124314827257387295e-01 7.828339968324811438e-02
9.157499999998479723e+01 8.087173014529500659e-01 7.747392085441930087e-02
9.172499999998454712e+01 8.052993160712086373e-01 7.692482870372234494e-02
9.187500000000000000e+01 8.024111592304555840e-01 7.688275685497528156e-02
9.202500000001548131e+01 7.978889671234712377e-01 7.668278530736317988e-02
9.217500000001541594e+01 7.949285555677808590e-01 7.593463486362996007e-02
9.232499999998454143e+01 7.912145275030637581e-01 7.597948918065115798e-02
9.247499999998447606e+01 7.892031921334780042e-01 7.500039614613708550e-02
9.262500000000000000e+01 7.858080413008023957e-01 7.584304486848925109e-02
9.277500000001553815e+01 7.833283571938599588e-01 7.528748863073331243e-02
9.292500000001565752e+01 7.790959966936668035e-01 7.470386346438848135e-02
9.307499999998428564e+01 7.791657706753598589e-01 7.598342924348526484e-02
9.322499999998441922e+01 7.746699272793583502e-01 7.526442783707013029e-02
9.337500000000000000e+01 7.714652212401135190e-01 7.553810243595830698e-02
9.352500000001559499e+01 7.692101150152450550e-01 7.493163234009343754e-02
9.367500000001591332e+01 7.657604754638102085e-01 7.399364195807958677e-02
9.382499999998402984e+01 7.635063690608210329e-01 7.319011417074516856e-02
9.397499999998436238e+01 7.606502796977941960e-01 7.354901037822535181e-02
9.412500000000000000e+01 7.588020015155524378e-01 7.442602874450306161e-02
9.427500000001566605e+01 7.550996551898724318e-01 7.462886763243342658e-02
9.442500000001615490e+01 7.504755397959319563e-01 7.251118766239077196e-02
9.457499999998380247e+01 7.515399960837245708e-01 7.338665546124965855e-02
9.472499999998429132e+01 7.473716742511173905e-01 7.342165688855084582e-02
9.487500000000000000e+01 7.448348979049509433e-01 7.228042405573308071e-02
9.502500000001572289e+01 7.432074725051144304e-01 7.282567555531091474e-02
9.517500000001639648e+01 7.412652872512903723e-01 7.291612191690313716e-02
9.532499999998356088e+01 7.375500434898754065e-01 7.193840959010565361e-02
9.547499999998423448e+01 7.366946712969048017e-01 7.159032773211472522e-02
9.562500000000000000e+01 7.337376380175539836e-01 7.136211884366079616e-02
9.577500000001577973e+01 7.322913472153125269e-01 7.139677022098545045e-02
9.592500000001662386e+01 7.302658761458531433e-01 7.178612691653535327e-02
9.607499999998331930e+01 7.294101269066861626e-01 7.145849222864217309e-02
9.622499999998417763e+01 7.263739821125076990e-01 7.172996089454777846e-02
9.637500000000000000e+01 7.234953829093070388e-01 7.103286907783935844e-02
9.652500000001585079e+01 7.213730307595879188e-01 7.051685213282443687e-02
9.667500000001686544e+01 7.202723890586826272e-01 7.001165352568437805e-02
9.682499999998309193e+01 7.173574640604063468e-01 7.102824953861289203e-02
9.697499999998412079e+01 7.158682947221710613e-01 7.001169420717970326e-02
9.712500000000000000e+01 7.141943225592874978e-01 7.064692477069220433e-02
9.727500000001590763e+01 7.116567497432071399e-01 7.096910564658441556e-02
9.742500000001709282e+01 7.110035707173943953e-01 7.072766368104785317e-02
9.757499999998287876e+01 7.081547897730670060e-01 6.971942719942757216e-02
9.772499999998406395e+01 7.059617944754411623e-01 6.979809440536095810e-02
9.787500000000000000e+01 7.041315678642038334e-01 7.005419052242177480e-02
9.802500000001595026e+01 7.006914484830805145e-01 6.972257023157914235e-02
9.817500000001732019e+01 7.010023857799325686e-01 6.940471464738445784e-02
9.832499999998263718e+01 6.979737091229085699e-01 7.004781935067301568e-02
9.847499999998402131e+01 6.967639817897024468e-01 6.860478765555526326e-02
9.862500000000000000e+01 6.936424007856774043e-01 6.856233427372247780e-02
9.877500000001600711e+01 6.930251523038816197e-01 6.877161116069596680e-02
9.892500000001753335e+01 6.908373159016846232e-01 6.791182599864085956e-02
9.907499999998242401e+01 6.879809893687542921e-01 6.851450851056510583e-02
9.922499999998395026e+01 6.870720394804593623e-01 6.904787099158452013e-02
9.937500000000000000e+01 6.847805413819714193e-01 6.844459708007324950e-02
9.952500000001606395e+01 6.845763165483381707e-01 6.802382209439006289e-02
9.967500000001776073e+01 6.812492698973410254e-01 6.791119018246785655e-02
9.982499999998221085e+01 6.801532428307497380e-01 6.760643766006650679e-02
9.997499999998389342e+01 6.777076660791870877e-01 6.832318785029146968e-02
1.001250000000000000e+02 6.755520735461647552e-01 6.805259116528523944e-02
1.002750000000161208e+02 6.749053401480968883e-01 6.658518588248696357e-02
1.004250000000179597e+02 6.723725772339599338e-01 6.712690148413406888e-02
1.005749999999819835e+02 6.714328932194280064e-01 6.660782272246841551e-02
1.007249999999838508e+02 6.691246350229290707e-01 6.738246994902312437e-02
1.008750000000000000e+02 6.674158136966069632e-01 6.783764209957530988e-02
1.010250000000161776e+02 6.661920044271397723e-01 6.672863909372861446e-02
1.011750000000181871e+02 6.648739322337725577e-01 6.613692342210804320e-02
1.013249999999817845e+02 6.638580654015485694e-01 6.644885860087802743e-02
1.014749999999837939e+02 6.618300567311977689e-01 6.621423598872493155e-02
1.016250000000000000e+02 6.610154198216162680e-01 6.610793617286873924e-02
1.017750000000162345e+02 6.578265793050246391e-01 6.486565941876133723e-02
1.019250000000184002e+02 6.558212201580024825e-01 6.555178289417533388e-02
1.020749999999815714e+02 6.549135703581672185e-01 6.623974638598506548e-02
1.022249999999837513e+02 6.540230318839518331e-01 6.486228204404595465e-02
1.023750000000000000e+02 6.524799688529817621e-01 6.477517900495426140e-02
1.025250000000162771e+02 6.503267334884256234e-01 6.586211207570145942e-02
1.026750000000185992e+02 6.490767530852815659e-01 6.546992443537738571e-02
1.028249999999813582e+02 6.471666441436084716e-01 6.555412324653224487e-02
1.029749999999836945e+02 6.452639086032700977e-01 6.435150473753799283e-02
1.031250000000000000e+02 6.444165856874831677e-01 6.446625288424794042e-02
1.032750000000163340e+02 6.420007727202028391e-01 6.510866815950824837e-02
1.034250000000187981e+02 6.406022843997898342e-01 6.539072845785366683e-02
1.035749999999811592e+02 6.394741337804463743e-01 6.411536384518591591e-02
1.037249999999836376e+02 6.388974498044418526e-01 6.454162853664802135e-02
1.038750000000000000e+02 6.359281183953690020e-01 6.410537339322451567e-02
1.040250000000163766e+02 6.350263265827743586e-01 6.439356614184554850e-02
1.041750000000189971e+02 6.352794993816339719e-01 6.506796646108503612e-02
1.043249999999809603e+02 6.320792919421822642e-01 6.456191186673959637e-02
1.044749999999835950e+02 6.323618656885037215e-01 6.367218322565665334e-02
1.046250000000000000e+02 6.307092236920858186e-01 6.340924435684210103e-02
1.047750000000164334e+02 6.287428528390840432e-01 6.335989889890264459e-02
1.049250000000191818e+02 6.272749713281685624e-01 6.356106742921424635e-02
1.050749999999807613e+02 6.270322470321182395e-01 6.320803436655035579e-02
1.052249999999839503e+02 6.248892021502623351e-01 6.272608026224364697e-02
1.053750000000000000e+02 6.234877701404374362e-01 6.315202684544805878e-02
1.055250000000157229e+02 6.218965993574576689e-01 6.309995804878167081e-02
1.056750000000193808e+02 6.203900465667242514e-01 6.250970683514070481e-02
1.058249999999805766e+02 6.192698411213289900e-01 6.349345042056307731e-02
1.059749999999847319e+02 6.185159195807965471e-01 6.309679792967426426e-02
1.061250000000000000e+02 6.165661280949417122e-01 6.277966786097156915e-02
1.062750000000149555e+02 6.146480646153951177e-01 6.302101136129889536e-02
1.064250000000195797e+02 6.146184821791567110e-01 6.217107368948476820e-02
1.065749999999803919e+02 6.122503448416953820e-01 6.229304190688500498e-02
1.067249999999854850e+02 6.113744733204812265e-01 6.259815757116202195e-02
1.068750000000000000e+02 6.095684732510834314e-01 6.183796281451119092e-02
1.070250000000141881e+02 6.090576788361332650e-01 6.129482551781613442e-02
1.071750000000197645e+02 6.080295433388451798e-01 6.168437493056681820e-02
1.073249999999802071e+02 6.058191358342035482e-01 6.210332641315507302e-02
1.074749999999862524e+02 6.046167598059251080e-01 6.211953535421286393e-02
1.076250000000000000e+02 6.046419705313214044e-01 6.178178944451091087e-02
1.077750000000134492e+02 6.027684867457413498e-01 6.102876502838083111e-02
1.079250000000199492e+02 6.010450525144523937e-01 5.986511912015474168e-02
1.080749999999800224e+02 6.002317724976385938e-01 6.125548801248616171e-02
1.082249999999869914e+02 5.995096389804306369e-01 6.183837287976419461e-02
1.083750000000000000e+02 5.970687940729313414e-01 6.100097614597928958e-02
1.085250000000127244e+02 5.965920405140967553e-01 6.043948479174742622e-02
1.086750000000201481e+02 5.947182672041037010e-01 6.073124588231141457e-02
1.088249999999798376e+02 5.934460222242676775e-01 6.134578764821693730e-02
1.089749999999877161e+02 5.933354296115693760e-01 6.072591334619833331e-02
1.091250000000000000e+02 5.912378165840633804e-01 6.079174616413298565e-02
1.092750000000119854e+02 5.906620352427247589e-01 6.110399146656571301e-02
1.094250000000203045e+02 5.889739544114234171e-01 6.036767362146673588e-02
1.095749999999796529e+02 5.695082395614914361e-01 5.901632947681058339e-02
1.097249999999884409e+02 5.465952107459909337e-01 5.800177785705208644e-02
1.098750000000000000e+02 5.326395760742869134e-01 5.671947001699437219e-02
1.100250000000112749e+02 5.227314728987960679e-01 5.684781427220673977e-02
1.101750000000204892e+02 5.124616592957886851e-01 5.612631901441934162e-02
1.103249999999794682e+02 5.044245660396166064e-01 5.612045177099814902e-02
1.104749999999891372e+02 4.960587168630579691e-01 5.466186151401011134e-02
1.106250000000000000e+02 4.878244549326550272e-01 5.480833093362188352e-02
1.107750000000105643e+02 4.822053898658764659e-01 5.412148245341430464e-02
1.109250000000206740e+02 4.751876375520077134e-01 5.413836170094839251e-02
1.110749999999792976e+02 4.687537255466048269e-01 5.310937115299827621e-02
1.112249999999898620e+02 4.622206733175739934e-01 5.294313580056483198e-02
1.113750000000000000e+02 4.569141533614798911e-01 5.262855480652080253e-02
1.115250000000098822e+02 4.505265872717280629e-01 5.263589837209220468e-02
1.116750000000208445e+02 4.458101054436539590e-01 5.213636909081786203e-02
1.118249999999791129e+02 4.395375814303765782e-01 5.078566316445467382e-02
1.119749999999905299e+02 4.349692269898309815e-01 5.161579235046135500e-02
1.121250000000000000e+02 4.305962987693947031e-01 5.131963848948878359e-02
1.122750000000091859e+02 4.256776073258961568e-01 5.053008927357324070e-02
1.124250000000210008e+02 4.202860255423674363e-01 5.030449911120082190e-02
1.125749999999789566e+02 4.161055254910973056e-01 5.025520195504527832e-02
1.127249999999912120e+02 4.115637561146019419e-01 4.978140536847268371e-02
1.128750000000000000e+02 4.062760074326144388e-01 4.947551245266534892e-02
1.130250000000085180e+02 4.022662164699921661e-01 4.941794064562617800e-02
1.131750000000211855e+02 3.982943805760640887e-01 4.868269819530359616e-02
1.133249999999787860e+02 3.934496641590663479e-01 4.816753950080270713e-02
1.134749999999919083e+02 3.892882988184808157e-01 4.757753834347043520e-02
1.136250000000000000e+02 3.853162885630236900e-01 4.802904600743383712e-02
1.137750000000078359e+02 3.815526209486713727e-01 4.732314312425728309e-02
1.139250000000213561e+02 3.786009560765984383e-01 4.731993405471561498e-02
1.140749999999786297e+02 3.727186001418715255e-01 4.730709431384370889e-02
1.142249999999925620e+02 3.700845236351929524e-01 4.651337623513186748e-02
1.143750000000000000e+02 3.668073462313695687e-01 4.674808467008611385e-02
1.145250000000071680e+02 3.617208467762512147e-01 4.633544720666414596e-02
1.146750000000215124e+02 3.587459053637950257e-01 4.620241400408139215e-02
1.148249999999784308e+02 3.545377491807428227e-01 4.617956285046067449e-02
1.149749999999932157e+02 3.518973728202953732e-01 4.555035409234039351e-02
1.151250000000000000e+02 3.482432533407314179e-01 4.492508852257653951e-02
1.152750000000065285e+02 3.437595196933376229e-01 4.469205268586221025e-02
1.154250000000216829e+02 3.414612389737699538e-01 4.452355094950294356e-02
1.155749999999783029e+02 3.367552575433533368e-01 4.441168433892588724e-02
1.157249999999938694e+02 3.334363400195518023e-01 4.416794905733758408e-02
1.158750000000000000e+02 3.301815642322529776e-01 4.384308110664549007e-02
1.160250000000058748e+02 3.263818352975655368e-01 4.332198925386388649e-02
1.161750000000218392e+02 3.236862888940410521e-01 4.343877167833888608e-02
1.163249999999781323e+02 3.199322623145134936e-01 4.287621808809817525e-02
1.164749999999945089e+02 3.172145993656081964e-01 4.342972077716531626e-02
1.166250000000000000e+02 3.140161617696761720e-01 4.213060050725753181e-02
1.167750000000052495e+02 3.107633674925366352e-01 4.304537099538669614e-02
1.169250000000220098e+02 3.077000456113235249e-01 4.201744908132627049e-02
1.170749999999779760e+02 3.050149935024283887e-01 4.226244606887446381e-02
1.172249999999951484e+02 3.012605873492018582e-01 4.200517142770408135e-02
1.173750000000000000e+02 2.987449536453389842e-01 4.162732180055898901e-02
1.175250000000046242e+02 2.956016389484596441e-01 4.130714165999271187e-02
1.176750000000221377e+02 2.927759033511146414e-01 4.121813585700888349e-02
1.178249999999778055e+02 2.891513279456371377e-01 4.088218140551408419e-02
1.179749999999957453e+02 2.874182371194887731e-01 4.059293861482020371e-02
1.181250000000000000e+02 2.847082414809132267e-01 4.095396504907631435e-02
1.182750000000039989e+02 2.811311006319202055e-01 4.039975263356400392e-02
1.184250000000223082e+02 2.785886149386580524e-01 3.973975398016167671e-02
1.185749999999776634e+02 2.755661976932125556e-01 3.957647223092936734e-02
1.187249999999963705e+02 2.731347014244011051e-01 3.887553397591983484e-02
1.188750000000000000e+02 2.705510221120621117e-01 3.904209000715584688e-02
1.190250000000033879e+02 2.672137882894418670e-01 3.842001210843566661e-02
1.191750000000224645e+02 2.642510233517125218e-01 3.887675965212667589e-02
1.193249999999775071e+02 2.614317487914263327e-01 3.875976459025978760e-02
1.194749999999969816e+02 2.594319758747485882e-01 3.827099296219175356e-02
1.196250000000000000e+02 2.563161040433418192e-01 3.826106288813964362e-02
1.197750000000027910e+02 2.542948483307746477e-01 3.742119176468153979e-02
1.199250000000226066e+02 2.510367408448886950e-01 3.735618921093531580e-02
1.200749999999773650e+02 2.482205669767111877e-01 3.695532487956031120e-02
1.202249999999975927e+02 2.467550049382190858e-01 3.720098689037766582e-02
1.203750000000000000e+02 2.435564454700646642e-01 3.668335916602110530e-02
1.205250000000021799e+02 2.409819328176108777e-01 3.686343664927304448e-02
1.206750000000227772e+02 2.386314361745459911e-01 3.643217639487641990e-02
1.208249999999772086e+02 2.357618455478489583e-01 3.612037776698202168e-02
1.209749999999981753e+02 2.331281056297648813e-01 3.579222841551155110e-02
1.211250000000000000e+02 2.314868769518210190e-01 3.548275763767569368e-02
1.212750000000015973e+02 2.283410738119858452e-01 3.603869863364785042e-02
1.214250000000229193e+02 2.258184772075544633e-01 3.558637990300240334e-02
1.215749999999770665e+02 2.231984430739006042e-01 3.571948532583615887e-02
1.217249999999987580e+02 2.216733702686841112e-01 3.498137992296573850e-02
1.218750000000000000e+02 2.186332391389643748e-01 3.507639822661517276e-02
1.220250000000010147e+02 2.159559795437083762e-01 3.412522743495434441e-02
1.221750000000230472e+02 2.139476960125935578e-01 3.402932872765128403e-02
1.223249999999769244e+02 2.108545752472861523e-01 3.336075643611974978e-02
1.224749999999993406e+02 2.090481352202478715e-01 3.423267435779330653e-02
1.226250000000000000e+02 2.069688248960130095e-01 3.364787161665210719e-02
1.227750000000004320e+02 2.041123979605424799e-01 3.348922630569917819e-02
1.229250000000231893e+02 2.023316805815298658e-01 3.341897675667891698e-02
1.230749999999767681e+02 2.003480283923116112e-01 3.363947480312588084e-02
1.232249999999999233e+02 1.973770230623945465e-01 3.287208393509052223e-02
1.233750000000000000e+02 1.955978162638411511e-01 3.257939314569354566e-02
1.235249999999998494e+02 1.929073311048747907e-01 3.274347452383896684e-02
1.236750000000233314e+02 1.908365419858358558e-01 3.251117616089611861e-02
1.238249999999766402e+02 1.890533303189489422e-01 3.197677958048974339e-02
1.239750000000004775e+02 1.863095306882129876e-01 3.142941698033988041e-02
1.241250000000000000e+02 1.844688348498398911e-01 3.165168665118910096e-02
1.242749999999992951e+02 1.826632241752827457e-01 3.143838185102328792e-02
1.244250000000234735e+02 1.798931263106225420e-01 3.109795778073720304e-02
1.245749999999764839e+02 1.780188798439589770e-01 3.135762350678902161e-02
1.247250000000010317e+02 1.765857895151733414e-01 3.085172968632290957e-02
1.248750000000000000e+02 1.743675791892161653e-01 3.066042746451449336e-02
1.250249999999987551e+02 1.717509225169204234e-01 3.086958241997924887e-02
1.251750000000236156e+02 1.707668841695776374e-01 3.006936059042240872e-02
1.253249999999763702e+02 1.677389160967038828e-01 3.013924483689718256e-02
1.254750000000015859e+02 1.658044473045210132e-01 2.971452884556550697e-02
1.256250000000000000e+02 1.634784365885229296e-01 2.958969904929065198e-02
1.257749999999982009e+02 1.622008210746245238e-01 2.956060794580904483e-02
1.259250000000237577e+02 1.600970097254527658e-01 2.929934804327307199e-02
1.260749999999762281e+02 1.577420153298835503e-01 2.936021765285715124e-02
1.262250000000021259e+02 1.557442778627333158e-01 2.894133725367716709e-02
1.263750000000000000e+02 1.534548518815342100e-01 2.876373430351590599e-02
1.265249999999976609e+02 1.518196274785228728e-01 2.846819280850131778e-02
1.266750000000238856e+02 1.496991595950044052e-01 2.819281828401096202e-02
1.268249999999760860e+02 1.473498099658595573e-01 2.816751382030348305e-02
1.269750000000026660e+02 1.453563538974580460e-01 2.786898869083711400e-02
1.271250000000000000e+02 1.434530562517498109e-01 2.770539534563160045e-02
1.272749999999971209e+02 1.412732285494709139e-01 2.784749827345346304e-02
1.274250000000240277e+02 1.395977967878397619e-01 2.725443276419608346e-02
1.275749999999759439e+02 1.377897018281418751e-01 2.698272149926111280e-02
1.277250000000031918e+02 1.352283094286711174e-01 2.666455375920655235e-02
1.278750000000000000e+02 1.340824958340200157e-01 2.652763493900187411e-02
1.280249999999965951e+02 1.318264113615355837e-01 2.657408223911545547e-02
1.281750000000241414e+02 1.300034676046374627e-01 2.635896716434691159e-02
1.283249999999758018e+02 1.283325830059889039e-01 2.584040777127769722e-02
1.284750000000037176e+02 1.265490064632645573e-01 2.593217401570451983e-02
1.286250000000000000e+02 1.243334766712094058e-01 2.533706725169293517e-02
1.287749999999960835e+02 1.230567799202595264e-01 2.565282567198451380e-02
1.289250000000242835e+02 1.204585572596587190e-01 2.493145921338184301e-02
1.290749999999756881e+02 1.186052737169736582e-01 2.483031599032248585e-02
1.292250000000042292e+02 1.168139145815750429e-01 2.464815426482135086e-02
1.293750000000000000e+02 1.152309246461769299e-01 2.454732223295390259e-02
1.295249999999955719e+02 1.134640869441004285e-01 2.417511537816020850e-02
1.296750000000243972e+02 1.115792922737770393e-01 2.421739726922995939e-02
1.298249999999755460e+02 1.093810718418356670e-01 2.378623103679554721e-02
1.299750000000047692e+02 1.079693603083289599e-01 2.378734601173865953e-02
1.301250000000000000e+02 1.064475661935462558e-01 2.397648600984366926e-02
1.302749999999950319e+02 1.047334540172309841e-01 2.320084459940170707e-02
1.304250000000245393e+02 1.029251234943948379e-01 2.318590303644168030e-02
1.305749999999754323e+02 1.011171532389147087e-01 2.291807571898749410e-02
1.307250000000052523e+02 9.959052440052446054e-02 2.283732524215618953e-02
1.308750000000000000e+02 9.783367732913429704e-02 2.235414934018260108e-02
1.310249999999945487e+02 9.580671188290235119e-02 2.240053897249387124e-02
1.311750000000246530e+02 9.423136746648425044e-02 2.191029587363460540e-02
1.313249999999753186e+02 9.249625522785018261e-02 2.187246570683533051e-02
1.314750000000057639e+02 9.097719777738104419e-02 2.155179293505199781e-02
1.316250000000000000e+02 8.903494990929715358e-02 2.116346629797430726e-02
1.317749999999940655e+02 8.733971039694146676e-02 2.087598567500633176e-02
1.319250000000247951e+02 8.585893372445652094e-02 2.084367292169628239e-02
1.320749999999751765e+02 8.400851192223163233e-02 2.072691327488403179e-02
1.322250000000062471e+02 8.216704490877942135e-02 2.045358529116918234e-02
1.323750000000000000e+02 8.056112050672581404e-02 2.010331850745037882e-02
1.325249999999935540e+02 7.906127997169072608e-02 2.001511944499903897e-02
1.326750000000249088e+02 7.756873471613121018e-02 1.996860053279391964e-02
1.328249999999750628e+02 7.553303187091174598e-02 1.964594897863178313e-02
1.329750000000067303e+02 7.433491775161145398e-02 1.895582026394420846e-02
1.331250000000000000e+02 7.204268751790596226e-02 1.919990904070340357e-02
1.332749999999930424e+02 7.069754812846865133e-02 1.870465372536230311e-02
1.334250000000250225e+02 6.884401510374042743e-02 1.865913235214712931e-02
1.335749999999749491e+02 6.747463092928249195e-02 1.854687041284372104e-02
1.337250000000072134e+02 6.592944951244378293e-02 1.823502182353468545e-02
1.338750000000000000e+02 6.428177114802333114e-02 1.797491181060266105e-02
1.340249999999925876e+02 6.252130110399853336e-02 1.784293125410626665e-02
1.341750000000251362e+02 6.087991066812549479e-02 1.744327435058883394e-02
1.343249999999748354e+02 5.917918225195545334e-02 1.721861199578298210e-02
1.344750000000077250e+02 5.798418210229856068e-02 1.704054367445706486e-02
1.346250000000000000e+02 5.625021584303779160e-02 1.679528554038074717e-02
1.347749999999921044e+02 5.432610237159067601e-02 1.654410175678420677e-02
1.349250000000252783e+02 5.294167015633174239e-02 1.634882535897492356e-02
1.350749999999746933e+02 5.146863701596461615e-02 1.591879210146055976e-02
1.352250000000081798e+02 4.941165806983128378e-02 1.566003600713609598e-02
1.353750000000000000e+02 4.844610184846271511e-02 1.570200824401759773e-02
1.355249999999916213e+02 4.668937186335753858e-02 1.532731899743393703e-02
1.356750000000253920e+02 4.487120983894779536e-02 1.502579180501235380e-02
1.358249999999746080e+02 4.305558526840978090e-02 1.478631445731125489e-02
1.359750000000086345e+02 4.194511178734203205e-02 1.449575034096035192e-02
1.361250000000000000e+02 4.063359145187979415e-02 1.412028200175332454e-02
1.362749999999911665e+02 3.870298411289685436e-02 1.395462254699295773e-02
1.364250000000255056e+02 3.730125464087556686e-02 1.351402092613493075e-02
1.365749999999744659e+02 3.566560627069206152e-02 1.338654470313829954e-02
1.367250000000091177e+02 3.442858887902779802e-02 1.296031613590903006e-02
1.368750000000000000e+02 3.269415886073901573e-02 1.276073595580018601e-02
1.370249999999907118e+02 3.118555766785473943e-02 1.230820928308010501e-02
1.371750000000256193e+02 2.963759607091270148e-02 1.212183808076806868e-02
1.373249999999743522e+02 2.830486610686319335e-02 1.179181374451113151e-02
1.374750000000095724e+02 2.650370681748138654e-02 1.135188030722246964e-02
1.376250000000000000e+02 2.514053080362751644e-02 1.129329467772453681e-02
1.377749999999902286e+02 2.370445103609548562e-02 1.062969474850505684e-02
1.379250000000257330e+02 2.221497417796882215e-02 1.021527645162195568e-02
1.380749999999742386e+02 2.074786940189541837e-02 1.005954809510977224e-02
1.382250000000100272e+02 1.915332550438325968e-02 9.679368718914111228e-03
1.383750000000000000e+02 1.781134299561995885e-02 9.285835267707666027e-03
1.385249999999898023e+02 1.627235280881520960e-02 8.876061666152174415e-03
1.386750000000258467e+02 1.473160750934164424e-02 8.389303953043433099e-03
1.388249999999741249e+02 1.324122208449189653e-02 8.118966403122434769e-03
1.389750000000104535e+02 1.197650297706118715e-02 7.627342077533842690e-03
1.391250000000000000e+02 1.043599834160064029e-02 7.089151156408354283e-03
1.392749999999893475e+02 8.975848119572679695e-03 6.587908893195128929e-03
1.394250000000259604e+02 7.625458771028363440e-03 6.132357837916153735e-03
1.395749999999740112e+02 6.206698758772570025e-03 5.509718437368194000e-03
1.397250000000109367e+02 4.846913063927405473e-03 4.831109503381759984e-03
1.398750000000000000e+02 3.412355192974697582e-03 4.081875181789808467e-03
1.400249999999889212e+02 2.022362808940062710e-03 3.144469563317577477e-03
1.401750000000260741e+02 6.305736651545290530e-04 1.754865500934452973e-03
