# Radius RDF_mean RDF_std
7.500000000000896228e-02 2.181203668413502980e-02 2.413847747208225647e-01
2.249999999999577616e-01 2.531174965602887850e-02 1.507464075632669043e-01
3.750000000000000000e-01 2.703661041837007381e-02 1.212530765940286054e-01
5.249999999999700462e-01 3.031200232587109855e-02 1.082574727371344303e-01
6.750000000001169509e-01 3.138384583604390127e-02 9.634825444230914193e-02
8.249999999998777200e-01 3.713429440944580884e-02 9.565802699930421593e-02
9.750000000001839418e-01 4.169508391402941549e-02 9.364599365931526587e-02
1.125000000000000000e+00 5.045921982735313005e-02 9.463222777666602248e-02
1.274999999999773648e+00 5.851016765581806833e-02 9.545450536151521559e-02
1.424999999999764455e+00 6.986836748775893113e-02 9.914759451813494329e-02
1.575000000000282396e+00 8.443650520474901833e-02 1.048328205627570703e-01
1.725000000000170397e+00 1.010793449475855810e-01 1.089648196408910946e-01
1.875000000000000000e+00 1.224965925808677025e-01 1.140788142937184668e-01
2.025000000000070521e+00 1.511487220208312110e-01 1.217866493605083977e-01
2.174999999999594813e+00 1.785422736140692690e-01 1.294913905879773175e-01
2.325000000000426059e+00 2.165755302922907910e-01 1.366119064320203136e-01
2.474999999999678124e+00 2.613005260728663570e-01 1.470303786402665236e-01
2.625000000000000000e+00 3.114165434887091188e-01 1.547150294795653636e-01
2.775000000000444444e+00 3.712628331517552893e-01 1.644370336376804465e-01
2.924999999999512212e+00 4.358878671424883944e-01 1.729373779032841174e-01
3.075000000000499334e+00 5.153817336491428591e-01 1.837270491555762497e-01
3.224999999999414779e+00 5.965884989667544769e-01 1.932547322322599181e-01
3.375000000000000000e+00 6.882093682389925915e-01 2.002983463547628462e-01
3.525000000000659384e+00 7.870826973195482745e-01 2.085111678388864298e-01
3.674999999999857714e+00 8.904257073306030001e-01 2.140866776851949593e-01
3.825000000000022382e+00 9.819935128772068200e-01 2.230772451174183879e-01
3.974999999999250466e+00 1.079272297917089229e+00 2.286787372452390443e-01
4.125000000000000000e+00 1.150579003908001940e+00 2.309218045343939818e-01
4.275000000000798828e+00 1.221344879622560997e+00 2.348436009264849855e-01
4.425000000000374634e+00 1.264398166302611370e+00 2.387779472072663334e-01
4.574999999999541878e+00 1.296927250953280319e+00 2.334358630864873940e-01
4.724999999999138112e+00 1.308249408338884701e+00 2.322635359055202353e-01
4.875000000000000000e+00 1.303782073735932912e+00 2.306752581909045641e-01
5.025000000000897415e+00 1.298489557052364241e+00 2.256707645528351347e-01
5.175000000000743228e+00 1.279367194371041405e+00 2.222509282981389722e-01
5.324999999999196376e+00 1.261174327972708342e+00 2.182881363475081826e-01
5.474999999999057287e+00 1.238088504933511524e+00 2.143944152829564687e-01
5.625000000000000000e+00 1.218531103074073529e+00 2.091711256998944335e-01
5.775000000000969358e+00 1.193378858460053094e+00 2.016411982851248341e-01
5.925000000001017675e+00 1.169841162618704855e+00 1.968830443408517150e-01
6.074999999998936140e+00 1.147031925941604857e+00 1.960329918084565692e-01
6.224999999998995115e+00 1.120804078822592365e+00 1.871872021142486631e-01
6.375000000000000000e+00 1.093963475553914266e+00 1.834941676572664770e-01
6.525000000001025313e+00 1.070622552354316470e+00 1.770338517248362387e-01
6.675000000001229949e+00 1.048113255662666665e+00 1.749839949393957594e-01
6.824999999998733635e+00 1.028226340385866688e+00 1.724874674706495525e-01
6.974999999999387690e+00 1.008775406491041693e+00 1.666945670359104847e-01
7.125000000000000000e+00 9.987435186419711952e-01 1.648502534626465066e-01
7.275000000000346745e+00 9.888819765166539932e-01 1.636125250796282293e-01
7.425000000001398703e+00 9.841121238124029835e-01 1.623325635940499612e-01
7.574999999998571099e+00 9.784157009535062732e-01 1.614559397865602264e-01
7.725000000000012079e+00 9.764582769610700153e-01 1.590757484688649914e-01
7.875000000000000000e+00 9.768156556210985109e-01 1.566439355100406050e-01
8.024999999999771205e+00 9.789723975627790953e-01 1.569472891679011550e-01
8.175000000001539036e+00 9.802961083635935990e-01 1.548724903106708239e-01
8.324999999998437872e+00 9.869843790431460651e-01 1.544347299251286887e-01
8.475000000000525446e+00 9.929282991318981733e-01 1.525821848809078007e-01
8.625000000000000000e+00 1.000512384808226463e+00 1.508623577531530702e-01
8.774999999999291589e+00 1.010181402402144046e+00 1.509012459840302633e-01
8.925000000001652722e+00 1.016319973051301728e+00 1.492077429773089603e-01
9.074999999998325961e+00 1.018072604158926753e+00 1.496299682881141457e-01
9.225000000000957101e+00 1.021468656935606623e+00 1.484938511602707789e-01
9.375000000000000000e+00 1.024373170602496552e+00 1.481454970792902559e-01
9.524999999998890132e+00 1.017597108276782958e+00 1.464922053518655232e-01
9.675000000001750422e+00 1.018243819081937618e+00 1.467751529690281276e-01
9.824999999998231814e+00 1.009147540147438349e+00 1.425531645466594499e-01
9.975000000001321254e+00 1.006495540527557964e+00 1.404788887458407465e-01
1.012500000000000000e+01 9.963149251600196266e-01 1.406660899290345379e-01
1.027499999999854730e+01 9.896982137461688422e-01 1.380957070089529060e-01
1.042500000000183391e+01 9.786723418371853223e-01 1.343566522563398868e-01
1.057499999999815010e+01 9.770051139881269497e-01 1.353881662464284930e-01
1.072500000000163745e+01 9.671156126605434666e-01 1.329298889351956670e-01
1.087500000000000000e+01 9.654393480606816569e-01 1.331098190988321273e-01
1.102499999999824887e+01 9.522797341073712118e-01 1.316415266568056464e-01
1.117500000000190674e+01 9.492182443867469566e-01 1.302305917539489655e-01
1.132499999999808082e+01 9.459389325407462357e-01 1.307134402729577816e-01
1.147500000000190923e+01 9.436113779965492609e-01 1.268824241478811732e-01
1.162500000000000000e+01 9.397875092190088875e-01 1.266602033520937975e-01
1.177499999999798952e+01 9.427943163082427303e-01 1.261358958079172865e-01
1.192500000000196891e+01 9.441306416900970833e-01 1.247514673378290473e-01
1.207499999999801865e+01 9.476590892087080054e-01 1.243489834769497399e-01
1.222500000000215081e+01 9.501597289288942205e-01 1.240135682313408677e-01
1.237500000000000000e+01 9.572258057121239005e-01 1.250403518896658350e-01
1.252499999999776215e+01 9.618266680924674183e-01 1.234494442990201196e-01
1.267500000000202398e+01 9.712461994306059720e-01 1.236062130721392871e-01
1.282499999999796536e+01 9.777016932622493162e-01 1.233538211826902126e-01
1.297500000000236220e+01 9.828850756733737981e-01 1.213652854065104952e-01
1.312500000000000000e+01 9.888712719742421831e-01 1.214558333830437764e-01
1.327499999999756142e+01 9.974176609883418365e-01 1.208781636324856162e-01
1.342500000000173088e+01 1.001118387672642163e+00 1.210575175421609723e-01
1.357499999999841833e+01 1.008188780205509394e+00 1.204701313944793878e-01
1.372500000000255049e+01 1.012789880705258883e+00 1.217785073344472418e-01
1.387500000000000000e+01 1.019016972436080248e+00 1.211084136048253546e-01
1.402499999999738023e+01 1.020640348395988495e+00 1.206725203586415940e-01
1.417500000000102034e+01 1.024711745595226819e+00 1.194870874229471136e-01
1.432499999999911111e+01 1.026279441533766379e+00 1.198355045953910375e-01
1.447500000000271925e+01 1.028748114832177318e+00 1.203135971345079824e-01
1.462500000000000000e+01 1.028288093391371172e+00 1.184443985377660741e-01
1.477499999999721680e+01 1.029517213856283808e+00 1.175136604399177470e-01
1.492500000000038618e+01 1.027750458696659708e+00 1.163854016451145862e-01
1.507499999999973639e+01 1.024872870847907791e+00 1.156294240636932952e-01
1.522500000000287201e+01 1.019088823337903404e+00 1.160980614668721544e-01
1.537500000000000000e+01 1.015424462282997098e+00 1.130465954913906917e-01
1.552499999999706937e+01 1.010654776172198233e+00 1.138601895999769992e-01
1.567499999999980886e+01 1.003114287270948424e+00 1.128822508458354884e-01
1.582500000000029772e+01 1.000005600116610216e+00 1.118288445924360830e-01
1.597500000000300879e+01 9.914786033592981607e-01 1.096543029918493201e-01
1.612500000000000000e+01 9.888435991999463548e-01 1.097338780276432696e-01
1.627499999999693969e+01 9.807188931258108422e-01 1.091434313512925081e-01
1.642499999999928662e+01 9.793887907795665315e-01 1.093815959231299734e-01
1.657500000000081286e+01 9.776255256124950499e-01 1.079712814063086279e-01
1.672500000000313847e+01 9.754626151524475874e-01 1.070108017136368189e-01
1.687500000000000000e+01 9.767201372114016067e-01 1.072054737764757265e-01
1.702499999999681535e+01 9.762747029724145875e-01 1.059533782627318649e-01
1.717499999999880700e+01 9.774270367927203607e-01 1.070209294560169888e-01
1.732500000000128182e+01 9.801266524911346201e-01 1.064718147021875005e-01
1.747500000000325215e+01 9.868093698392179647e-01 1.048145989778629661e-01
1.762500000000000000e+01 9.884538313290144318e-01 1.053850376247012777e-01
1.777499999999670521e+01 9.909082618575623114e-01 1.041037642534321100e-01
1.792499999999837357e+01 9.935459180966790260e-01 1.061289767507260645e-01
1.807500000000171170e+01 9.976092799122581178e-01 1.050047382337280649e-01
1.822500000000335874e+01 9.982790498943635571e-01 1.048141172790569703e-01
1.837500000000000000e+01 1.004509158714153028e+00 1.040490618252461752e-01
1.852499999999660218e+01 1.006042669029789227e+00 1.034465495396450357e-01
1.867499999999797211e+01 1.007997297761159539e+00 1.042854294897719858e-01
1.882500000000210960e+01 1.009120730264965626e+00 1.030346097478274242e-01
1.897500000000345466e+01 1.009641886135940414e+00 1.006277840653400923e-01
1.912500000000000000e+01 1.010924700683531574e+00 1.024120775875154293e-01
1.927499999999650626e+01 1.008203453912693393e+00 1.000822360456480042e-01
1.942499999999759908e+01 1.008507894560509932e+00 1.012696271252407632e-01
1.957500000000247198e+01 1.008916841785686414e+00 1.008831274584091886e-01
1.972500000000354348e+01 1.007597765654471234e+00 1.003243071781123041e-01
1.987500000000000000e+01 1.004235959843542636e+00 9.898254371117423678e-02
2.002499999999642100e+01 1.002599736316800660e+00 9.899643987787887234e-02
2.017499999999725446e+01 9.983155921297087732e-01 9.857702815010209452e-02
2.032500000000281304e+01 9.956241217279302447e-01 9.781905404442509111e-02
2.047500000000362874e+01 9.938566169630409508e-01 9.711777938858359716e-02
2.062500000000000000e+01 9.893611602449992048e-01 9.846005950461389489e-02
2.077499999999633928e+01 9.869640015842167102e-01 9.731725182703741817e-02
2.092499999999693472e+01 9.843639885429735781e-01 9.595448896750576051e-02
2.107500000000312212e+01 9.854818142918373436e-01 9.632227256234643376e-02
2.122500000000370690e+01 9.824414245360323372e-01 9.632223689145590073e-02
2.137500000000000000e+01 9.826724367281960415e-01 9.505951522894406924e-02
2.152499999999626468e+01 9.823944008281746409e-01 9.392429623875485356e-02
2.167499999999663984e+01 9.842464716240858502e-01 9.513051827061987098e-02
2.182500000000341700e+01 9.853931345888130577e-01 9.336205405598568818e-02
2.197500000000377796e+01 9.874850618756971787e-01 9.465099773065939470e-02
2.212500000000000000e+01 9.909934707776492102e-01 9.435576772406108204e-02
2.227499999999619718e+01 9.909540237778554639e-01 9.473471372673417101e-02
2.242499999999636273e+01 9.932871264924487686e-01 9.324856693770920690e-02
2.257500000000369056e+01 9.960997681024266193e-01 9.308848712305495265e-02
2.272500000000384546e+01 9.992446401881932561e-01 9.338057858450334037e-02
2.287500000000000000e+01 1.001604957514102612e+00 9.280758858017973401e-02
2.302499999999612967e+01 1.002338958642053024e+00 9.257025014633821214e-02
2.317499999999610338e+01 1.007462498807012663e+00 9.192301647282587196e-02
2.332500000000394635e+01 1.008275021138427929e+00 9.311753250405564730e-02
2.347500000000390941e+01 1.009136779537290307e+00 9.205139521380625856e-02
2.362500000000000000e+01 1.010799045221608017e+00 9.127650795266575856e-02
2.377499999999606928e+01 1.011495133744345409e+00 9.149053603131808432e-02
2.392499999999586180e+01 1.010465170600292506e+00 9.096169776159925002e-02
2.407500000000418439e+01 1.010260281193039456e+00 9.193050100777026834e-02
2.422500000000396625e+01 1.010865936345416216e+00 9.065617147581116197e-02
2.437500000000000000e+01 1.009104155532440483e+00 8.946482343377877566e-02
2.452499999999600888e+01 1.008932653652926392e+00 8.989819009601374145e-02
2.467499999999563087e+01 1.006491537385614032e+00 8.964434553129121963e-02
2.482500000000441176e+01 1.002788056930298932e+00 9.007455412175581488e-02
2.497500000000402309e+01 1.002577388270092351e+00 8.845327578258316281e-02
2.512500000000000000e+01 9.989423584874728146e-01 8.870111491267407278e-02
2.527499999999595559e+01 9.998332398197190551e-01 8.803909615866983840e-02
2.542499999999541771e+01 9.957308223855141360e-01 8.750221028446225624e-02
2.557500000000462137e+01 9.970082375710548339e-01 8.740327783790748095e-02
2.572500000000407638e+01 9.914012196246750896e-01 8.812618389402634977e-02
2.587500000000000000e+01 9.930094499111429274e-01 8.731469774423891717e-02
2.602499999999590585e+01 9.924906278093434953e-01 8.691227084255664925e-02
2.617499999999521521e+01 9.916141136789251576e-01 8.713833002604264022e-02
2.632500000000482032e+01 9.930661837785846879e-01 8.726310860009747761e-02
2.647500000000383480e+01 9.913998353678843412e-01 8.631929334550188238e-02
2.662500000000000000e+01 9.927889709404769114e-01 8.631187958078979927e-02
2.677499999999647073e+01 9.939679708608211151e-01 8.631320478199908108e-02
2.692499999999502691e+01 9.952791792491423317e-01 8.592176328648681860e-02
2.707500000000501217e+01 9.948269008343540998e-01 8.509283419204938248e-02
2.722500000000308873e+01 9.962634675761331549e-01 8.462168695102149918e-02
2.737500000000000000e+01 9.979990070659984225e-01 8.434169815656712699e-02
2.752499999999719549e+01 9.999441757484828219e-01 8.539804818813433174e-02
2.767499999999484928e+01 9.987944787580309569e-01 8.374571165546809692e-02
2.782500000000518625e+01 9.997545028876015927e-01 8.490054993181685161e-02
2.797500000000238529e+01 1.000442432287243166e+00 8.476260852131070611e-02
2.812500000000000000e+01 1.000891434783244272e+00 8.423836800047641848e-02
2.827499999999788827e+01 1.001912860313224130e+00 8.293173664045792870e-02
2.842499999999467164e+01 1.003284887982957230e+00 8.297319045862215636e-02
2.857500000000536033e+01 1.002124948523013037e+00 8.326043629345622477e-02
2.872500000000171028e+01 1.002991284086906409e+00 8.314645465151912496e-02
2.887500000000000000e+01 1.001362110176813980e+00 8.341685542345166071e-02
2.902499999999854552e+01 1.001497430542631850e+00 8.388757535162695567e-02
2.917499999999451177e+01 1.000811912373322565e+00 8.199411923875697672e-02
2.932500000000552021e+01 9.976918256054116974e-01 8.229452132484792182e-02
2.947500000000107434e+01 9.985148137457233730e-01 8.156812730042163617e-02
2.962500000000000000e+01 9.971428846386748424e-01 8.099108544231849172e-02
2.977499999999917080e+01 9.977142232919414822e-01 8.186011901819810477e-02
2.992499999999435900e+01 9.961937040283771472e-01 8.049289551991832548e-02
3.007500000000566942e+01 9.960290591707835484e-01 8.099127852233915792e-02
3.022500000000047393e+01 9.946209492762403404e-01 8.093666890762470090e-02
3.037500000000000000e+01 9.947896934811680802e-01 8.052516275915107269e-02
3.052499999999976410e+01 9.962483214439875612e-01 8.029112807472808810e-02
3.067499999999420623e+01 9.946859525227474963e-01 7.999456169627233715e-02
3.082500000000581508e+01 9.949881020256847730e-01 7.995974962911982231e-02
3.097499999999989839e+01 9.952212536360429684e-01 8.095208671188325322e-02
3.112500000000000000e+01 9.965313429279814006e-01 7.914477739687669766e-02
3.127500000000032898e+01 9.958436707167692692e-01 7.947162803863871972e-02
3.142499999999406768e+01 9.971736174245762196e-01 7.942165530007125329e-02
3.157500000000595364e+01 9.969662506830146986e-01 7.890546312657459316e-02
3.172499999999935127e+01 9.989225842541855638e-01 7.824846112866594428e-02
3.187500000000000000e+01 9.985328309054998241e-01 7.869409536781897530e-02
3.202500000000086544e+01 9.999362322745267706e-01 7.784268163120852679e-02
3.217499999999394333e+01 1.000655770670395350e+00 7.806438727093685526e-02
3.232500000000609219e+01 1.000848391994178632e+00 7.878921210429419564e-02
3.247499999999882903e+01 1.004564994561118807e+00 7.863413561779458716e-02
3.262500000000000000e+01 1.005617018074463243e+00 7.707284236645309261e-02
3.277500000000137703e+01 1.004409944584420566e+00 7.858112389757761218e-02
3.292499999999381544e+01 1.003712145183278670e+00 7.835916033021089744e-02
3.307500000000621299e+01 1.005196532681436938e+00 7.717860407826325486e-02
3.322499999999832454e+01 1.005266044894576272e+00 7.689610576981081858e-02
3.337500000000000000e+01 1.005197311456099252e+00 7.784472635607413149e-02
3.352500000000186731e+01 1.006808329824015358e+00 7.765962919434896139e-02
3.367499999999368754e+01 1.006135341331189759e+00 7.687168860494741907e-02
3.382500000000633378e+01 1.005729016668959197e+00 7.760254162534377387e-02
3.397499999999784848e+01 1.003847985438925505e+00 7.543074408813875420e-02
3.412500000000000000e+01 1.005179593565028284e+00 7.625691491794123200e-02
3.427500000000233626e+01 1.004142960470024493e+00 7.614871686412018337e-02
3.442499999999357385e+01 1.004727525259619059e+00 7.686247847096490393e-02
3.457500000000644746e+01 1.003027573597333300e+00 7.593304645179507761e-02
3.472499999999739373e+01 1.001828613669854207e+00 7.555157991198550860e-02
3.487500000000000000e+01 1.001746450232050778e+00 7.555832987884374130e-02
3.502500000000278391e+01 1.002016389591823931e+00 7.429339462921216719e-02
3.517499999999346016e+01 1.001761954065491622e+00 7.601614991215648043e-02
3.532500000000656115e+01 1.000464394603788110e+00 7.420084996762221774e-02
3.547499999999695319e+01 1.000655612714236531e+00 7.579542133869265896e-02
3.562500000000000000e+01 9.993086843092436888e-01 7.458694705079019216e-02
3.577500000000321734e+01 1.000441371641473287e+00 7.421904603699493175e-02
3.592499999999336069e+01 1.001964210232413333e+00 7.410046827770673528e-02
3.607500000000666773e+01 1.002638763866601446e+00 7.442570165992423714e-02
3.622499999999653397e+01 1.001195877030678805e+00 7.394288970328544153e-02
3.637500000000000000e+01 1.001573706568881450e+00 7.389666253332473345e-02
3.652500000000362235e+01 1.003354681753717115e+00 7.373299425099895388e-02
3.667499999999325411e+01 1.005704851915205200e+00 7.361438973713310685e-02
3.682500000000676721e+01 1.003713284862216559e+00 7.237151033900655894e-02
3.697499999999613607e+01 1.004595702258245904e+00 7.353249022055600992e-02
3.712500000000000000e+01 1.004941327516835514e+00 7.405849151184618062e-02
3.727500000000402736e+01 1.006257876847964861e+00 7.383075088943452657e-02
3.742499999999315463e+01 1.007603643255106540e+00 7.214164800630967767e-02
3.757500000000686668e+01 1.004979953608904575e+00 7.199346736284767401e-02
3.772499999999575238e+01 1.007575834690321859e+00 7.194886429883823320e-02
3.787500000000000000e+01 1.004566150704744087e+00 7.309296522271044316e-02
3.802500000000440394e+01 1.006897846074265246e+00 7.301072119762826163e-02
3.817499999999306226e+01 1.006190378495368742e+00 7.265931712610745885e-02
3.832500000000695906e+01 1.005558305965694288e+00 7.240701968548128586e-02
3.847499999999537579e+01 1.004386522765105871e+00 7.279286476196032696e-02
3.862500000000000000e+01 1.005799255597930708e+00 7.250596210942340802e-02
3.877500000000476632e+01 1.006165308374110001e+00 7.235633396204803336e-02
3.892499999999297700e+01 1.003016914345511656e+00 7.141698322026197865e-02
3.907500000000705143e+01 1.002472929071572594e+00 7.053087544796993180e-02
3.922499999999502052e+01 1.003570407004578779e+00 7.167465976846858211e-02
3.937500000000000000e+01 1.003967162120811718e+00 7.075227798110575450e-02
3.952500000000512159e+01 1.001468863737853043e+00 7.027128458466547212e-02
3.967499999999288463e+01 1.001953625783074342e+00 6.952074913701643266e-02
3.982500000000712959e+01 1.001727323147236115e+00 6.942238653476140442e-02
3.997499999999467946e+01 1.001433986486662597e+00 6.968207840347072357e-02
4.012500000000000000e+01 1.001566233442413134e+00 7.096101000258843439e-02
4.027500000000545555e+01 1.000444054715827535e+00 6.968626887802972791e-02
4.042499999999279936e+01 1.001250776171384249e+00 7.040997177690788700e-02
4.057500000000721485e+01 1.001048839810355862e+00 6.974244702383904093e-02
4.072499999999434550e+01 1.001089024896242297e+00 6.893545007645483780e-02
4.087500000000000000e+01 1.000941278128270939e+00 6.970075789903605601e-02
4.102500000000578240e+01 1.001229312594256182e+00 6.941481628773882306e-02
4.117499999999272120e+01 1.002644582610958679e+00 6.905947440713143537e-02
4.132500000000730012e+01 1.000642336502442831e+00 6.834473041392270798e-02
4.147499999999402576e+01 1.000509263175189290e+00 6.832090393085499258e-02
4.162500000000000000e+01 1.002357556722108134e+00 6.952638445544245815e-02
4.177500000000609504e+01 1.000596181983717692e+00 6.955443243377285034e-02
4.192499999999264304e+01 1.001936576412565172e+00 6.943784056798141258e-02
4.207500000000737828e+01 1.000591652777149454e+00 6.832719130180478495e-02
4.222499999999372022e+01 1.002036915401615991e+00 6.819246764281311490e-02
4.237500000000000000e+01 1.001751657231106929e+00 6.836877931238377615e-02
4.252500000000640057e+01 1.001354010836530195e+00 6.858943093893607457e-02
4.267499999999256488e+01 1.002355462825673005e+00 6.804704215606320605e-02
4.282500000000744933e+01 1.002936340201538989e+00 6.860077427878306933e-02
4.297499999999342180e+01 1.002826905937139745e+00 6.776078407612999566e-02
4.312500000000000000e+01 1.001027368027740394e+00 6.724826552862613049e-02
4.327500000000669900e+01 1.002975129491413542e+00 6.869180535913806118e-02
4.342499999999249383e+01 1.002467271623919576e+00 6.762839918404538186e-02
4.357500000000752038e+01 1.003205019798513398e+00 6.757152305048962082e-02
4.372499999999313758e+01 1.002473240002840882e+00 6.685819678279089628e-02
4.387500000000000000e+01 1.001598373974014633e+00 6.650761198810271890e-02
4.402500000000697611e+01 1.001877773492966028e+00 6.753693277483273361e-02
4.417499999999242277e+01 1.001899550564770980e+00 6.755281794722110822e-02
4.432500000000759144e+01 1.001208431454474690e+00 6.663544724791273244e-02
4.447499999999286047e+01 1.001025791998771064e+00 6.643900501466208641e-02
4.462500000000000000e+01 1.001217660895900474e+00 6.696551898143830728e-02
4.477500000000724611e+01 1.000052430830682848e+00 6.675637606999378082e-02
4.492499999999235882e+01 1.000342845291270821e+00 6.634140749526735992e-02
4.507500000000766249e+01 1.000586799154762563e+00 6.676988306893331948e-02
4.522499999999259757e+01 1.000219901007062706e+00 6.528111488982502042e-02
4.537500000000000000e+01 1.000451567831432076e+00 6.714411964529412580e-02
4.552500000000750902e+01 1.000320435335308789e+00 6.570405055890821133e-02
4.567499999999228777e+01 1.000317783562703289e+00 6.634897906218292785e-02
4.582500000000772644e+01 1.001370372005792264e+00 6.560425879473186228e-02
4.597499999999233466e+01 1.000448691782715338e+00 6.612586663575406587e-02
4.612500000000000000e+01 1.000690390876493030e+00 6.564558423209643223e-02
4.627500000000776481e+01 1.000456845357403868e+00 6.534431447065160159e-02
4.642499999999223093e+01 1.001581574971476707e+00 6.636995413141982825e-02
4.657500000000779039e+01 1.002941081731239414e+00 6.522939043812950310e-02
4.672499999999207887e+01 1.001618041260192271e+00 6.534326571292091435e-02
4.687500000000000000e+01 1.002635707220211669e+00 6.533111346937856001e-02
4.702500000000801350e+01 1.001712084301977557e+00 6.453845590615450711e-02
4.717499999999216698e+01 1.003196189988302178e+00 6.497635288624449557e-02
4.732500000000784723e+01 1.002377364221650691e+00 6.413863096468548630e-02
4.747499999999183729e+01 1.003311924656381748e+00 6.409121407541047699e-02
4.762500000000000000e+01 1.003227895934792446e+00 6.396187566801873892e-02
4.777500000000825509e+01 1.002712525899063456e+00 6.431834117325904709e-02
4.792499999999211013e+01 1.003277044517322025e+00 6.377195671654739551e-02
4.807500000000790408e+01 1.004029014157008071e+00 6.444023549213674651e-02
4.822499999999160281e+01 1.003824563335627085e+00 6.388768252372641065e-02
4.837500000000000000e+01 1.003899986755409479e+00 6.483838015701942625e-02
4.852500000000848956e+01 1.003125302960873988e+00 6.368209887758431720e-02
4.867499999999204618e+01 1.003321536793911228e+00 6.351071457991307179e-02
4.882500000000796092e+01 1.003656439980417980e+00 6.343223648715351493e-02
4.897499999999137543e+01 1.004161008192453686e+00 6.306395608127528252e-02
4.912500000000000000e+01 1.003945236061938751e+00 6.403647717344748691e-02
4.927500000000870983e+01 1.002119456848553858e+00 6.401021265759909706e-02
4.942499999999198934e+01 1.002822804936383871e+00 6.373604426783133214e-02
4.957500000000802487e+01 1.002943841284428705e+00 6.292808041174040301e-02
4.972499999999115516e+01 1.003408480621801990e+00 6.285950196367723342e-02
4.987500000000000000e+01 1.002686107511797431e+00 6.264194775730362597e-02
5.002500000000893010e+01 1.002031374430669919e+00 6.220950343046982578e-02
5.017499999999193960e+01 1.003426201975373466e+00 6.303343475929840123e-02
5.032500000000807461e+01 1.003418707002840859e+00 6.275623831812850162e-02
5.047499999999094200e+01 1.002674787018217772e+00 6.315793062256003232e-02
5.062500000000000000e+01 1.002442443527033378e+00 6.201267229115971918e-02
5.077500000000914326e+01 1.004034672229418224e+00 6.302223648709727455e-02
5.092499999999188276e+01 1.002656980345649762e+00 6.256608931873750001e-02
5.107500000000812435e+01 1.003060378968513744e+00 6.268796788773750572e-02
5.122499999999072884e+01 1.002699034206304685e+00 6.183243071118080941e-02
5.137500000000000000e+01 1.002162814016961168e+00 6.180889835601321991e-02
5.152500000000934932e+01 1.004332811453292340e+00 6.247485307924851433e-02
5.167499999999183302e+01 1.001725522304254046e+00 6.166272397129612948e-02
5.182500000000818119e+01 1.001594886626617109e+00 6.221093105118921662e-02
5.197499999999052989e+01 1.002109999521949790e+00 6.166352496052938253e-02
5.212500000000000000e+01 1.003269489048019825e+00 6.136733188423518920e-02
5.227500000000954827e+01 1.003120069424336291e+00 6.196022486503469096e-02
5.242499999999178328e+01 1.001718061897620027e+00 6.164143113916856209e-02
5.257500000000806040e+01 1.001764655241200508e+00 6.153063492354021030e-02
5.272499999999033804e+01 1.001579802040135858e+00 6.206468547523243812e-02
5.287500000000000000e+01 1.003424313990799899e+00 6.121653929746024431e-02
5.302500000000974723e+01 1.003538874357610799e+00 6.085648865052604300e-02
5.317499999999255778e+01 1.003571453995259821e+00 6.118101424960502993e-02
5.332500000000729301e+01 1.002689056251784727e+00 6.096062031617623111e-02
5.347499999999015330e+01 1.003374089004729131e+00 6.065205967987422758e-02
5.362500000000000000e+01 1.002865603899876445e+00 6.137446510220302687e-02
5.377500000000993197e+01 1.002370497700750596e+00 6.098639890457985269e-02
5.392499999999331095e+01 1.002702045426296706e+00 6.049680105617936260e-02
5.407500000000654694e+01 1.001883106817211599e+00 6.031713644147455866e-02
5.422499999998996145e+01 1.003707585635847277e+00 6.028802722673122505e-02
5.437500000000000000e+01 1.001845496455990636e+00 6.037469072117385149e-02
5.452500000001011671e+01 1.001681554518488948e+00 6.055935511596837600e-02
5.467499999999403570e+01 1.002220011637824593e+00 6.039187503572703702e-02
5.482500000000581508e+01 1.001378436392940330e+00 6.052378174854600168e-02
5.497499999998977671e+01 1.001755804284852891e+00 6.003828275712477097e-02
5.512500000000000000e+01 1.000879570876385793e+00 5.955032705438874363e-02
5.527500000001029434e+01 1.001537655767862800e+00 5.952808838262977492e-02
5.542499999999475335e+01 1.002277523790283231e+00 6.022116060099611673e-02
5.557500000000510454e+01 1.001742876009454664e+00 5.898456502928731138e-02
5.572499999998960618e+01 1.001500745483895782e+00 5.978506454536008929e-02
5.587500000000000000e+01 1.001106775082255318e+00 5.908049602445883397e-02
5.602500000001046487e+01 1.001377297082112205e+00 5.986757779071343738e-02
5.617499999999544258e+01 1.000895032559310893e+00 5.964439099662981886e-02
5.632500000000441531e+01 1.001343884339588097e+00 5.893872510181814850e-02
5.647499999998942855e+01 1.001827549965474962e+00 5.823266744284643498e-02
5.662500000000000000e+01 1.002919630124879280e+00 5.871719884523660810e-02
5.677500000001062830e+01 1.002098392452770659e+00 5.942041246247279501e-02
5.692499999999611759e+01 1.002254831912776201e+00 5.956783507349765888e-02
5.707500000000374030e+01 1.002951480765425840e+00 5.847287314127020547e-02
5.722499999998926512e+01 1.002378796104929082e+00 5.888286847079603203e-02
5.737500000000000000e+01 1.002864066020015876e+00 5.847883261749960843e-02
5.752500000001079172e+01 1.002063576728383865e+00 5.871430950664643239e-02
5.767499999999677129e+01 1.003436349330107058e+00 5.862625445560261384e-02
5.782500000000310081e+01 1.003378841524401599e+00 5.913200154187563812e-02
5.797499999998910170e+01 1.002901785911444188e+00 5.918157791474072671e-02
5.812500000000000000e+01 1.004191693352678660e+00 5.784022397740631177e-02
5.827500000001095515e+01 1.002556640078690720e+00 5.819284353013176592e-02
5.842499999999741078e+01 1.003453137139672213e+00 5.880756460595432805e-02
5.857500000000246132e+01 1.003044111246897518e+00 5.845056360653682476e-02
5.872499999998893827e+01 1.003338922730900196e+00 5.745932464405920093e-02
5.887500000000000000e+01 1.002932649566203871e+00 5.780708344252710740e-02
5.902500000001111857e+01 1.003012309221927856e+00 5.792066212389473945e-02
5.917499999999803606e+01 1.003092464560718433e+00 5.815654727724722112e-02
5.932500000000184315e+01 1.003910242069402381e+00 5.805282000614493676e-02
5.947499999998878906e+01 1.002468926179836517e+00 5.819499615246563617e-02
5.962500000000000000e+01 1.002610985431487078e+00 5.853732159868367535e-02
5.977500000001126779e+01 1.002914960526324561e+00 5.788246203722374056e-02
5.992499999999864002e+01 1.002577948269359975e+00 5.768454229462222776e-02
6.007500000000123919e+01 1.003259811021687042e+00 5.832034551911324111e-02
6.022499999998863984e+01 1.002617660941639732e+00 5.756006123251750789e-02
6.037500000000000000e+01 1.002352569227996870e+00 5.735709239665957859e-02
6.052500000001142411e+01 1.002786286829588036e+00 5.686133320653632278e-02
6.067499999999923688e+01 1.002923553103844512e+00 5.628543052482169046e-02
6.082500000000064944e+01 1.001897724073557594e+00 5.661294661792810184e-02
6.097499999998849773e+01 1.003123609329996002e+00 5.760697984837691299e-02
6.112500000000000000e+01 1.003601534823721497e+00 5.740440205421779712e-02
6.127500000001155911e+01 1.003025728754449952e+00 5.668188611338830646e-02
6.142499999999980531e+01 1.002118458841043003e+00 5.725879611646022410e-02
6.157500000000007390e+01 1.003316218823027572e+00 5.692668156026336329e-02
6.172499999998834852e+01 1.002486465477228084e+00 5.705290296484677448e-02
6.187500000000000000e+01 1.003401039853187848e+00 5.715355317036008298e-02
6.202500000001170122e+01 1.001504493733780032e+00 5.661760259148002072e-02
6.217500000000037375e+01 1.004136484725996148e+00 5.621746562579239131e-02
6.232499999999951967e+01 1.002589315015167681e+00 5.700735782515573002e-02
6.247499999998820641e+01 1.002581214677624954e+00 5.668094216451597528e-02
6.262500000000000000e+01 1.003419171139048105e+00 5.594306662520796142e-02
6.277500000001184333e+01 1.003048185517922963e+00 5.625564476961503191e-02
6.292500000000092086e+01 1.002466967966778144e+00 5.615106288988742922e-02
6.307499999999897256e+01 1.003671259891306455e+00 5.578780468982882934e-02
6.322499999998807851e+01 1.002041985567286186e+00 5.610624816219370731e-02
6.337500000000000000e+01 1.001502937422729111e+00 5.604969142074589517e-02
6.352500000001197833e+01 1.001802232248429902e+00 5.536234192630228035e-02
6.367500000000146798e+01 1.002414490481551734e+00 5.519984454515796529e-02
6.382499999999843254e+01 1.002125054930768311e+00 5.575162574789923470e-02
6.397499999998793641e+01 1.001649089074366117e+00 5.496107464254822161e-02
6.412500000000000000e+01 1.001898865892814516e+00 5.549312971359943863e-02
6.427500000001211333e+01 1.001983268431990259e+00 5.548299327706863321e-02
6.442500000000200089e+01 1.001642522738573904e+00 5.520792924060588525e-02
6.457499999999791385e+01 1.001222611185446754e+00 5.570335063418033195e-02
6.472499999998781561e+01 1.002065664795698474e+00 5.549879497581181736e-02
6.487500000000000000e+01 1.001233849598742509e+00 5.510063281732843071e-02
6.502500000001224123e+01 1.002069431031998636e+00 5.537045925715290695e-02
6.517500000000251248e+01 1.001569714325442284e+00 5.535145458496518178e-02
6.532499999999740226e+01 1.001064168753184713e+00 5.551046492855533920e-02
6.547499999998768772e+01 1.000773699109670289e+00 5.494011470653554358e-02
6.562500000000000000e+01 1.001120689309499046e+00 5.436201773354377292e-02
6.577500000001236913e+01 1.000896864302256217e+00 5.533013658876654445e-02
6.592500000000300986e+01 1.001019358536280324e+00 5.425625173297501241e-02
6.607499999999690488e+01 1.001640774641573861e+00 5.453268044221271094e-02
6.622499999998755982e+01 1.000822369379136934e+00 5.391916166803525229e-02
6.637500000000000000e+01 1.000571380199417160e+00 5.444502446667351392e-02
6.652500000001249703e+01 1.001509491298924859e+00 5.475809385149423697e-02
6.667500000000349303e+01 1.001363021058274461e+00 5.431884500980833225e-02
6.682499999999640750e+01 1.001816008015458115e+00 5.446176439906511013e-02
6.697499999998743192e+01 1.002112068186638449e+00 5.386080159159116476e-02
6.712500000000000000e+01 1.002626676370504288e+00 5.360103226255061998e-02
6.727500000001261071e+01 1.001117170915745813e+00 5.384638377505691909e-02
6.742500000000397620e+01 1.002177068333016230e+00 5.331264697448308276e-02
6.757499999999593854e+01 1.000405359150706053e+00 5.411206441902386560e-02
6.772499999998731823e+01 1.002126204156930322e+00 5.407826377446729033e-02
6.787500000000000000e+01 1.001695956794827813e+00 5.404826850613471401e-02
6.802500000001272440e+01 1.001103259262756673e+00 5.451133943301872398e-02
6.817500000000444516e+01 1.000516840605498503e+00 5.313723702117940234e-02
6.832499999999546958e+01 9.995702462110468423e-01 5.358643774000466237e-02
6.847499999998720455e+01 1.001586284847063357e+00 5.362375855813845960e-02
6.862500000000000000e+01 1.000331755373390363e+00 5.329058519141941647e-02
6.877500000001283809e+01 1.000073838410703075e+00 5.350388518015982559e-02
6.892500000000489990e+01 9.994240003150873797e-01 5.361841026240137670e-02
6.907499999999501483e+01 1.000129200187670042e+00 5.323108349389720634e-02
6.922499999998709086e+01 9.998925474556988879e-01 5.341027905225696065e-02
6.937500000000000000e+01 9.995560926471765972e-01 5.353130925615660896e-02
6.952500000001295177e+01 9.992315255909539617e-01 5.300755003725578923e-02
6.967500000000535465e+01 9.997155218170242774e-01 5.317673792539012040e-02
6.982499999999456008e+01 1.000301769663210827e+00 5.315642681984666940e-02
6.997499999998697717e+01 9.992967138016950468e-01 5.337939106952815232e-02
7.012500000000000000e+01 9.988404472757668184e-01 5.256116541338259202e-02
7.027500000001306546e+01 9.988849184528854064e-01 5.318262515207027724e-02
7.042500000000579519e+01 9.998971236182307987e-01 5.264454667972243151e-02
7.057499999999413376e+01 9.998449677740511854e-01 5.291031337033465232e-02
7.072499999998686349e+01 9.996724264789462744e-01 5.254541509003034933e-02
7.087500000000000000e+01 9.989725505809630146e-01 5.293216612442710328e-02
7.102500000001316494e+01 1.001044700271937593e+00 5.239758491256128747e-02
7.117500000000620730e+01 9.994868122501873176e-01 5.217431138745570046e-02
7.132499999999369322e+01 1.000229803045269428e+00 5.271573576931325861e-02
7.147499999998676401e+01 1.000185617550629402e+00 5.274981739044660306e-02
7.162500000000000000e+01 9.991631755070079501e-01 5.201930420858387472e-02
7.177500000001327862e+01 1.000070982567147659e+00 5.273494170283861415e-02
7.192500000000663363e+01 9.990018287162866217e-01 5.248888197618129664e-02
7.207499999999328111e+01 9.990377748160513827e-01 5.284209913226949745e-02
7.222499999998666453e+01 9.987418653902306875e-01 5.231936188625792294e-02
7.237500000000000000e+01 9.999813818095081297e-01 5.226629210164094458e-02
7.252500000001337810e+01 9.993199339975241680e-01 5.213562508210248247e-02
7.267500000000704574e+01 9.989200724639536455e-01 5.182046039661650921e-02
7.282499999999286899e+01 1.000090782129505751e+00 5.190334923976133719e-02
7.297499999998655085e+01 9.987136478664934147e-01 5.171753579970229941e-02
7.312500000000000000e+01 9.986065487206237101e-01 5.196500919488624554e-02
7.327500000001347757e+01 9.988946208798333837e-01 5.228382612097141890e-02
7.342500000000745786e+01 9.990172051284225141e-01 5.186009273256482477e-02
7.357499999999247109e+01 9.999255296696283324e-01 5.252690630105441572e-02
7.372499999998646558e+01 9.993970776039411419e-01 5.218849134881215629e-02
7.387500000000000000e+01 9.993176585678884560e-01 5.231564475439858669e-02
7.402500000001359126e+01 9.999124336977681660e-01 5.198113782312158843e-02
7.417500000000785576e+01 9.982143347775772613e-01 5.197378500101321186e-02
7.432499999999207319e+01 9.981157677482133117e-01 5.140579822470578431e-02
7.447499999998635190e+01 9.988807327697505345e-01 5.167448269576696562e-02
7.462500000000000000e+01 1.000695255461195421e+00 5.180421292975327663e-02
7.477500000001367653e+01 9.996201890737244078e-01 5.149405816879415454e-02
7.492500000000823945e+01 9.993159891549553420e-01 5.172074168613699507e-02
7.507499999999168949e+01 9.999092270471585664e-01 5.141658194184334923e-02
7.522499999998626663e+01 1.000867357465400342e+00 5.076431068672512814e-02
7.537500000000000000e+01 1.000367235078383432e+00 5.170484486557263420e-02
7.552500000001377600e+01 1.001038636791800496e+00 5.150719327590057989e-02
7.567500000000862315e+01 1.000793264254546511e+00 5.134775904082538450e-02
7.582499999999130580e+01 1.000136951358983062e+00 5.116752617126111430e-02
7.597499999998616715e+01 1.001761840555753347e+00 5.131263743854960757e-02
7.612500000000000000e+01 1.002074748760395817e+00 5.112181208214437722e-02
7.627500000001386127e+01 1.002537191384566428e+00 5.029753342030864743e-02
7.642500000000899263e+01 1.002830945132900498e+00 5.073301405187573970e-02
7.657499999999093632e+01 1.001801071259828202e+00 5.158526969520541017e-02
7.672499999998608189e+01 1.001515767067264973e+00 5.050898911271137215e-02
7.687500000000000000e+01 1.002104593938431210e+00 5.076392828172873739e-02
7.702500000001396074e+01 1.003671801568001287e+00 5.060875400414421854e-02
7.717500000000934790e+01 1.002365096529722832e+00 5.090373951809279429e-02
7.732499999999058105e+01 1.002606568072071491e+00 5.020200948930832185e-02
7.747499999998598241e+01 1.001027759213453106e+00 5.048640976015187493e-02
7.762500000000000000e+01 1.002971165516500118e+00 5.068889167484275787e-02
7.777500000001404601e+01 1.001790177457164255e+00 5.055268362501877388e-02
7.792500000000971738e+01 1.001861399781505790e+00 5.089704336175558674e-02
7.807499999999021156e+01 1.002865713498794165e+00 5.023918589980233551e-02
7.822499999998589715e+01 1.002835124512466036e+00 5.023271803782733413e-02
7.837500000000000000e+01 1.002750847912239118e+00 5.021847702782360201e-02
7.852500000001413127e+01 1.002307909386050966e+00 5.043265057031219578e-02
7.867500000001005844e+01 1.002398874330949763e+00 5.052185548403678034e-02
7.882499999998987050e+01 1.002072891858258430e+00 5.026031907743776922e-02
7.897499999998581188e+01 1.002896737046151454e+00 5.011164449228915074e-02
7.912500000000000000e+01 1.002107358470795129e+00 5.018118835006056544e-02
7.927500000001423075e+01 1.001824564584114619e+00 4.878288039970298667e-02
7.942500000001041371e+01 1.001488297385953574e+00 4.971822894531272019e-02
7.957499999998951523e+01 1.002428564252742182e+00 5.081564565087069024e-02
7.972499999998572662e+01 1.000761215668046322e+00 4.993410667869269126e-02
7.987500000000000000e+01 1.001100920521363236e+00 4.956762490760801415e-02
8.002500000001430180e+01 1.001794662224875454e+00 4.940400034605887947e-02
8.017500000001075477e+01 1.000320602942438741e+00 5.019502489542655016e-02
8.032499999998918838e+01 1.001609428560451542e+00 5.057253627631178028e-02
8.047499999998564135e+01 1.001454723155044579e+00 4.927380695806793387e-02
8.062500000000000000e+01 9.751472651032008221e-01 4.923681373303498421e-02
8.077500000001438707e+01 9.527270127388067777e-01 4.830832758622965323e-02
8.092500000001108162e+01 9.393835599160144101e-01 4.839119385190877864e-02
8.107499999998886153e+01 9.271793924578576318e-01 4.689051885912601941e-02
8.122499999998557030e+01 9.182635676233573685e-01 4.728444670355611695e-02
8.137500000000000000e+01 9.100822397547904119e-01 4.712233007666027235e-02
8.152500000001447233e+01 9.017369165280252341e-01 4.714997551062038300e-02
8.167500000001139426e+01 8.946471061445210315e-01 4.641960953339810403e-02
8.182499999998853468e+01 8.877462115221892436e-01 4.624769533326093807e-02
8.197499999998548503e+01 8.812582673845866799e-01 4.599751488981704967e-02
8.212500000000000000e+01 8.755091029314163720e-01 4.578179591763904821e-02
8.227500000001455760e+01 8.702804659614257199e-01 4.540603240296023357e-02
8.242500000001172111e+01 8.645749022681301632e-01 4.624690829409386361e-02
8.257499999998822204e+01 8.595067210163463978e-01 4.566873724818871355e-02
8.272499999998539977e+01 8.541459792999357425e-01 4.526177144558190396e-02
8.287500000000000000e+01 8.496435316459918230e-01 4.503112501835415671e-02
8.302500000001462865e+01 8.448625908535615237e-01 4.518991925408568505e-02
8.317500000001203375e+01 8.398293805857595107e-01 4.479868366164064392e-02
8.332499999998789519e+01 8.353135344907338666e-01 4.501935612367135436e-02
8.347499999998531450e+01 8.322575853713823912e-01 4.491191821766823966e-02
8.362500000000000000e+01 8.266014909037829872e-01 4.443370643312625351e-02
8.377500000001469971e+01 8.228755190305644396e-01 4.435066531061016004e-02
8.392500000001234639e+01 8.191066294252946633e-01 4.405813006344134336e-02
8.407499999998758256e+01 8.152378099113092302e-01 4.341786842896526444e-02
8.422499999998524345e+01 8.120490075536118679e-01 4.375263221384769613e-02
8.437500000000000000e+01 8.079621191779354783e-01 4.360641646138189303e-02
8.452500000001478497e+01 8.046133711208481865e-01 4.326585502580684861e-02
8.467500000001264482e+01 8.016228254066343206e-01 4.320146524678868116e-02
8.482499999998728413e+01 7.974647387176204694e-01 4.361744106644615399e-02
8.497499999998517239e+01 7.938643744291276061e-01 4.298204794510129823e-02
8.512500000000000000e+01 7.912752689899138492e-01 4.323831475225391879e-02
8.527500000001485603e+01 7.873336177584546736e-01 4.265110322210789728e-02
8.542500000001294325e+01 7.847753475135051948e-01 4.320018186532644661e-02
8.557499999998699991e+01 7.812164520375732835e-01 4.299321184027097426e-02
8.572499999998510134e+01 7.786411576582974448e-01 4.241507380877396899e-02
8.587500000000000000e+01 7.758620383897809614e-01 4.250490901198213101e-02
8.602500000001494129e+01 7.717465951442473715e-01 4.208526863773799642e-02
8.617500000001324167e+01 7.687109591407271791e-01 4.189092322407077934e-02
8.632499999998670148e+01 7.659218088646501110e-01 4.182681101449962219e-02
8.647499999998503029e+01 7.626921003800456456e-01 4.176429773498541165e-02
8.662500000000000000e+01 7.602366050191509128e-01 4.183768371737299485e-02
8.677500000001501235e+01 7.579870558367010069e-01 4.209335907047626057e-02
8.692500000001352589e+01 7.552918246771859190e-01 4.126944228414158866e-02
8.707499999998641727e+01 7.522305954201694567e-01 4.113851020127887170e-02
8.722499999998494502e+01 7.484953513372784029e-01 4.132064870133003026e-02
8.737500000000000000e+01 7.460158343442776507e-01 4.114353446109522000e-02
8.752500000001508340e+01 7.433727783490180485e-01 4.072462011794680814e-02
8.767500000001381011e+01 7.415722425613049396e-01 4.070261667876822614e-02
8.782499999998613305e+01 7.380819201315214073e-01 4.065444893329778209e-02
8.797499999998487397e+01 7.363944351464494220e-01 4.011288590472910504e-02
8.812500000000000000e+01 7.331822927181641525e-01 4.035268484353871088e-02
8.827500000001514024e+01 7.308328422959884385e-01 4.036228871470998181e-02
8.842500000001409433e+01 7.276845393792401584e-01 4.039737671115500861e-02
8.857499999998586304e+01 7.257473045985152194e-01 4.030877048886027936e-02
8.872499999998480291e+01 7.238229598288916655e-01 3.970316313141545456e-02
8.887500000000000000e+01 7.201189584147348333e-01 4.007911130379940984e-02
8.902500000001521130e+01 7.179756957428019559e-01 3.996079247676277701e-02
8.917500000001436433e+01 7.158031591083164891e-01 4.012129643764296427e-02
8.932499999998557882e+01 7.150935616675536677e-01 3.941692395512842728e-02
8.947499999998473186e+01 7.117765979972744406e-01 3.970525376241716697e-02
8.962500000000000000e+01 7.102044814287568064e-01 3.950383491384646534e-02
8.977500000001528235e+01 7.077028390125912338e-01 3.944784121139330996e-02
8.992500000001462013e+01 7.056604338005608712e-01 3.975360961755604328e-02
9.007499999998532303e+01 7.032736023279434479e-01 3.962809657256771007e-02
9.022499999998467501e+01 7.012465192022870886e-01 3.967587456407635493e-02
9.037500000000000000e+01 6.995439955027235035e-01 3.882143105777964565e-02
9.052500000001533920e+01 6.971961545052225429e-01 3.876744605422104833e-02
9.067500000001489013e+01 6.954689354691711012e-01 3.878708480213766130e-02
9.082499999998505302e+01 6.937095969241823257e-01 3.905601291684948628e-02
9.097499999998460396e+01 6.910336197816561166e-01 3.919500090438903656e-02
9.112500000000000000e+01 6.890196995710853312e-01 3.842381924061447768e-02
9.127500000001541025e+01 6.873436816472445754e-01 3.817239027582286504e-02
9.142500000001514593e+01 6.851173211454347767e-01 3.865959180356015601e-02
9.157499999998479723e+01 6.830122503605716711e-01 3.837307732657150444e-02
9.172499999998454712e+01 6.821254157966603060e-01 3.859851281595426398e-02
9.187500000000000000e+01 6.798707349153501056e-01 3.834886393241258157e-02
9.202500000001548131e+01 6.779813377790337992e-01 3.806696791389472395e-02
9.217500000001541594e+01 6.757331117759000083e-01 3.766258278259754927e-02
9.232499999998454143e+01 6.746822102549739908e-01 3.802607850693940500e-02
9.247499999998447606e+01 6.727718663677783040e-01 3.820465626295059536e-02
9.262500000000000000e+01 6.717360334597871629e-01 3.822028547729545284e-02
9.277500000001553815e+01 6.701557963949155150e-01 3.785818066449953695e-02
9.292500000001565752e+01 6.672797079241019613e-01 3.770057541631906955e-02
9.307499999998428564e+01 6.653749210878919795e-01 3.784800687084100695e-02
9.322499999998441922e+01 6.641763176458266305e-01 3.753807589934605310e-02
9.337500000000000000e+01 6.617996666261612981e-01 3.699326158094215500e-02
9.352500000001559499e+01 6.606163648395834143e-01 3.716118451221996077e-02
9.367500000001591332e+01 6.591818440693322234e-01 3.756926970561827450e-02
9.382499999998402984e+01 6.575715447550787296e-01 3.652024027984090981e-02
9.397499999998436238e+01 6.558554871896599137e-01 3.644595436229072782e-02
9.412500000000000000e+01 6.532997403307748696e-01 3.692756538325197430e-02
9.427500000001566605e+01 6.526277820693867637e-01 3.681894351698231788e-02
9.442500000001615490e+01 6.507904533479387243e-01 3.661177005453199185e-02
9.457499999998380247e+01 6.490468597289309471e-01 3.654816296202470505e-02
9.472499999998429132e+01 6.473460493652570813e-01 3.694659885649990289e-02
9.487500000000000000e+01 6.458958672420785918e-01 3.651331849599846052e-02
9.502500000001572289e+01 6.442838347148042155e-01 3.640021684986987499e-02
9.517500000001639648e+01 6.420147213108202688e-01 3.678246004961455151e-02
9.532499999998356088e+01 6.408297015261056329e-01 3.627031021503028529e-02
9.547499999998423448e+01 6.391340731299418598e-01 3.641557294892003999e-02
9.562500000000000000e+01 6.377393788020828680e-01 3.620394143548133492e-02
9.577500000001577973e+01 6.358782329343730666e-01 3.614746472147403050e-02
9.592500000001662386e+01 6.347263402279755828e-01 3.644969413138123698e-02
9.607499999998331930e+01 6.325564721350380726e-01 3.545690261934582310e-02
9.622499999998417763e+01 6.310571859599838351e-01 3.592166335101519559e-02
9.637500000000000000e+01 6.295512038973553048e-01 3.581486097684257602e-02
9.652500000001585079e+01 6.285741813084303464e-01 3.577639608600847315e-02
9.667500000001686544e+01 6.267962977916103906e-01 3.535301787407299501e-02
9.682499999998309193e+01 6.255363019559160298e-01 3.572037429576273293e-02
9.697499999998412079e+01 6.239264393315174795e-01 3.608179215435517589e-02
9.712500000000000000e+01 6.230671576425287350e-01 3.563004991294702745e-02
9.727500000001590763e+01 6.207919298832670352e-01 3.543137684060974901e-02
9.742500000001709282e+01 6.190930044230530394e-01 3.544273097606812778e-02
9.757499999998287876e+01 6.182929164496836494e-01 3.528560606601456595e-02
9.772499999998406395e+01 6.164825457160948430e-01 3.546643054322747013e-02
9.787500000000000000e+01 6.145192888292646538e-01 3.534876638136546373e-02
9.802500000001595026e+01 6.133121250789408396e-01 3.503410103543917742e-02
9.817500000001732019e+01 6.127472432334333252e-01 3.498626711928856658e-02
9.832499999998263718e+01 6.105789983172984492e-01 3.526110477901211321e-02
9.847499999998402131e+01 6.085234950847470126e-01 3.481199550187906444e-02
9.862500000000000000e+01 6.076492321779018990e-01 3.510081948055100709e-02
9.877500000001600711e+01 6.055934346013035485e-01 3.446427159571584936e-02
9.892500000001753335e+01 6.052704754245191721e-01 3.470489771062931772e-02
9.907499999998242401e+01 6.032699042598103079e-01 3.464108471000162254e-02
9.922499999998395026e+01 6.020349601908336901e-01 3.444820456762330563e-02
9.937500000000000000e+01 6.007918985741320661e-01 3.444229522410954814e-02
9.952500000001606395e+01 5.997081115755655834e-01 3.477675731194943692e-02
9.967500000001776073e+01 5.975959393295883215e-01 3.431240413458386262e-02
9.982499999998221085e+01 5.965449055370262155e-01 3.433082864004512874e-02
9.997499999998389342e+01 5.953416357905244594e-01 3.426390654205328790e-02
1.001250000000000000e+02 5.939893393118055309e-01 3.411071403693915344e-02
1.002750000000161208e+02 5.926101772697709436e-01 3.373227878509449384e-02
1.004250000000179597e+02 5.912200623950936151e-01 3.361466875624986167e-02
1.005749999999819835e+02 5.903470419062244456e-01 3.381196383761178592e-02
1.007249999999838508e+02 5.739258330635985672e-01 3.326379986010234019e-02
1.008750000000000000e+02 5.492171508434176008e-01 3.284264459058238578e-02
1.010250000000161776e+02 5.347060987989856740e-01 3.232219917401022574e-02
1.011750000000181871e+02 5.235795875448145953e-01 3.189083692069351328e-02
1.013249999999817845e+02 5.129716551674724512e-01 3.160921353193768546e-02
1.014749999999837939e+02 5.029656697529905074e-01 3.135018179636146068e-02
1.016250000000000000e+02 4.947129758296315849e-01 3.114505196819443433e-02
1.017750000000162345e+02 4.874641613520826477e-01 3.073538957015797476e-02
1.019250000000184002e+02 4.803759586853206809e-01 3.051064590510072297e-02
1.020749999999815714e+02 4.728709138109821186e-01 3.009002866378020918e-02
1.022249999999837513e+02 4.659697534796667373e-01 3.005282858342899974e-02
1.023750000000000000e+02 4.600939153137685311e-01 2.988334774841641672e-02
1.025250000000162771e+02 4.538207817327428728e-01 2.976708805991793577e-02
1.026750000000185992e+02 4.483247488145723492e-01 2.930263410884842781e-02
1.028249999999813582e+02 4.424214903983845204e-01 2.916329306680207414e-02
1.029749999999836945e+02 4.363427896831362229e-01 2.909864757497606508e-02
1.031250000000000000e+02 4.311477472585362736e-01 2.864669440395408578e-02
1.032750000000163340e+02 4.253696019912074910e-01 2.888202508098850624e-02
1.034250000000187981e+02 4.209163202949662286e-01 2.834346142638799124e-02
1.035749999999811592e+02 4.157408128219641230e-01 2.783966935535796272e-02
1.037249999999836376e+02 4.112476629277369566e-01 2.770828382334402512e-02
1.038750000000000000e+02 4.058070611107790215e-01 2.804340158394212981e-02
1.040250000000163766e+02 4.015646396674619756e-01 2.717257268143771082e-02
1.041750000000189971e+02 3.966772454212096899e-01 2.744886640369444825e-02
1.043249999999809603e+02 3.915722832653388275e-01 2.711757862131982527e-02
1.044749999999835950e+02 3.876055902243234486e-01 2.726251670559908663e-02
1.046250000000000000e+02 3.830167331125250985e-01 2.693786564211596984e-02
1.047750000000164334e+02 3.790377639538816124e-01 2.683642973375303595e-02
1.049250000000191818e+02 3.735936733572520763e-01 2.690149483991891022e-02
1.050749999999807613e+02 3.699002850648501206e-01 2.640426385853933411e-02
1.052249999999839503e+02 3.661416776437083631e-01 2.628610357357779453e-02
1.053750000000000000e+02 3.620232342330960695e-01 2.619021509605074655e-02
1.055250000000157229e+02 3.577752665803515253e-01 2.618604705177303774e-02
1.056750000000193808e+02 3.542817020598416633e-01 2.565452996669424085e-02
1.058249999999805766e+02 3.504498172535304712e-01 2.556936684674369215e-02
1.059749999999847319e+02 3.465780587338829766e-01 2.534945877945110962e-02
1.061250000000000000e+02 3.429792373950812379e-01 2.517143470343707543e-02
1.062750000000149555e+02 3.394844809027656729e-01 2.517170963550070806e-02
1.064250000000195797e+02 3.359035452285046852e-01 2.495150344042569926e-02
1.065749999999803919e+02 3.321566035331688371e-01 2.525354651940540929e-02
1.067249999999854850e+02 3.292926904139703570e-01 2.501319356298565416e-02
1.068750000000000000e+02 3.254666929008841469e-01 2.433179046701001991e-02
1.070250000000141881e+02 3.225041643329285002e-01 2.436853819093733053e-02
1.071750000000197645e+02 3.180349096857700841e-01 2.410104866898454823e-02
1.073249999999802071e+02 3.151664684173942077e-01 2.403553629788543824e-02
1.074749999999862524e+02 3.113666391361601393e-01 2.410497406127257852e-02
1.076250000000000000e+02 3.085031533906402723e-01 2.382792821646255096e-02
1.077750000000134492e+02 3.045639994595249478e-01 2.394499859674839234e-02
1.079250000000199492e+02 3.015683726967639533e-01 2.365267656141555042e-02
1.080749999999800224e+02 2.986888859485149483e-01 2.349476042434015671e-02
1.082249999999869914e+02 2.947512707562937040e-01 2.295325709701074093e-02
1.083750000000000000e+02 2.923113049073562952e-01 2.285601591598802537e-02
1.085250000000127244e+02 2.887034083966039111e-01 2.302479663964934753e-02
1.086750000000201481e+02 2.854021350061564100e-01 2.266109816293428170e-02
1.088249999999798376e+02 2.822280744818302378e-01 2.268611760883373907e-02
1.089749999999877161e+02 2.793698674503246604e-01 2.249659761244469577e-02
1.091250000000000000e+02 2.761998121972270570e-01 2.225813004011005514e-02
1.092750000000119854e+02 2.728825358605778129e-01 2.211995378535307546e-02
1.094250000000203045e+02 2.698274049151694887e-01 2.198754908627580454e-02
1.095749999999796529e+02 2.668600966554289244e-01 2.195590660298391353e-02
1.097249999999884409e+02 2.639472204598696803e-01 2.188601168771257821e-02
1.098750000000000000e+02 2.608491293048466053e-01 2.157270801245303113e-02
1.100250000000112749e+02 2.581531573640445387e-01 2.147026103862223478e-02
1.101750000000204892e+02 2.548568574874813808e-01 2.155677301720923880e-02
1.103249999999794682e+02 2.522331855686250623e-01 2.115605815203491780e-02
1.104749999999891372e+02 2.493457355427934896e-01 2.121277630441730302e-02
1.106250000000000000e+02 2.468512521410960447e-01 2.083356478528551603e-02
1.107750000000105643e+02 2.431477454389000536e-01 2.113712420313795456e-02
1.109250000000206740e+02 2.413053757518107412e-01 2.094898591441551883e-02
1.110749999999792976e+02 2.376759554684295117e-01 2.055435166900637656e-02
1.112249999999898620e+02 2.354489890662636309e-01 2.072686508338401901e-02
1.113750000000000000e+02 2.322685817371390460e-01 2.006011540817839028e-02
1.115250000000098822e+02 2.294237217875778612e-01 2.016264044164747804e-02
1.116750000000208445e+02 2.272206832222361250e-01 2.007306096706854351e-02
1.118249999999791129e+02 2.244514823009180482e-01 1.984274391186479150e-02
1.119749999999905299e+02 2.218219512810082061e-01 1.964280021802556481e-02
1.121250000000000000e+02 2.196510596587187558e-01 1.976755469320282815e-02
1.122750000000091859e+02 2.169734232185196454e-01 1.974237386653144785e-02
1.124250000000210008e+02 2.138179692962022260e-01 1.921079095288447114e-02
1.125749999999789566e+02 2.114971823766942094e-01 1.941606783295428060e-02
1.127249999999912120e+02 2.092169491003065818e-01 1.927632876241963319e-02
1.128750000000000000e+02 2.066930080169545325e-01 1.921596623403751605e-02
1.130250000000085180e+02 2.036365828024673807e-01 1.900324573433000500e-02
1.131750000000211855e+02 2.010193077792408467e-01 1.872657090052765039e-02
1.133249999999787860e+02 1.991546124073245716e-01 1.872313834259301674e-02
1.134749999999919083e+02 1.964017390426781029e-01 1.850292387465975186e-02
1.136250000000000000e+02 1.939532287414350020e-01 1.838359019653109869e-02
1.137750000000078359e+02 1.915467012036105310e-01 1.819657671366134780e-02
1.139250000000213561e+02 1.893492593305231564e-01 1.789244999504325390e-02
1.140749999999786297e+02 1.867239176487055785e-01 1.810756559659646575e-02
1.142249999999925620e+02 1.842640864656024946e-01 1.786357073415693886e-02
1.143750000000000000e+02 1.821509785714840179e-01 1.766668210426731306e-02
1.145250000000071680e+02 1.798796814602226235e-01 1.766283059163094304e-02
1.146750000000215124e+02 1.776238355345178543e-01 1.746850602055986454e-02
1.148249999999784308e+02 1.750914482901418656e-01 1.728066562888524310e-02
1.149749999999932157e+02 1.726816078416195666e-01 1.726195311152213530e-02
1.151250000000000000e+02 1.701242176976244802e-01 1.703102506754934978e-02
1.152750000000065285e+02 1.679477334051248938e-01 1.717694560033387538e-02
1.154250000000216829e+02 1.658623080417568341e-01 1.686265395749985893e-02
1.155749999999783029e+02 1.636093604806935775e-01 1.689841371197251321e-02
1.157249999999938694e+02 1.612945705952245901e-01 1.670348790654661505e-02
1.158750000000000000e+02 1.588750021892483821e-01 1.637210743194545542e-02
1.160250000000058748e+02 1.568927176791220790e-01 1.617151836813535137e-02
1.161750000000218392e+02 1.546859738172889909e-01 1.629214954560052886e-02
1.163249999999781323e+02 1.525581641433627900e-01 1.599361700363439651e-02
1.164749999999945089e+02 1.506179774436565144e-01 1.596084419620256295e-02
1.166250000000000000e+02 1.482959888405783466e-01 1.592297000802275070e-02
1.167750000000052495e+02 1.465094409671978959e-01 1.586023177099851050e-02
1.169250000000220098e+02 1.442039281337178513e-01 1.582396050394479017e-02
1.170749999999779760e+02 1.419397790677748294e-01 1.549599548281935073e-02
1.172249999999951484e+02 1.399291301084833461e-01 1.527012476039579444e-02
1.173750000000000000e+02 1.377677787081313110e-01 1.508713237896566230e-02
1.175250000000046242e+02 1.360116612226439925e-01 1.510498182674488606e-02
1.176750000000221377e+02 1.337454206219537978e-01 1.483829810248547994e-02
1.178249999999778055e+02 1.314230279571063364e-01 1.474593410076334953e-02
1.179749999999957453e+02 1.290605025809853923e-01 1.476076849172917350e-02
1.181250000000000000e+02 1.274595878636729795e-01 1.440266456358543952e-02
1.182750000000039989e+02 1.254269322582346469e-01 1.440014357695976362e-02
1.184250000000223082e+02 1.233294514245356632e-01 1.438709489041511101e-02
1.185749999999776634e+02 1.208541344128409023e-01 1.407519645950042371e-02
1.187249999999963705e+02 1.193298649186337324e-01 1.407399671734550078e-02
1.188750000000000000e+02 1.171286653024903451e-01 1.406501225676342476e-02
1.190250000000033879e+02 1.150712799724831481e-01 1.374542186092447132e-02
1.191750000000224645e+02 1.132671164602454400e-01 1.364622476737943971e-02
1.193249999999775071e+02 1.111762346705473942e-01 1.350097390508084652e-02
1.194749999999969816e+02 1.094288987534706298e-01 1.344404570721714938e-02
1.196250000000000000e+02 1.069655285379153276e-01 1.328642805378422304e-02
1.197750000000027910e+02 1.053894854070738241e-01 1.314104037030339005e-02
1.199250000000226066e+02 1.032616278714686420e-01 1.302436594096545788e-02
1.200749999999773650e+02 1.013746652029961226e-01 1.271425741319409837e-02
1.202249999999975927e+02 9.939978537834960604e-02 1.278370896978809138e-02
1.203750000000000000e+02 9.757698608847685529e-02 1.263098081163900772e-02
1.205250000000021799e+02 9.558979021310891333e-02 1.241766022668205037e-02
1.206750000000227772e+02 9.359712976934374262e-02 1.226305436545746357e-02
1.208249999999772086e+02 9.189903497095262830e-02 1.225435579354397682e-02
1.209749999999981753e+02 8.993559136563639145e-02 1.200445686482301544e-02
1.211250000000000000e+02 8.824843322003206314e-02 1.188361414147537896e-02
1.212750000000015973e+02 8.610186073149317387e-02 1.181434987861970654e-02
1.214250000000229193e+02 8.419130199274274529e-02 1.174361996414961459e-02
1.215749999999770665e+02 8.250102858149642449e-02 1.159651974580481332e-02
1.217249999999987580e+02 8.045540121763659902e-02 1.136185691788695919e-02
1.218750000000000000e+02 7.880530179576500371e-02 1.136641047216766127e-02
1.220250000000010147e+02 7.699549985789018447e-02 1.113143960244657865e-02
1.221750000000230472e+02 7.491503984380699921e-02 1.104163464267893767e-02
1.223249999999769244e+02 7.306831482778525233e-02 1.090723287124996561e-02
1.224749999999993406e+02 7.151939294509747358e-02 1.077147757300639559e-02
1.226250000000000000e+02 6.951551876581268941e-02 1.066472134432565853e-02
1.227750000000004320e+02 6.770521066791274079e-02 1.038084414155501616e-02
1.229250000000231893e+02 6.592713855961718217e-02 1.030390476720946177e-02
1.230749999999767681e+02 6.410130776745262549e-02 1.016438459479629235e-02
1.232249999999999233e+02 6.245540229599386151e-02 9.944894733093690917e-03
1.233750000000000000e+02 6.067333165615246965e-02 9.830232999076727110e-03
1.235249999999998494e+02 5.886312726758957670e-02 9.725109052583601546e-03
1.236750000000233314e+02 5.708261055695496022e-02 9.587452475033442917e-03
1.238249999999766402e+02 5.525310682731178480e-02 9.325486408706340491e-03
1.239750000000004775e+02 5.374394771658848324e-02 9.302236275973780472e-03
1.241250000000000000e+02 5.174548918520010393e-02 9.132705372539884001e-03
1.242749999999992951e+02 5.008219034388494001e-02 8.921085186452981999e-03
1.244250000000234735e+02 4.838220104762466084e-02 8.849496274601624524e-03
1.245749999999764839e+02 4.671867787801511213e-02 8.637299217133399126e-03
1.247250000000010317e+02 4.513920096101638191e-02 8.526243024961235525e-03
1.248750000000000000e+02 4.338248924717782312e-02 8.294494025646043794e-03
1.250249999999987551e+02 4.177729803448484297e-02 8.138877711021825709e-03
1.251750000000236156e+02 4.017744246320627960e-02 7.862798698793761407e-03
1.253249999999763702e+02 3.852254348751026763e-02 7.795966006068479580e-03
1.254750000000015859e+02 3.678739018150348206e-02 7.489622063688482038e-03
1.256250000000000000e+02 3.513438608444322681e-02 7.307328074894418012e-03
1.257749999999982009e+02 3.347378624321657725e-02 7.222077024075334098e-03
1.259250000000237577e+02 3.187612624522660754e-02 7.057048380290171542e-03
1.260749999999762281e+02 3.023914303407498547e-02 6.943116053942191036e-03
1.262250000000021259e+02 2.852521763200051991e-02 6.674215927561918602e-03
1.263750000000000000e+02 2.704453080418170452e-02 6.536178395729013921e-03
1.265249999999976609e+02 2.544215768220469201e-02 6.317992982983140771e-03
1.266750000000238856e+02 2.387461533703123459e-02 6.137502813911797743e-03
1.268249999999760860e+02 2.209639568754776309e-02 5.911532693330110062e-03
1.269750000000026660e+02 2.059165886899780654e-02 5.660742689821344868e-03
1.271250000000000000e+02 1.896984785106853311e-02 5.432281121264322978e-03
1.272749999999971209e+02 1.732210580044056189e-02 5.240048022898119787e-03
1.274250000000240277e+02 1.577599422402071669e-02 4.953061897031835019e-03
1.275749999999759439e+02 1.420740291302087857e-02 4.635822166932868950e-03
1.277250000000031918e+02 1.261734536744719623e-02 4.395305476830718532e-03
1.278750000000000000e+02 1.096545667381416782e-02 4.126890462380483973e-03
1.280249999999965951e+02 9.411587839888038362e-03 3.801304318540414673e-03
1.281750000000241414e+02 7.897017587027630597e-03 3.461673273343273977e-03
1.283249999999758018e+02 6.335675860682205875e-03 3.157940651704858187e-03
1.284750000000037176e+02 4.754490676470819570e-03 2.725071562367904765e-03
1.286250000000000000e+02 3.189377483802354699e-03 2.253963159410440030e-03
1.287749999999960835e+02 1.682176749768634835e-03 1.605512134385731187e-03
1.289250000000242835e+02 2.888324280514247520e-04 6.759272499102963365e-04
