# Radius RDF_mean RDF_std
7.500000000000896228e-02 2.693541493093185579e-01 1.016229414085311422e+00
2.249999999999577616e-01 2.789249421556708741e-01 5.867800125852440374e-01
3.750000000000000000e-01 2.790171329701802150e-01 4.638231356798479532e-01
5.249999999999700462e-01 2.828564369285936908e-01 3.926861232252623068e-01
6.750000000001169509e-01 2.855263422866649581e-01 3.508319723580370364e-01
8.249999999998777200e-01 2.932335433903616173e-01 3.185600358193522719e-01
9.750000000001839418e-01 2.963826314315213262e-01 2.959784435937535263e-01
1.125000000000000000e+00 3.037821680714036798e-01 2.755258287558322583e-01
1.274999999999773648e+00 3.141715049891058986e-01 2.634343580997420275e-01
1.424999999999764455e+00 3.286346250942731584e-01 2.555238080958494584e-01
1.575000000000282396e+00 3.369326539742772963e-01 2.439064602437037710e-01
1.725000000000170397e+00 3.485484763025598065e-01 2.405787531626837894e-01
1.875000000000000000e+00 3.659815676730345801e-01 2.343349734063174261e-01
2.025000000000070521e+00 3.802487576614191900e-01 2.295805916442552608e-01
2.174999999999594813e+00 3.959629458126924240e-01 2.264792575707364752e-01
2.325000000000426059e+00 4.110602559273480727e-01 2.244653798731519045e-01
2.474999999999678124e+00 4.315890783380272322e-01 2.188897420546414008e-01
2.625000000000000000e+00 4.493545467166409346e-01 2.215665939979310772e-01
2.775000000000444444e+00 4.731586480384925020e-01 2.189252100775836984e-01
2.924999999999512212e+00 4.966763683416564046e-01 2.187880126374316669e-01
3.075000000000499334e+00 5.239073473886853849e-01 2.206505867905897977e-01
3.224999999999414779e+00 5.511125739167730408e-01 2.181235902916429659e-01
3.375000000000000000e+00 5.823524886567635894e-01 2.214454143134951813e-01
3.525000000000659384e+00 6.147783199801637455e-01 2.175343681018528375e-01
3.674999999999857714e+00 6.491805961745763520e-01 2.252118228674802880e-01
3.825000000000022382e+00 6.786513524118573670e-01 2.241120170519688704e-01
3.974999999999250466e+00 7.260079592338148924e-01 2.251781929109635538e-01
4.125000000000000000e+00 7.906051647429900298e-01 2.278180730021931999e-01
4.275000000000798828e+00 8.517172563583644829e-01 2.350095813031012892e-01
4.425000000000374634e+00 9.041145886737211868e-01 2.406812674327381552e-01
4.574999999999541878e+00 9.286862340795971615e-01 2.393379972679568479e-01
4.724999999999138112e+00 9.265812020388310977e-01 2.362131558942733300e-01
4.875000000000000000e+00 9.157491867276004172e-01 2.326635402767869842e-01
5.025000000000897415e+00 9.107923585007969836e-01 2.295946848139610030e-01
5.175000000000743228e+00 8.974309394426573938e-01 2.214599459403127635e-01
5.324999999999196376e+00 8.978394889107330634e-01 2.181375136162229111e-01
5.474999999999057287e+00 8.988967571711240501e-01 2.132509647258078456e-01
5.625000000000000000e+00 9.104586098976997777e-01 2.157643737595540956e-01
5.775000000000969358e+00 9.219938608955265957e-01 2.110073211130840676e-01
5.925000000001017675e+00 9.342985713344161836e-01 2.087503671894973267e-01
6.074999999998936140e+00 9.507539565745528609e-01 2.089201658692598496e-01
6.224999999998995115e+00 9.559211687164700377e-01 2.037657242885846376e-01
6.375000000000000000e+00 9.594830858830351028e-01 2.066069044467614690e-01
6.525000000001025313e+00 9.492593900647291472e-01 2.017119751423158414e-01
6.675000000001229949e+00 9.520298737383626753e-01 2.005602606946156885e-01
6.824999999998733635e+00 9.450897068707779791e-01 1.959967108172210315e-01
6.974999999999387690e+00 9.492183975213497327e-01 1.957952504657278214e-01
7.125000000000000000e+00 9.538268636048997662e-01 1.943889009124201706e-01
7.275000000000346745e+00 9.623073048943956431e-01 1.905651710173361379e-01
7.425000000001398703e+00 9.708043251720656075e-01 1.903844826292946935e-01
7.574999999998571099e+00 9.840999129920875443e-01 1.891137423293945130e-01
7.725000000000012079e+00 9.941520889554179563e-01 1.889111954787233705e-01
7.875000000000000000e+00 9.941998380045945494e-01 1.881804527252020631e-01
8.024999999999771205e+00 1.005883396279599662e+00 1.824995937426019121e-01
8.175000000001539036e+00 1.007553700253167595e+00 1.848257968282159547e-01
8.324999999998437872e+00 1.011335883235130462e+00 1.860034865098741941e-01
8.475000000000525446e+00 1.013888691123306263e+00 1.824040069004699560e-01
8.625000000000000000e+00 1.020344117965597874e+00 1.814058727739967236e-01
8.774999999999291589e+00 1.023810490767942172e+00 1.791986969725167800e-01
8.925000000001652722e+00 1.023971748983565133e+00 1.775817425469802258e-01
9.074999999998325961e+00 1.026782725726514967e+00 1.777164580245853831e-01
9.225000000000957101e+00 1.025621823905627394e+00 1.759666971523307089e-01
9.375000000000000000e+00 1.026187172118694590e+00 1.751342068867597357e-01
9.524999999998890132e+00 1.025187684542375521e+00 1.723508283574121114e-01
9.675000000001750422e+00 1.024886335592839925e+00 1.723219156260966944e-01
9.824999999998231814e+00 1.019376304751185458e+00 1.691855746957175999e-01
9.975000000001321254e+00 1.016965192123394424e+00 1.670145900935070260e-01
1.012500000000000000e+01 1.014064392906101952e+00 1.652115766373718209e-01
1.027499999999854730e+01 1.012843889255438778e+00 1.658447535375311699e-01
1.042500000000183391e+01 1.009305970485222970e+00 1.640780450245468425e-01
1.057499999999815010e+01 1.011044685577031421e+00 1.633956385983102166e-01
1.072500000000163745e+01 1.005984328908210435e+00 1.607174601404049996e-01
1.087500000000000000e+01 1.008924024147016540e+00 1.603020599581272965e-01
1.102499999999824887e+01 1.003570562339210381e+00 1.581851615919869225e-01
1.117500000000190674e+01 1.005680001074304997e+00 1.586071620293475759e-01
1.132499999999808082e+01 1.004316346328339771e+00 1.566668196205995289e-01
1.147500000000190923e+01 1.002515740349042783e+00 1.556708715457397474e-01
1.162500000000000000e+01 9.968940612373999866e-01 1.544493917146902984e-01
1.177499999999798952e+01 1.002030159050017133e+00 1.533171627628119593e-01
1.192500000000196891e+01 1.003806196853052723e+00 1.524045071092486880e-01
1.207499999999801865e+01 9.979347292050662066e-01 1.519026052102219471e-01
1.222500000000215081e+01 1.003374352114038581e+00 1.512243903262354139e-01
1.237500000000000000e+01 1.002704453716018351e+00 1.502291074840746976e-01
1.252499999999776215e+01 1.001862713966978902e+00 1.495728166559713856e-01
1.267500000000202398e+01 1.004555635786714030e+00 1.496084481069638039e-01
1.282499999999796536e+01 1.008422108346599844e+00 1.511550931505677431e-01
1.297500000000236220e+01 1.004406330779503032e+00 1.463287939218534672e-01
1.312500000000000000e+01 1.007473243562947207e+00 1.474750538073655859e-01
1.327499999999756142e+01 1.009313541884089283e+00 1.455153956975408780e-01
1.342500000000173088e+01 1.009837556664646918e+00 1.448631668950045304e-01
1.357499999999841833e+01 1.009894944412042639e+00 1.435880225200773797e-01
1.372500000000255049e+01 1.007519785596634243e+00 1.437311075842593044e-01
1.387500000000000000e+01 1.008136255537830817e+00 1.421310257837954116e-01
1.402499999999738023e+01 1.008219321496202747e+00 1.434579939650413027e-01
1.417500000000102034e+01 1.009568191926142111e+00 1.422356666231363032e-01
1.432499999999911111e+01 1.008688149268811118e+00 1.399133510724597795e-01
1.447500000000271925e+01 1.007473291040368757e+00 1.399909404663966517e-01
1.462500000000000000e+01 1.005361727821042495e+00 1.376816207227218869e-01
1.477499999999721680e+01 1.007754950442102837e+00 1.380817878751948169e-01
1.492500000000038618e+01 1.004934554790624102e+00 1.378859246451948906e-01
1.507499999999973639e+01 1.005547557898842870e+00 1.354357605489064920e-01
1.522500000000287201e+01 1.007138673339925905e+00 1.373041959400323753e-01
1.537500000000000000e+01 1.004178221538240212e+00 1.354031644143891822e-01
1.552499999999706937e+01 1.004272833775551321e+00 1.346538601065670748e-01
1.567499999999980886e+01 1.005867520728414455e+00 1.346809067961353690e-01
1.582500000000029772e+01 1.002892589487808683e+00 1.325735744904504576e-01
1.597500000000300879e+01 1.003461996230363473e+00 1.332636543313935606e-01
1.612500000000000000e+01 1.001858957748616996e+00 1.309562769071705157e-01
1.627499999999693969e+01 1.001115682344152713e+00 1.304541046909191704e-01
1.642499999999928662e+01 1.002928455892373671e+00 1.305347366070341575e-01
1.657500000000081286e+01 9.999836014109088067e-01 1.306314902406151834e-01
1.672500000000313847e+01 1.002882303685955989e+00 1.303679280000685226e-01
1.687500000000000000e+01 1.001055381230893104e+00 1.283455503088604954e-01
1.702499999999681535e+01 1.001823917689770305e+00 1.275117621749820018e-01
1.717499999999880700e+01 1.002794954320180842e+00 1.292179985887143001e-01
1.732500000000128182e+01 1.000002292088761680e+00 1.276004250547314867e-01
1.747500000000325215e+01 1.001505415593305193e+00 1.241555828400357636e-01
1.762500000000000000e+01 1.003683339743911995e+00 1.257442943957044756e-01
1.777499999999670521e+01 1.001857896732100572e+00 1.261322072939680128e-01
1.792499999999837357e+01 9.997100671919638692e-01 1.234061446949654972e-01
1.807500000000171170e+01 1.004796143237698614e+00 1.236714155310798813e-01
1.822500000000335874e+01 1.002937226620214561e+00 1.241227799412206317e-01
1.837500000000000000e+01 1.002179732535890766e+00 1.224913709203675760e-01
1.852499999999660218e+01 1.000396238122438497e+00 1.226897293659259675e-01
1.867499999999797211e+01 1.000958278817462466e+00 1.230593148021217054e-01
1.882500000000210960e+01 1.001184625059192923e+00 1.218730694674756559e-01
1.897500000000345466e+01 1.002695123219731643e+00 1.232356298244925985e-01
1.912500000000000000e+01 1.002558823741465321e+00 1.196655709537928353e-01
1.927499999999650626e+01 1.004279328434191543e+00 1.196946471656466504e-01
1.942499999999759908e+01 1.003005712904982083e+00 1.203516501717627057e-01
1.957500000000247198e+01 1.000361536698485709e+00 1.195059418037239529e-01
1.972500000000354348e+01 1.003348169024889991e+00 1.188519634740555914e-01
1.987500000000000000e+01 1.003603664455153588e+00 1.183001109633899373e-01
2.002499999999642100e+01 1.001699434166821723e+00 1.190322436281203017e-01
2.017499999999725446e+01 1.000746854848245881e+00 1.170163047526100036e-01
2.032500000000281304e+01 9.980400355333183260e-01 1.176893736955644115e-01
2.047500000000362874e+01 9.988376180355468259e-01 1.147957477722584135e-01
2.062500000000000000e+01 9.998161692407633305e-01 1.159397100496776661e-01
2.077499999999633928e+01 9.991371595173599296e-01 1.164244156451610113e-01
2.092499999999693472e+01 9.991892199247064399e-01 1.152751440519777237e-01
2.107500000000312212e+01 9.995068000437515865e-01 1.152881619552536402e-01
2.122500000000370690e+01 9.982436015742136570e-01 1.151722332160086820e-01
2.137500000000000000e+01 9.990606804115761408e-01 1.151596990090209965e-01
2.152499999999626468e+01 9.972226494660666463e-01 1.126171422073610207e-01
2.167499999999663984e+01 9.985512440428793157e-01 1.138597799137882755e-01
2.182500000000341700e+01 9.998318819917600964e-01 1.139990734758939278e-01
2.197500000000377796e+01 9.987116535370013093e-01 1.138362101871810556e-01
2.212500000000000000e+01 9.984238824919426936e-01 1.120141895064127036e-01
2.227499999999619718e+01 9.967038637864094053e-01 1.120596882217839707e-01
2.242499999999636273e+01 9.972420236173403785e-01 1.111505690064403667e-01
2.257500000000369056e+01 9.986183085244243474e-01 1.114121127283124180e-01
2.272500000000384546e+01 9.974165083618933281e-01 1.094299117797718907e-01
2.287500000000000000e+01 9.958598220039921456e-01 1.102142087667475900e-01
2.302499999999612967e+01 9.987293892449847776e-01 1.088209762595417907e-01
2.317499999999610338e+01 9.970187449129317425e-01 1.092068308327664439e-01
2.332500000000394635e+01 1.000429068654713927e+00 1.105627155054575289e-01
2.347500000000390941e+01 9.969390910921474003e-01 1.079710115865842590e-01
2.362500000000000000e+01 9.991863676642834813e-01 1.078804257051296234e-01
2.377499999999606928e+01 9.983142642806510647e-01 1.067445979068046280e-01
2.392499999999586180e+01 9.992624292194531854e-01 1.070824357578482322e-01
2.407500000000418439e+01 9.989829691882473606e-01 1.080169290057496068e-01
2.422500000000396625e+01 9.987904885721266002e-01 1.074972737278333673e-01
2.437500000000000000e+01 9.955346627194907594e-01 1.066170080696975109e-01
2.452499999999600888e+01 1.000108560329098006e+00 1.064576136114393640e-01
2.467499999999563087e+01 9.969415100554147591e-01 1.061232429534386401e-01
2.482500000000441176e+01 9.966483914408452716e-01 1.069385886084047027e-01
2.497500000000402309e+01 9.976177131764817352e-01 1.057000553770734153e-01
2.512500000000000000e+01 9.990654677370243153e-01 1.047056189239846946e-01
2.527499999999595559e+01 9.999285130906991892e-01 1.053383704178368768e-01
2.542499999999541771e+01 9.975563111971738062e-01 1.053347063864091965e-01
2.557500000000462137e+01 9.994461123096203270e-01 1.038443777658017431e-01
2.572500000000407638e+01 9.963803039170998632e-01 1.032691747739788862e-01
2.587500000000000000e+01 9.992654283429766027e-01 1.034060673735091862e-01
2.602499999999590585e+01 9.979649731451805117e-01 1.040523562740429259e-01
2.617499999999521521e+01 9.978457480950888581e-01 1.032185721884403135e-01
2.632500000000482032e+01 9.976021472139738888e-01 1.033548676490811391e-01
2.647500000000383480e+01 9.976633220695214632e-01 1.006079646225721547e-01
2.662500000000000000e+01 9.982319226067466467e-01 1.023799569783593599e-01
2.677499999999647073e+01 9.957262122255104986e-01 1.015622584746660867e-01
2.692499999999502691e+01 9.978918525610197543e-01 1.021801765072632567e-01
2.707500000000501217e+01 9.969371961073257848e-01 1.021440129078458048e-01
2.722500000000308873e+01 9.980546406439267937e-01 1.019028627582724278e-01
2.737500000000000000e+01 9.973626002946007763e-01 1.012526445260973351e-01
2.752499999999719549e+01 9.973172889042858369e-01 1.004191744077595899e-01
2.767499999999484928e+01 9.978399247880845868e-01 1.005153181392404727e-01
2.782500000000518625e+01 9.970404234029796031e-01 9.992935134970069855e-02
2.797500000000238529e+01 9.973137965973492003e-01 9.959167103125510234e-02
2.812500000000000000e+01 9.962847831069662208e-01 9.906430788889419858e-02
2.827499999999788827e+01 9.984020592329346799e-01 9.979331433595137191e-02
2.842499999999467164e+01 9.980481475977048822e-01 9.897530339054348703e-02
2.857500000000536033e+01 9.977548345490996340e-01 9.730470378515772290e-02
2.872500000000171028e+01 9.957867827425423979e-01 9.645825579132071004e-02
2.887500000000000000e+01 9.996768958113596559e-01 9.784613353967602789e-02
2.902499999999854552e+01 9.986124313708188982e-01 9.803353483077117958e-02
2.917499999999451177e+01 9.977525275619150147e-01 9.730198655524115170e-02
2.932500000000552021e+01 9.966972040825439194e-01 9.632011111465474396e-02
2.947500000000107434e+01 9.996285579698521717e-01 9.589652639946719126e-02
2.962500000000000000e+01 9.956919270711290793e-01 9.613371982385708614e-02
2.977499999999917080e+01 9.982880267404559138e-01 9.632295083585253048e-02
2.992499999999435900e+01 9.978945349591229474e-01 9.722133591417241039e-02
3.007500000000566942e+01 9.973459878295130032e-01 9.615970524214116633e-02
3.022500000000047393e+01 9.973452924655413776e-01 9.591208040960357006e-02
3.037500000000000000e+01 9.977290023111730077e-01 9.508765918430157893e-02
3.052499999999976410e+01 9.967605034714341894e-01 9.536484486820490103e-02
3.067499999999420623e+01 9.972457642592662541e-01 9.513554218053016376e-02
3.082500000000581508e+01 1.000410828600030388e+00 9.529506429621614760e-02
3.097499999999989839e+01 1.000446219180125773e+00 9.371618550357863064e-02
3.112500000000000000e+01 9.988806850833845674e-01 9.395659084537719141e-02
3.127500000000032898e+01 9.982202715163311924e-01 9.410649826501517323e-02
3.142499999999406768e+01 9.974339382434436185e-01 9.421408564910922767e-02
3.157500000000595364e+01 9.984707576951256103e-01 9.347812898108866231e-02
3.172499999999935127e+01 1.000916004113537205e+00 9.271103028103823418e-02
3.187500000000000000e+01 9.969647438737192502e-01 9.265683095040234962e-02
3.202500000000086544e+01 9.989723595667057143e-01 9.280261661435804110e-02
3.217499999999394333e+01 1.001329468849465831e+00 9.312700323086355036e-02
3.232500000000609219e+01 9.975319094376967621e-01 9.305089786339230951e-02
3.247499999999882903e+01 1.000906613169548098e+00 9.229144019529653131e-02
3.262500000000000000e+01 1.001012507569429832e+00 9.188972125933060620e-02
3.277500000000137703e+01 9.982636746597542965e-01 9.295105542465037507e-02
3.292499999999381544e+01 9.996306044547852432e-01 9.210818961173215802e-02
3.307500000000621299e+01 1.000439955682880466e+00 9.210804751198212181e-02
3.322499999999832454e+01 9.986375309938522182e-01 9.227635946593572280e-02
3.337500000000000000e+01 9.983230655855799274e-01 9.167846128341061718e-02
3.352500000000186731e+01 9.974501339454932003e-01 9.177192669123573898e-02
3.367499999999368754e+01 1.000290699660173921e+00 9.209160123722857916e-02
3.382500000000633378e+01 9.998959325046343771e-01 9.081250566380155709e-02
3.397499999999784848e+01 9.989560741362126794e-01 9.012494133383512629e-02
3.412500000000000000e+01 1.000063780110409972e+00 9.179457786567039868e-02
3.427500000000233626e+01 9.998194573249270523e-01 8.965524992850465447e-02
3.442499999999357385e+01 9.999116254625742828e-01 9.100098848198831525e-02
3.457500000000644746e+01 9.988786814869162756e-01 9.066226272362222505e-02
3.472499999999739373e+01 9.980199878654431034e-01 8.943543509431528538e-02
3.487500000000000000e+01 1.001356965628280804e+00 9.081715042805869886e-02
3.502500000000278391e+01 9.996802484398881194e-01 9.036948500893228486e-02
3.517499999999346016e+01 9.972456995528337087e-01 8.987962019318111728e-02
3.532500000000656115e+01 1.000437790846168351e+00 8.964193668267604609e-02
3.547499999999695319e+01 9.980867824494985552e-01 8.998482464678235482e-02
3.562500000000000000e+01 9.981878483465534968e-01 8.902284520836276083e-02
3.577500000000321734e+01 9.979707631878457219e-01 8.837222517547503597e-02
3.592499999999336069e+01 9.976929543263002298e-01 8.851875121917111844e-02
3.607500000000666773e+01 9.999134322089630045e-01 8.834772966220814927e-02
3.622499999999653397e+01 9.994523890046507208e-01 8.844458666607225850e-02
3.637500000000000000e+01 9.993692850006969941e-01 8.791388535856510533e-02
3.652500000000362235e+01 9.978293870553311962e-01 8.760029970230841234e-02
3.667499999999325411e+01 1.000382509142646814e+00 8.847283396164974667e-02
3.682500000000676721e+01 9.979726749245658723e-01 8.811807151477688005e-02
3.697499999999613607e+01 9.987482349189323871e-01 8.607088817341321252e-02
3.712500000000000000e+01 9.969255646038959195e-01 8.710363519519294384e-02
3.727500000000402736e+01 9.979395688393496444e-01 8.706357102789609448e-02
3.742499999999315463e+01 9.984328069303042286e-01 8.635347478583960124e-02
3.757500000000686668e+01 9.983921526321035689e-01 8.571038304344910652e-02
3.772499999999575238e+01 9.981126796580859217e-01 8.733764419350328878e-02
3.787500000000000000e+01 9.972292103120927731e-01 8.509661719232834709e-02
3.802500000000440394e+01 9.987196150842075903e-01 8.541401658996136681e-02
3.817499999999306226e+01 9.988292621405969740e-01 8.597769120737658310e-02
3.832500000000695906e+01 9.986152569345658758e-01 8.493681989967026558e-02
3.847499999999537579e+01 9.992442760784633338e-01 8.522697559187616956e-02
3.862500000000000000e+01 9.976113161255609763e-01 8.534915295305484095e-02
3.877500000000476632e+01 1.000687060448384846e+00 8.499412971323150323e-02
3.892499999999297700e+01 1.000019770324162671e+00 8.479840183176265422e-02
3.907500000000705143e+01 9.991735537809903756e-01 8.436860177468903654e-02
3.922499999999502052e+01 9.985157779229364428e-01 8.496354757405601144e-02
3.937500000000000000e+01 1.001400577674501191e+00 8.493015181398810842e-02
3.952500000000512159e+01 1.001156667899825159e+00 8.420581527038975556e-02
3.967499999999288463e+01 1.001197944478171120e+00 8.374037849594997973e-02
3.982500000000712959e+01 9.994495048818676786e-01 8.455640539967766711e-02
3.997499999999467946e+01 9.993585043201950180e-01 8.320604583623748829e-02
4.012500000000000000e+01 9.993656344678967240e-01 8.342270790541389536e-02
4.027500000000545555e+01 1.001026754375606842e+00 8.371034643598949943e-02
4.042499999999279936e+01 9.991263069325122537e-01 8.369208933333477374e-02
4.057500000000721485e+01 9.998564018330504677e-01 8.263003835489406146e-02
4.072499999999434550e+01 1.000057539440196708e+00 8.282012347949743725e-02
4.087500000000000000e+01 1.000873224220736102e+00 8.285061057222972702e-02
4.102500000000578240e+01 9.983728384133676581e-01 8.252404964266771281e-02
4.117499999999272120e+01 9.992290402147119277e-01 8.266652183619617456e-02
4.132500000000730012e+01 1.000219331577253845e+00 8.192019642659366385e-02
4.147499999999402576e+01 9.991707046874370723e-01 8.235175670408453885e-02
4.162500000000000000e+01 9.988553338799811554e-01 8.197374933233546324e-02
4.177500000000609504e+01 9.993689484928292011e-01 8.124850224443630475e-02
4.192499999999264304e+01 9.988658078850205513e-01 8.211006906368800706e-02
4.207500000000737828e+01 9.987299721198927838e-01 8.142842584587280108e-02
4.222499999999372022e+01 9.987800771861661264e-01 8.214238019399811019e-02
4.237500000000000000e+01 9.997376076892000585e-01 8.017783579067036537e-02
4.252500000000640057e+01 9.987366183627153227e-01 8.079778951916626040e-02
4.267499999999256488e+01 9.995096297572577670e-01 8.183928920737641721e-02
4.282500000000744933e+01 9.987798275484334187e-01 8.039203247659472418e-02
4.297499999999342180e+01 1.001925906937216615e+00 8.063613978102932012e-02
4.312500000000000000e+01 9.976692269140732261e-01 8.046633865833612009e-02
4.327500000000669900e+01 9.995431275703053897e-01 8.174333055341827248e-02
4.342499999999249383e+01 9.970947128578004914e-01 8.130163948729964007e-02
4.357500000000752038e+01 9.991649909569778609e-01 8.169602962578006999e-02
4.372499999999313758e+01 9.981777678237424567e-01 8.210981223558071196e-02
4.387500000000000000e+01 9.994728847220657464e-01 8.003587380592080969e-02
4.402500000000697611e+01 9.983127922043980584e-01 7.887658658940582823e-02
4.417499999999242277e+01 9.984856959356396278e-01 7.882462112090644901e-02
4.432500000000759144e+01 1.000165769543317484e+00 7.883551643768640926e-02
4.447499999999286047e+01 9.984431170655863053e-01 7.966879124897777165e-02
4.462500000000000000e+01 9.996201865761419336e-01 7.929471819567052160e-02
4.477500000000724611e+01 9.981215218196357597e-01 7.928737355496073835e-02
4.492499999999235882e+01 9.993918147184379652e-01 7.879737543273365730e-02
4.507500000000766249e+01 9.978161891408572348e-01 7.871971120388823739e-02
4.522499999999259757e+01 1.000005837668178410e+00 7.857987260691748355e-02
4.537500000000000000e+01 9.974184085548047918e-01 7.842319439160969075e-02
4.552500000000750902e+01 9.979758018003456188e-01 7.879662641692533609e-02
4.567499999999228777e+01 9.977907901315949957e-01 7.761512287557238710e-02
4.582500000000772644e+01 9.983866660950186933e-01 7.809185628189255213e-02
4.597499999999233466e+01 9.987809436735689550e-01 7.789206616664789973e-02
4.612500000000000000e+01 9.988765576933339441e-01 7.754544180265757203e-02
4.627500000000776481e+01 9.993695975357358430e-01 7.790281357716519195e-02
4.642499999999223093e+01 9.981874810778854634e-01 7.752875355174129735e-02
4.657500000000779039e+01 1.000086830946083083e+00 7.781102266416639601e-02
4.672499999999207887e+01 9.993051627950310101e-01 7.677646053793117653e-02
4.687500000000000000e+01 9.990063142649417971e-01 7.772562303853294829e-02
4.702500000000801350e+01 9.989980281887075320e-01 7.699937053176143797e-02
4.717499999999216698e+01 1.000012769109762445e+00 7.678752243912335962e-02
4.732500000000784723e+01 9.997413540139169497e-01 7.651921512700156358e-02
4.747499999999183729e+01 9.992122885545288158e-01 7.657083668347061667e-02
4.762500000000000000e+01 1.000259305339045834e+00 7.664708053383277597e-02
4.777500000000825509e+01 9.996000868813613716e-01 7.587164311404499817e-02
4.792499999999211013e+01 9.995234864612454473e-01 7.564541218378527387e-02
4.807500000000790408e+01 1.000109150331688124e+00 7.607525318590033225e-02
4.822499999999160281e+01 9.986762552907042512e-01 7.612905498099986623e-02
4.837500000000000000e+01 1.000470206224044700e+00 7.585389142270351770e-02
4.852500000000848956e+01 1.000600951083151502e+00 7.518905632122908911e-02
4.867499999999204618e+01 1.000711593444715497e+00 7.537162848587455888e-02
4.882500000000796092e+01 1.001223748678988779e+00 7.637873707619793895e-02
4.897499999999137543e+01 1.001704221618438195e+00 7.648829425974811025e-02
4.912500000000000000e+01 1.000798254161346490e+00 7.581407486874937318e-02
4.927500000000870983e+01 1.002063587293120062e+00 7.568495948651167426e-02
4.942499999999198934e+01 1.003140614761484750e+00 7.434411719998683388e-02
4.957500000000802487e+01 1.000090458319271125e+00 7.503634626871220903e-02
4.972499999999115516e+01 1.000975267767168164e+00 7.430818772817443518e-02
4.987500000000000000e+01 1.000974692454261739e+00 7.502682726788033329e-02
5.002500000000893010e+01 1.002156148664369528e+00 7.471110002426588348e-02
5.017499999999193960e+01 1.001884541923606875e+00 7.412395661049168971e-02
5.032500000000807461e+01 1.000180044193221818e+00 7.443643516271886140e-02
5.047499999999094200e+01 1.000249690549069648e+00 7.467427985723185113e-02
5.062500000000000000e+01 1.000850143365285438e+00 7.500736823776195383e-02
5.077500000000914326e+01 1.002135392392193625e+00 7.431404749685652233e-02
5.092499999999188276e+01 9.998770049994657461e-01 7.483561589970118277e-02
5.107500000000812435e+01 1.003137798512136136e+00 7.496998092208433107e-02
5.122499999999072884e+01 1.001748339945233823e+00 7.515302281956058594e-02
5.137500000000000000e+01 1.001253341763554738e+00 7.380269103736469827e-02
5.152500000000934932e+01 1.001918406948753670e+00 7.410583823759439581e-02
5.167499999999183302e+01 1.001134338493411935e+00 7.396543608384228974e-02
5.182500000000818119e+01 1.000130837207215517e+00 7.340998631477317626e-02
5.197499999999052989e+01 9.997337722992531983e-01 7.342928829383464640e-02
5.212500000000000000e+01 1.001300513579994833e+00 7.308185696438930512e-02
5.227500000000954827e+01 1.001721505609126428e+00 7.307518886135221103e-02
5.242499999999178328e+01 1.001647381025379868e+00 7.331831138391942115e-02
5.257500000000806040e+01 1.002865360351394841e+00 7.301975348247510822e-02
5.272499999999033804e+01 1.000818907644152933e+00 7.327187709847034214e-02
5.287500000000000000e+01 1.000672826790149017e+00 7.332641456666658120e-02
5.302500000000974723e+01 1.001092769728705756e+00 7.315240530802373520e-02
5.317499999999255778e+01 1.001087870735299479e+00 7.198279815321138864e-02
5.332500000000729301e+01 1.000678573827109785e+00 7.280543668146020886e-02
5.347499999999015330e+01 1.001047729584878976e+00 7.286368944383581070e-02
5.362500000000000000e+01 1.000922548301228732e+00 7.288849319842875818e-02
5.377500000000993197e+01 9.996635158307362046e-01 7.194814596106216542e-02
5.392499999999331095e+01 1.000769410319794828e+00 7.267083229236295794e-02
5.407500000000654694e+01 1.000787562985727019e+00 7.210678944916032451e-02
5.422499999998996145e+01 1.000308568577651602e+00 7.156795648885552752e-02
5.437500000000000000e+01 1.000381233832006833e+00 7.268318473625469400e-02
5.452500000001011671e+01 9.998440328293921597e-01 7.169381071033369135e-02
5.467499999999403570e+01 1.000515411810145583e+00 7.163713732530221923e-02
5.482500000000581508e+01 1.000294803330990190e+00 7.088662200613587983e-02
5.497499999998977671e+01 1.000842788811445061e+00 7.213922163206308580e-02
5.512500000000000000e+01 1.002320369970285618e+00 7.073576342070844736e-02
5.527500000001029434e+01 1.000674821997119768e+00 7.058725389009568030e-02
5.542499999999475335e+01 1.000145936796502655e+00 7.105779910772233587e-02
5.557500000000510454e+01 1.000937323372127485e+00 7.072631257365921686e-02
5.572499999998960618e+01 1.000042193846592653e+00 7.087584200450448846e-02
5.587500000000000000e+01 1.000558070419109047e+00 7.007678026592134568e-02
5.602500000001046487e+01 1.002031171765345174e+00 7.167502298509305370e-02
5.617499999999544258e+01 1.001296105186906704e+00 7.016529133616224156e-02
5.632500000000441531e+01 1.002329998210228945e+00 7.107459146810916895e-02
5.647499999998942855e+01 1.002529622493453454e+00 7.014824923723170236e-02
5.662500000000000000e+01 1.001778665909502486e+00 7.028841756730234980e-02
5.677500000001062830e+01 1.001681253625095858e+00 7.060514491851049845e-02
5.692499999999611759e+01 1.000819329789818246e+00 7.004783916637950802e-02
5.707500000000374030e+01 1.003109308733822758e+00 6.956921086636755347e-02
5.722499999998926512e+01 1.001346416038706222e+00 6.999549926247375375e-02
5.737500000000000000e+01 9.998811921701528105e-01 6.939691102528820765e-02
5.752500000001079172e+01 1.001448674443053966e+00 6.910958131119437908e-02
5.767499999999677129e+01 1.001305883979715539e+00 6.916157075405603150e-02
5.782500000000310081e+01 1.000942675574812313e+00 6.976673480927805815e-02
5.797499999998910170e+01 1.001689389670124442e+00 6.936663109314487874e-02
5.812500000000000000e+01 1.001108845095070032e+00 6.964171131804046400e-02
5.827500000001095515e+01 9.984899805153546470e-01 6.902841424429577433e-02
5.842499999999741078e+01 1.002268522648336102e+00 6.894586707410911564e-02
5.857500000000246132e+01 1.000205806748938109e+00 6.948985715073252578e-02
5.872499999998893827e+01 1.000282944233076954e+00 6.900273026733655390e-02
5.887500000000000000e+01 1.000417165310719669e+00 6.940404228259934583e-02
5.902500000001111857e+01 1.001208854690934347e+00 6.825115129842865280e-02
5.917499999999803606e+01 1.001251650828424600e+00 6.877452925597823952e-02
5.932500000000184315e+01 1.001451302690091749e+00 6.822993308522048994e-02
5.947499999998878906e+01 1.003524217427560483e+00 6.877275272002639217e-02
5.962500000000000000e+01 1.001180757027336554e+00 6.856133797792450524e-02
5.977500000001126779e+01 1.001082924212112424e+00 6.852766894588938063e-02
5.992499999999864002e+01 1.000834955210430088e+00 6.620777865642027415e-02
6.007500000000123919e+01 1.000227221023352042e+00 6.871726256584058390e-02
6.022499999998863984e+01 1.001509076109768026e+00 6.801870394373850381e-02
6.037500000000000000e+01 1.000707811514885748e+00 6.746182173505235746e-02
6.052500000001142411e+01 1.000512633504214488e+00 6.815321153473868909e-02
6.067499999999923688e+01 1.001601844167297806e+00 6.797302417556624898e-02
6.082500000000064944e+01 9.999176114698752338e-01 6.796068564413809687e-02
6.097499999998849773e+01 1.001132395815643283e+00 6.808954345466693148e-02
6.112500000000000000e+01 9.989472488105307635e-01 6.678071663365699184e-02
6.127500000001155911e+01 1.001510653573341791e+00 6.708727987057275244e-02
6.142499999999980531e+01 1.000991993144092707e+00 6.730775064080936343e-02
6.157500000000007390e+01 1.000326501295219606e+00 6.678309606287934075e-02
6.172499999998834852e+01 9.988925308157771132e-01 6.850822914826268373e-02
6.187500000000000000e+01 9.999233515803654937e-01 6.710207050979578869e-02
6.202500000001170122e+01 1.000299485956388512e+00 6.681402923450324716e-02
6.217500000000037375e+01 1.000496355882956045e+00 6.654414101305929086e-02
6.232499999999951967e+01 9.992023986657706525e-01 6.761968814437076258e-02
6.247499999998820641e+01 1.000359694898974139e+00 6.660500482655583310e-02
6.262500000000000000e+01 1.000195918638055126e+00 6.624779648148340638e-02
6.277500000001184333e+01 1.000962278030574026e+00 6.731896386081574757e-02
6.292500000000092086e+01 1.000142263115932240e+00 6.733693709907979941e-02
6.307499999999897256e+01 9.991217797804438083e-01 6.749948399904781571e-02
6.322499999998807851e+01 1.001024901525611188e+00 6.560664487060778594e-02
6.337500000000000000e+01 9.991427475937897373e-01 6.692764070511281194e-02
6.352500000001197833e+01 1.000314126028650552e+00 6.644671548536969230e-02
6.367500000000146798e+01 1.000828212257593774e+00 6.647847482521029860e-02
6.382499999999843254e+01 9.998626638901556563e-01 6.558826655077955314e-02
6.397499999998793641e+01 9.988815377159819819e-01 6.643934398567788446e-02
6.412500000000000000e+01 9.999033525314113824e-01 6.567531501965701013e-02
6.427500000001211333e+01 1.000706376103068784e+00 6.663709071634746350e-02
6.442500000000200089e+01 9.997831196978308466e-01 6.467881817705981029e-02
6.457499999999791385e+01 1.001094552295781259e+00 6.554186734721401120e-02
6.472499999998781561e+01 9.999320906718874857e-01 6.591313888644034780e-02
6.487500000000000000e+01 1.000313261400122444e+00 6.541312652924075044e-02
6.502500000001224123e+01 1.000644703475605635e+00 6.530784603253360354e-02
6.517500000000251248e+01 1.000588855595193616e+00 6.617771621328623344e-02
6.532499999999740226e+01 9.990574045943737547e-01 6.442279680299500821e-02
6.547499999998768772e+01 1.000772459280975690e+00 6.530281062801003567e-02
6.562500000000000000e+01 1.000150579571658538e+00 6.613489383377256503e-02
6.577500000001236913e+01 1.000122527216776414e+00 6.477867236428606901e-02
6.592500000000300986e+01 1.000189679171546331e+00 6.550654004123904195e-02
6.607499999999690488e+01 1.000685132589199444e+00 6.549540339868466232e-02
6.622499999998755982e+01 1.000346469183899689e+00 6.414250625236669889e-02
6.637500000000000000e+01 9.996200986418030121e-01 6.442806433524442267e-02
6.652500000001249703e+01 1.000020115488307493e+00 6.526794453429993204e-02
6.667500000000349303e+01 9.999884636390885539e-01 6.427051559464502795e-02
6.682499999999640750e+01 1.000762770092257004e+00 6.469337528007447491e-02
6.697499999998743192e+01 1.000078474312741772e+00 6.487917089671464688e-02
6.712500000000000000e+01 1.001341900977547494e+00 6.423585253554479901e-02
6.727500000001261071e+01 9.995895447579877802e-01 6.492544127586165337e-02
6.742500000000397620e+01 1.000222998442110489e+00 6.418992471275800082e-02
6.757499999999593854e+01 9.996992652067737684e-01 6.422604023373636173e-02
6.772499999998731823e+01 9.994797510029811427e-01 6.487255553106874295e-02
6.787500000000000000e+01 9.998936943750698081e-01 6.409246654311206992e-02
6.802500000001272440e+01 9.998715299814869839e-01 6.454728862221827124e-02
6.817500000000444516e+01 1.000144693000535545e+00 6.378945496902532764e-02
6.832499999999546958e+01 9.998649955009356605e-01 6.368831249132993200e-02
6.847499999998720455e+01 1.000699069557728027e+00 6.293083916343372719e-02
6.862500000000000000e+01 1.000419720224785092e+00 6.367303290093438706e-02
6.877500000001283809e+01 1.001687887913464969e+00 6.393828566411646763e-02
6.892500000000489990e+01 1.001239118585810495e+00 6.389330037655600869e-02
6.907499999999501483e+01 1.000706142410427990e+00 6.342053313593458419e-02
6.922499999998709086e+01 1.000505551525260772e+00 6.365252905676577200e-02
6.937500000000000000e+01 1.000453360804016922e+00 6.363253336459541443e-02
6.952500000001295177e+01 1.000454240240659320e+00 6.318543159848348523e-02
6.967500000000535465e+01 9.998955196827690184e-01 6.341817327293763906e-02
6.982499999999456008e+01 1.000730016126499589e+00 6.341264800387683143e-02
6.997499999998697717e+01 9.995869463010131906e-01 6.289390242680982512e-02
7.012500000000000000e+01 1.000517997016215466e+00 6.202772234979365973e-02
7.027500000001306546e+01 1.000866475226223073e+00 6.325438195831740995e-02
7.042500000000579519e+01 1.001691288667016844e+00 6.311531334597088316e-02
7.057499999999413376e+01 1.000799400601859457e+00 6.309304374945474969e-02
7.072499999998686349e+01 1.000233644568219393e+00 6.265039307387337830e-02
7.087500000000000000e+01 1.000685692344227773e+00 6.246810664488126885e-02
7.102500000001316494e+01 1.000631491729409461e+00 6.289903479437218559e-02
7.117500000000620730e+01 1.000813703258136123e+00 6.218719722484990914e-02
7.132499999999369322e+01 1.001134282371449080e+00 6.211077962366355620e-02
7.147499999998676401e+01 1.000508725693391110e+00 6.265309413294609109e-02
7.162500000000000000e+01 1.001374594131676288e+00 6.279629265190055099e-02
7.177500000001327862e+01 1.001294542710884805e+00 6.238011011711477871e-02
7.192500000000663363e+01 1.000829144584314490e+00 6.308347514102638498e-02
7.207499999999328111e+01 1.001542153479319852e+00 6.324644225285859511e-02
7.222499999998666453e+01 9.999639115496988806e-01 6.163478436557805890e-02
7.237500000000000000e+01 1.000535983537904627e+00 6.222695225241760969e-02
7.252500000001337810e+01 1.001842290985140549e+00 6.214726657347006966e-02
7.267500000000704574e+01 1.001846264273028808e+00 6.246648876169175191e-02
7.282499999999286899e+01 1.000730473739619653e+00 6.308060949310299870e-02
7.297499999998655085e+01 1.002012288511788585e+00 6.265431461215083264e-02
7.312500000000000000e+01 1.000552981423261656e+00 6.192400841321036437e-02
7.327500000001347757e+01 1.002163174118455791e+00 6.168073901877634685e-02
7.342500000000745786e+01 1.001624400661051739e+00 6.218425712449516390e-02
7.357499999999247109e+01 1.000540923542946548e+00 6.234889087336851349e-02
7.372499999998646558e+01 1.002381055182249625e+00 6.177378765960270246e-02
7.387500000000000000e+01 1.002735378461514504e+00 6.150109502247455562e-02
7.402500000001359126e+01 1.002038931967381474e+00 6.192713880684577732e-02
7.417500000000785576e+01 1.002537923860705282e+00 6.172459007415901505e-02
7.432499999999207319e+01 1.000831397911692955e+00 6.128680393240736046e-02
7.447499999998635190e+01 1.002039148832592153e+00 6.191841172695323331e-02
7.462500000000000000e+01 1.002441224158058253e+00 6.165806442334557935e-02
7.477500000001367653e+01 1.001343675021089341e+00 6.144565665644347724e-02
7.492500000000823945e+01 1.002648857038403118e+00 6.151366678830756662e-02
7.507499999999168949e+01 1.002675183891298172e+00 6.175166765462938162e-02
7.522499999998626663e+01 1.002583826024895153e+00 6.167386742620972750e-02
7.537500000000000000e+01 1.001788095788035626e+00 6.068428595692611921e-02
7.552500000001377600e+01 1.001821509399598131e+00 6.096593015245686809e-02
7.567500000000862315e+01 1.002795523430063618e+00 6.035853929621156494e-02
7.582499999999130580e+01 1.001649766586502732e+00 6.035646974186045094e-02
7.597499999998616715e+01 1.002096664694393624e+00 6.078429699932066249e-02
7.612500000000000000e+01 1.000543673408691658e+00 6.012535174718252468e-02
7.627500000001386127e+01 1.001383352162948936e+00 6.072033554204833011e-02
7.642500000000899263e+01 1.001317776633015466e+00 5.980587109901418230e-02
7.657499999999093632e+01 1.000763233048325151e+00 6.185573030964094943e-02
7.672499999998608189e+01 1.000785002178700589e+00 6.017864005797689958e-02
7.687500000000000000e+01 1.000553912083783414e+00 6.013291043082848175e-02
7.702500000001396074e+01 1.001183156688852494e+00 6.035086579967918752e-02
7.717500000000934790e+01 9.991604942780499821e-01 6.032781825183222701e-02
7.732499999999058105e+01 1.000989081306557837e+00 6.039971180857917760e-02
7.747499999998598241e+01 1.000090929912538451e+00 6.023251242748721423e-02
7.762500000000000000e+01 1.000161299758287825e+00 5.988212951224201192e-02
7.777500000001404601e+01 1.000923743897867313e+00 5.949223706686623120e-02
7.792500000000971738e+01 1.000100125490366088e+00 5.949776194568336118e-02
7.807499999999021156e+01 1.000086219750971006e+00 5.980360527529233333e-02
7.822499999998589715e+01 9.990429446951231141e-01 5.920658602229597611e-02
7.837500000000000000e+01 9.999865172256356960e-01 5.955852464039036037e-02
7.852500000001413127e+01 9.998313176344491016e-01 6.001168747738852560e-02
7.867500000001005844e+01 1.000197687635664634e+00 5.946791589764943708e-02
7.882499999998987050e+01 9.996149752475190775e-01 5.940132389431977689e-02
7.897499999998581188e+01 1.000431243360122124e+00 5.870380170023789534e-02
7.912500000000000000e+01 1.000055207117578560e+00 5.921534845864537960e-02
7.927500000001423075e+01 1.000229091732995457e+00 5.917916793023494243e-02
7.942500000001041371e+01 9.993905969208031204e-01 5.957986869564129567e-02
7.957499999998951523e+01 1.000462322389026548e+00 5.985854981841250144e-02
7.972499999998572662e+01 9.996271806047960506e-01 5.933230803137184983e-02
7.987500000000000000e+01 9.999138130483742337e-01 5.956343114096779995e-02
8.002500000001430180e+01 1.000423070997816799e+00 5.954073782044809471e-02
8.017500000001075477e+01 1.000480415213004237e+00 5.857814118319722152e-02
8.032499999998918838e+01 1.000488752156240890e+00 5.854273860528598494e-02
8.047499999998564135e+01 1.001312438140892880e+00 5.868971804024673833e-02
8.062500000000000000e+01 1.000592413012493243e+00 5.966408530443354646e-02
8.077500000001438707e+01 9.996207183565674059e-01 5.849900290917424417e-02
8.092500000001108162e+01 1.000966409184257833e+00 5.876163055457719192e-02
8.107499999998886153e+01 9.991862130409279175e-01 5.883513884055614068e-02
8.122499999998557030e+01 9.999654522323832007e-01 5.854129541878582560e-02
8.137500000000000000e+01 1.000546198623879945e+00 5.908372024184564697e-02
8.152500000001447233e+01 9.998613515542300600e-01 5.867964889741131979e-02
8.167500000001139426e+01 9.985645573178735246e-01 5.831808209872098997e-02
8.182499999998853468e+01 1.000964839048196220e+00 5.867985966553346949e-02
8.197499999998548503e+01 1.000584437282376449e+00 5.876674375523820160e-02
8.212500000000000000e+01 9.999006387419928643e-01 5.842119520745225891e-02
8.227500000001455760e+01 1.000352557371532169e+00 5.813956578123131991e-02
8.242500000001172111e+01 1.000293606593647855e+00 5.797879882073186247e-02
8.257499999998822204e+01 1.001034054854500699e+00 5.762959161830127214e-02
8.272499999998539977e+01 1.000180928750117770e+00 5.813065706007621708e-02
8.287500000000000000e+01 1.001336774266413432e+00 5.857438011794869476e-02
8.302500000001462865e+01 1.000304735974431036e+00 5.798855624225962568e-02
8.317500000001203375e+01 9.999413489815849321e-01 5.873491731836584517e-02
8.332499999998789519e+01 9.999235679372441288e-01 5.826887962420193579e-02
8.347499999998531450e+01 1.000095909251881077e+00 5.793567023026482965e-02
8.362500000000000000e+01 1.000009437335047657e+00 5.866574979356954656e-02
8.377500000001469971e+01 1.000277344085705566e+00 5.803540758612273087e-02
8.392500000001234639e+01 1.000185853000159053e+00 5.791386375346593840e-02
8.407499999998758256e+01 9.997515918802184487e-01 5.765197422133493815e-02
8.422499999998524345e+01 1.000349477154106603e+00 5.775152616995399280e-02
8.437500000000000000e+01 1.000155375874062225e+00 5.748700992978014734e-02
8.452500000001478497e+01 1.000406110529046044e+00 5.782490097991449529e-02
8.467500000001264482e+01 1.000777203178299768e+00 5.718129111278090482e-02
8.482499999998728413e+01 1.000522991315111909e+00 5.734682749274070540e-02
8.497499999998517239e+01 9.995506686730323276e-01 5.702985288482878556e-02
8.512500000000000000e+01 1.001020016116158873e+00 5.735380834344422363e-02
8.527500000001485603e+01 1.000539260381031248e+00 5.693500848063837161e-02
8.542500000001294325e+01 1.001539052349319281e+00 5.693615211774852997e-02
8.557499999998699991e+01 1.000936755174516302e+00 5.688225002741666841e-02
8.572499999998510134e+01 9.989978548607737485e-01 5.713026870924306500e-02
8.587500000000000000e+01 1.000725215178318805e+00 5.742296034662596610e-02
8.602500000001494129e+01 1.001097062990093933e+00 5.701900472854973950e-02
8.617500000001324167e+01 1.001177481930530133e+00 5.675222861006124636e-02
8.632499999998670148e+01 1.000866526321690930e+00 5.754515796962920288e-02
8.647499999998503029e+01 1.001303410673954009e+00 5.679972154443010263e-02
8.662500000000000000e+01 1.001344156275827402e+00 5.716157042016401651e-02
8.677500000001501235e+01 1.001826217320833878e+00 5.665182208742994274e-02
8.692500000001352589e+01 1.000383976671006980e+00 5.678383653504628231e-02
8.707499999998641727e+01 1.001741910687178772e+00 5.726384661740340637e-02
8.722499999998494502e+01 9.997680070948656850e-01 5.670741376563921687e-02
8.737500000000000000e+01 1.001385972601572805e+00 5.647816290507758769e-02
8.752500000001508340e+01 1.000899117708438535e+00 5.587959440224459645e-02
8.767500000001381011e+01 9.781012819034122785e-01 5.585938072783467462e-02
8.782499999998613305e+01 9.575227059384358030e-01 5.500663696738507941e-02
8.797499999998487397e+01 9.435640093634679593e-01 5.391395305631180995e-02
8.812500000000000000e+01 9.321928227652767074e-01 5.443529136673279367e-02
8.827500000001514024e+01 9.237585743727220189e-01 5.386772780567430918e-02
8.842500000001409433e+01 9.152511342585833987e-01 5.377749271289965910e-02
8.857499999998586304e+01 9.078813105980264586e-01 5.378715959348089742e-02
8.872499999998480291e+01 9.007315861328408779e-01 5.286648054161990212e-02
8.887500000000000000e+01 8.931426751161662958e-01 5.303593878448537025e-02
8.902500000001521130e+01 8.884633694750501132e-01 5.303776077468583261e-02
8.917500000001436433e+01 8.823975407758444245e-01 5.281557234559997038e-02
8.932499999998557882e+01 8.770570040764619213e-01 5.261936313873302740e-02
8.947499999998473186e+01 8.721610217546352795e-01 5.251786528973959728e-02
8.962500000000000000e+01 8.669980192835083921e-01 5.198101174096054350e-02
8.977500000001528235e+01 8.610710350669972257e-01 5.160405139893745052e-02
8.992500000001462013e+01 8.577426587183617501e-01 5.167045621929364924e-02
9.007499999998532303e+01 8.532202658231776704e-01 5.162725113244302083e-02
9.022499999998467501e+01 8.487276496449194241e-01 5.139094005184198510e-02
9.037500000000000000e+01 8.440382412113626165e-01 5.156266105493848007e-02
9.052500000001533920e+01 8.395875693224226222e-01 5.107214339761967370e-02
9.067500000001489013e+01 8.359265144148747551e-01 5.113323390851477052e-02
9.082499999998505302e+01 8.312722680629919259e-01 5.041225386579117201e-02
9.097499999998460396e+01 8.283468000690011879e-01 5.104142668155920576e-02
9.112500000000000000e+01 8.242965721572821369e-01 4.955446799029267213e-02
9.127500000001541025e+01 8.198535138193109306e-01 5.037046437966805762e-02
9.142500000001514593e+01 8.172917412948950133e-01 4.951730088890930748e-02
9.157499999998479723e+01 8.135808356355698212e-01 5.064061402917447580e-02
9.172499999998454712e+01 8.095069195707546017e-01 4.987968462175908224e-02
9.187500000000000000e+01 8.078422086518427525e-01 4.930693735484019402e-02
9.202500000001548131e+01 8.041756599542509987e-01 4.944609130128708313e-02
9.217500000001541594e+01 8.008278740302935406e-01 4.928565081072472376e-02
9.232499999998454143e+01 7.969028076986912623e-01 4.896651849235673232e-02
9.247499999998447606e+01 7.933527492511740498e-01 4.909436783050717679e-02
9.262500000000000000e+01 7.908808233683971567e-01 4.880001146385416766e-02
9.277500000001553815e+01 7.875832615203204323e-01 4.925340258349154149e-02
9.292500000001565752e+01 7.854095035061278152e-01 4.856498418868462202e-02
9.307499999998428564e+01 7.833315727304186460e-01 4.885275168177211774e-02
9.322499999998441922e+01 7.796627151603288119e-01 4.851161964059338971e-02
9.337500000000000000e+01 7.772987761812873986e-01 4.815911980633020423e-02
9.352500000001559499e+01 7.745252966297730968e-01 4.725841317558719668e-02
9.367500000001591332e+01 7.717250516370260938e-01 4.816930221826188491e-02
9.382499999998402984e+01 7.675756405089106948e-01 4.799808771831552690e-02
9.397499999998436238e+01 7.656049676071300381e-01 4.740954817210698419e-02
9.412500000000000000e+01 7.636987744170575798e-01 4.792349541363925131e-02
9.427500000001566605e+01 7.606075950022227472e-01 4.767761763289450616e-02
9.442500000001615490e+01 7.564757294562218792e-01 4.788352317876811565e-02
9.457499999998380247e+01 7.559494070485118788e-01 4.750610503167665422e-02
9.472499999998429132e+01 7.535437823254703682e-01 4.683075217865888262e-02
9.487500000000000000e+01 7.502486529521004144e-01 4.695698838319008195e-02
9.502500000001572289e+01 7.477841443182632331e-01 4.717720053915275963e-02
9.517500000001639648e+01 7.452679149227360300e-01 4.678186212116325349e-02
9.532499999998356088e+01 7.430301881781768980e-01 4.609742483697013699e-02
9.547499999998423448e+01 7.397101463568763746e-01 4.627474137928296732e-02
9.562500000000000000e+01 7.368615159954521321e-01 4.635381159162623582e-02
9.577500000001577973e+01 7.359545983272485214e-01 4.663262005010006261e-02
9.592500000001662386e+01 7.334069126712136066e-01 4.663722695480309460e-02
9.607499999998331930e+01 7.305375486992716771e-01 4.616393478198362044e-02
9.622499999998417763e+01 7.289074026393589367e-01 4.555676070225825325e-02
9.637500000000000000e+01 7.264340687510740802e-01 4.589503859421106141e-02
9.652500000001585079e+01 7.243553526239041584e-01 4.582724143546881845e-02
9.667500000001686544e+01 7.230620237101489378e-01 4.501169538966397904e-02
9.682499999998309193e+01 7.198402527654358396e-01 4.608595712114978149e-02
9.697499999998412079e+01 7.188247484949007449e-01 4.538822306537153295e-02
9.712500000000000000e+01 7.154635124382433542e-01 4.539495781624749288e-02
9.727500000001590763e+01 7.131844890702714324e-01 4.485751452978936626e-02
9.742500000001709282e+01 7.117422141008320491e-01 4.507760484649601246e-02
9.757499999998287876e+01 7.099455447311908696e-01 4.521898119971590885e-02
9.772499999998406395e+01 7.078896391749098793e-01 4.492987110982697013e-02
9.787500000000000000e+01 7.056874622224642568e-01 4.504841562884398520e-02
9.802500000001595026e+01 7.043319808544822314e-01 4.533171344249471713e-02
9.817500000001732019e+01 7.022796311569683425e-01 4.366019390733590078e-02
9.832499999998263718e+01 7.001583722551434352e-01 4.429996238417904103e-02
9.847499999998402131e+01 6.980219662608944109e-01 4.383812405792238132e-02
9.862500000000000000e+01 6.963867129261489541e-01 4.436069540611949080e-02
9.877500000001600711e+01 6.939014297313175206e-01 4.420865042396063954e-02
9.892500000001753335e+01 6.924778825894067902e-01 4.390034899758644971e-02
9.907499999998242401e+01 6.909687903540433496e-01 4.427055066208170075e-02
9.922499999998395026e+01 6.897274528030619134e-01 4.381080882555971057e-02
9.937500000000000000e+01 6.866739283692600004e-01 4.416257181586093900e-02
9.952500000001606395e+01 6.866330024870248572e-01 4.431537480690755926e-02
9.967500000001776073e+01 6.839604043633651376e-01 4.424211328288240458e-02
9.982499999998221085e+01 6.819338292421111003e-01 4.373502392330396588e-02
9.997499999998389342e+01 6.804682523560141583e-01 4.343767227270782516e-02
1.001250000000000000e+02 6.783127289568818830e-01 4.392839717550549306e-02
1.002750000000161208e+02 6.775293965417272801e-01 4.385216078137239154e-02
1.004250000000179597e+02 6.749288422499308826e-01 4.314444106234312931e-02
1.005749999999819835e+02 6.734203437285444238e-01 4.326789411567186910e-02
1.007249999999838508e+02 6.723231044374473608e-01 4.367024252731226824e-02
1.008750000000000000e+02 6.706978820119010587e-01 4.336288409233889779e-02
1.010250000000161776e+02 6.690784800210106686e-01 4.239401312252039783e-02
1.011750000000181871e+02 6.673524626657214576e-01 4.310346710193881797e-02
1.013249999999817845e+02 6.650872758779031724e-01 4.275724714710912172e-02
1.014749999999837939e+02 6.648248763207551537e-01 4.294074362065118666e-02
1.016250000000000000e+02 6.618442464879800147e-01 4.232635838607450712e-02
1.017750000000162345e+02 6.600890480101638813e-01 4.255120069975971281e-02
1.019250000000184002e+02 6.588361143093446337e-01 4.253619650850441053e-02
1.020749999999815714e+02 6.572666863026435102e-01 4.253573187858658566e-02
1.022249999999837513e+02 6.552967004665296580e-01 4.230243273433825085e-02
1.023750000000000000e+02 6.544941630192604443e-01 4.194798466445359003e-02
1.025250000000162771e+02 6.525333071270951191e-01 4.292801403707010438e-02
1.026750000000185992e+02 6.520114194641530858e-01 4.205076951681853414e-02
1.028249999999813582e+02 6.503953789459319124e-01 4.175953815341271885e-02
1.029749999999836945e+02 6.487663996433665758e-01 4.204638547321964959e-02
1.031250000000000000e+02 6.467715423324608137e-01 4.178936498408369893e-02
1.032750000000163340e+02 6.452417835888251130e-01 4.131137600923126540e-02
1.034250000000187981e+02 6.445106027662603765e-01 4.171228729031079691e-02
1.035749999999811592e+02 6.425107378104679690e-01 4.141768111278452263e-02
1.037249999999836376e+02 6.410581388384316570e-01 4.116707931577855140e-02
1.038750000000000000e+02 6.401365736776879478e-01 4.133756052285360999e-02
1.040250000000163766e+02 6.392492970173252465e-01 4.175753878308492706e-02
1.041750000000189971e+02 6.374615764417111974e-01 4.088223929743630553e-02
1.043249999999809603e+02 6.358801274665079051e-01 4.081825747234518048e-02
1.044749999999835950e+02 6.344818050365255147e-01 4.130707797634092932e-02
1.046250000000000000e+02 6.329792498232207354e-01 4.124802745868514503e-02
1.047750000000164334e+02 6.303759813954195046e-01 4.127580469047528733e-02
1.049250000000191818e+02 6.292939126346855927e-01 4.115497541272456622e-02
1.050749999999807613e+02 6.291024637454365465e-01 4.093791094515245726e-02
1.052249999999839503e+02 6.273512878264879689e-01 4.049082420629509377e-02
1.053750000000000000e+02 6.254121694793454145e-01 4.083823355415403672e-02
1.055250000000157229e+02 6.232957480052452315e-01 4.068814233786677975e-02
1.056750000000193808e+02 6.225744078292028139e-01 4.058030668334319802e-02
1.058249999999805766e+02 6.213522061195781987e-01 4.046562462399091314e-02
1.059749999999847319e+02 6.206997269233732739e-01 3.981232588264043554e-02
1.061250000000000000e+02 6.186906039602139140e-01 4.046163250887516855e-02
1.062750000000149555e+02 6.171697154081153824e-01 4.041622204588207756e-02
1.064250000000195797e+02 6.163755270394968289e-01 4.018362190429368430e-02
1.065749999999803919e+02 6.141483287069846586e-01 3.984607337284995499e-02
1.067249999999854850e+02 6.137223302057952523e-01 4.027463622734162724e-02
1.068750000000000000e+02 6.122372837221263797e-01 4.009890870159284887e-02
1.070250000000141881e+02 6.114190924102756997e-01 4.027140285793772562e-02
1.071750000000197645e+02 6.095690882471088701e-01 4.061867184795889263e-02
1.073249999999802071e+02 6.080367891481839315e-01 3.983473606022008145e-02
1.074749999999862524e+02 6.062443691599547213e-01 3.974245661187481710e-02
1.076250000000000000e+02 6.052430070674454932e-01 3.941519740528156429e-02
1.077750000000134492e+02 6.049509128759976706e-01 4.017951370361581148e-02
1.079250000000199492e+02 6.031553615280487168e-01 3.939585140301943983e-02
1.080749999999800224e+02 6.017493184051354582e-01 3.968757179221225201e-02
1.082249999999869914e+02 6.008365415638438067e-01 4.002135402720146534e-02
1.083750000000000000e+02 5.993062077308372038e-01 3.939383793223388136e-02
1.085250000000127244e+02 5.986663330042224507e-01 3.922213612018474876e-02
1.086750000000201481e+02 5.970094486192966121e-01 3.927273494452442060e-02
1.088249999999798376e+02 5.960696710771883344e-01 3.912747945798895205e-02
1.089749999999877161e+02 5.941436526945906849e-01 3.918042525688868183e-02
1.091250000000000000e+02 5.939250356715686241e-01 3.868231441559898121e-02
1.092750000000119854e+02 5.922622283540938115e-01 3.894976206414539621e-02
1.094250000000203045e+02 5.911767022194740484e-01 3.862903364243249621e-02
1.095749999999796529e+02 5.708331720551415023e-01 3.832747828777671034e-02
1.097249999999884409e+02 5.501568321790442084e-01 3.711350081008070456e-02
1.098750000000000000e+02 5.372007456526420865e-01 3.737153936018007550e-02
1.100250000000112749e+02 5.258261215135607847e-01 3.654472815123135931e-02
1.101750000000204892e+02 5.158976123598822960e-01 3.623243972466972523e-02
1.103249999999794682e+02 5.070665549832635843e-01 3.586270931859637801e-02
1.104749999999891372e+02 5.003500962143059283e-01 3.601920448133238972e-02
1.106250000000000000e+02 4.930476518025465604e-01 3.552264652387687044e-02
1.107750000000105643e+02 4.853334103286317536e-01 3.530832298805403752e-02
1.109250000000206740e+02 4.793840937017265214e-01 3.462415829474629198e-02
1.110749999999792976e+02 4.726951563532272305e-01 3.478674725220975289e-02
1.112249999999898620e+02 4.671572165064153404e-01 3.397519343995739766e-02
1.113750000000000000e+02 4.609576823045703486e-01 3.412284379307466142e-02
1.115250000000098822e+02 4.551865751736834942e-01 3.398147190812662866e-02
1.116750000000208445e+02 4.500917114476143954e-01 3.365480130414368748e-02
1.118249999999791129e+02 4.443036119707933218e-01 3.331863739740116570e-02
1.119749999999905299e+02 4.403245702751015234e-01 3.323602746232995342e-02
1.121250000000000000e+02 4.345363716503995999e-01 3.269732379200101374e-02
1.122750000000091859e+02 4.298889220981728654e-01 3.286061537005908334e-02
1.124250000000210008e+02 4.244293695595033333e-01 3.265119998537741042e-02
1.125749999999789566e+02 4.196703819454198903e-01 3.253388554025598428e-02
1.127249999999912120e+02 4.157527220703817195e-01 3.225949974711016244e-02
1.128750000000000000e+02 4.106371760990066844e-01 3.187312989002632352e-02
1.130250000000085180e+02 4.068546610543329889e-01 3.166340899065797632e-02
1.131750000000211855e+02 4.018768792677140378e-01 3.139109708247345143e-02
1.133249999999787860e+02 3.982546764417730367e-01 3.141979983486985206e-02
1.134749999999919083e+02 3.939292461084767383e-01 3.087895746708867878e-02
1.136250000000000000e+02 3.900582183126901636e-01 3.108529897573385908e-02
1.137750000000078359e+02 3.852515731194388060e-01 3.078266438357456225e-02
1.139250000000213561e+02 3.810635149636797392e-01 3.047731391116829600e-02
1.140749999999786297e+02 3.775968028374788177e-01 3.052378415809561818e-02
1.142249999999925620e+02 3.746067047776184267e-01 3.031604086515379826e-02
1.143750000000000000e+02 3.702866964427705687e-01 2.985798841621361763e-02
1.145250000000071680e+02 3.660665888196184548e-01 2.986413984177538339e-02
1.146750000000215124e+02 3.627989435565686649e-01 3.006650038721806958e-02
1.148249999999784308e+02 3.596425552923120383e-01 2.952071862082863291e-02
1.149749999999932157e+02 3.559140131986716638e-01 2.938086294421251091e-02
1.151250000000000000e+02 3.520995036619653518e-01 2.932069771776648487e-02
1.152750000000065285e+02 3.481556447528975085e-01 2.871065288803904131e-02
1.154250000000216829e+02 3.447513817438191408e-01 2.897250367755983477e-02
1.155749999999783029e+02 3.405396369798166512e-01 2.880816139493620753e-02
1.157249999999938694e+02 3.379656761892592121e-01 2.871495640993967577e-02
1.158750000000000000e+02 3.352190968415656447e-01 2.848411491725649086e-02
1.160250000000058748e+02 3.315444903004734489e-01 2.854759176739891241e-02
1.161750000000218392e+02 3.278105607163127599e-01 2.805582247020135811e-02
1.163249999999781323e+02 3.248913040502223737e-01 2.834128852044940847e-02
1.164749999999945089e+02 3.219891075504749400e-01 2.742768842809526278e-02
1.166250000000000000e+02 3.179023370766664858e-01 2.756196502427038508e-02
1.167750000000052495e+02 3.151468504464741693e-01 2.747085010327875165e-02
1.169250000000220098e+02 3.122147759842451298e-01 2.715080224297563433e-02
1.170749999999779760e+02 3.089194931423277501e-01 2.726962910690819766e-02
1.172249999999951484e+02 3.057557470196988758e-01 2.696534198943437155e-02
1.173750000000000000e+02 3.020722783190210037e-01 2.667456436883887741e-02
1.175250000000046242e+02 2.997957941002125648e-01 2.688823802006529498e-02
1.176750000000221377e+02 2.967096199435654835e-01 2.639104295571396280e-02
1.178249999999778055e+02 2.938648391903523893e-01 2.630043792141188372e-02
1.179749999999957453e+02 2.909327665566989740e-01 2.631198481318452326e-02
1.181250000000000000e+02 2.880492636603545487e-01 2.590778159195199215e-02
1.182750000000039989e+02 2.848707372679439298e-01 2.600056090167363054e-02
1.184250000000223082e+02 2.822082464788326917e-01 2.557669652641919242e-02
1.185749999999776634e+02 2.794887374350498166e-01 2.545220647431573058e-02
1.187249999999963705e+02 2.765436207121318990e-01 2.558555082484017390e-02
1.188750000000000000e+02 2.735578037691341335e-01 2.509523196855537389e-02
1.190250000000033879e+02 2.707773185091534862e-01 2.537969701680937301e-02
1.191750000000224645e+02 2.686223689674193671e-01 2.508644247783058112e-02
1.193249999999775071e+02 2.656604260847901244e-01 2.461970040535742255e-02
1.194749999999969816e+02 2.627449019826423871e-01 2.476374436697938164e-02
1.196250000000000000e+02 2.605768407220578342e-01 2.461654757628502568e-02
1.197750000000027910e+02 2.575610751948858024e-01 2.454407479316162224e-02
1.199250000000226066e+02 2.552337444677341693e-01 2.414631010429613839e-02
1.200749999999773650e+02 2.525994612680677043e-01 2.434858764916564278e-02
1.202249999999975927e+02 2.495582929133725314e-01 2.403737066100419123e-02
1.203750000000000000e+02 2.471313569208961614e-01 2.420643876740315864e-02
1.205250000000021799e+02 2.446323625127246326e-01 2.367922063999238630e-02
1.206750000000227772e+02 2.418404361557838778e-01 2.359185411628834592e-02
1.208249999999772086e+02 2.393076895786559743e-01 2.346424896225286078e-02
1.209749999999981753e+02 2.371130180599234361e-01 2.355914288627677239e-02
1.211250000000000000e+02 2.344078461786214818e-01 2.322893791785148737e-02
1.212750000000015973e+02 2.323340135242329962e-01 2.306167531641199059e-02
1.214250000000229193e+02 2.295369991781479047e-01 2.285691742033557627e-02
1.215749999999770665e+02 2.268370195127021594e-01 2.286814239673530189e-02
1.217249999999987580e+02 2.248336709605740225e-01 2.274709163335094861e-02
1.218750000000000000e+02 2.225308177870435056e-01 2.280673101069307165e-02
1.220250000000010147e+02 2.201983663103435074e-01 2.234626011681910621e-02
1.221750000000230472e+02 2.171090450245763415e-01 2.204359939886337341e-02
1.223249999999769244e+02 2.149296323981321200e-01 2.207984872707613108e-02
1.224749999999993406e+02 2.123762124120006367e-01 2.204279098406059997e-02
1.226250000000000000e+02 2.102080577253088722e-01 2.204662258741188138e-02
1.227750000000004320e+02 2.077702902043447875e-01 2.196588051868280864e-02
1.229250000000231893e+02 2.048451074091975632e-01 2.182390078593967817e-02
1.230749999999767681e+02 2.027932736614422027e-01 2.134369715226782857e-02
1.232249999999999233e+02 2.008895345286049183e-01 2.149191635305450904e-02
1.233750000000000000e+02 1.987902146954242388e-01 2.127089313001737092e-02
1.235249999999998494e+02 1.965243781558733693e-01 2.099122861824483099e-02
1.236750000000233314e+02 1.938970102983543775e-01 2.093863853017782078e-02
1.238249999999766402e+02 1.920438299477147670e-01 2.082842759924886586e-02
1.239750000000004775e+02 1.894186260989729753e-01 2.061780956905103629e-02
1.241250000000000000e+02 1.873358472921760887e-01 2.093076055378222458e-02
1.242749999999992951e+02 1.850346199892066446e-01 2.051083120029952370e-02
1.244250000000234735e+02 1.828532146854982554e-01 2.038117652471904684e-02
1.245749999999764839e+02 1.807312944002527344e-01 2.042050434999143765e-02
1.247250000000010317e+02 1.788808530060475854e-01 2.014117877952789279e-02
1.248750000000000000e+02 1.766524574824974159e-01 1.980557949121506192e-02
1.250249999999987551e+02 1.748777289585159711e-01 1.979553484655696347e-02
1.251750000000236156e+02 1.726571121376279105e-01 1.962577778099983822e-02
1.253249999999763702e+02 1.697195368318110409e-01 1.949455933959506546e-02
1.254750000000015859e+02 1.678867043391559510e-01 1.917548015967490693e-02
1.256250000000000000e+02 1.659152532862135931e-01 1.930025844230294843e-02
1.257749999999982009e+02 1.637434417370025874e-01 1.898880556481684356e-02
1.259250000000237577e+02 1.615783915387132841e-01 1.890595874129406828e-02
1.260749999999762281e+02 1.595600677945584744e-01 1.890261281778213981e-02
1.262250000000021259e+02 1.578792899841325315e-01 1.894134589708550490e-02
1.263750000000000000e+02 1.556534466381347404e-01 1.875205820769236184e-02
1.265249999999976609e+02 1.534632363457344717e-01 1.843186737245926937e-02
1.266750000000238856e+02 1.514317945350260874e-01 1.821943214595206709e-02
1.268249999999760860e+02 1.493406777747066927e-01 1.823654398646537209e-02
1.269750000000026660e+02 1.473080273576627131e-01 1.788405448634243500e-02
1.271250000000000000e+02 1.455550437761405635e-01 1.795632986644260867e-02
1.272749999999971209e+02 1.436908485185627582e-01 1.790191590003009647e-02
1.274250000000240277e+02 1.414151247881291207e-01 1.742500256397965658e-02
1.275749999999759439e+02 1.396253459220353765e-01 1.784232592193713343e-02
1.277250000000031918e+02 1.376612779529533537e-01 1.756507024120481514e-02
1.278750000000000000e+02 1.357475483957848172e-01 1.737620988144492409e-02
1.280249999999965951e+02 1.338047800830705625e-01 1.711179495172395967e-02
1.281750000000241414e+02 1.317933541057089708e-01 1.691647882437803327e-02
1.283249999999758018e+02 1.300328916346027153e-01 1.690166435427913408e-02
1.284750000000037176e+02 1.277938203674004458e-01 1.671692465242884118e-02
1.286250000000000000e+02 1.256164813756273646e-01 1.645702495242972949e-02
1.287749999999960835e+02 1.239354391366013497e-01 1.634107537542785205e-02
1.289250000000242835e+02 1.224196235326607124e-01 1.635816913738463024e-02
1.290749999999756881e+02 1.203643146403430703e-01 1.599965524055033464e-02
1.292250000000042292e+02 1.187080918170433513e-01 1.617129170438827077e-02
1.293750000000000000e+02 1.164997309829414046e-01 1.600477690163327679e-02
1.295249999999955719e+02 1.148701831728115158e-01 1.567376661792610829e-02
1.296750000000243972e+02 1.128102142067139158e-01 1.528246307250176288e-02
1.298249999999755460e+02 1.113398461321517680e-01 1.544405697985115448e-02
1.299750000000047692e+02 1.091406239333232719e-01 1.524995943446383513e-02
1.301250000000000000e+02 1.071806999797762089e-01 1.519791827738615868e-02
1.302749999999950319e+02 1.056517234395264182e-01 1.514577212695837616e-02
1.304250000000245393e+02 1.037360578768032199e-01 1.501643523145437288e-02
1.305749999999754323e+02 1.018269585368165864e-01 1.464955094614859774e-02
1.307250000000052523e+02 1.000801847538214523e-01 1.464656915153550454e-02
1.308750000000000000e+02 9.829485125921401389e-02 1.451172753609310424e-02
1.310249999999945487e+02 9.635921151117260441e-02 1.424296899897649175e-02
1.311750000000246530e+02 9.468453394603305873e-02 1.419234532714751945e-02
1.313249999999753186e+02 9.299917326410674090e-02 1.398513488072510545e-02
1.314750000000057639e+02 9.150203224831356119e-02 1.412931673169643028e-02
1.316250000000000000e+02 8.943345930615813344e-02 1.376195456757019209e-02
1.317749999999940655e+02 8.766988688564619769e-02 1.361376122851023530e-02
1.319250000000247951e+02 8.624737473874778682e-02 1.348346360835882621e-02
1.320749999999751765e+02 8.420344957871969682e-02 1.312248432244657488e-02
1.322250000000062471e+02 8.281854846842469364e-02 1.317455052204172423e-02
1.323750000000000000e+02 8.068466548779476555e-02 1.297003787871022808e-02
1.325249999999935540e+02 7.903706698128411257e-02 1.271843975052042858e-02
1.326750000000249088e+02 7.742045972026967426e-02 1.273382542400969611e-02
1.328249999999750628e+02 7.589483888374988496e-02 1.273026040744883354e-02
1.329750000000067303e+02 7.396694737584649793e-02 1.236898694484842368e-02
1.331250000000000000e+02 7.222679011566850160e-02 1.228604432057868456e-02
1.332749999999930424e+02 7.080713259783150137e-02 1.219048515100655192e-02
1.334250000000250225e+02 6.907596367168845897e-02 1.210111853223141097e-02
1.335749999999749491e+02 6.742933085535027238e-02 1.174647878519470383e-02
1.337250000000072134e+02 6.588085414282661423e-02 1.181288997603557704e-02
1.338750000000000000e+02 6.435178948961059464e-02 1.176486111458604350e-02
1.340249999999925876e+02 6.264478155415093008e-02 1.146433544115026473e-02
1.341750000000251362e+02 6.097927678600838231e-02 1.126459968830743376e-02
1.343249999999748354e+02 5.938215762746359982e-02 1.119859178606166794e-02
1.344750000000077250e+02 5.753670161066062883e-02 1.095268840076344015e-02
1.346250000000000000e+02 5.610898966387473097e-02 1.083331146816144536e-02
1.347749999999921044e+02 5.475259071616428441e-02 1.054318406922182851e-02
1.349250000000252783e+02 5.298816619889824137e-02 1.033498085791085055e-02
1.350749999999746933e+02 5.141061773654043154e-02 1.037309750423045379e-02
1.352250000000081798e+02 4.974765394909833049e-02 1.003040290542368644e-02
1.353750000000000000e+02 4.834311840229418844e-02 1.003389747849854803e-02
1.355249999999916213e+02 4.665744519524633177e-02 9.844590033259830938e-03
1.356750000000253920e+02 4.497711110691437336e-02 9.686858582297726977e-03
1.358249999999746080e+02 4.359874424539761373e-02 9.351605820034230437e-03
1.359750000000086345e+02 4.192737703827383033e-02 9.324088070293090266e-03
1.361250000000000000e+02 4.027884864646542884e-02 9.002969445276684871e-03
1.362749999999911665e+02 3.891424434121196901e-02 9.012063131621349948e-03
1.364250000000255056e+02 3.744174223195741863e-02 8.767464119974539838e-03
1.365749999999744659e+02 3.566402597695027960e-02 8.574128808805097854e-03
1.367250000000091177e+02 3.424993363444440997e-02 8.427841599700889794e-03
1.368750000000000000e+02 3.271917599551785183e-02 8.141609157203967898e-03
1.370249999999907118e+02 3.130234151842148371e-02 8.108222185538728477e-03
1.371750000000256193e+02 2.979117133850223142e-02 7.937901350813271473e-03
1.373249999999743522e+02 2.831038141935181621e-02 7.514847888561241793e-03
1.374750000000095724e+02 2.690625915852673869e-02 7.464928391748946665e-03
1.376250000000000000e+02 2.522993944802762178e-02 7.229851980331236140e-03
1.377749999999902286e+02 2.375579682967632680e-02 6.943801206540240953e-03
1.379250000000257330e+02 2.234558172262260042e-02 6.806118030853852349e-03
1.380749999999742386e+02 2.064876646159226337e-02 6.483779339961650255e-03
1.382250000000100272e+02 1.937621746690868646e-02 6.296067867305165863e-03
1.383750000000000000e+02 1.798854728389279525e-02 5.970916474475334614e-03
1.385249999999898023e+02 1.644388051385634389e-02 5.700050613387873388e-03
1.386750000000258467e+02 1.499503477559289977e-02 5.505132988713756954e-03
1.388249999999741249e+02 1.351780408808197012e-02 5.247858667513059794e-03
1.389750000000104535e+02 1.209025913496129985e-02 4.894132557305449008e-03
1.391250000000000000e+02 1.056385375248690243e-02 4.571642698100156568e-03
1.392749999999893475e+02 9.054243118848491825e-03 4.283309062833460558e-03
1.394250000000259604e+02 7.741300154994456076e-03 3.935502112321046138e-03
1.395749999999740112e+02 6.323115130270700289e-03 3.542060226653470818e-03
1.397250000000109367e+02 4.886031650092109366e-03 3.141595189044546575e-03
1.398750000000000000e+02 3.514784648835340888e-03 2.662467030159150743e-03
1.400249999999889212e+02 2.007611654235578764e-03 2.047586273086767286e-03
1.401750000000260741e+02 6.458526335102545996e-04 1.149479808758070839e-03
