# Radius RDF_mean RDF_std
7.500000000000896228e-02 1.167300143236650878e-01 6.702335614294617772e-01
2.249999999999577616e-01 1.203693282991658425e-01 3.915848196186179631e-01
3.750000000000000000e-01 1.297522877188892754e-01 3.130913006993103487e-01
5.249999999999700462e-01 1.286166360246093765e-01 2.633311765277892014e-01
6.750000000001169509e-01 1.357621780617506713e-01 2.403495448280068836e-01
8.249999999998777200e-01 1.366420193172716291e-01 2.154412969882483486e-01
9.750000000001839418e-01 1.379677182649696743e-01 2.031383042620483748e-01
1.125000000000000000e+00 1.417695346187569094e-01 1.879458729943819517e-01
1.274999999999773648e+00 1.473222238397501604e-01 1.826397207441054493e-01
1.424999999999764455e+00 1.541101868782775164e-01 1.750526946034541564e-01
1.575000000000282396e+00 1.658564357446287163e-01 1.703773463503691077e-01
1.725000000000170397e+00 1.755367844669682986e-01 1.692677482851772941e-01
1.875000000000000000e+00 1.894952242361595818e-01 1.685117829148712054e-01
2.025000000000070521e+00 2.033581492981973160e-01 1.698589373174613781e-01
2.174999999999594813e+00 2.191148718934025630e-01 1.708595127687091986e-01
2.325000000000426059e+00 2.401314333280924196e-01 1.715404480887271210e-01
2.474999999999678124e+00 2.614752454852359853e-01 1.723952006371375634e-01
2.625000000000000000e+00 2.905869674308514394e-01 1.782120822878848765e-01
2.775000000000444444e+00 3.205865821103984770e-01 1.811608420393618080e-01
2.924999999999512212e+00 3.588267287386743831e-01 1.844169137134639147e-01
3.075000000000499334e+00 4.094605294075047697e-01 1.932173001557160597e-01
3.224999999999414779e+00 4.643940507398564010e-01 2.006285063343239694e-01
3.375000000000000000e+00 5.326427134349147607e-01 2.096090817632042802e-01
3.525000000000659384e+00 6.170346204239888221e-01 2.219341476473357111e-01
3.674999999999857714e+00 7.191100471512222869e-01 2.362813070741274224e-01
3.825000000000022382e+00 8.561606700935276981e-01 2.471910077812608797e-01
3.974999999999250466e+00 1.038390225209187223e+00 2.682887257086342681e-01
4.125000000000000000e+00 1.297625959355482417e+00 2.957402950879618464e-01
4.275000000000798828e+00 1.554864517597037255e+00 3.202371395747419802e-01
4.425000000000374634e+00 1.687244235903587297e+00 3.234311412316958623e-01
4.574999999999541878e+00 1.646321897996636974e+00 3.125898880758977705e-01
4.724999999999138112e+00 1.497722908737230796e+00 3.012691885500244360e-01
4.875000000000000000e+00 1.322853405859745646e+00 2.771554684734615082e-01
5.025000000000897415e+00 1.167100564653131833e+00 2.561590238859627888e-01
5.175000000000743228e+00 1.031426668407411151e+00 2.347380493716512695e-01
5.324999999999196376e+00 9.274228265148173334e-01 2.204725075385866040e-01
5.474999999999057287e+00 8.478376381497871872e-01 2.084048883668408736e-01
5.625000000000000000e+00 7.979185499571714857e-01 2.001239560217470403e-01
5.775000000000969358e+00 7.564541469962966502e-01 1.940647092107050664e-01
5.925000000001017675e+00 7.394727381994374849e-01 1.853928895514981856e-01
6.074999999998936140e+00 7.349156192726422621e-01 1.838175590586703656e-01
6.224999999998995115e+00 7.413819573307802724e-01 1.831840187036498369e-01
6.375000000000000000e+00 7.618592020113043040e-01 1.811793299564128379e-01
6.525000000001025313e+00 7.845306916744377856e-01 1.822290563138044550e-01
6.675000000001229949e+00 8.335569568824681141e-01 1.869869904273760153e-01
6.824999999998733635e+00 8.886733532522923529e-01 1.895128878534643457e-01
6.974999999999387690e+00 9.587207121528122933e-01 1.959619411437765468e-01
7.125000000000000000e+00 1.045384136568514588e+00 2.017516928094846285e-01
7.275000000000346745e+00 1.146044092692191985e+00 2.083041366870735933e-01
7.425000000001398703e+00 1.228995502170771692e+00 2.130821968383694309e-01
7.574999999998571099e+00 1.255475266241596666e+00 2.153893282399262366e-01
7.725000000000012079e+00 1.239615880306513596e+00 2.134860726862487235e-01
7.875000000000000000e+00 1.189635229617810763e+00 2.062590930348014162e-01
8.024999999999771205e+00 1.136839354462119811e+00 1.993928034614341482e-01
8.175000000001539036e+00 1.091871416316182231e+00 1.940179150803029717e-01
8.324999999998437872e+00 1.057363764038829812e+00 1.905730088619840557e-01
8.475000000000525446e+00 1.037499215194654489e+00 1.876021246931570130e-01
8.625000000000000000e+00 1.030621951766708122e+00 1.824682153776600035e-01
8.774999999999291589e+00 1.025129033394720279e+00 1.818350794759154565e-01
8.925000000001652722e+00 1.024232690367334886e+00 1.804595274984863440e-01
9.074999999998325961e+00 1.020622851134398656e+00 1.736609801190222568e-01
9.225000000000957101e+00 1.011926343444700116e+00 1.752909779692254089e-01
9.375000000000000000e+00 1.003106183026726272e+00 1.711422718217290861e-01
9.524999999998890132e+00 9.911816317054356062e-01 1.711651318480448269e-01
9.675000000001750422e+00 9.816057580280465045e-01 1.679046882491592452e-01
9.824999999998231814e+00 9.634836318103464636e-01 1.666481964080365197e-01
9.975000000001321254e+00 9.524711775833490934e-01 1.639406318800366580e-01
1.012500000000000000e+01 9.431611262091658121e-01 1.597843912859199800e-01
1.027499999999854730e+01 9.356660951780526592e-01 1.598320616534849303e-01
1.042500000000183391e+01 9.330289284248081128e-01 1.572855058716315368e-01
1.057499999999815010e+01 9.354362399078293144e-01 1.561945522332902625e-01
1.072500000000163745e+01 9.365239860796641391e-01 1.550720924609295392e-01
1.087500000000000000e+01 9.455500110797052660e-01 1.550752445487512121e-01
1.102499999999824887e+01 9.518693499716041062e-01 1.547852095352413304e-01
1.117500000000190674e+01 9.681581614451661988e-01 1.540247942681340632e-01
1.132499999999808082e+01 9.782840782478835484e-01 1.560243247145925716e-01
1.147500000000190923e+01 9.954368200603533889e-01 1.545028019224938542e-01
1.162500000000000000e+01 1.005868154004309289e+00 1.533086229643846332e-01
1.177499999999798952e+01 1.018710589201922367e+00 1.553801127696296802e-01
1.192500000000196891e+01 1.025206789826797804e+00 1.548221686813656128e-01
1.207499999999801865e+01 1.032588152130435422e+00 1.542249521361030995e-01
1.222500000000215081e+01 1.032004253806591443e+00 1.543178698894169532e-01
1.237500000000000000e+01 1.033135735706488978e+00 1.524352512100076995e-01
1.252499999999776215e+01 1.033906632347414423e+00 1.530701921349021388e-01
1.267500000000202398e+01 1.033707898445393125e+00 1.496670550658531496e-01
1.282499999999796536e+01 1.028951691539731650e+00 1.482809660048424738e-01
1.297500000000236220e+01 1.025021864037486186e+00 1.495870421590502208e-01
1.312500000000000000e+01 1.021990202554343030e+00 1.461166878450548268e-01
1.327499999999756142e+01 1.016630060812491188e+00 1.457129417990298270e-01
1.342500000000173088e+01 1.016265048151956396e+00 1.439905924436350737e-01
1.357499999999841833e+01 1.011877558776937525e+00 1.433647958523459054e-01
1.372500000000255049e+01 1.005661092442825089e+00 1.443016488780414497e-01
1.387500000000000000e+01 1.003402503341959795e+00 1.422118724443250937e-01
1.402499999999738023e+01 9.982549431609561985e-01 1.423885870641766749e-01
1.417500000000102034e+01 9.984979095936193927e-01 1.403014144854751177e-01
1.432499999999911111e+01 9.903012722205216667e-01 1.399483057186931556e-01
1.447500000000271925e+01 9.880348907126632607e-01 1.373757673012665492e-01
1.462500000000000000e+01 9.877065450908066868e-01 1.383300324994370389e-01
1.477499999999721680e+01 9.854582670215731310e-01 1.354457260525840645e-01
1.492500000000038618e+01 9.853857424802656695e-01 1.360579749333432620e-01
1.507499999999973639e+01 9.858361042065194590e-01 1.356618370026881348e-01
1.522500000000287201e+01 9.870059784102301892e-01 1.331098919942778624e-01
1.537500000000000000e+01 9.872655450908576213e-01 1.329369020850989236e-01
1.552499999999706937e+01 9.880826192121832108e-01 1.337798504677415456e-01
1.567499999999980886e+01 9.896300670327093929e-01 1.324089583677412196e-01
1.582500000000029772e+01 9.955426263660019925e-01 1.332768493319545222e-01
1.597500000000300879e+01 9.978758533252641838e-01 1.315073040178631469e-01
1.612500000000000000e+01 1.000133955684169518e+00 1.306349616253985602e-01
1.627499999999693969e+01 1.000759758773967611e+00 1.319342999606351596e-01
1.642499999999928662e+01 1.006851322040210439e+00 1.308041117468752013e-01
1.657500000000081286e+01 1.005345200659914839e+00 1.300411892561811056e-01
1.672500000000313847e+01 1.005395852666798984e+00 1.290573831774072533e-01
1.687500000000000000e+01 1.011334542016916416e+00 1.299488819615280955e-01
1.702499999999681535e+01 1.008794384477720296e+00 1.296268307793282948e-01
1.717499999999880700e+01 1.005946333479950994e+00 1.280772766571816046e-01
1.732500000000128182e+01 1.006589534626868954e+00 1.258757294908035562e-01
1.747500000000325215e+01 1.006687053666967202e+00 1.273410336315218550e-01
1.762500000000000000e+01 1.005950536711683441e+00 1.270536731878166292e-01
1.777499999999670521e+01 1.005025058114875414e+00 1.249481280673462452e-01
1.792499999999837357e+01 1.004192405365159857e+00 1.254001807985607453e-01
1.807500000000171170e+01 1.002471677173340181e+00 1.231700516486973762e-01
1.822500000000335874e+01 1.001386363381051359e+00 1.231808038325946375e-01
1.837500000000000000e+01 1.000735053512311845e+00 1.245230175686123791e-01
1.852499999999660218e+01 1.000541118305129595e+00 1.227991838384517032e-01
1.867499999999797211e+01 9.971412555747271034e-01 1.212732386351448033e-01
1.882500000000210960e+01 9.956849899926418779e-01 1.206206278948918770e-01
1.897500000000345466e+01 9.958120912995513940e-01 1.205411006923795408e-01
1.912500000000000000e+01 9.921452064357053624e-01 1.208255855600691847e-01
1.927499999999650626e+01 9.931379435600480310e-01 1.197992030302082456e-01
1.942499999999759908e+01 9.934776720197003863e-01 1.192494952120782686e-01
1.957500000000247198e+01 9.932996158966911349e-01 1.188621284317932236e-01
1.972500000000354348e+01 9.934108327622952483e-01 1.185025074338603157e-01
1.987500000000000000e+01 9.914277818257125618e-01 1.167151322079507253e-01
2.002499999999642100e+01 9.953112275226213557e-01 1.164330966644870208e-01
2.017499999999725446e+01 9.953786001824388441e-01 1.168097105879132708e-01
2.032500000000281304e+01 9.956389334772920430e-01 1.163161407335747133e-01
2.047500000000362874e+01 9.937207995502248536e-01 1.159498966766551453e-01
2.062500000000000000e+01 9.952718384043061084e-01 1.150583443284126373e-01
2.077499999999633928e+01 9.943708201945634650e-01 1.151807319205842978e-01
2.092499999999693472e+01 9.983265957919439382e-01 1.143369650467978421e-01
2.107500000000312212e+01 9.983323859950264945e-01 1.149747023466850954e-01
2.122500000000370690e+01 9.988245359498051368e-01 1.136594086609052506e-01
2.137500000000000000e+01 9.992603364237097052e-01 1.141462253460491377e-01
2.152499999999626468e+01 9.992720652206038556e-01 1.137602121347637968e-01
2.167499999999663984e+01 9.975800651776047800e-01 1.128425532889055088e-01
2.182500000000341700e+01 1.001711711420651740e+00 1.113666205786469909e-01
2.197500000000377796e+01 9.989033825068149852e-01 1.122156899145358155e-01
2.212500000000000000e+01 1.001193823918897996e+00 1.122035609416230650e-01
2.227499999999619718e+01 9.996985529901418754e-01 1.117313350603796607e-01
2.242499999999636273e+01 9.987354099013978637e-01 1.101076508625459111e-01
2.257500000000369056e+01 1.000631831959670315e+00 1.117648891838527586e-01
2.272500000000384546e+01 9.972634879995635471e-01 1.089547258760566184e-01
2.287500000000000000e+01 9.991986393030470870e-01 1.105160698564042893e-01
2.302499999999612967e+01 9.974048861978618286e-01 1.106745637582415703e-01
2.317499999999610338e+01 9.992876488838975391e-01 1.098499652309530839e-01
2.332500000000394635e+01 9.965180384360241561e-01 1.080400283335519740e-01
2.347500000000390941e+01 9.968811020909572607e-01 1.088983623990417565e-01
2.362500000000000000e+01 9.980705621097760716e-01 1.088332308499308509e-01
2.377499999999606928e+01 9.971208657058514557e-01 1.077176747083405384e-01
2.392499999999586180e+01 9.981563875561256793e-01 1.085271528268731134e-01
2.407500000000418439e+01 9.975220949160894524e-01 1.071412813340536646e-01
2.422500000000396625e+01 9.966820814760284364e-01 1.065073771844972511e-01
2.437500000000000000e+01 9.966743724303873675e-01 1.066367329248793516e-01
2.452499999999600888e+01 9.983126894871281465e-01 1.057091400855117713e-01
2.467499999999563087e+01 9.997416401115222229e-01 1.063397625428186416e-01
2.482500000000441176e+01 9.971272217739857169e-01 1.056528839825080501e-01
2.497500000000402309e+01 9.973657028742418662e-01 1.060969091224027994e-01
2.512500000000000000e+01 9.980329356741123314e-01 1.045234862308821733e-01
2.527499999999595559e+01 9.983080757244570114e-01 1.043529071221705878e-01
2.542499999999541771e+01 9.970461430922982204e-01 1.034116218546779625e-01
2.557500000000462137e+01 9.976549383662642878e-01 1.039592007364645299e-01
2.572500000000407638e+01 9.977342510414660692e-01 1.039529918385854873e-01
2.587500000000000000e+01 9.988727297585116016e-01 1.049073158932798816e-01
2.602499999999590585e+01 9.993447196039088043e-01 1.030004982892548382e-01
2.617499999999521521e+01 9.984090551773951994e-01 1.024426190309843526e-01
2.632500000000482032e+01 1.000060259048307865e+00 1.031809529993021612e-01
2.647500000000383480e+01 9.960706391399963833e-01 1.022585514384767580e-01
2.662500000000000000e+01 9.994379019278182286e-01 1.035091907990215998e-01
2.677499999999647073e+01 9.986656982525734527e-01 1.008097714891332403e-01
2.692499999999502691e+01 9.977182940903301933e-01 1.019893312880718605e-01
2.707500000000501217e+01 9.981617648491334371e-01 1.013639395831074097e-01
2.722500000000308873e+01 9.986650125633682595e-01 1.015446887784161589e-01
2.737500000000000000e+01 9.986670601400138292e-01 1.014829643117104441e-01
2.752499999999719549e+01 9.969587078763944010e-01 1.011074632261609735e-01
2.767499999999484928e+01 9.987023297788326648e-01 9.977906496780877821e-02
2.782500000000518625e+01 9.987010800598592475e-01 9.927690991433538170e-02
2.797500000000238529e+01 9.985340749539168836e-01 1.000536594097182208e-01
2.812500000000000000e+01 9.992187682717528219e-01 9.929637238817155820e-02
2.827499999999788827e+01 9.967969345560586669e-01 9.855919335341786769e-02
2.842499999999467164e+01 9.967329444714556619e-01 9.835499550553611359e-02
2.857500000000536033e+01 9.965755918564164206e-01 9.861954514204253341e-02
2.872500000000171028e+01 9.970063025980731020e-01 9.795077508158475665e-02
2.887500000000000000e+01 9.966693138965226906e-01 9.773389385980515986e-02
2.902499999999854552e+01 9.968546488906612213e-01 9.881366093842650078e-02
2.917499999999451177e+01 9.966884024410569420e-01 9.771516326154701393e-02
2.932500000000552021e+01 9.960268111192851492e-01 9.764247273845934327e-02
2.947500000000107434e+01 9.990865934874034737e-01 9.767709508141962649e-02
2.962500000000000000e+01 9.981467409853347350e-01 9.584081384722142882e-02
2.977499999999917080e+01 9.977159417152048348e-01 9.607101207949421406e-02
2.992499999999435900e+01 9.992419665775034154e-01 9.694732076830457623e-02
3.007500000000566942e+01 9.989205498379590820e-01 9.613519016202941303e-02
3.022500000000047393e+01 9.977555556358140842e-01 9.504687755939963956e-02
3.037500000000000000e+01 9.976099507630952212e-01 9.575564855980446544e-02
3.052499999999976410e+01 9.984843308962085828e-01 9.543486233652910544e-02
3.067499999999420623e+01 9.998178584762001941e-01 9.530096182345611233e-02
3.082500000000581508e+01 9.995824989119775905e-01 9.476792537932179905e-02
3.097499999999989839e+01 9.978444185198684924e-01 9.472280499421194266e-02
3.112500000000000000e+01 9.983879883067319216e-01 9.486710025878991592e-02
3.127500000000032898e+01 1.000557955812145572e+00 9.470316953728874498e-02
3.142499999999406768e+01 9.987434953831687556e-01 9.481790493634788264e-02
3.157500000000595364e+01 9.995898939650038617e-01 9.370208298316576312e-02
3.172499999999935127e+01 9.973064455988615018e-01 9.247866971879240006e-02
3.187500000000000000e+01 1.000446591235974125e+00 9.230937533455803312e-02
3.202500000000086544e+01 9.979253965427175022e-01 9.353818766822162567e-02
3.217499999999394333e+01 9.983977149826553932e-01 9.368774049239404766e-02
3.232500000000609219e+01 9.982051527863482487e-01 9.195373042116772311e-02
3.247499999999882903e+01 9.985865849333191990e-01 9.169326196353552727e-02
3.262500000000000000e+01 9.963876078078278686e-01 9.110660760720369622e-02
3.277500000000137703e+01 9.991890610073344003e-01 9.228140733431318410e-02
3.292499999999381544e+01 9.998719711506607322e-01 9.170137767916482219e-02
3.307500000000621299e+01 9.998070310679857409e-01 9.119603255308046663e-02
3.322499999999832454e+01 1.000322215005835069e+00 9.246879573624661175e-02
3.337500000000000000e+01 9.991825184477751698e-01 9.034287151994487008e-02
3.352500000000186731e+01 1.000009580461030945e+00 9.192708593482640245e-02
3.367499999999368754e+01 9.987563428869555837e-01 9.009395847103850163e-02
3.382500000000633378e+01 9.990820935887170240e-01 9.027979423011843474e-02
3.397499999999784848e+01 9.981073318865708588e-01 9.032740939567864003e-02
3.412500000000000000e+01 9.997999654722818930e-01 8.931919117708429778e-02
3.427500000000233626e+01 9.989137906241375431e-01 9.137407024640002706e-02
3.442499999999357385e+01 1.001112651917466678e+00 9.009871065546340430e-02
3.457500000000644746e+01 1.002180390901517670e+00 9.006521424237932949e-02
3.472499999999739373e+01 9.988834838300031382e-01 9.028013662106317005e-02
3.487500000000000000e+01 1.000525992603129133e+00 8.889273767148929417e-02
3.502500000000278391e+01 9.980314739019313652e-01 8.951358242538581811e-02
3.517499999999346016e+01 9.982985734372538111e-01 8.895004848385906771e-02
3.532500000000656115e+01 1.000656985286754175e+00 8.897416521310434756e-02
3.547499999999695319e+01 9.988403395113977234e-01 8.747522795236020721e-02
3.562500000000000000e+01 9.986698298300020760e-01 8.810129209772982195e-02
3.577500000000321734e+01 1.001557328477621134e+00 8.855409767219676875e-02
3.592499999999336069e+01 1.000687339374211726e+00 8.912889100754377292e-02
3.607500000000666773e+01 1.000605158454054067e+00 8.733938789926971868e-02
3.622499999999653397e+01 1.001519496887734784e+00 8.878064576298118349e-02
3.637500000000000000e+01 1.001986829833172221e+00 8.725668064352926079e-02
3.652500000000362235e+01 1.000057386145093430e+00 8.685538045932272855e-02
3.667499999999325411e+01 1.001106705916370299e+00 8.693061005933960805e-02
3.682500000000676721e+01 9.994519433165216515e-01 8.735108733661410552e-02
3.697499999999613607e+01 9.992779641192135465e-01 8.740988326536161535e-02
3.712500000000000000e+01 1.000778042634244525e+00 8.688155260528084012e-02
3.727500000000402736e+01 1.001400215061697851e+00 8.573628069580167821e-02
3.742499999999315463e+01 1.000763191006876607e+00 8.722810459235887104e-02
3.757500000000686668e+01 9.998474361299704016e-01 8.580759615823783937e-02
3.772499999999575238e+01 1.000754858384533819e+00 8.608118094387375019e-02
3.787500000000000000e+01 9.990776176427844657e-01 8.519293359409065014e-02
3.802500000000440394e+01 1.000223596367918466e+00 8.534385443222168577e-02
3.817499999999306226e+01 9.994492879067522484e-01 8.603235499903406913e-02
3.832500000000695906e+01 9.987811828912184220e-01 8.566925509148888562e-02
3.847499999999537579e+01 9.979719394150405876e-01 8.439111387892112015e-02
3.862500000000000000e+01 1.000166768852620791e+00 8.485793043009737247e-02
3.877500000000476632e+01 9.988694484549326402e-01 8.516722053424946592e-02
3.892499999999297700e+01 9.987263728370061600e-01 8.548971917792806685e-02
3.907500000000705143e+01 9.983350174523614173e-01 8.498599249717087023e-02
3.922499999999502052e+01 9.987266429532102308e-01 8.500146025628083080e-02
3.937500000000000000e+01 1.000341940026206355e+00 8.467614102182995095e-02
3.952500000000512159e+01 9.992095766705364479e-01 8.501475930127105896e-02
3.967499999999288463e+01 9.987612932475041783e-01 8.385574179424308550e-02
3.982500000000712959e+01 9.988681045960027260e-01 8.409710540947416824e-02
3.997499999999467946e+01 1.000699505680201717e+00 8.273720979711478296e-02
4.012500000000000000e+01 1.000044312411755287e+00 8.265119711654950185e-02
4.027500000000545555e+01 9.989384716010868415e-01 8.301529009986521879e-02
4.042499999999279936e+01 9.999854615363945598e-01 8.331798622555097733e-02
4.057500000000721485e+01 9.999415477170007227e-01 8.342207095877167411e-02
4.072499999999434550e+01 1.000326304964510582e+00 8.370518735771279029e-02
4.087500000000000000e+01 1.000675798116126947e+00 8.213605874519600003e-02
4.102500000000578240e+01 9.999397867158370534e-01 8.293326961721528279e-02
4.117499999999272120e+01 1.000684209573068584e+00 8.313784103146014404e-02
4.132500000000730012e+01 1.000364392159303062e+00 8.227329441533497156e-02
4.147499999999402576e+01 1.000171239410450941e+00 8.260878560963368089e-02
4.162500000000000000e+01 1.001427101031559186e+00 8.293783270132301655e-02
4.177500000000609504e+01 1.000857811396203667e+00 8.227401054011443393e-02
4.192499999999264304e+01 9.992716763020953463e-01 8.189969307417734046e-02
4.207500000000737828e+01 9.997047852632316989e-01 8.131081158675360077e-02
4.222499999999372022e+01 9.989034706807573549e-01 8.184340800290666740e-02
4.237500000000000000e+01 1.000497895460128017e+00 8.148111196533439071e-02
4.252500000000640057e+01 1.001982384905154566e+00 8.107609475257278320e-02
4.267499999999256488e+01 9.999145446803336945e-01 8.119736711644517935e-02
4.282500000000744933e+01 9.988825221608506055e-01 8.087552128557246034e-02
4.297499999999342180e+01 1.000817265145218737e+00 8.035094771139998648e-02
4.312500000000000000e+01 9.996253274655364507e-01 8.049978268285309935e-02
4.327500000000669900e+01 1.000725088683909858e+00 8.005922632033259101e-02
4.342499999999249383e+01 1.000235228553348676e+00 8.032511815807824584e-02
4.357500000000752038e+01 1.000972285352742519e+00 8.006295124501583427e-02
4.372499999999313758e+01 1.000106976183627649e+00 7.986199435395477386e-02
4.387500000000000000e+01 1.000044263579252357e+00 8.073367487871309367e-02
4.402500000000697611e+01 9.987167354371695449e-01 7.969589313290091626e-02
4.417499999999242277e+01 1.000318317877683327e+00 7.917710269072758544e-02
4.432500000000759144e+01 9.998138517610096754e-01 7.966793258890968177e-02
4.447499999999286047e+01 1.001521854331896444e+00 7.978054666848712062e-02
4.462500000000000000e+01 1.001085887221419446e+00 7.862036887170292809e-02
4.477500000000724611e+01 9.994067810294924303e-01 7.866528421199632526e-02
4.492499999999235882e+01 1.001600190710326244e+00 7.906126469189242445e-02
4.507500000000766249e+01 9.995440834494537796e-01 7.812790852049915358e-02
4.522499999999259757e+01 9.996112130573857613e-01 7.903522532929643796e-02
4.537500000000000000e+01 1.001030165663442162e+00 7.824469977818902799e-02
4.552500000000750902e+01 1.000862286456655204e+00 7.860045770255853770e-02
4.567499999999228777e+01 1.001103710995803642e+00 7.840380842376699910e-02
4.582500000000772644e+01 9.995120352048707524e-01 7.767812110498309441e-02
4.597499999999233466e+01 1.000528332558177969e+00 7.792698260113223307e-02
4.612500000000000000e+01 1.000113313662948977e+00 7.791384384227047211e-02
4.627500000000776481e+01 1.000313481177927954e+00 7.735761612898145456e-02
4.642499999999223093e+01 1.001542836001942938e+00 7.812503016144985157e-02
4.657500000000779039e+01 9.996987801885891534e-01 7.720137060747392366e-02
4.672499999999207887e+01 1.000660777164852355e+00 7.700413207323204834e-02
4.687500000000000000e+01 9.996724662822880081e-01 7.787591906860538704e-02
4.702500000000801350e+01 1.001022033613325091e+00 7.679667771487486139e-02
4.717499999999216698e+01 9.999514327789429391e-01 7.691227921238226461e-02
4.732500000000784723e+01 1.000316158917225584e+00 7.625044461500660176e-02
4.747499999999183729e+01 1.000083397346710257e+00 7.569752368721674451e-02
4.762500000000000000e+01 9.992370022147819553e-01 7.625083490114077656e-02
4.777500000000825509e+01 1.000183086868456472e+00 7.754977475186797253e-02
4.792499999999211013e+01 1.000882699238131668e+00 7.652328653504963940e-02
4.807500000000790408e+01 9.986490209851899280e-01 7.608313091599809563e-02
4.822499999999160281e+01 9.995721249367554018e-01 7.701118841368687074e-02
4.837500000000000000e+01 9.996290880077713936e-01 7.534987104136652014e-02
4.852500000000848956e+01 9.997343710812233164e-01 7.512929932128956101e-02
4.867499999999204618e+01 9.984728795481132568e-01 7.533182461612901448e-02
4.882500000000796092e+01 9.991677929004496583e-01 7.487964434816911374e-02
4.897499999999137543e+01 9.990103670333956298e-01 7.540754774125493776e-02
4.912500000000000000e+01 1.000477073050863641e+00 7.564280534527667577e-02
4.927500000000870983e+01 9.998078295529099213e-01 7.546755722035386471e-02
4.942499999999198934e+01 9.991092180542543444e-01 7.486577007675786211e-02
4.957500000000802487e+01 9.992729183193076459e-01 7.429839706062607574e-02
4.972499999999115516e+01 1.000124304875634973e+00 7.558726035903191864e-02
4.987500000000000000e+01 9.987981420388508669e-01 7.479574334257496626e-02
5.002500000000893010e+01 9.998030583534335269e-01 7.499601621931302475e-02
5.017499999999193960e+01 1.000353171939343699e+00 7.374408427308810909e-02
5.032500000000807461e+01 9.999830292055407188e-01 7.464722783518096261e-02
5.047499999999094200e+01 9.995439511035049129e-01 7.342348556712374741e-02
5.062500000000000000e+01 1.000614041179491931e+00 7.373984254408252892e-02
5.077500000000914326e+01 9.997259661012174448e-01 7.367220270832502971e-02
5.092499999999188276e+01 1.001363295700868683e+00 7.336389645915715463e-02
5.107500000000812435e+01 1.000301533858999115e+00 7.393169454635722948e-02
5.122499999999072884e+01 9.995378635864597960e-01 7.326231515750233902e-02
5.137500000000000000e+01 1.000202391505265576e+00 7.501124423476331071e-02
5.152500000000934932e+01 1.001774537538243193e+00 7.318991233832827792e-02
5.167499999999183302e+01 1.000894379111622046e+00 7.365925341016194006e-02
5.182500000000818119e+01 1.000464772688611337e+00 7.427787791000110829e-02
5.197499999999052989e+01 9.998948332076796897e-01 7.384034294165599255e-02
5.212500000000000000e+01 1.000201426931296655e+00 7.298632918097351652e-02
5.227500000000954827e+01 9.995575691692084597e-01 7.289547856933881187e-02
5.242499999999178328e+01 1.001555856076863371e+00 7.301372429089286742e-02
5.257500000000806040e+01 1.000557688174098070e+00 7.339096470910883019e-02
5.272499999999033804e+01 1.000695036794461146e+00 7.292444065373446249e-02
5.287500000000000000e+01 1.000826177806633410e+00 7.239469171845275275e-02
5.302500000000974723e+01 1.001737263956647972e+00 7.321546302554128582e-02
5.317499999999255778e+01 9.999753273097125028e-01 7.263340737650036960e-02
5.332500000000729301e+01 9.997206664428460732e-01 7.183872624968751230e-02
5.347499999999015330e+01 9.984719815886079486e-01 7.198279219082305558e-02
5.362500000000000000e+01 9.992542865935953866e-01 7.283642668191789293e-02
5.377500000000993197e+01 9.995691789964016305e-01 7.176634147767528560e-02
5.392499999999331095e+01 9.992384635888941213e-01 7.182013864082936738e-02
5.407500000000654694e+01 1.000550338507386838e+00 7.199518429828240251e-02
5.422499999998996145e+01 1.001575418004180928e+00 7.229257885510792514e-02
5.437500000000000000e+01 1.000866816487298028e+00 7.168932666379422558e-02
5.452500000001011671e+01 1.000287693419677604e+00 7.049065461385738141e-02
5.467499999999403570e+01 1.001247876627377797e+00 7.067662480506245459e-02
5.482500000000581508e+01 1.000547454133695835e+00 7.190943139424538222e-02
5.497499999998977671e+01 1.001352350406052638e+00 7.097202024582403845e-02
5.512500000000000000e+01 1.000323280068346588e+00 7.161416282527204025e-02
5.527500000001029434e+01 1.000727256080700123e+00 7.161046805146890903e-02
5.542499999999475335e+01 1.000251012441740750e+00 7.088825823337484289e-02
5.557500000000510454e+01 1.000353904484930334e+00 7.046448275280882412e-02
5.572499999998960618e+01 1.002288350895850000e+00 7.097852665170428788e-02
5.587500000000000000e+01 9.997534879518433781e-01 7.095655591277824636e-02
5.602500000001046487e+01 1.000744609060026491e+00 7.100688026263790587e-02
5.617499999999544258e+01 1.000892906658076287e+00 7.106835848386222620e-02
5.632500000000441531e+01 1.000722488002188548e+00 7.050719003519520522e-02
5.647499999998942855e+01 1.000802488594556783e+00 6.968835823533481300e-02
5.662500000000000000e+01 9.996104399392347073e-01 6.944669045207736702e-02
5.677500000001062830e+01 1.001554912552037768e+00 7.073133365462139222e-02
5.692499999999611759e+01 1.000577009545950968e+00 6.958393361116259335e-02
5.707500000000374030e+01 1.000331468185091888e+00 6.987673658221182915e-02
5.722499999998926512e+01 1.000393330975403838e+00 6.980711469782659162e-02
5.737500000000000000e+01 1.000291891356531071e+00 7.061264700490064994e-02
5.752500000001079172e+01 1.000579323362887019e+00 7.013341473855443098e-02
5.767499999999677129e+01 1.002293730627822343e+00 6.982109709785032370e-02
5.782500000000310081e+01 1.000795727901355070e+00 6.969685886808577036e-02
5.797499999998910170e+01 1.000572839832066352e+00 6.931889223200593531e-02
5.812500000000000000e+01 1.000143539130532666e+00 6.876646598231346552e-02
5.827500000001095515e+01 1.001484623549791841e+00 6.966283758813274218e-02
5.842499999999741078e+01 1.000554456423283112e+00 6.845416738180795657e-02
5.857500000000246132e+01 1.001395495958721682e+00 6.968434288071591320e-02
5.872499999998893827e+01 1.000507074282303011e+00 6.862754787537155010e-02
5.887500000000000000e+01 1.000694578495920473e+00 6.869741899437128985e-02
5.902500000001111857e+01 1.001034968777493095e+00 6.918020497200656760e-02
5.917499999999803606e+01 1.000844645090281260e+00 6.852745988452811632e-02
5.932500000000184315e+01 1.001010910468051351e+00 6.908536506207382799e-02
5.947499999998878906e+01 9.994129036051367931e-01 6.898756611756187707e-02
5.962500000000000000e+01 1.000723771599105527e+00 6.858546172377930072e-02
5.977500000001126779e+01 1.000354815154627097e+00 6.836546055517067622e-02
5.992499999999864002e+01 1.001029525759809191e+00 6.858925015175093565e-02
6.007500000000123919e+01 1.001407682663656207e+00 6.806009035851839917e-02
6.022499999998863984e+01 9.985119440032527161e-01 6.861137327754877890e-02
6.037500000000000000e+01 1.000213219329621150e+00 6.721009877138027500e-02
6.052500000001142411e+01 1.000254560863824471e+00 6.756677236723336588e-02
6.067499999999923688e+01 1.000048962407316777e+00 6.795378136035153116e-02
6.082500000000064944e+01 9.989561336540337955e-01 6.780593330230989813e-02
6.097499999998849773e+01 1.000226654940055582e+00 6.830021791614478144e-02
6.112500000000000000e+01 9.977108070993497835e-01 6.775711221826020980e-02
6.127500000001155911e+01 9.994479755208354188e-01 6.789403534756226211e-02
6.142499999999980531e+01 9.990600123978394809e-01 6.764478035120494170e-02
6.157500000000007390e+01 9.982213355467053351e-01 6.663745427746864403e-02
6.172499999998834852e+01 9.987585566588876862e-01 6.664357635752996001e-02
6.187500000000000000e+01 9.986307743148812310e-01 6.642507999584927603e-02
6.202500000001170122e+01 9.993127018076326529e-01 6.616378222090386896e-02
6.217500000000037375e+01 9.981424632733982838e-01 6.759826305044623618e-02
6.232499999999951967e+01 9.997812941620116689e-01 6.657890140529947043e-02
6.247499999998820641e+01 9.988886142280581915e-01 6.690733851381988617e-02
6.262500000000000000e+01 9.987110501378302363e-01 6.703643138653461730e-02
6.277500000001184333e+01 1.000091124144199206e+00 6.637314570268212921e-02
6.292500000000092086e+01 1.000477989669420031e+00 6.718004837117287631e-02
6.307499999999897256e+01 9.990458659557842624e-01 6.605424681750424187e-02
6.322499999998807851e+01 9.982909279328634478e-01 6.623958121948404776e-02
6.337500000000000000e+01 9.997836676117054511e-01 6.751782837378425550e-02
6.352500000001197833e+01 1.000152372300666670e+00 6.555744812918040676e-02
6.367500000000146798e+01 9.993096642353228587e-01 6.584991222381091081e-02
6.382499999999843254e+01 9.996069316975820795e-01 6.504008156512507133e-02
6.397499999998793641e+01 9.996459808080099263e-01 6.597695502740745510e-02
6.412500000000000000e+01 1.000836600842589519e+00 6.533947784923976876e-02
6.427500000001211333e+01 1.000524309664059475e+00 6.622694855709906903e-02
6.442500000000200089e+01 1.000256223909717246e+00 6.503381625480517125e-02
6.457499999999791385e+01 1.000733944337288905e+00 6.610766686126930136e-02
6.472499999998781561e+01 9.989433702477629184e-01 6.588233238446365714e-02
6.487500000000000000e+01 9.996941462676222079e-01 6.477125433053479431e-02
6.502500000001224123e+01 9.999748778628611001e-01 6.604137955476789557e-02
6.517500000000251248e+01 9.994762435403894418e-01 6.537278091082797393e-02
6.532499999999740226e+01 9.998781236850681209e-01 6.601133848861069631e-02
6.547499999998768772e+01 9.992968468726545206e-01 6.483114973190044761e-02
6.562500000000000000e+01 1.000231431191844100e+00 6.544389517406645762e-02
6.577500000001236913e+01 9.991954708479297009e-01 6.586164699148452928e-02
6.592500000000300986e+01 9.992671953409918428e-01 6.462179478419420586e-02
6.607499999999690488e+01 9.999511314487808944e-01 6.518540628270026727e-02
6.622499999998755982e+01 1.000284539806800321e+00 6.506831812735722198e-02
6.637500000000000000e+01 1.000779693452642061e+00 6.485214439629831407e-02
6.652500000001249703e+01 9.994425054128606156e-01 6.440121373002068161e-02
6.667500000000349303e+01 1.000589352322989400e+00 6.480382780226237593e-02
6.682499999999640750e+01 1.000049924223064712e+00 6.545789151366389336e-02
6.697499999998743192e+01 9.999268455561917124e-01 6.454556417052197126e-02
6.712500000000000000e+01 9.999678881708430334e-01 6.372227353578019393e-02
6.727500000001261071e+01 1.000269390219545862e+00 6.459027602267566892e-02
6.742500000000397620e+01 1.001351126825527293e+00 6.445007553901643815e-02
6.757499999999593854e+01 1.000692628450324362e+00 6.382320908919529578e-02
6.772499999998731823e+01 1.001079007178370839e+00 6.409970837026610080e-02
6.787500000000000000e+01 1.001045515282633191e+00 6.441901803053785847e-02
6.802500000001272440e+01 1.001121636279549643e+00 6.456044457332103803e-02
6.817500000000444516e+01 9.995732685317677557e-01 6.357713971472452041e-02
6.832499999999546958e+01 1.001913595883868968e+00 6.487493016464787599e-02
6.847499999998720455e+01 1.001164635823302174e+00 6.366838485322647012e-02
6.862500000000000000e+01 1.000783930953175194e+00 6.364260528447859833e-02
6.877500000001283809e+01 1.000712699003497574e+00 6.424499450367225639e-02
6.892500000000489990e+01 1.000757310934543343e+00 6.296150952552857782e-02
6.907499999999501483e+01 1.001980131918085881e+00 6.332455698923682152e-02
6.922499999998709086e+01 1.000716581945987782e+00 6.380825685037797013e-02
6.937500000000000000e+01 1.001253409714918163e+00 6.338387662506418663e-02
6.952500000001295177e+01 1.000759152684024267e+00 6.400334049198322384e-02
6.967500000000535465e+01 1.001588206738865949e+00 6.298474974740271570e-02
6.982499999999456008e+01 1.001716120261888276e+00 6.337080804677132362e-02
6.997499999998697717e+01 1.002001934566130181e+00 6.360486229113374024e-02
7.012500000000000000e+01 1.000915251301461195e+00 6.318259283474886301e-02
7.027500000001306546e+01 1.001114915329460286e+00 6.221799262702033123e-02
7.042500000000579519e+01 1.001685600459824022e+00 6.235456431374861858e-02
7.057499999999413376e+01 1.000869255041219708e+00 6.304804440093472739e-02
7.072499999998686349e+01 1.002459106280901180e+00 6.278920082015289339e-02
7.087500000000000000e+01 1.000735796443195547e+00 6.317190973244697638e-02
7.102500000001316494e+01 1.002211851476924265e+00 6.297882313807309784e-02
7.117500000000620730e+01 1.001416014630100104e+00 6.278745329499209327e-02
7.132499999999369322e+01 1.000474278543726836e+00 6.240897650845512318e-02
7.147499999998676401e+01 1.000616848733013819e+00 6.260915609214259825e-02
7.162500000000000000e+01 1.001798505689122543e+00 6.304303631572345801e-02
7.177500000001327862e+01 1.001895000945109970e+00 6.263841154157802349e-02
7.192500000000663363e+01 1.000914788331886962e+00 6.254776348319278367e-02
7.207499999999328111e+01 1.001696492996451360e+00 6.245387845447278319e-02
7.222499999998666453e+01 1.002249653816984054e+00 6.219786987985544136e-02
7.237500000000000000e+01 1.000992236742711317e+00 6.223366995286287728e-02
7.252500000001337810e+01 1.001083612366900244e+00 6.170551796498205399e-02
7.267500000000704574e+01 1.001450062538178587e+00 6.246054969021212072e-02
7.282499999999286899e+01 1.000672962082766793e+00 6.129238226674873363e-02
7.297499999998655085e+01 1.001690839035757730e+00 6.272088454714071226e-02
7.312500000000000000e+01 9.996967160721623724e-01 6.147823261867869926e-02
7.327500000001347757e+01 1.001882377773151367e+00 6.305818576218200078e-02
7.342500000000745786e+01 1.001525462282685242e+00 6.157698044312140406e-02
7.357499999999247109e+01 1.000613523154722406e+00 6.146809403045033066e-02
7.372499999998646558e+01 1.001042223253574504e+00 6.145411755039958263e-02
7.387500000000000000e+01 1.001143063039846348e+00 6.207257844750356524e-02
7.402500000001359126e+01 1.001473613140253072e+00 6.245998880199404163e-02
7.417500000000785576e+01 1.000187662294496738e+00 6.135530629739536362e-02
7.432499999999207319e+01 1.001222345075075681e+00 6.176802022410229215e-02
7.447499999998635190e+01 1.001584590305246936e+00 6.118489895862948280e-02
7.462500000000000000e+01 1.001688361823258377e+00 6.138136914255874765e-02
7.477500000001367653e+01 1.001935144314108461e+00 6.163697868631022592e-02
7.492500000000823945e+01 1.002373857499990750e+00 6.076632387757473219e-02
7.507499999999168949e+01 1.000975544247141968e+00 6.196464279197023972e-02
7.522499999998626663e+01 1.001935356810080391e+00 6.110777867858899898e-02
7.537500000000000000e+01 1.002155520515936926e+00 6.064264186098466958e-02
7.552500000001377600e+01 1.001169967593313004e+00 6.160697995531087129e-02
7.567500000000862315e+01 1.002249902780462998e+00 6.081012761361087593e-02
7.582499999999130580e+01 1.001061105456241940e+00 6.061426590296381534e-02
7.597499999998616715e+01 1.001960201840606191e+00 5.999313850892128153e-02
7.612500000000000000e+01 1.001958091482872293e+00 6.052623896159728401e-02
7.627500000001386127e+01 1.000853960654490393e+00 5.980638949210503874e-02
7.642500000000899263e+01 1.002712965677790447e+00 6.020265057848259854e-02
7.657499999999093632e+01 1.001656804136682455e+00 6.003595065576303874e-02
7.672499999998608189e+01 1.001342411666001464e+00 6.055834869466648201e-02
7.687500000000000000e+01 1.000862592052413236e+00 5.983137578700441217e-02
7.702500000001396074e+01 1.000440064260552431e+00 6.051254734312080247e-02
7.717500000000934790e+01 1.002041370355245764e+00 5.928535856988764730e-02
7.732499999999058105e+01 1.001196644306137529e+00 5.967688163609554536e-02
7.747499999998598241e+01 1.000408354938623345e+00 5.988595489978488368e-02
7.762500000000000000e+01 1.000993431967824865e+00 5.962864225988608047e-02
7.777500000001404601e+01 1.001108578197081211e+00 6.003553850700301536e-02
7.792500000000971738e+01 1.000519204716888266e+00 5.930852282773856066e-02
7.807499999999021156e+01 1.000646128371879051e+00 6.068664702336182271e-02
7.822499999998589715e+01 1.000861509004417504e+00 5.910227536945417137e-02
7.837500000000000000e+01 1.000041614947595470e+00 5.986894871696232107e-02
7.852500000001413127e+01 9.995498545555129288e-01 5.905167560860013348e-02
7.867500000001005844e+01 1.000986421108914781e+00 5.952357854217186356e-02
7.882499999998987050e+01 1.000731725959977059e+00 5.992453292417920102e-02
7.897499999998581188e+01 9.995577301429144912e-01 5.837894848330639486e-02
7.912500000000000000e+01 1.000646311521500298e+00 5.994453676696055028e-02
7.927500000001423075e+01 9.997687708641805893e-01 5.927535764540163565e-02
7.942500000001041371e+01 9.986322691941172947e-01 5.962918082555569016e-02
7.957499999998951523e+01 1.000486160953050874e+00 5.933485257777706273e-02
7.972499999998572662e+01 9.991442738812765789e-01 5.933221725372864880e-02
7.987500000000000000e+01 9.998166588358126106e-01 5.913514006262233363e-02
8.002500000001430180e+01 9.992533321426984028e-01 5.921456242939352604e-02
8.017500000001075477e+01 1.000113661629942863e+00 5.858331155503915255e-02
8.032499999998918838e+01 9.996358388369082082e-01 5.930492086115021766e-02
8.047499999998564135e+01 9.990434002245285328e-01 5.838481060753437923e-02
8.062500000000000000e+01 9.989515228158423188e-01 5.864372730845669041e-02
8.077500000001438707e+01 9.985889842136302930e-01 5.873617563483938403e-02
8.092500000001108162e+01 9.994336820755762574e-01 5.876380889409875408e-02
8.107499999998886153e+01 9.995549203966301866e-01 5.864725601315182862e-02
8.122499999998557030e+01 9.997819123824077669e-01 5.866510095551701054e-02
8.137500000000000000e+01 9.990295051598903076e-01 5.873699922683185692e-02
8.152500000001447233e+01 9.987853851980438291e-01 5.813485256011212410e-02
8.167500000001139426e+01 1.000490693792194241e+00 5.929982473420619682e-02
8.182499999998853468e+01 9.998556081615780355e-01 5.864460198212702313e-02
8.197499999998548503e+01 1.000197101126257149e+00 5.870661353313003095e-02
8.212500000000000000e+01 9.991984919958301070e-01 5.868010602912406004e-02
8.227500000001455760e+01 9.997588498606237994e-01 5.832729110012997709e-02
8.242500000001172111e+01 1.000397026379201693e+00 5.749893967882672985e-02
8.257499999998822204e+01 1.000747181737401181e+00 5.840877977461968878e-02
8.272499999998539977e+01 1.000636953211367031e+00 5.740932547523195512e-02
8.287500000000000000e+01 1.001143801718740400e+00 5.847309703575363088e-02
8.302500000001462865e+01 1.000101876138924650e+00 5.795481767070986140e-02
8.317500000001203375e+01 1.001367989263414637e+00 5.860120238400075982e-02
8.332499999998789519e+01 1.001730629776099502e+00 5.804164344147125926e-02
8.347499999998531450e+01 9.996071409050001355e-01 5.783674295184369069e-02
8.362500000000000000e+01 9.996176671475843767e-01 5.784189513189365306e-02
8.377500000001469971e+01 1.000322014681253036e+00 5.757099477115640990e-02
8.392500000001234639e+01 1.000441523142767686e+00 5.770766637409346228e-02
8.407499999998758256e+01 1.000131979199656351e+00 5.744208303173899133e-02
8.422499999998524345e+01 1.001505779477341651e+00 5.715977043739188523e-02
8.437500000000000000e+01 1.000746245042726690e+00 5.742472474922398484e-02
8.452500000001478497e+01 1.001458811075155442e+00 5.778726092011805815e-02
8.467500000001264482e+01 1.000589116772490517e+00 5.870021568890403107e-02
8.482499999998728413e+01 1.000977217071884251e+00 5.776297507836074957e-02
8.497499999998517239e+01 1.000602153838963337e+00 5.803133017779928127e-02
8.512500000000000000e+01 1.001646724179119374e+00 5.755013349982612131e-02
8.527500000001485603e+01 1.000179802730659651e+00 5.722723024920368939e-02
8.542500000001294325e+01 1.000996083281972648e+00 5.736675061931002795e-02
8.557499999998699991e+01 1.000938250684519026e+00 5.739892573816151450e-02
8.572499999998510134e+01 1.001456982078104740e+00 5.701935484725922237e-02
8.587500000000000000e+01 1.001540334933781251e+00 5.693045327474738349e-02
8.602500000001494129e+01 1.000952315620469824e+00 5.729821195103635550e-02
8.617500000001324167e+01 1.000809455207321896e+00 5.693778676657922783e-02
8.632499999998670148e+01 1.001999081806557390e+00 5.693588326971860125e-02
8.647499999998503029e+01 1.000873348310898248e+00 5.742800311033045835e-02
8.662500000000000000e+01 1.001075353783891453e+00 5.758339005010106731e-02
8.677500000001501235e+01 1.001623134448932140e+00 5.606444829710410804e-02
8.692500000001352589e+01 1.000452171281587033e+00 5.644676534956615671e-02
8.707499999998641727e+01 1.000909279259753148e+00 5.628806212574580248e-02
8.722499999998494502e+01 1.001415100646464662e+00 5.723572175723815741e-02
8.737500000000000000e+01 1.000716776860560264e+00 5.663684684601013458e-02
8.752500000001508340e+01 9.995395582880973739e-01 5.656691369538965203e-02
8.767500000001381011e+01 9.802529744085717311e-01 5.538345032571102139e-02
8.782499999998613305e+01 9.568437367174552621e-01 5.548961848897747406e-02
8.797499999998487397e+01 9.431473763072421024e-01 5.462266224071403442e-02
8.812500000000000000e+01 9.323439362456679147e-01 5.474057600765441789e-02
8.827500000001514024e+01 9.229710831235284907e-01 5.403195308768549837e-02
8.842500000001409433e+01 9.142573619556622067e-01 5.398462159576212366e-02
8.857499999998586304e+01 9.066980362540197902e-01 5.319386419406371691e-02
8.872499999998480291e+01 9.007121207668798979e-01 5.428313783323437253e-02
8.887500000000000000e+01 8.938160404833953576e-01 5.265665591066197998e-02
8.902500000001521130e+01 8.867415202389763440e-01 5.253305935031188367e-02
8.917500000001436433e+01 8.818404549436971163e-01 5.219085887241271121e-02
8.932499999998557882e+01 8.771614340860827141e-01 5.262047771352740266e-02
8.947499999998473186e+01 8.711838109337118885e-01 5.228193987735565290e-02
8.962500000000000000e+01 8.674591171349116392e-01 5.261387547542552279e-02
8.977500000001528235e+01 8.621072903290216694e-01 5.232083734765273497e-02
8.992500000001462013e+01 8.567920288707854271e-01 5.144675061561772289e-02
9.007499999998532303e+01 8.523443852297920564e-01 5.137314808933052951e-02
9.022499999998467501e+01 8.475310943399466668e-01 5.132924683968816126e-02
9.037500000000000000e+01 8.430900438190426227e-01 5.117422874302202107e-02
9.052500000001533920e+01 8.391044722885609985e-01 5.128977903439775610e-02
9.067500000001489013e+01 8.350221664042313252e-01 5.059580455386510772e-02
9.082499999998505302e+01 8.303493226274083483e-01 5.111247621833519411e-02
9.097499999998460396e+01 8.273523098081901894e-01 5.046646718413850402e-02
9.112500000000000000e+01 8.241498720839324221e-01 5.033282563636645723e-02
9.127500000001541025e+01 8.194036049170723146e-01 4.997454164059622617e-02
9.142500000001514593e+01 8.163890959315960316e-01 4.980760298991435131e-02
9.157499999998479723e+01 8.130509001078133346e-01 4.971490161936938795e-02
9.172499999998454712e+01 8.091052030990207866e-01 4.965198442058461892e-02
9.187500000000000000e+01 8.074270050123560916e-01 4.937121386080930291e-02
9.202500000001548131e+01 8.028473319548340426e-01 4.964556351829153835e-02
9.217500000001541594e+01 8.008533005490624523e-01 4.921834816528109641e-02
9.232499999998454143e+01 7.969639222109642374e-01 4.930020236405192879e-02
9.247499999998447606e+01 7.936592643322482044e-01 4.911454286654182849e-02
9.262500000000000000e+01 7.907411369058462425e-01 4.896963319644122292e-02
9.277500000001553815e+01 7.877296058773595178e-01 4.853026976052846747e-02
9.292500000001565752e+01 7.845378060165572043e-01 4.856035153837608143e-02
9.307499999998428564e+01 7.818430265759898079e-01 4.814463472174810438e-02
9.322499999998441922e+01 7.786597499792798915e-01 4.900171846845682855e-02
9.337500000000000000e+01 7.748563774054822995e-01 4.798301081326636353e-02
9.352500000001559499e+01 7.719447018679339578e-01 4.733409534984572842e-02
9.367500000001591332e+01 7.706863526809965004e-01 4.805362524782700456e-02
9.382499999998402984e+01 7.667308222314022093e-01 4.770126311501467903e-02
9.397499999998436238e+01 7.650370894291647073e-01 4.774302550162520115e-02
9.412500000000000000e+01 7.620637779031896875e-01 4.780856696294653180e-02
9.427500000001566605e+01 7.596525614068798671e-01 4.776869103746918949e-02
9.442500000001615490e+01 7.565966038966354112e-01 4.795692435708241719e-02
9.457499999998380247e+01 7.545330509607538483e-01 4.721454226557217360e-02
9.472499999998429132e+01 7.524428184597350411e-01 4.675035875568225863e-02
9.487500000000000000e+01 7.500446589552637322e-01 4.670232733066197878e-02
9.502500000001572289e+01 7.470512085955977044e-01 4.607619842208617034e-02
9.517500000001639648e+01 7.444696936985969460e-01 4.694882692942688868e-02
9.532499999998356088e+01 7.424277854059657678e-01 4.625933621770923765e-02
9.547499999998423448e+01 7.407259280870539531e-01 4.634904954251450881e-02
9.562500000000000000e+01 7.380054518197792790e-01 4.609024665602814985e-02
9.577500000001577973e+01 7.350370598447137915e-01 4.594004331522692774e-02
9.592500000001662386e+01 7.336282872615037531e-01 4.640258313464493828e-02
9.607499999998331930e+01 7.317569464118147682e-01 4.575085666539693147e-02
9.622499999998417763e+01 7.292083141726545259e-01 4.568411703493650833e-02
9.637500000000000000e+01 7.270758352179900186e-01 4.599776791719464852e-02
9.652500000001585079e+01 7.245652090767951137e-01 4.625140151876681871e-02
9.667500000001686544e+01 7.227464224805301152e-01 4.538874445188313678e-02
9.682499999998309193e+01 7.208873698083947401e-01 4.567667358395959692e-02
9.697499999998412079e+01 7.189996708767861788e-01 4.524318591416658097e-02
9.712500000000000000e+01 7.165893872672789433e-01 4.438889920178759607e-02
9.727500000001590763e+01 7.146972122540851124e-01 4.482069034584339889e-02
9.742500000001709282e+01 7.129109413827849906e-01 4.493131958056079817e-02
9.757499999998287876e+01 7.108093215950967991e-01 4.487797452707285167e-02
9.772499999998406395e+01 7.090055603882422508e-01 4.481951430499075961e-02
9.787500000000000000e+01 7.059862202451508972e-01 4.508186427843006300e-02
9.802500000001595026e+01 7.033100394520984677e-01 4.493682329847465545e-02
9.817500000001732019e+01 7.021609021590524691e-01 4.445732656565912211e-02
9.832499999998263718e+01 7.003603289862291303e-01 4.451571540270441579e-02
9.847499999998402131e+01 6.985877109421616549e-01 4.424212764348607607e-02
9.862500000000000000e+01 6.965389123863133802e-01 4.429803101893319689e-02
9.877500000001600711e+01 6.955927814455259428e-01 4.460934512102530947e-02
9.892500000001753335e+01 6.927365081657995693e-01 4.406748878203017861e-02
9.907499999998242401e+01 6.904325358859803030e-01 4.389609605868935449e-02
9.922499999998395026e+01 6.893871659622069492e-01 4.408433432564679011e-02
9.937500000000000000e+01 6.870082352420865401e-01 4.400718858166830644e-02
9.952500000001606395e+01 6.862816838921197427e-01 4.423980989996528085e-02
9.967500000001776073e+01 6.844037139290186644e-01 4.397408484643341997e-02
9.982499999998221085e+01 6.823851684373075654e-01 4.350384518141580531e-02
9.997499999998389342e+01 6.804104932437340381e-01 4.330969995154040908e-02
1.001250000000000000e+02 6.785999518181804468e-01 4.412503087353136788e-02
1.002750000000161208e+02 6.764594198398793390e-01 4.337895829498682188e-02
1.004250000000179597e+02 6.749975661745518662e-01 4.369401294964908589e-02
1.005749999999819835e+02 6.730121273845003360e-01 4.343011646315284024e-02
1.007249999999838508e+02 6.715097047818073817e-01 4.310421754410428269e-02
1.008750000000000000e+02 6.702071753999165882e-01 4.261171751872485508e-02
1.010250000000161776e+02 6.681907225410739226e-01 4.250512838164041685e-02
1.011750000000181871e+02 6.670739566548394839e-01 4.298301760124545456e-02
1.013249999999817845e+02 6.640963042631446989e-01 4.274130951407215800e-02
1.014749999999837939e+02 6.628807180185111170e-01 4.294367584891192052e-02
1.016250000000000000e+02 6.615986234489084072e-01 4.278457888998628972e-02
1.017750000000162345e+02 6.603141353173054284e-01 4.272242970112351962e-02
1.019250000000184002e+02 6.589451343064900435e-01 4.242982938431552609e-02
1.020749999999815714e+02 6.572999863225941208e-01 4.267925594873422934e-02
1.022249999999837513e+02 6.556112229699643246e-01 4.198554166844781221e-02
1.023750000000000000e+02 6.536264888140999041e-01 4.275019140727522732e-02
1.025250000000162771e+02 6.530884670901992983e-01 4.227864560187076515e-02
1.026750000000185992e+02 6.502704680862335662e-01 4.195200970690783626e-02
1.028249999999813582e+02 6.489479207996651233e-01 4.214581648265254554e-02
1.029749999999836945e+02 6.475849731931186959e-01 4.195063808354711904e-02
1.031250000000000000e+02 6.464181461130968920e-01 4.192883561568778311e-02
1.032750000000163340e+02 6.451133513611467807e-01 4.175174597406358656e-02
1.034250000000187981e+02 6.434176755441668449e-01 4.174354679207738228e-02
1.035749999999811592e+02 6.419304460993934258e-01 4.154771461902918850e-02
1.037249999999836376e+02 6.408948054757608315e-01 4.105105137872588905e-02
1.038750000000000000e+02 6.386632160195127028e-01 4.147358026455098823e-02
1.040250000000163766e+02 6.377007848326373685e-01 4.160926256224714570e-02
1.041750000000189971e+02 6.357839709489939706e-01 4.128376748707854316e-02
1.043249999999809603e+02 6.347101852528821420e-01 4.075181904885898099e-02
1.044749999999835950e+02 6.335548825852609367e-01 4.158242390973436453e-02
1.046250000000000000e+02 6.318303837883106899e-01 4.072899546523103820e-02
1.047750000000164334e+02 6.305691186243879143e-01 4.043229195629764045e-02
1.049250000000191818e+02 6.292795492145920599e-01 4.054679838556503324e-02
1.050749999999807613e+02 6.283710867069588479e-01 4.094772614662157972e-02
1.052249999999839503e+02 6.270540632283686522e-01 4.100686606130189010e-02
1.053750000000000000e+02 6.255667329901195561e-01 4.047097941931673826e-02
1.055250000000157229e+02 6.246709478140791694e-01 4.122780912226010896e-02
1.056750000000193808e+02 6.234254920532268374e-01 4.034057854906610008e-02
1.058249999999805766e+02 6.212330919108920435e-01 4.022013223115014635e-02
1.059749999999847319e+02 6.201874932544599872e-01 4.017584284383406146e-02
1.061250000000000000e+02 6.191245695652439762e-01 4.019280629245558512e-02
1.062750000000149555e+02 6.175703629219604363e-01 4.057420138214824779e-02
1.064250000000195797e+02 6.156175329823695419e-01 4.028105061145850763e-02
1.065749999999803919e+02 6.150664442973252655e-01 4.033000791599141571e-02
1.067249999999854850e+02 6.141980953526086084e-01 4.034033124137031273e-02
1.068750000000000000e+02 6.123907583917308495e-01 3.994835963058537137e-02
1.070250000000141881e+02 6.111358538373615756e-01 3.971198224039487051e-02
1.071750000000197645e+02 6.093091150858366278e-01 3.980433159216267142e-02
1.073249999999802071e+02 6.085154978809055315e-01 3.938857761599770524e-02
1.074749999999862524e+02 6.069219113969374080e-01 3.968922859617313170e-02
1.076250000000000000e+02 6.057634694812747966e-01 3.927467860367540864e-02
1.077750000000134492e+02 6.040929053138940352e-01 3.940105609129035402e-02
1.079250000000199492e+02 6.035902793523101328e-01 3.998621791973640954e-02
1.080749999999800224e+02 6.024009734887614265e-01 3.918671293802810512e-02
1.082249999999869914e+02 6.010261849452759320e-01 3.933643563941070093e-02
1.083750000000000000e+02 6.000556768508026328e-01 3.914958215534521113e-02
1.085250000000127244e+02 5.987848359503762374e-01 3.919205970371655856e-02
1.086750000000201481e+02 5.978081473781762245e-01 3.889319360370327439e-02
1.088249999999798376e+02 5.956260474460215448e-01 3.902024836818216574e-02
1.089749999999877161e+02 5.942629508092359680e-01 3.895446493787247527e-02
1.091250000000000000e+02 5.936600749438256663e-01 3.906426325003427291e-02
1.092750000000119854e+02 5.925641440269155957e-01 3.875993130410586296e-02
1.094250000000203045e+02 5.911078983995038394e-01 3.869262584693397566e-02
1.095749999999796529e+02 5.704646049312135370e-01 3.808730376587373539e-02
1.097249999999884409e+02 5.496412715806696658e-01 3.740034182071822616e-02
1.098750000000000000e+02 5.364273325416037963e-01 3.696103346625775193e-02
1.100250000000112749e+02 5.260675098288609686e-01 3.618316719891159078e-02
1.101750000000204892e+02 5.160451066682227861e-01 3.611596736247430633e-02
1.103249999999794682e+02 5.066525666756165336e-01 3.607228228484110621e-02
1.104749999999891372e+02 4.997613959213735302e-01 3.545520281622880493e-02
1.106250000000000000e+02 4.920670572488538008e-01 3.544253667606662300e-02
1.107750000000105643e+02 4.849506087240655350e-01 3.530402526671039959e-02
1.109250000000206740e+02 4.788768994560754222e-01 3.467353329373412674e-02
1.110749999999792976e+02 4.718116677988430374e-01 3.449532858279071718e-02
1.112249999999898620e+02 4.660212350678192283e-01 3.377508684860931060e-02
1.113750000000000000e+02 4.597680822480968987e-01 3.391514048451481356e-02
1.115250000000098822e+02 4.550444416252459878e-01 3.394319388124131948e-02
1.116750000000208445e+02 4.492877083600489985e-01 3.330174332523240521e-02
1.118249999999791129e+02 4.435798030063184960e-01 3.313054480853245415e-02
1.119749999999905299e+02 4.388493590715111803e-01 3.300188142940129604e-02
1.121250000000000000e+02 4.337207143762411010e-01 3.308881044563310309e-02
1.122750000000091859e+02 4.284963810532518291e-01 3.244278285481153046e-02
1.124250000000210008e+02 4.241777251477469313e-01 3.252483236665296151e-02
1.125749999999789566e+02 4.194080892311762843e-01 3.227219694877863504e-02
1.127249999999912120e+02 4.156175891534845124e-01 3.217138587022583956e-02
1.128750000000000000e+02 4.111371672292203350e-01 3.174338307573335016e-02
1.130250000000085180e+02 4.061815697586116380e-01 3.166108808512909517e-02
1.131750000000211855e+02 4.020497562561578531e-01 3.145436334197052736e-02
1.133249999999787860e+02 3.974803054734347141e-01 3.125211706262558814e-02
1.134749999999919083e+02 3.939921927209465990e-01 3.109969287889301909e-02
1.136250000000000000e+02 3.897202138563946039e-01 3.088581284269276833e-02
1.137750000000078359e+02 3.852197326949182710e-01 3.094202643996224814e-02
1.139250000000213561e+02 3.817053866587870603e-01 3.034333312485970602e-02
1.140749999999786297e+02 3.778615195125982207e-01 3.027474409135088099e-02
1.142249999999925620e+02 3.732551015146753914e-01 3.002193555750175963e-02
1.143750000000000000e+02 3.697007337728887566e-01 3.002916934921744108e-02
1.145250000000071680e+02 3.661502152766731299e-01 2.925572899583916281e-02
1.146750000000215124e+02 3.630124403487325901e-01 2.979753277963040001e-02
1.148249999999784308e+02 3.590494774361876473e-01 2.948029726015457055e-02
1.149749999999932157e+02 3.546942544746060633e-01 2.919512920814594861e-02
1.151250000000000000e+02 3.515723860022896829e-01 2.898258756613443163e-02
1.152750000000065285e+02 3.482699309731537851e-01 2.927464016174113545e-02
1.154250000000216829e+02 3.449450018999800083e-01 2.864882882948699763e-02
1.155749999999783029e+02 3.415814829497925698e-01 2.883393895974491888e-02
1.157249999999938694e+02 3.375192438172573417e-01 2.807103952873750766e-02
1.158750000000000000e+02 3.344861788966806970e-01 2.824214649891972420e-02
1.160250000000058748e+02 3.310123326839423119e-01 2.822969053002133757e-02
1.161750000000218392e+02 3.282412848721057985e-01 2.818173664537605705e-02
1.163249999999781323e+02 3.246926327240534094e-01 2.773673034654906486e-02
1.164749999999945089e+02 3.216342099811335120e-01 2.778127943798245486e-02
1.166250000000000000e+02 3.175827354754676146e-01 2.746924178538911673e-02
1.167750000000052495e+02 3.152341106090008060e-01 2.757817587548144767e-02
1.169250000000220098e+02 3.120569566713172205e-01 2.715193551520252851e-02
1.170749999999779760e+02 3.089769597325750516e-01 2.710300259317877450e-02
1.172249999999951484e+02 3.054572612481882277e-01 2.714049758774075491e-02
1.173750000000000000e+02 3.023913228173219503e-01 2.691508203549411796e-02
1.175250000000046242e+02 2.993625158104893380e-01 2.633898409300965485e-02
1.176750000000221377e+02 2.968006626612861854e-01 2.640474180598606155e-02
1.178249999999778055e+02 2.941597882047862766e-01 2.625617894742959466e-02
1.179749999999957453e+02 2.906081080857219612e-01 2.596653966343924827e-02
1.181250000000000000e+02 2.878226197669466746e-01 2.587226288673444285e-02
1.182750000000039989e+02 2.850754150461966563e-01 2.596084307701083602e-02
1.184250000000223082e+02 2.823404126006265336e-01 2.561981060290030587e-02
1.185749999999776634e+02 2.792160732746037932e-01 2.548908280810699770e-02
1.187249999999963705e+02 2.764103127997836751e-01 2.545715939497104896e-02
1.188750000000000000e+02 2.739728071421221878e-01 2.504364340676747819e-02
1.190250000000033879e+02 2.708916827315606124e-01 2.518547326443639281e-02
1.191750000000224645e+02 2.681474911115079851e-01 2.494332817093221008e-02
1.193249999999775071e+02 2.654825189477637570e-01 2.502573373701104040e-02
1.194749999999969816e+02 2.628302761557714251e-01 2.458524418338235706e-02
1.196250000000000000e+02 2.603595231004985910e-01 2.440136962822031172e-02
1.197750000000027910e+02 2.576025339661729419e-01 2.466906919768166451e-02
1.199250000000226066e+02 2.542918964017377714e-01 2.425987507150582229e-02
1.200749999999773650e+02 2.517298484972040895e-01 2.414631311946759465e-02
1.202249999999975927e+02 2.496941832454745436e-01 2.435788934541738282e-02
1.203750000000000000e+02 2.471160810389832208e-01 2.372739583236920316e-02
1.205250000000021799e+02 2.447868368560779107e-01 2.338952005524942007e-02
1.206750000000227772e+02 2.419894547044487143e-01 2.368889925088693213e-02
1.208249999999772086e+02 2.394114223526589980e-01 2.333635027274391649e-02
1.209749999999981753e+02 2.366733098576820904e-01 2.353729190889140149e-02
1.211250000000000000e+02 2.347095999929528221e-01 2.331128261428943443e-02
1.212750000000015973e+02 2.315686759725459620e-01 2.269775000832998518e-02
1.214250000000229193e+02 2.298071355769097102e-01 2.270763623355793320e-02
1.215749999999770665e+02 2.268018581139990553e-01 2.285483450525114743e-02
1.217249999999987580e+02 2.242167900764660271e-01 2.280973766887687063e-02
1.218750000000000000e+02 2.221782662987267509e-01 2.272148882059543684e-02
1.220250000000010147e+02 2.194226884100672348e-01 2.253350661427854992e-02
1.221750000000230472e+02 2.168901131308635377e-01 2.200544663700563716e-02
1.223249999999769244e+02 2.143433627425392340e-01 2.225489541915203970e-02
1.224749999999993406e+02 2.123530001779267706e-01 2.207557515482498622e-02
1.226250000000000000e+02 2.098937429403536503e-01 2.192659777949580377e-02
1.227750000000004320e+02 2.074266507536840221e-01 2.168903179190105612e-02
1.229250000000231893e+02 2.049453337552438192e-01 2.157305217112192447e-02
1.230749999999767681e+02 2.027313916376786707e-01 2.134297510226087699e-02
1.232249999999999233e+02 2.003414556715938377e-01 2.144597908004392678e-02
1.233750000000000000e+02 1.982775854093762891e-01 2.108064921842931275e-02
1.235249999999998494e+02 1.959841927561711272e-01 2.124945841946451405e-02
1.236750000000233314e+02 1.934711902407267314e-01 2.087902039712881755e-02
1.238249999999766402e+02 1.914354802393027077e-01 2.070805924702969272e-02
1.239750000000004775e+02 1.895723666635322768e-01 2.055787046629731912e-02
1.241250000000000000e+02 1.870583135237837424e-01 2.054499594674115415e-02
1.242749999999992951e+02 1.845797542777108668e-01 2.059662205727495407e-02
1.244250000000234735e+02 1.828674409062992501e-01 2.014756216280618600e-02
1.245749999999764839e+02 1.805009766902280488e-01 2.014871901356079381e-02
1.247250000000010317e+02 1.783299567531260454e-01 1.999140680559600286e-02
1.248750000000000000e+02 1.761983083369620395e-01 1.973797433441209018e-02
1.250249999999987551e+02 1.741656066030144723e-01 1.951169974683534744e-02
1.251750000000236156e+02 1.720209305915851028e-01 1.974839163384209048e-02
1.253249999999763702e+02 1.696135639957465635e-01 1.946223773495519768e-02
1.254750000000015859e+02 1.676506956232958478e-01 1.915145935112189460e-02
1.256250000000000000e+02 1.652296166383329101e-01 1.918807430766079555e-02
1.257749999999982009e+02 1.630373346181413219e-01 1.875321638060494303e-02
1.259250000000237577e+02 1.609743356240627699e-01 1.865120875206567261e-02
1.260749999999762281e+02 1.591001709733704250e-01 1.858294891137726029e-02
1.262250000000021259e+02 1.572974565820375870e-01 1.858913238637370513e-02
1.263750000000000000e+02 1.548612450150860520e-01 1.847149501461972307e-02
1.265249999999976609e+02 1.530323950186246174e-01 1.841325351093678689e-02
1.266750000000238856e+02 1.512812018416657134e-01 1.818924311949219122e-02
1.268249999999760860e+02 1.490191517626950346e-01 1.800714484466391443e-02
1.269750000000026660e+02 1.470340837465445860e-01 1.784181073810502116e-02
1.271250000000000000e+02 1.452133671835052486e-01 1.792131046140789385e-02
1.272749999999971209e+02 1.427394528046133648e-01 1.773844222128091730e-02
1.274250000000240277e+02 1.409278403770082011e-01 1.760885373232663059e-02
1.275749999999759439e+02 1.388591611217159794e-01 1.740548238432708048e-02
1.277250000000031918e+02 1.371614221681599632e-01 1.737434135687113135e-02
1.278750000000000000e+02 1.349268075961420621e-01 1.714885946449567697e-02
1.280249999999965951e+02 1.332099880656959778e-01 1.730318641454494516e-02
1.281750000000241414e+02 1.314718809298395241e-01 1.699721345124260291e-02
1.283249999999758018e+02 1.297155932505714704e-01 1.676563362041248034e-02
1.284750000000037176e+02 1.277263816920770623e-01 1.669989711254039888e-02
1.286250000000000000e+02 1.257453220761109158e-01 1.647391047395994207e-02
1.287749999999960835e+02 1.243379773190054632e-01 1.636410874202378837e-02
1.289250000000242835e+02 1.220880501611669028e-01 1.625124622069535479e-02
1.290749999999756881e+02 1.203071782900959480e-01 1.629425406629646939e-02
1.292250000000042292e+02 1.183939947626000688e-01 1.594437100460701501e-02
1.293750000000000000e+02 1.168013395689909556e-01 1.608603548691671381e-02
1.295249999999955719e+02 1.149627109895938332e-01 1.594372748168115458e-02
1.296750000000243972e+02 1.131007697328065970e-01 1.568413611385071835e-02
1.298249999999755460e+02 1.112074704294797045e-01 1.545748801695702446e-02
1.299750000000047692e+02 1.093037988318357051e-01 1.537386524077482761e-02
1.301250000000000000e+02 1.073795737238169845e-01 1.538608046068620089e-02
1.302749999999950319e+02 1.057260250521125655e-01 1.487796707027547183e-02
1.304250000000245393e+02 1.037370370064110564e-01 1.499813438197663759e-02
1.305749999999754323e+02 1.020950523272139004e-01 1.475723183548015641e-02
1.307250000000052523e+02 1.002956130428486747e-01 1.468837390045759674e-02
1.308750000000000000e+02 9.815815821435988631e-02 1.450867669728388674e-02
1.310249999999945487e+02 9.676050284699032333e-02 1.440807338266755430e-02
1.311750000000246530e+02 9.477150772536545309e-02 1.411974170519204527e-02
1.313249999999753186e+02 9.317998589314946400e-02 1.414056539152184176e-02
1.314750000000057639e+02 9.129563664660583777e-02 1.385821645018296862e-02
1.316250000000000000e+02 8.950098174856312150e-02 1.382565128459878508e-02
1.317749999999940655e+02 8.781136393560125264e-02 1.358738009144103143e-02
1.319250000000247951e+02 8.580361203151549987e-02 1.342383553495352794e-02
1.320749999999751765e+02 8.428674070254661699e-02 1.323191237207800748e-02
1.322250000000062471e+02 8.251278627701492951e-02 1.306505736061213362e-02
1.323750000000000000e+02 8.080430841567699807e-02 1.297962057748672585e-02
1.325249999999935540e+02 7.930676433325122010e-02 1.290725631989802363e-02
1.326750000000249088e+02 7.756136144236680519e-02 1.290646674339564724e-02
1.328249999999750628e+02 7.589608231396853533e-02 1.256064919761995177e-02
1.329750000000067303e+02 7.386311733342909580e-02 1.235841439095231031e-02
1.331250000000000000e+02 7.240708485176804154e-02 1.243313714401108813e-02
1.332749999999930424e+02 7.060044226466268003e-02 1.186304776202697434e-02
1.334250000000250225e+02 6.919505098465515702e-02 1.214333986946022730e-02
1.335749999999749491e+02 6.767648822618754778e-02 1.190837373806228477e-02
1.337250000000072134e+02 6.555366378932356297e-02 1.170286459905867452e-02
1.338750000000000000e+02 6.413005682271406827e-02 1.158497858945028297e-02
1.340249999999925876e+02 6.249578866183415349e-02 1.135419978285402351e-02
1.341750000000251362e+02 6.093798294978502311e-02 1.133420721928425114e-02
1.343249999999748354e+02 5.922457118476094629e-02 1.113926409059624346e-02
1.344750000000077250e+02 5.784665073806095903e-02 1.083986803012656000e-02
1.346250000000000000e+02 5.604558965218078836e-02 1.082389146669414555e-02
1.347749999999921044e+02 5.444443688105752438e-02 1.054508911767292230e-02
1.349250000000252783e+02 5.292991933097961760e-02 1.043583552015677797e-02
1.350749999999746933e+02 5.140652980615515594e-02 1.021769583808584264e-02
1.352250000000081798e+02 4.968825516597633052e-02 1.009369560837930328e-02
1.353750000000000000e+02 4.815690597244623450e-02 9.961143806161708997e-03
1.355249999999916213e+02 4.634820605041551494e-02 9.743976238963437259e-03
1.356750000000253920e+02 4.507497052269768961e-02 9.708645664957821567e-03
1.358249999999746080e+02 4.343510289742333330e-02 9.426470551687530022e-03
1.359750000000086345e+02 4.162201917210711644e-02 9.319286568782822466e-03
1.361250000000000000e+02 4.031896995039035286e-02 9.176924008524980567e-03
1.362749999999911665e+02 3.870709027222037774e-02 8.979026653721437420e-03
1.364250000000255056e+02 3.695882597516250700e-02 8.727074336054050502e-03
1.365749999999744659e+02 3.569562866350439040e-02 8.544488389697596498e-03
1.367250000000091177e+02 3.417727980576779068e-02 8.401864693521436667e-03
1.368750000000000000e+02 3.257705279439444129e-02 7.995575559377505678e-03
1.370249999999907118e+02 3.115637173589217920e-02 8.003400457159779574e-03
1.371750000000256193e+02 2.962087769201542792e-02 7.646110361960327395e-03
1.373249999999743522e+02 2.796383791533849777e-02 7.532213903052513253e-03
1.374750000000095724e+02 2.664974849986966390e-02 7.336163934530555084e-03
1.376250000000000000e+02 2.505722530874282192e-02 7.100034042800435798e-03
1.377749999999902286e+02 2.364167533524915224e-02 6.994045622067949185e-03
1.379250000000257330e+02 2.224172542932657121e-02 6.793553569055138866e-03
1.380749999999742386e+02 2.068063377807882741e-02 6.444836501887301478e-03
1.382250000000100272e+02 1.922476379413964528e-02 6.216562699571299457e-03
1.383750000000000000e+02 1.778613909733406384e-02 6.056616617168819432e-03
1.385249999999898023e+02 1.630579595504588059e-02 5.707706174819726294e-03
1.386750000000258467e+02 1.490552350375894293e-02 5.496468569459028557e-03
1.388249999999741249e+02 1.340710064342223035e-02 5.169421515568793819e-03
1.389750000000104535e+02 1.198034223105896509e-02 4.888900087615063485e-03
1.391250000000000000e+02 1.045557768310409995e-02 4.535413769943374106e-03
1.392749999999893475e+02 9.098608863528208357e-03 4.262497866440479767e-03
1.394250000000259604e+02 7.714761790951314528e-03 3.915140780336790090e-03
1.395749999999740112e+02 6.249112199148001284e-03 3.540792792067372265e-03
1.397250000000109367e+02 4.861673747634962135e-03 3.128677836111402617e-03
1.398750000000000000e+02 3.475532207442760813e-03 2.670219687661393691e-03
1.400249999999889212e+02 2.043778487887484754e-03 2.030042229747858022e-03
1.401750000000260741e+02 6.594599201922975119e-04 1.166769386740285856e-03
