# Radius RDF_mean RDF_std
7.500000000000896228e-02 7.807256789691379394e-03 1.447740881119329581e-01
2.249999999999577616e-01 8.973173493582528235e-03 9.018734139041648112e-02
3.750000000000000000e-01 1.055492893881786708e-02 7.581040429026515703e-02
5.249999999999700462e-01 1.146034540903244185e-02 6.629344197380497572e-02
6.750000000001169509e-01 1.369990715587121426e-02 6.436826578112565811e-02
8.249999999998777200e-01 1.520091479741417402e-02 6.077584217879209577e-02
9.750000000001839418e-01 1.895078362110796943e-02 6.211296603483940776e-02
1.125000000000000000e+00 2.195115197490559236e-02 6.288538202608767724e-02
1.274999999999773648e+00 2.681402980093722244e-02 6.461738723613313917e-02
1.424999999999764455e+00 3.331626234380908463e-02 6.785223031578718755e-02
1.575000000000282396e+00 4.072058332398946490e-02 7.149692734309895381e-02
1.725000000000170397e+00 4.819541468703547604e-02 7.545427141574043151e-02
1.875000000000000000e+00 5.603600859193150208e-02 7.760529390862165589e-02
2.025000000000070521e+00 6.574549428156559183e-02 8.079691476036399145e-02
2.174999999999594813e+00 7.797989197747352830e-02 8.527523519273461083e-02
2.325000000000426059e+00 8.810650522366231252e-02 8.738171370197753141e-02
2.474999999999678124e+00 1.055632831033738450e-01 9.289613019018735929e-02
2.625000000000000000e+00 1.234953803171856546e-01 9.652757852540529149e-02
2.775000000000444444e+00 1.511028660686378755e-01 1.048486407511025204e-01
2.924999999999512212e+00 1.886443360394266799e-01 1.151348888287012234e-01
3.075000000000499334e+00 2.416484792714662933e-01 1.240587117702571240e-01
3.224999999999414779e+00 3.247436551752506673e-01 1.422430578724026562e-01
3.375000000000000000e+00 4.502994712731402394e-01 1.618232398547800044e-01
3.525000000000659384e+00 6.273061717922023828e-01 1.873764322277990391e-01
3.674999999999857714e+00 8.785575764225845852e-01 2.164084987276608807e-01
3.825000000000022382e+00 1.209367830709612956e+00 2.454313509974102303e-01
3.974999999999250466e+00 1.581037262025231982e+00 2.764809925266862312e-01
4.125000000000000000e+00 1.866561971256756047e+00 2.980241808516686519e-01
4.275000000000798828e+00 1.966696575520650248e+00 2.975504969661774135e-01
4.425000000000374634e+00 1.881411386256032436e+00 2.927397056435220857e-01
4.574999999999541878e+00 1.696060862066726349e+00 2.725981793267566178e-01
4.724999999999138112e+00 1.483597808978594168e+00 2.499023979452121291e-01
4.875000000000000000e+00 1.286606622148998014e+00 2.286576002066231517e-01
5.025000000000897415e+00 1.110841515881745067e+00 2.088838160331501770e-01
5.175000000000743228e+00 9.591772851783975096e-01 1.900589660481945276e-01
5.324999999999196376e+00 8.452203993435507545e-01 1.752141967115994903e-01
5.474999999999057287e+00 7.490694100545784995e-01 1.649490637261123438e-01
5.625000000000000000e+00 6.843205710554888244e-01 1.570132872514442279e-01
5.775000000000969358e+00 6.355093652883100352e-01 1.480165012136567537e-01
5.925000000001017675e+00 6.135477094207174575e-01 1.448172177716527953e-01
6.074999999998936140e+00 6.151266909257423476e-01 1.428462026033070764e-01
6.224999999998995115e+00 6.471590420080236550e-01 1.481497957934632959e-01
6.375000000000000000e+00 7.007456102049244295e-01 1.489875283906925973e-01
6.525000000001025313e+00 7.899573439367260086e-01 1.549506642569004333e-01
6.675000000001229949e+00 9.034060288365858282e-01 1.641492028447393281e-01
6.824999999998733635e+00 1.050630996291823660e+00 1.736032046965132192e-01
6.974999999999387690e+00 1.215360428335355403e+00 1.861460890086233111e-01
7.125000000000000000e+00 1.368041387413911014e+00 1.936780066697036951e-01
7.275000000000346745e+00 1.452584560902606681e+00 1.970241562899570642e-01
7.425000000001398703e+00 1.468730767440249663e+00 1.971683067888956864e-01
7.574999999998571099e+00 1.422351286904023571e+00 1.964607079376874399e-01
7.725000000000012079e+00 1.346000542745141138e+00 1.863426178239300790e-01
7.875000000000000000e+00 1.267471642941007115e+00 1.798733912110055122e-01
8.024999999999771205e+00 1.195273568624089400e+00 1.717174772317055786e-01
8.175000000001539036e+00 1.145627880411746125e+00 1.676695637454389265e-01
8.324999999998437872e+00 1.104190892044633276e+00 1.638085762113912214e-01
8.475000000000525446e+00 1.077548011875208100e+00 1.590664497954203671e-01
8.625000000000000000e+00 1.054607196920899437e+00 1.549884629390338164e-01
8.774999999999291589e+00 1.028288249246002373e+00 1.525848636726711283e-01
8.925000000001652722e+00 1.005644807856138634e+00 1.523760876493320815e-01
9.074999999998325961e+00 9.783791692691279351e-01 1.451957476732911867e-01
9.225000000000957101e+00 9.508690662927778980e-01 1.429157546530452627e-01
9.375000000000000000e+00 9.295571420754964453e-01 1.409800998300559938e-01
9.524999999998890132e+00 9.047634139914096929e-01 1.382557530806322321e-01
9.675000000001750422e+00 8.891051783949579512e-01 1.348519132981458035e-01
9.824999999998231814e+00 8.760894901870601714e-01 1.335164710328005377e-01
9.975000000001321254e+00 8.681381499764008192e-01 1.315621437279481387e-01
1.012500000000000000e+01 8.656038989894151436e-01 1.302588553156706075e-01
1.027499999999854730e+01 8.711649619468834205e-01 1.298438419007476585e-01
1.042500000000183391e+01 8.816809882100066220e-01 1.297363899866630921e-01
1.057499999999815010e+01 9.036043870811438783e-01 1.315657671451962440e-01
1.072500000000163745e+01 9.319656465482785146e-01 1.294598282462096905e-01
1.087500000000000000e+01 9.611955882920483196e-01 1.324063321350423261e-01
1.102499999999824887e+01 9.875381968260570353e-01 1.315500763773440052e-01
1.117500000000190674e+01 1.014085261101874913e+00 1.322866697345145004e-01
1.132499999999808082e+01 1.035953922894307766e+00 1.352193683480271968e-01
1.147500000000190923e+01 1.046485452752891954e+00 1.332572940296459230e-01
1.162500000000000000e+01 1.053896207272400964e+00 1.353256796439692156e-01
1.177499999999798952e+01 1.053288290832641749e+00 1.327779682446585119e-01
1.192500000000196891e+01 1.050373824864026417e+00 1.315000284339779002e-01
1.207499999999801865e+01 1.042525167191242996e+00 1.321836146573405479e-01
1.222500000000215081e+01 1.036476456774492849e+00 1.305846293842186645e-01
1.237500000000000000e+01 1.027060385323745439e+00 1.294350878238875457e-01
1.252499999999776215e+01 1.018027201589213337e+00 1.266061924412991424e-01
1.267500000000202398e+01 1.013018388907794387e+00 1.265127886126357626e-01
1.282499999999796536e+01 1.006557552683708501e+00 1.254477282963413765e-01
1.297500000000236220e+01 9.984384286174181611e-01 1.209103499708155255e-01
1.312500000000000000e+01 9.913888182439825059e-01 1.212201862250292250e-01
1.327499999999756142e+01 9.869664020006843064e-01 1.241738945801172112e-01
1.342500000000173088e+01 9.816090615751535964e-01 1.201083097804542532e-01
1.357499999999841833e+01 9.742880103618895005e-01 1.202070771244471564e-01
1.372500000000255049e+01 9.711343771640131850e-01 1.177188208429623267e-01
1.387500000000000000e+01 9.668762319787848059e-01 1.166764275124706485e-01
1.402499999999738023e+01 9.662708853455612701e-01 1.169903834718426100e-01
1.417500000000102034e+01 9.640824017898228515e-01 1.168205580399116622e-01
1.432499999999911111e+01 9.628754618915983388e-01 1.157950799797970165e-01
1.447500000000271925e+01 9.690125943788442386e-01 1.155207036781838587e-01
1.462500000000000000e+01 9.727463887711993440e-01 1.161424117479330359e-01
1.477499999999721680e+01 9.749396158759914277e-01 1.150511892082855259e-01
1.492500000000038618e+01 9.802135096026701744e-01 1.129534318463821102e-01
1.507499999999973639e+01 9.873686793842249010e-01 1.131691379279700232e-01
1.522500000000287201e+01 9.933477624795147287e-01 1.141756895506641778e-01
1.537500000000000000e+01 1.000113650181078118e+00 1.131160142952473135e-01
1.552499999999706937e+01 1.004445929433203766e+00 1.128110409289790061e-01
1.567499999999980886e+01 1.009937126661612838e+00 1.127224782809501252e-01
1.582500000000029772e+01 1.010357974839417583e+00 1.115125050371553045e-01
1.597500000000300879e+01 1.011368137041856352e+00 1.112440100311490460e-01
1.612500000000000000e+01 1.009964966568215772e+00 1.099247283414816756e-01
1.627499999999693969e+01 1.010060978646695196e+00 1.102477777634329748e-01
1.642499999999928662e+01 1.008339954599798416e+00 1.094031259475566897e-01
1.657500000000081286e+01 1.005368664796951750e+00 1.094394784958425959e-01
1.672500000000313847e+01 1.002738616357354839e+00 1.096128936693550743e-01
1.687500000000000000e+01 1.001924749929335778e+00 1.101712130033951492e-01
1.702499999999681535e+01 9.995549554799122438e-01 1.081040857988727344e-01
1.717499999999880700e+01 1.000059383296491244e+00 1.080613979351254111e-01
1.732500000000128182e+01 9.968608873273070436e-01 1.069503954222036368e-01
1.747500000000325215e+01 9.957882099079706784e-01 1.054976108521423067e-01
1.762500000000000000e+01 9.942787874283927074e-01 1.060568889020320621e-01
1.777499999999670521e+01 9.911947758949420928e-01 1.052580589471898143e-01
1.792499999999837357e+01 9.910038845914184158e-01 1.057109916464367139e-01
1.807500000000171170e+01 9.919791522207001000e-01 1.050875996137540097e-01
1.822500000000335874e+01 9.890548998817330073e-01 1.038189624102019426e-01
1.837500000000000000e+01 9.910267975739958102e-01 1.038017440655952667e-01
1.852499999999660218e+01 9.904544167170319380e-01 1.011311220228226920e-01
1.867499999999797211e+01 9.867185688853511438e-01 1.021599893743397741e-01
1.882500000000210960e+01 9.886738442693542295e-01 1.017973217316191364e-01
1.897500000000345466e+01 9.882584244109136051e-01 1.005189820615360746e-01
1.912500000000000000e+01 9.886124884987701478e-01 1.023430152751910738e-01
1.927499999999650626e+01 9.902871922018540163e-01 9.966098973401718575e-02
1.942499999999759908e+01 9.935675258563475554e-01 1.014599519229936880e-01
1.957500000000247198e+01 9.903974179576916503e-01 9.981191792013710540e-02
1.972500000000354348e+01 9.958509790014551388e-01 1.000957016212812023e-01
1.987500000000000000e+01 9.948454795494836578e-01 1.007017005738482796e-01
2.002499999999642100e+01 9.942666299090320292e-01 9.973526323065011467e-02
2.017499999999725446e+01 9.956440271513501417e-01 9.988556925696670530e-02
2.032500000000281304e+01 9.966619638472363762e-01 9.891915224297424813e-02
2.047500000000362874e+01 9.991804950942817509e-01 9.876905282144900211e-02
2.062500000000000000e+01 9.982313460073035660e-01 9.777708579831533020e-02
2.077499999999633928e+01 9.981522248950249754e-01 9.681204827279075997e-02
2.092499999999693472e+01 9.965241184022686216e-01 9.632496299818592289e-02
2.107500000000312212e+01 1.001204469543935049e+00 9.718067823540559036e-02
2.122500000000370690e+01 9.993556179990569222e-01 9.622356675278560811e-02
2.137500000000000000e+01 9.987934355754313209e-01 9.665170874753375996e-02
2.152499999999626468e+01 9.980398379666579611e-01 9.377572795326812038e-02
2.167499999999663984e+01 1.001447274782744312e+00 9.452050959235711036e-02
2.182500000000341700e+01 1.001647267872261660e+00 9.612246569511706529e-02
2.197500000000377796e+01 1.003256707655832303e+00 9.525283239775536592e-02
2.212500000000000000e+01 9.996366865063835982e-01 9.421536939607344507e-02
2.227499999999619718e+01 1.001020308610708343e+00 9.359690907100219615e-02
2.242499999999636273e+01 1.002104954827888639e+00 9.449329655860587429e-02
2.257500000000369056e+01 1.002424659169001364e+00 9.622422357344792565e-02
2.272500000000384546e+01 1.003386678129904119e+00 9.427992385656611130e-02
2.287500000000000000e+01 1.002459222095068991e+00 9.321281785023498301e-02
2.302499999999612967e+01 1.001757744033840325e+00 9.227812721577428878e-02
2.317499999999610338e+01 1.002339352365888780e+00 9.166219209266675272e-02
2.332500000000394635e+01 9.995695870060454791e-01 9.138209876098740692e-02
2.347500000000390941e+01 9.999002455347638652e-01 9.064976069432639783e-02
2.362500000000000000e+01 9.984883035570738530e-01 9.201676005781091183e-02
2.377499999999606928e+01 9.996345858590117706e-01 9.120239110602110233e-02
2.392499999999586180e+01 9.978686386352486615e-01 9.109040928146980298e-02
2.407500000000418439e+01 9.960782565818484535e-01 9.097210713047612640e-02
2.422500000000396625e+01 9.961233727944180938e-01 8.975875387392429072e-02
2.437500000000000000e+01 9.977791143676494334e-01 9.000057819532096548e-02
2.452499999999600888e+01 9.958586945875649299e-01 8.937951779865924151e-02
2.467499999999563087e+01 9.957378824778980730e-01 8.866051701731360313e-02
2.482500000000441176e+01 9.939414997162451249e-01 8.870387380081308504e-02
2.497500000000402309e+01 9.949778779339881751e-01 9.016262667922490814e-02
2.512500000000000000e+01 9.935344669273858953e-01 8.787058201427251636e-02
2.527499999999595559e+01 9.960758819218681337e-01 8.766067862535192878e-02
2.542499999999541771e+01 9.950067579920321981e-01 8.776728732899993779e-02
2.557500000000462137e+01 9.976918363131759282e-01 8.742270306434961336e-02
2.572500000000407638e+01 9.949529235616026979e-01 8.754564845528159389e-02
2.587500000000000000e+01 9.940209465543349276e-01 8.745454942119489095e-02
2.602499999999590585e+01 9.978611318186536572e-01 8.614696207495928237e-02
2.617499999999521521e+01 9.963932006531517338e-01 8.657302675374171919e-02
2.632500000000482032e+01 9.961436698469400275e-01 8.688002843988899826e-02
2.647500000000383480e+01 9.973265646023552478e-01 8.594690718568515075e-02
2.662500000000000000e+01 9.997166407935570431e-01 8.649622904712973848e-02
2.677499999999647073e+01 9.969983590193981504e-01 8.612181218575733210e-02
2.692499999999502691e+01 9.996277054154518726e-01 8.630294103794061700e-02
2.707500000000501217e+01 9.989849523755653937e-01 8.501873319264793838e-02
2.722500000000308873e+01 9.985245641772502179e-01 8.555957817210910199e-02
2.737500000000000000e+01 9.982033976147490772e-01 8.557360750539624861e-02
2.752499999999719549e+01 9.998364412084063124e-01 8.441503072393209683e-02
2.767499999999484928e+01 9.988389287844982034e-01 8.470882497701261171e-02
2.782500000000518625e+01 9.975784584611213646e-01 8.455170548590928981e-02
2.797500000000238529e+01 9.968597739002013070e-01 8.438152106198600066e-02
2.812500000000000000e+01 9.970835452027402290e-01 8.339954343094810318e-02
2.827499999999788827e+01 9.961847932734326783e-01 8.364589139318094613e-02
2.842499999999467164e+01 9.977414171004821419e-01 8.453204099399416749e-02
2.857500000000536033e+01 9.990906750596506569e-01 8.392543219631791451e-02
2.872500000000171028e+01 9.952845535706545954e-01 8.247179682728812689e-02
2.887500000000000000e+01 9.968792689356703596e-01 8.240539702137729405e-02
2.902499999999854552e+01 9.964830576040355492e-01 8.184298378191078027e-02
2.917499999999451177e+01 9.979748921340350076e-01 8.225251378957834647e-02
2.932500000000552021e+01 9.970839381549673197e-01 8.206585951534121903e-02
2.947500000000107434e+01 9.969216005837343575e-01 8.116699701390950317e-02
2.962500000000000000e+01 9.976167219177295431e-01 8.022593475476370861e-02
2.977499999999917080e+01 9.977120688952545446e-01 8.049880629192115999e-02
2.992499999999435900e+01 9.977441687703886286e-01 8.222792657743860367e-02
3.007500000000566942e+01 9.991093596586968495e-01 8.180570347109007712e-02
3.022500000000047393e+01 9.976140142295729651e-01 7.979605176854738524e-02
3.037500000000000000e+01 9.986499531647767824e-01 8.032897236035814459e-02
3.052499999999976410e+01 9.969464466869280006e-01 8.113592325900009783e-02
3.067499999999420623e+01 9.983460799213224046e-01 7.970637728618262807e-02
3.082500000000581508e+01 1.000736590424248673e+00 8.042767921139018505e-02
3.097499999999989839e+01 9.999301718459687738e-01 8.022037796797144849e-02
3.112500000000000000e+01 1.000761734146840665e+00 7.941753902491913153e-02
3.127500000000032898e+01 1.001328664746063524e+00 7.936942087039443317e-02
3.142499999999406768e+01 1.001489966846861535e+00 7.981258993116761846e-02
3.157500000000595364e+01 1.001614324252161126e+00 7.967063449006984988e-02
3.172499999999935127e+01 1.002111884537453479e+00 7.925944494524227169e-02
3.187500000000000000e+01 1.000376728327985854e+00 7.905405917042983288e-02
3.202500000000086544e+01 1.003027233646238470e+00 7.880910554824790970e-02
3.217499999999394333e+01 1.002605595885344147e+00 7.846017689123606365e-02
3.232500000000609219e+01 1.003160552788717297e+00 7.781838175494652787e-02
3.247499999999882903e+01 1.003465841398352820e+00 7.777652325951894818e-02
3.262500000000000000e+01 1.003034721631906878e+00 7.758966668557877588e-02
3.277500000000137703e+01 1.002742015285724264e+00 7.753324657772410478e-02
3.292499999999381544e+01 1.001955284461223616e+00 7.716220485288943776e-02
3.307500000000621299e+01 1.003467373163905441e+00 7.790810829862793163e-02
3.322499999999832454e+01 1.004450960349304589e+00 7.689870410106665333e-02
3.337500000000000000e+01 1.003731284563331716e+00 7.738692517814689531e-02
3.352500000000186731e+01 1.003087634920043270e+00 7.667479396979844097e-02
3.367499999999368754e+01 1.004087830556041228e+00 7.708632778226162663e-02
3.382500000000633378e+01 1.004069331789096298e+00 7.668016929181226127e-02
3.397499999999784848e+01 1.002609230950667785e+00 7.638811731638107949e-02
3.412500000000000000e+01 1.002891050481234947e+00 7.560341032416524609e-02
3.427500000000233626e+01 1.002966539691344083e+00 7.680428950719568604e-02
3.442499999999357385e+01 1.003222888877234764e+00 7.596550941682643499e-02
3.457500000000644746e+01 1.003756504838068553e+00 7.609727572937416418e-02
3.472499999999739373e+01 1.002677669568670771e+00 7.530728621406762580e-02
3.487500000000000000e+01 1.003361171267320051e+00 7.629081721134706173e-02
3.502500000000278391e+01 1.003711945639745862e+00 7.572954511576614200e-02
3.517499999999346016e+01 1.003872761311692896e+00 7.463672352072771299e-02
3.532500000000656115e+01 1.003154491869125087e+00 7.453166323118722014e-02
3.547499999999695319e+01 1.004697754099215912e+00 7.461759331020130503e-02
3.562500000000000000e+01 1.004477004920111272e+00 7.502872968290093258e-02
3.577500000000321734e+01 1.004692449308653091e+00 7.415686399405689577e-02
3.592499999999336069e+01 1.004950723156734727e+00 7.524723970895248748e-02
3.607500000000666773e+01 1.004944056957280729e+00 7.427909784092319445e-02
3.622499999999653397e+01 1.004441256656418702e+00 7.433084937605817510e-02
3.637500000000000000e+01 1.004860800364752782e+00 7.448971657104562494e-02
3.652500000000362235e+01 1.005043932299196197e+00 7.398242369101165616e-02
3.667499999999325411e+01 1.006255140704146234e+00 7.338124868018060243e-02
3.682500000000676721e+01 1.004661464705360663e+00 7.343108045791844896e-02
3.697499999999613607e+01 1.005427720518494272e+00 7.301493696807069556e-02
3.712500000000000000e+01 1.004558099483669809e+00 7.280280512495306000e-02
3.727500000000402736e+01 1.004887542482981733e+00 7.344659328773044116e-02
3.742499999999315463e+01 1.005237440792303261e+00 7.353720950455382155e-02
3.757500000000686668e+01 1.004810324474869176e+00 7.203958592976605901e-02
3.772499999999575238e+01 1.005046203884079725e+00 7.301738677350275153e-02
3.787500000000000000e+01 1.003425963809351895e+00 7.297014673802758311e-02
3.802500000000440394e+01 1.003670112884581078e+00 7.271538703729085729e-02
3.817499999999306226e+01 1.002330342516040584e+00 7.194027904362929049e-02
3.832500000000695906e+01 1.004410064977834249e+00 7.165022657371451775e-02
3.847499999999537579e+01 1.002833106329294566e+00 7.188358171410151598e-02
3.862500000000000000e+01 1.001955562773532815e+00 7.103156681937880523e-02
3.877500000000476632e+01 1.002663175031256237e+00 7.071240594126677881e-02
3.892499999999297700e+01 1.002550310821230362e+00 7.197171944439495483e-02
3.907500000000705143e+01 1.002593500983552710e+00 7.110217204120714007e-02
3.922499999999502052e+01 1.003027727196647900e+00 7.122674270318166134e-02
3.937500000000000000e+01 1.001855392938474587e+00 7.118045223467482641e-02
3.952500000000512159e+01 1.002357006820158158e+00 7.156685389432286548e-02
3.967499999999288463e+01 1.001123635518566424e+00 7.063862030916874535e-02
3.982500000000712959e+01 1.001122427913547552e+00 7.134050764368948805e-02
3.997499999999467946e+01 1.001334475263037538e+00 7.021826848549293787e-02
4.012500000000000000e+01 1.001120321625272647e+00 7.031985662356673994e-02
4.027500000000545555e+01 1.002283745465672782e+00 7.029141314828241116e-02
4.042499999999279936e+01 1.002549567095309957e+00 6.995576018705255972e-02
4.057500000000721485e+01 1.002082527287352587e+00 6.976433445960028568e-02
4.072499999999434550e+01 1.002332644765479008e+00 6.981066797074164665e-02
4.087500000000000000e+01 1.002953286298978952e+00 6.932337159051786546e-02
4.102500000000578240e+01 1.000970752925138374e+00 6.948809518628742965e-02
4.117499999999272120e+01 1.001228851848193546e+00 6.943914724506984604e-02
4.132500000000730012e+01 1.002774483810033423e+00 6.911215697936999580e-02
4.147499999999402576e+01 1.001959883056630751e+00 6.919408107084683290e-02
4.162500000000000000e+01 1.003306983949949549e+00 6.847476889858906957e-02
4.177500000000609504e+01 1.002821818731018055e+00 6.926328469544078270e-02
4.192499999999264304e+01 1.002674039306193032e+00 6.766177881974738684e-02
4.207500000000737828e+01 1.002941514404263046e+00 6.901903039151102703e-02
4.222499999999372022e+01 1.003168305666840565e+00 6.867494770164155049e-02
4.237500000000000000e+01 1.003287554021496719e+00 6.851771837879966354e-02
4.252500000000640057e+01 1.003778082780017566e+00 6.816948276936307671e-02
4.267499999999256488e+01 1.004585150620488143e+00 6.811337611035650497e-02
4.282500000000744933e+01 1.003056696399426073e+00 6.832911329141164170e-02
4.297499999999342180e+01 1.002493166496015498e+00 6.732567425503609149e-02
4.312500000000000000e+01 1.002475320785585211e+00 6.741157009305132064e-02
4.327500000000669900e+01 1.004085540135161159e+00 6.751773794748215651e-02
4.342499999999249383e+01 1.001303016765988652e+00 6.802004831662668283e-02
4.357500000000752038e+01 1.003751482304621634e+00 6.756381828676095991e-02
4.372499999999313758e+01 1.002722106375149913e+00 6.677658868060704078e-02
4.387500000000000000e+01 1.003609954726561559e+00 6.655646089625989748e-02
4.402500000000697611e+01 1.002832443593873357e+00 6.644486179338368603e-02
4.417499999999242277e+01 1.001770653825306168e+00 6.733469616645124112e-02
4.432500000000759144e+01 1.002546868336291030e+00 6.654192711913124725e-02
4.447499999999286047e+01 1.000754269680297570e+00 6.656221382290393451e-02
4.462500000000000000e+01 1.002251736067921950e+00 6.603611798802069832e-02
4.477500000000724611e+01 1.001116200113785215e+00 6.657800785667371268e-02
4.492499999999235882e+01 1.001684184921247001e+00 6.589407127941157571e-02
4.507500000000766249e+01 1.001602606832370901e+00 6.600701495466733404e-02
4.522499999999259757e+01 1.002478250099362977e+00 6.622764809692127663e-02
4.537500000000000000e+01 1.001749528676816103e+00 6.587457537930846430e-02
4.552500000000750902e+01 1.002244083952537501e+00 6.598246525450855715e-02
4.567499999999228777e+01 1.001349252719594629e+00 6.543023405803333192e-02
4.582500000000772644e+01 1.001181915661828903e+00 6.572261448818596252e-02
4.597499999999233466e+01 1.002095456848493216e+00 6.514923764996906341e-02
4.612500000000000000e+01 1.002155951716327875e+00 6.558374383274685748e-02
4.627500000000776481e+01 1.000769128694515731e+00 6.573176025526286659e-02
4.642499999999223093e+01 1.003446727286603446e+00 6.518373279421189881e-02
4.657500000000779039e+01 1.000344726702443898e+00 6.576709468440537776e-02
4.672499999999207887e+01 1.002426467102812468e+00 6.484407407479475527e-02
4.687500000000000000e+01 1.002519001765647344e+00 6.428561251755432471e-02
4.702500000000801350e+01 1.001471705790832223e+00 6.482568924982197445e-02
4.717499999999216698e+01 1.001347536228688107e+00 6.452449742337661165e-02
4.732500000000784723e+01 1.001892693573040560e+00 6.410756779581817943e-02
4.747499999999183729e+01 1.001824083623142903e+00 6.496707103725632426e-02
4.762500000000000000e+01 1.001797731275004377e+00 6.417053506431673326e-02
4.777500000000825509e+01 1.001312151643027670e+00 6.430768725031803246e-02
4.792499999999211013e+01 1.001506351950499862e+00 6.394986719917615525e-02
4.807500000000790408e+01 1.003153425352356187e+00 6.420326956018991560e-02
4.822499999999160281e+01 1.001379037907819569e+00 6.436540716954355923e-02
4.837500000000000000e+01 1.001499004513926927e+00 6.493898927549099365e-02
4.852500000000848956e+01 1.002239916992188951e+00 6.392169922029640461e-02
4.867499999999204618e+01 1.001757167179459396e+00 6.372643779255300622e-02
4.882500000000796092e+01 1.001883803460914546e+00 6.380814545714182107e-02
4.897499999999137543e+01 1.002281144533496926e+00 6.432532346371909460e-02
4.912500000000000000e+01 1.002778667126364764e+00 6.355750899770568063e-02
4.927500000000870983e+01 1.003782450327120657e+00 6.368061417515023803e-02
4.942499999999198934e+01 1.003432968656631896e+00 6.317738349913322449e-02
4.957500000000802487e+01 1.003620249664123110e+00 6.320874456842431877e-02
4.972499999999115516e+01 1.005305407543050755e+00 6.295794695621198533e-02
4.987500000000000000e+01 1.004993925819835265e+00 6.292355912727992662e-02
5.002500000000893010e+01 1.005522019805666911e+00 6.278493356358989808e-02
5.017499999999193960e+01 1.006157609899787087e+00 6.306989330925358295e-02
5.032500000000807461e+01 1.004867339121156666e+00 6.244975866133967157e-02
5.047499999999094200e+01 1.006168118987817994e+00 6.225540598851068280e-02
5.062500000000000000e+01 1.004395103733997097e+00 6.259609036510976887e-02
5.077500000000914326e+01 1.006440382846242043e+00 6.323626603356335973e-02
5.092499999999188276e+01 1.005587544472179351e+00 6.270437717049251458e-02
5.107500000000812435e+01 1.005089050519495375e+00 6.159698426674885957e-02
5.122499999999072884e+01 1.005282392766437605e+00 6.257461073716112654e-02
5.137500000000000000e+01 1.005053901989205967e+00 6.194252526751885257e-02
5.152500000000934932e+01 1.005427612005066473e+00 6.189142533761810006e-02
5.167499999999183302e+01 1.004363400209700607e+00 6.234282142898382034e-02
5.182500000000818119e+01 1.004676684837501721e+00 6.156836300918235722e-02
5.197499999999052989e+01 1.002846389085887857e+00 6.121550954908708958e-02
5.212500000000000000e+01 1.004869517518248712e+00 6.137002325903213873e-02
5.227500000000954827e+01 1.003393407381595104e+00 6.108294949556821590e-02
5.242499999999178328e+01 1.002993347439101068e+00 6.175471494616273371e-02
5.257500000000806040e+01 1.004038629125406423e+00 6.143878471570510952e-02
5.272499999999033804e+01 1.002789496917664724e+00 6.173649693353457091e-02
5.287500000000000000e+01 1.003588034579109944e+00 6.192762018055737033e-02
5.302500000000974723e+01 1.003583733071637063e+00 6.078908480723753394e-02
5.317499999999255778e+01 1.003770503789096269e+00 6.104630680848642521e-02
5.332500000000729301e+01 1.002984208636197749e+00 6.124678993799226312e-02
5.347499999999015330e+01 1.002313146277308498e+00 6.054919663289130838e-02
5.362500000000000000e+01 1.003894810616591471e+00 6.013077722246382845e-02
5.377500000000993197e+01 1.001226414257303743e+00 6.062082952441941175e-02
5.392499999999331095e+01 1.001640951508930621e+00 5.923620224169283410e-02
5.407500000000654694e+01 1.002518674955471312e+00 6.099863856539350371e-02
5.422499999998996145e+01 1.002860068679666483e+00 6.041704079143350725e-02
5.437500000000000000e+01 1.002252254160531209e+00 6.074115277187545903e-02
5.452500000001011671e+01 1.002355062693675691e+00 6.055792798196805299e-02
5.467499999999403570e+01 1.003176290750835919e+00 6.070474740031481936e-02
5.482500000000581508e+01 1.001795590724377183e+00 6.014950729703846116e-02
5.497499999998977671e+01 1.001738810926285028e+00 6.033083332178226094e-02
5.512500000000000000e+01 1.002477751482129031e+00 6.014747358117581572e-02
5.527500000001029434e+01 1.002688000121277234e+00 5.908478602486158526e-02
5.542499999999475335e+01 1.001888496776444981e+00 6.037319119564484721e-02
5.557500000000510454e+01 1.002217217772956026e+00 6.021410941335766931e-02
5.572499999998960618e+01 1.001164399671181870e+00 5.941963770062809458e-02
5.587500000000000000e+01 1.001090024649654131e+00 5.958718743049479932e-02
5.602500000001046487e+01 1.002137405712068441e+00 5.883046838671166651e-02
5.617499999999544258e+01 1.002291109178991668e+00 5.898866785805065294e-02
5.632500000000441531e+01 1.001138395095749090e+00 5.965581117785493520e-02
5.647499999998942855e+01 1.001189022858073985e+00 5.870227620970133037e-02
5.662500000000000000e+01 1.000419107735980306e+00 5.902908415714663848e-02
5.677500000001062830e+01 1.000205112191696832e+00 5.913888511784317487e-02
5.692499999999611759e+01 1.000693448888866799e+00 5.887578578739672414e-02
5.707500000000374030e+01 1.001660324553365733e+00 5.889598426723065966e-02
5.722499999998926512e+01 1.000736399556239054e+00 5.864600769762184918e-02
5.737500000000000000e+01 1.001024814137665864e+00 5.820817437061352739e-02
5.752500000001079172e+01 1.000921878681550359e+00 5.881772091140422681e-02
5.767499999999677129e+01 1.001393078399903658e+00 5.825194873256066969e-02
5.782500000000310081e+01 1.000263156724990443e+00 5.852522959384554024e-02
5.797499999998910170e+01 1.001402777447666814e+00 5.861924275061213691e-02
5.812500000000000000e+01 1.000921570025700369e+00 5.826374928228034156e-02
5.827500000001095515e+01 1.000324750312314270e+00 5.894456581291068753e-02
5.842499999999741078e+01 1.001885563737281437e+00 5.803508384415732857e-02
5.857500000000246132e+01 1.001117091100367951e+00 5.894913101855919074e-02
5.872499999998893827e+01 1.000419110221305141e+00 5.842827362451648993e-02
5.887500000000000000e+01 1.000688669471844428e+00 5.834994148184291518e-02
5.902500000001111857e+01 1.000293619225766095e+00 5.861415259591960802e-02
5.917499999999803606e+01 1.002155326845525440e+00 5.835631553885541750e-02
5.932500000000184315e+01 1.000431620485243034e+00 5.831060913933106687e-02
5.947499999998878906e+01 1.001543160827386592e+00 5.777280761433895018e-02
5.962500000000000000e+01 1.001695314623358701e+00 5.797662566105364623e-02
5.977500000001126779e+01 1.003067923946443507e+00 5.732712877360465059e-02
5.992499999999864002e+01 1.001351151585595955e+00 5.757583175234670669e-02
6.007500000000123919e+01 1.002180941912824252e+00 5.802121527448153571e-02
6.022499999998863984e+01 1.001897745501217463e+00 5.752845126557556976e-02
6.037500000000000000e+01 1.001331140000947917e+00 5.754861912819388831e-02
6.052500000001142411e+01 1.003525721618721001e+00 5.722869351881466893e-02
6.067499999999923688e+01 1.003681086949164136e+00 5.692605226716269951e-02
6.082500000000064944e+01 1.004139593837385158e+00 5.667721616626804348e-02
6.097499999998849773e+01 1.003338281433024060e+00 5.712101599770316729e-02
6.112500000000000000e+01 1.003291419346052482e+00 5.693822619092760162e-02
6.127500000001155911e+01 1.004355039210463429e+00 5.648665170063206509e-02
6.142499999999980531e+01 1.004652602611596501e+00 5.632107842906097783e-02
6.157500000000007390e+01 1.005051342840008299e+00 5.739746494820188727e-02
6.172499999998834852e+01 1.004925436757124091e+00 5.698838801729826792e-02
6.187500000000000000e+01 1.005675347151595345e+00 5.698653337013629555e-02
6.202500000001170122e+01 1.003220139980407932e+00 5.649767453541914425e-02
6.217500000000037375e+01 1.005594972485834404e+00 5.662973533216793254e-02
6.232499999999951967e+01 1.005204244823790782e+00 5.708448236120777092e-02
6.247499999998820641e+01 1.004410532849435489e+00 5.635146178874873152e-02
6.262500000000000000e+01 1.005049993583176038e+00 5.621292302599462803e-02
6.277500000001184333e+01 1.005118904796161061e+00 5.655062452158655939e-02
6.292500000000092086e+01 1.004126408644653301e+00 5.620377284554469582e-02
6.307499999999897256e+01 1.004545214702312395e+00 5.617840643700391240e-02
6.322499999998807851e+01 1.004809712876255867e+00 5.574384205712214213e-02
6.337500000000000000e+01 1.004945871716886874e+00 5.656159393058340923e-02
6.352500000001197833e+01 1.004361548692225936e+00 5.583381445702577384e-02
6.367500000000146798e+01 1.004260824676891373e+00 5.542027911349532709e-02
6.382499999999843254e+01 1.003631088854751718e+00 5.544177961887446215e-02
6.397499999998793641e+01 1.003899431459377212e+00 5.598444321864699813e-02
6.412500000000000000e+01 1.004133452862992160e+00 5.500642263078672767e-02
6.427500000001211333e+01 1.002481933237747480e+00 5.559294468744196971e-02
6.442500000000200089e+01 1.002847454394378168e+00 5.594898337742987282e-02
6.457499999999791385e+01 1.002867607789266868e+00 5.541326219161435418e-02
6.472499999998781561e+01 1.002240590093013362e+00 5.531514816107163668e-02
6.487500000000000000e+01 1.002207339819888521e+00 5.448890867447504088e-02
6.502500000001224123e+01 1.000557230096041250e+00 5.511892318783180589e-02
6.517500000000251248e+01 1.001045566181917978e+00 5.470619747064672106e-02
6.532499999999740226e+01 9.997782467942505358e-01 5.389019098532028818e-02
6.547499999998768772e+01 1.000815347401643018e+00 5.504032238826570000e-02
6.562500000000000000e+01 9.999897774547110707e-01 5.531285507356870773e-02
6.577500000001236913e+01 1.000301752850969450e+00 5.492426310504165687e-02
6.592500000000300986e+01 9.988798059062516943e-01 5.466412329927355929e-02
6.607499999999690488e+01 9.998877289425140980e-01 5.456753278979915855e-02
6.622499999998755982e+01 9.998559149153634085e-01 5.504380439512509410e-02
6.637500000000000000e+01 9.996927134178548169e-01 5.418745810754900527e-02
6.652500000001249703e+01 9.997324209068573220e-01 5.394664587372816067e-02
6.667500000000349303e+01 9.988693011214442308e-01 5.425284186085879701e-02
6.682499999999640750e+01 1.000050404489647438e+00 5.440519685177962889e-02
6.697499999998743192e+01 9.997816812684466869e-01 5.351867574404750583e-02
6.712500000000000000e+01 1.000441642094536565e+00 5.415926450591189434e-02
6.727500000001261071e+01 9.996219254558778022e-01 5.395136890577257455e-02
6.742500000000397620e+01 9.990972397778126179e-01 5.408899535799112368e-02
6.757499999999593854e+01 9.989260293807826763e-01 5.347913420664528877e-02
6.772499999998731823e+01 9.999134550505052177e-01 5.414048453517417148e-02
6.787500000000000000e+01 9.994233967515750994e-01 5.382526099840034134e-02
6.802500000001272440e+01 1.000541579222789856e+00 5.373905199472660960e-02
6.817500000000444516e+01 1.000342105526756731e+00 5.417866876077531008e-02
6.832499999999546958e+01 1.000242025568075954e+00 5.379916780035812890e-02
6.847499999998720455e+01 1.001543992599533750e+00 5.350349158834455388e-02
6.862500000000000000e+01 1.000640194930727089e+00 5.340520949826078889e-02
6.877500000001283809e+01 1.001499434512975961e+00 5.315908865444123749e-02
6.892500000000489990e+01 1.001339216569697266e+00 5.366171800798175129e-02
6.907499999999501483e+01 1.001636586482461677e+00 5.421166463712435990e-02
6.922499999998709086e+01 1.001333332114572761e+00 5.325803804949288955e-02
6.937500000000000000e+01 1.001980826262485191e+00 5.394604962331097514e-02
6.952500000001295177e+01 1.001105777004679398e+00 5.354522187171685543e-02
6.967500000000535465e+01 1.001836636110115419e+00 5.354471375916550896e-02
6.982499999999456008e+01 1.001890478755419478e+00 5.269888375872761738e-02
6.997499999998697717e+01 1.001758819104740628e+00 5.320090794737416390e-02
7.012500000000000000e+01 1.002362067678746582e+00 5.297408479025428329e-02
7.027500000001306546e+01 1.001697937181993625e+00 5.237831312105226816e-02
7.042500000000579519e+01 1.002704535559519883e+00 5.326582374748033838e-02
7.057499999999413376e+01 1.002164794852439256e+00 5.326462294486098564e-02
7.072499999998686349e+01 1.002393232207483331e+00 5.315522111479794448e-02
7.087500000000000000e+01 1.002531221746290946e+00 5.278954874409205744e-02
7.102500000001316494e+01 1.002500362312410465e+00 5.310242231070905899e-02
7.117500000000620730e+01 1.000992674742945621e+00 5.288039652552899150e-02
7.132499999999369322e+01 1.001593781709151365e+00 5.243032445300030431e-02
7.147499999998676401e+01 1.002635176614393275e+00 5.283832078917640590e-02
7.162500000000000000e+01 1.002520923863814639e+00 5.200341321216334078e-02
7.177500000001327862e+01 1.000754100856174444e+00 5.277772906256623237e-02
7.192500000000663363e+01 1.001273783592048661e+00 5.193308568143691073e-02
7.207499999999328111e+01 1.001854416053143515e+00 5.268865142859015943e-02
7.222499999998666453e+01 1.001348428325914197e+00 5.205706936716376909e-02
7.237500000000000000e+01 1.001132163191129187e+00 5.295481442019379231e-02
7.252500000001337810e+01 1.002448617039120027e+00 5.192088157732253212e-02
7.267500000000704574e+01 1.000333846710967922e+00 5.269446307067793267e-02
7.282499999999286899e+01 1.000558614136354496e+00 5.205738328536981679e-02
7.297499999998655085e+01 1.001220161949902598e+00 5.245629749558142207e-02
7.312500000000000000e+01 1.001063767924889047e+00 5.196840768742908012e-02
7.327500000001347757e+01 1.000397385911196313e+00 5.139082241591684530e-02
7.342500000000745786e+01 1.000272194290389161e+00 5.211336765198398835e-02
7.357499999999247109e+01 9.994708545807741151e-01 5.220438395740539805e-02
7.372499999998646558e+01 9.994529439176750296e-01 5.152337575875654690e-02
7.387500000000000000e+01 9.988757526524792985e-01 5.216587086175081267e-02
7.402500000001359126e+01 9.997382187417857002e-01 5.147071755975803076e-02
7.417500000000785576e+01 9.994205170908612157e-01 5.148248459723903103e-02
7.432499999999207319e+01 9.999232653595295783e-01 5.216746904722255329e-02
7.447499999998635190e+01 9.995529791282341536e-01 5.170064670249838873e-02
7.462500000000000000e+01 9.996942999606800440e-01 5.186945103576087734e-02
7.477500000001367653e+01 9.999009040491335654e-01 5.132278166954374471e-02
7.492500000000823945e+01 9.993547644792313278e-01 5.180814838424768753e-02
7.507499999999168949e+01 9.999225444328824208e-01 5.148478319642831730e-02
7.522499999998626663e+01 9.991920723943645832e-01 5.120479852230570145e-02
7.537500000000000000e+01 1.000038126219842338e+00 5.152421668635434604e-02
7.552500000001377600e+01 9.998373949567271879e-01 5.156326421114667408e-02
7.567500000000862315e+01 9.994074122802889537e-01 5.111294941748147774e-02
7.582499999999130580e+01 9.989090115079495291e-01 5.080701182557788298e-02
7.597499999998616715e+01 9.995345460721638542e-01 5.106936066926553303e-02
7.612500000000000000e+01 9.988989520029096791e-01 5.100203064959962784e-02
7.627500000001386127e+01 9.994221897477821859e-01 5.139955345142731974e-02
7.642500000000899263e+01 9.999560040333792532e-01 5.088354405013406634e-02
7.657499999999093632e+01 9.997951240755346136e-01 5.157189193471470312e-02
7.672499999998608189e+01 9.999620144194973914e-01 5.101011521721810632e-02
7.687500000000000000e+01 9.993830258119003052e-01 5.067941978704847139e-02
7.702500000001396074e+01 9.998267011970771723e-01 5.047647299252377984e-02
7.717500000000934790e+01 1.000199510662183489e+00 5.005318259201164272e-02
7.732499999999058105e+01 1.000457312317106551e+00 4.982362875890643250e-02
7.747499999998598241e+01 1.000311035678253857e+00 5.042015356553920802e-02
7.762500000000000000e+01 1.000213279090599539e+00 4.991566566194374083e-02
7.777500000001404601e+01 1.000244147134807804e+00 5.048718292274494146e-02
7.792500000000971738e+01 1.000448767422245977e+00 5.038206975698069495e-02
7.807499999999021156e+01 1.000413363945839018e+00 5.088342014564630617e-02
7.822499999998589715e+01 1.001307254311198713e+00 5.093948023370202527e-02
7.837500000000000000e+01 1.000663775544556655e+00 5.050350715937668850e-02
7.852500000001413127e+01 1.000855829709585310e+00 5.009538360518945438e-02
7.867500000001005844e+01 1.000373457230035568e+00 5.084628379020583733e-02
7.882499999998987050e+01 1.001516494640363852e+00 5.003212027497773440e-02
7.897499999998581188e+01 1.000995235881609657e+00 5.025514266356621851e-02
7.912500000000000000e+01 9.998948751582332761e-01 5.059837563702804936e-02
7.927500000001423075e+01 1.000850283925200479e+00 5.005474140182442078e-02
7.942500000001041371e+01 9.998179258375312628e-01 4.944513469922401372e-02
7.957499999998951523e+01 1.000665915690552632e+00 4.976415028959483428e-02
7.972499999998572662e+01 1.000704187135239343e+00 5.003544731326477202e-02
7.987500000000000000e+01 1.001038184692674582e+00 5.037378298664327292e-02
8.002500000001430180e+01 1.000251901426604029e+00 4.962208865427476800e-02
8.017500000001075477e+01 1.000574158603538155e+00 4.999975330971137555e-02
8.032499999998918838e+01 1.000368419806497711e+00 4.982661785357905132e-02
8.047499999998564135e+01 9.999721348546087851e-01 4.954723153779369560e-02
8.062500000000000000e+01 9.749102583770785646e-01 4.907599901152688571e-02
8.077500000001438707e+01 9.522806644331783810e-01 4.864224686195273151e-02
8.092500000001108162e+01 9.401798748337617528e-01 4.793269258743707018e-02
8.107499999998886153e+01 9.280157208059020002e-01 4.743347018507226842e-02
8.122499999998557030e+01 9.190493507164324560e-01 4.712655900798371628e-02
8.137500000000000000e+01 9.098831190043484840e-01 4.755565324958151152e-02
8.152500000001447233e+01 9.034214755528514607e-01 4.746276454626739000e-02
8.167500000001139426e+01 8.950516205211119791e-01 4.604439398910695896e-02
8.182499999998853468e+01 8.892558509695882574e-01 4.595892076719149816e-02
8.197499999998548503e+01 8.824787266668798758e-01 4.602099804574227848e-02
8.212500000000000000e+01 8.760793826729872391e-01 4.592864424311499105e-02
8.227500000001455760e+01 8.704964346709351819e-01 4.563534618880518701e-02
8.242500000001172111e+01 8.646656211379073476e-01 4.501061206914976076e-02
8.257499999998822204e+01 8.594796325364609801e-01 4.540188741500088970e-02
8.272499999998539977e+01 8.544827217427253263e-01 4.521978693899224300e-02
8.287500000000000000e+01 8.496450016840254582e-01 4.519121158771266522e-02
8.302500000001462865e+01 8.449125903095592305e-01 4.508334834880345365e-02
8.317500000001203375e+01 8.411043991209947723e-01 4.472034289295282600e-02
8.332499999998789519e+01 8.351502791316126606e-01 4.425926271854328797e-02
8.347499999998531450e+01 8.314991524765011910e-01 4.417981526958986160e-02
8.362500000000000000e+01 8.274225158066272900e-01 4.434709701790258418e-02
8.377500000001469971e+01 8.247078085695740413e-01 4.407822479343311006e-02
8.392500000001234639e+01 8.189180930492272470e-01 4.412377039658950395e-02
8.407499999998758256e+01 8.156854194362959110e-01 4.363839591706916710e-02
8.422499999998524345e+01 8.117177390825442984e-01 4.303262425401899877e-02
8.437500000000000000e+01 8.084133297284491482e-01 4.321115277079643630e-02
8.452500000001478497e+01 8.049567135196695755e-01 4.327437483831081400e-02
8.467500000001264482e+01 8.006955762793747100e-01 4.324311307682704442e-02
8.482499999998728413e+01 7.974868336432305860e-01 4.301566229224466215e-02
8.497499999998517239e+01 7.944205535835940912e-01 4.307087147607382982e-02
8.512500000000000000e+01 7.903369266158830619e-01 4.294905625300687868e-02
8.527500000001485603e+01 7.867946860868112458e-01 4.306989842611211317e-02
8.542500000001294325e+01 7.841515343093331536e-01 4.255501741807335425e-02
8.557499999998699991e+01 7.802884778060262816e-01 4.241545285021416228e-02
8.572499999998510134e+01 7.778981365384323166e-01 4.237893039044902249e-02
8.587500000000000000e+01 7.742024663708525489e-01 4.272676026728843696e-02
8.602500000001494129e+01 7.712623072227258181e-01 4.237120771960062315e-02
8.617500000001324167e+01 7.691087903037807649e-01 4.156726378738008487e-02
8.632499999998670148e+01 7.659598652478244452e-01 4.180194889918255330e-02
8.647499999998503029e+01 7.634714532265720610e-01 4.181644328546888639e-02
8.662500000000000000e+01 7.606854190169143326e-01 4.158043178611669360e-02
8.677500000001501235e+01 7.579017996665675660e-01 4.127601742757232295e-02
8.692500000001352589e+01 7.550323486544278095e-01 4.167820775327526345e-02
8.707499999998641727e+01 7.523835332865805858e-01 4.131131513655216664e-02
8.722499999998494502e+01 7.497500047064775686e-01 4.095155177675340041e-02
8.737500000000000000e+01 7.470008708178423884e-01 4.165232545396636843e-02
8.752500000001508340e+01 7.444872478947485162e-01 4.155762647862607656e-02
8.767500000001381011e+01 7.415617605653609390e-01 4.125477795930745928e-02
8.782499999998613305e+01 7.396553982702156471e-01 4.080455285796016213e-02
8.797499999998487397e+01 7.368309682879347067e-01 4.090398862139505570e-02
8.812500000000000000e+01 7.338925804691599497e-01 4.054716580407684984e-02
8.827500000001514024e+01 7.325195622512683524e-01 4.049092846942237145e-02
8.842500000001409433e+01 7.294675372397261270e-01 4.070972692170097412e-02
8.857499999998586304e+01 7.271325920436084722e-01 4.046227081380989604e-02
8.872499999998480291e+01 7.247688131022401725e-01 3.982183011782267773e-02
8.887500000000000000e+01 7.222613744912443901e-01 4.016631288778888670e-02
8.902500000001521130e+01 7.203069483027477737e-01 3.938968877517526335e-02
8.917500000001436433e+01 7.181511589701283782e-01 3.990289033342610953e-02
8.932499999998557882e+01 7.153340090152079389e-01 3.931686717840651712e-02
8.947499999998473186e+01 7.129977539818236343e-01 3.989334853370898881e-02
8.962500000000000000e+01 7.112380501903670105e-01 4.000050065485977885e-02
8.977500000001528235e+01 7.093750450301968824e-01 3.899491699276031592e-02
8.992500000001462013e+01 7.066938029135444443e-01 3.927259267056562586e-02
9.007499999998532303e+01 7.049919764352502449e-01 3.967659572191330891e-02
9.022499999998467501e+01 7.018657512141259769e-01 3.926124673603107601e-02
9.037500000000000000e+01 6.996964062785101524e-01 3.876617349344269742e-02
9.052500000001533920e+01 6.980177105003121385e-01 3.903711481932228139e-02
9.067500000001489013e+01 6.962044561957840827e-01 3.864966570110269645e-02
9.082499999998505302e+01 6.945517255395828871e-01 3.875721479004926029e-02
9.097499999998460396e+01 6.916996331107954088e-01 3.827032452581039662e-02
9.112500000000000000e+01 6.900998445876845855e-01 3.870808666637413908e-02
9.127500000001541025e+01 6.870057454509639339e-01 3.844038729681963085e-02
9.142500000001514593e+01 6.857463594043178290e-01 3.864118771366207433e-02
9.157499999998479723e+01 6.838089144979854206e-01 3.817186620071701814e-02
9.172499999998454712e+01 6.823126485887305304e-01 3.801348245157901845e-02
9.187500000000000000e+01 6.805370444837454125e-01 3.809374008812398127e-02
9.202500000001548131e+01 6.780044816693040488e-01 3.844445471157173499e-02
9.217500000001541594e+01 6.762150007054786860e-01 3.760240290791191931e-02
9.232499999998454143e+01 6.737666844573245717e-01 3.804094104716137376e-02
9.247499999998447606e+01 6.720178648665044996e-01 3.811448926390973574e-02
9.262500000000000000e+01 6.701950602952894132e-01 3.757497658432439741e-02
9.277500000001553815e+01 6.684961375149840457e-01 3.752715773444464248e-02
9.292500000001565752e+01 6.668704317408264970e-01 3.712004570632321254e-02
9.307499999998428564e+01 6.646868597163949621e-01 3.738606681216838368e-02
9.322499999998441922e+01 6.627594327936165985e-01 3.781229558519368789e-02
9.337500000000000000e+01 6.614943951084729656e-01 3.723581876001436780e-02
9.352500000001559499e+01 6.599823129202478933e-01 3.718982143035669957e-02
9.367500000001591332e+01 6.579414450960439087e-01 3.704932162619042207e-02
9.382499999998402984e+01 6.571396710922162709e-01 3.727655633030587529e-02
9.397499999998436238e+01 6.546466028917955482e-01 3.739292207596701945e-02
9.412500000000000000e+01 6.533537110116203195e-01 3.696472994050102601e-02
9.427500000001566605e+01 6.525191411064814595e-01 3.758162308201330043e-02
9.442500000001615490e+01 6.497818846996562536e-01 3.686251879315115970e-02
9.457499999998380247e+01 6.488970826393916091e-01 3.703484813248246466e-02
9.472499999998429132e+01 6.463781556006634732e-01 3.687766160821088351e-02
9.487500000000000000e+01 6.456450073816727420e-01 3.673507164119246132e-02
9.502500000001572289e+01 6.437161755149184428e-01 3.706346439471001203e-02
9.517500000001639648e+01 6.418273220279289148e-01 3.600097779415192129e-02
9.532499999998356088e+01 6.398738470069934570e-01 3.614907629112299597e-02
9.547499999998423448e+01 6.389478573117453042e-01 3.663540017371497148e-02
9.562500000000000000e+01 6.373769739898508258e-01 3.605710009622725004e-02
9.577500000001577973e+01 6.360966697069647680e-01 3.639104044782241754e-02
9.592500000001662386e+01 6.343346286495343822e-01 3.651188114826067754e-02
9.607499999998331930e+01 6.321927459979038710e-01 3.611728106104512837e-02
9.622499999998417763e+01 6.310801491585520395e-01 3.617577078987928990e-02
9.637500000000000000e+01 6.287640365731423930e-01 3.622187477861622817e-02
9.652500000001585079e+01 6.282571789950949226e-01 3.575754447596687924e-02
9.667500000001686544e+01 6.264449996716520142e-01 3.602718917904233764e-02
9.682499999998309193e+01 6.248203887505032750e-01 3.617729104793271366e-02
9.697499999998412079e+01 6.226035385823164292e-01 3.493253983846034832e-02
9.712500000000000000e+01 6.210942988474732473e-01 3.538377797240737505e-02
9.727500000001590763e+01 6.208010803024449631e-01 3.511516873794161969e-02
9.742500000001709282e+01 6.190467822156231481e-01 3.576044591487560764e-02
9.757499999998287876e+01 6.172006276483209541e-01 3.550416041608463191e-02
9.772499999998406395e+01 6.158244319021975999e-01 3.521597452111895760e-02
9.787500000000000000e+01 6.151180294273654869e-01 3.532716096332649824e-02
9.802500000001595026e+01 6.128373285050746633e-01 3.498423869113748141e-02
9.817500000001732019e+01 6.108322754990404002e-01 3.480471604521727380e-02
9.832499999998263718e+01 6.102106636755755265e-01 3.530051143867838498e-02
9.847499999998402131e+01 6.086862010248840216e-01 3.492655024445116135e-02
9.862500000000000000e+01 6.073290312944024105e-01 3.477334185430844271e-02
9.877500000001600711e+01 6.059422530492193371e-01 3.534073315969932932e-02
9.892500000001753335e+01 6.043489879456646063e-01 3.496509661604970537e-02
9.907499999998242401e+01 6.029275289204876209e-01 3.491360202551931774e-02
9.922499999998395026e+01 6.022265282869685432e-01 3.482246846481280161e-02
9.937500000000000000e+01 6.000300701203261644e-01 3.471887364198762010e-02
9.952500000001606395e+01 5.991156369026976458e-01 3.458769969593025045e-02
9.967500000001776073e+01 5.974877238493675469e-01 3.513389441062640672e-02
9.982499999998221085e+01 5.969343063686493034e-01 3.466996415159059874e-02
9.997499999998389342e+01 5.958011142264522109e-01 3.421153272239946252e-02
1.001250000000000000e+02 5.942449451885332135e-01 3.468026341760705594e-02
1.002750000000161208e+02 5.928073913952253138e-01 3.418172096863315162e-02
1.004250000000179597e+02 5.909514778017453951e-01 3.418523382674580613e-02
1.005749999999819835e+02 5.902689660642252978e-01 3.399562972952515499e-02
1.007249999999838508e+02 5.726753272150220120e-01 3.338696498508769706e-02
1.008750000000000000e+02 5.486721072882915218e-01 3.275507008789017849e-02
1.010250000000161776e+02 5.345789671920186947e-01 3.223599423926855334e-02
1.011750000000181871e+02 5.223599693511258302e-01 3.183250785782003323e-02
1.013249999999817845e+02 5.125766181250256404e-01 3.159285093186384175e-02
1.014749999999837939e+02 5.024080113229683064e-01 3.138826445559769057e-02
1.016250000000000000e+02 4.936927729054384484e-01 3.086782128031088229e-02
1.017750000000162345e+02 4.867742533753280365e-01 3.056808198231684287e-02
1.019250000000184002e+02 4.788847868350721848e-01 2.985595672834555347e-02
1.020749999999815714e+02 4.725542881880359092e-01 3.034812673881788145e-02
1.022249999999837513e+02 4.655210100493387126e-01 3.032968230801876344e-02
1.023750000000000000e+02 4.589296253781922630e-01 2.947662747768908797e-02
1.025250000000162771e+02 4.533699943164036239e-01 2.981165864721108810e-02
1.026750000000185992e+02 4.477799317192691642e-01 2.959396300441770322e-02
1.028249999999813582e+02 4.422740368583339410e-01 2.881310874081800810e-02
1.029749999999836945e+02 4.360221750392523909e-01 2.893006171201346899e-02
1.031250000000000000e+02 4.307771368728458006e-01 2.888367416829231565e-02
1.032750000000163340e+02 4.259246252849276382e-01 2.868766290329162125e-02
1.034250000000187981e+02 4.212382234397192837e-01 2.848070260037071505e-02
1.035749999999811592e+02 4.158457845908811179e-01 2.800858079090409389e-02
1.037249999999836376e+02 4.114111754003818011e-01 2.807956152664073043e-02
1.038750000000000000e+02 4.059185440406362089e-01 2.803998789575516681e-02
1.040250000000163766e+02 4.017483433854395214e-01 2.763690106548337064e-02
1.041750000000189971e+02 3.963397399485654726e-01 2.774152828570856585e-02
1.043249999999809603e+02 3.921952058912480110e-01 2.750488601250625914e-02
1.044749999999835950e+02 3.883876850355880705e-01 2.725827541620240782e-02
1.046250000000000000e+02 3.836341660566924827e-01 2.710677308618615611e-02
1.047750000000164334e+02 3.795953679368761491e-01 2.729134393999142066e-02
1.049250000000191818e+02 3.749571419335556155e-01 2.688505217253675528e-02
1.050749999999807613e+02 3.708527096243638410e-01 2.620340024750653779e-02
1.052249999999839503e+02 3.667404127735238717e-01 2.615805981996135315e-02
1.053750000000000000e+02 3.632645290848712794e-01 2.602256537840964487e-02
1.055250000000157229e+02 3.587139186527287804e-01 2.608575681516008687e-02
1.056750000000193808e+02 3.550870019087086771e-01 2.599519039860603148e-02
1.058249999999805766e+02 3.511796427799008247e-01 2.568618344573099163e-02
1.059749999999847319e+02 3.471824348318404141e-01 2.562030869268070582e-02
1.061250000000000000e+02 3.437320572970073984e-01 2.553251619084093149e-02
1.062750000000149555e+02 3.398866933564118620e-01 2.524298792282052978e-02
1.064250000000195797e+02 3.361720282236137503e-01 2.487369935784309455e-02
1.065749999999803919e+02 3.328167592981905454e-01 2.471015497671731620e-02
1.067249999999854850e+02 3.292175626734287763e-01 2.445022645448974297e-02
1.068750000000000000e+02 3.254713063019949448e-01 2.457345883148277788e-02
1.070250000000141881e+02 3.221694167759838190e-01 2.418810267281065393e-02
1.071750000000197645e+02 3.181867222946979656e-01 2.428777827235160947e-02
1.073249999999802071e+02 3.149272660925244161e-01 2.383679965128973968e-02
1.074749999999862524e+02 3.109543032389309736e-01 2.376519130209437877e-02
1.076250000000000000e+02 3.077578236966698744e-01 2.403056925355184087e-02
1.077750000000134492e+02 3.044156249340104203e-01 2.399234403455616574e-02
1.079250000000199492e+02 3.010863596873057380e-01 2.338324465339801372e-02
1.080749999999800224e+02 2.975231311523081623e-01 2.347366910610919691e-02
1.082249999999869914e+02 2.942195884587940347e-01 2.299018819346439549e-02
1.083750000000000000e+02 2.908623583802519841e-01 2.310348962579529888e-02
1.085250000000127244e+02 2.875478583865020976e-01 2.277169245909900844e-02
1.086750000000201481e+02 2.846884314444036446e-01 2.263947067122424120e-02
1.088249999999798376e+02 2.811601906671272744e-01 2.261677164767704820e-02
1.089749999999877161e+02 2.781575314791116527e-01 2.270242597638095702e-02
1.091250000000000000e+02 2.751969404278722942e-01 2.210565669201230640e-02
1.092750000000119854e+02 2.723485838278519311e-01 2.209876783315456797e-02
1.094250000000203045e+02 2.693154525875189886e-01 2.206880823467059077e-02
1.095749999999796529e+02 2.663774340038928545e-01 2.185581378280459022e-02
1.097249999999884409e+02 2.633359544799078744e-01 2.206818715912552825e-02
1.098750000000000000e+02 2.603198981020376501e-01 2.177426130660935558e-02
1.100250000000112749e+02 2.575265997269431950e-01 2.155206763591429459e-02
1.101750000000204892e+02 2.545848938736283151e-01 2.125756297257828248e-02
1.103249999999794682e+02 2.520286465706259027e-01 2.130319165351852659e-02
1.104749999999891372e+02 2.490902626545103138e-01 2.140206005026519184e-02
1.106250000000000000e+02 2.466001699359195165e-01 2.085930672680780251e-02
1.107750000000105643e+02 2.437232618628041025e-01 2.074511988252727979e-02
1.109250000000206740e+02 2.406002479457393650e-01 2.084098114788598272e-02
1.110749999999792976e+02 2.383123969093379479e-01 2.054746065830257221e-02
1.112249999999898620e+02 2.350516621062151701e-01 2.044343897944391614e-02
1.113750000000000000e+02 2.326117823876329149e-01 2.035358656938154182e-02
1.115250000000098822e+02 2.300918557643062690e-01 2.024522302403535673e-02
1.116750000000208445e+02 2.273768736311555239e-01 2.017724283572105287e-02
1.118249999999791129e+02 2.247891226877540838e-01 1.987893901292227608e-02
1.119749999999905299e+02 2.221589134682843136e-01 1.989805593431917194e-02
1.121250000000000000e+02 2.195070980510665792e-01 1.954720476768923715e-02
1.122750000000091859e+02 2.170427762099945423e-01 1.965073256312395780e-02
1.124250000000210008e+02 2.140241057783728307e-01 1.935284373725349241e-02
1.125749999999789566e+02 2.117304961375723882e-01 1.924275677444911223e-02
1.127249999999912120e+02 2.092241451188113777e-01 1.917557071541222194e-02
1.128750000000000000e+02 2.064050377726378283e-01 1.899282714074338255e-02
1.130250000000085180e+02 2.044044002354946654e-01 1.878268460079218771e-02
1.131750000000211855e+02 2.014447607267787488e-01 1.883756238395955726e-02
1.133249999999787860e+02 1.991676637317125464e-01 1.859293461357672261e-02
1.134749999999919083e+02 1.969308546559426498e-01 1.843670917641586360e-02
1.136250000000000000e+02 1.944936213572323325e-01 1.851158007382494933e-02
1.137750000000078359e+02 1.916213278227553163e-01 1.817168385699350491e-02
1.139250000000213561e+02 1.893809616063412693e-01 1.817280029673908753e-02
1.140749999999786297e+02 1.868811589633723458e-01 1.811238233150891039e-02
1.142249999999925620e+02 1.845734625442870813e-01 1.805890120675065005e-02
1.143750000000000000e+02 1.821840746068262296e-01 1.768228336292023903e-02
1.145250000000071680e+02 1.800442761091016475e-01 1.764663459419645378e-02
1.146750000000215124e+02 1.773313239658131923e-01 1.755264866840369406e-02
1.148249999999784308e+02 1.750012100337920429e-01 1.739167900348993073e-02
1.149749999999932157e+02 1.727455870581855735e-01 1.730237964068429002e-02
1.151250000000000000e+02 1.707486859155029901e-01 1.719462736068948575e-02
1.152750000000065285e+02 1.680933374815766768e-01 1.708238475345944668e-02
1.154250000000216829e+02 1.664967276695650533e-01 1.715294271625941724e-02
1.155749999999783029e+02 1.639622869322480692e-01 1.674856365528515009e-02
1.157249999999938694e+02 1.615605423522402939e-01 1.658855822375528491e-02
1.158750000000000000e+02 1.592350889014084725e-01 1.624052805346022296e-02
1.160250000000058748e+02 1.574285385539123672e-01 1.631901482740473475e-02
1.161750000000218392e+02 1.550771587937742058e-01 1.617801565970092281e-02
1.163249999999781323e+02 1.528246806714839701e-01 1.609034200402804579e-02
1.164749999999945089e+02 1.505489463122019478e-01 1.595701168777675233e-02
1.166250000000000000e+02 1.483749612496619297e-01 1.579340558815520504e-02
1.167750000000052495e+02 1.461715637425953507e-01 1.565407578229524588e-02
1.169250000000220098e+02 1.442891895710368688e-01 1.563922578158502899e-02
1.170749999999779760e+02 1.420543593271716976e-01 1.547041503507192231e-02
1.172249999999951484e+02 1.401086805438941929e-01 1.538850000477010732e-02
1.173750000000000000e+02 1.377307107741340686e-01 1.527998063338708440e-02
1.175250000000046242e+02 1.355743801353866962e-01 1.534094997817876151e-02
1.176750000000221377e+02 1.333854136113702959e-01 1.483808783789367786e-02
1.178249999999778055e+02 1.314060399603964868e-01 1.486545020974986038e-02
1.179749999999957453e+02 1.292497784781913295e-01 1.478829017064131439e-02
1.181250000000000000e+02 1.272486475546943940e-01 1.457212896508067700e-02
1.182750000000039989e+02 1.252318834088969879e-01 1.435752700671947407e-02
1.184250000000223082e+02 1.232910215281171895e-01 1.427749686064255265e-02
1.185749999999776634e+02 1.211896778842365546e-01 1.395684395872678896e-02
1.187249999999963705e+02 1.187461810241629001e-01 1.405151760438792460e-02
1.188750000000000000e+02 1.170064944033302468e-01 1.414522582219148589e-02
1.190250000000033879e+02 1.149049549935386993e-01 1.384385440038921229e-02
1.191750000000224645e+02 1.131143363710926941e-01 1.362438829765902880e-02
1.193249999999775071e+02 1.111237952758057784e-01 1.357206509565944165e-02
1.194749999999969816e+02 1.092194579705590002e-01 1.342273086319212098e-02
1.196250000000000000e+02 1.068097743292566182e-01 1.318793926664823223e-02
1.197750000000027910e+02 1.049782415199384672e-01 1.308082092385636809e-02
1.199250000000226066e+02 1.032807661609000671e-01 1.305310085865711740e-02
1.200749999999773650e+02 1.013234097295583475e-01 1.286483921714814786e-02
1.202249999999975927e+02 9.932409624517046787e-02 1.279750895274963350e-02
1.203750000000000000e+02 9.747308691028323813e-02 1.277895692492495884e-02
1.205250000000021799e+02 9.548746485176461130e-02 1.253452898868480381e-02
1.206750000000227772e+02 9.353482577199508097e-02 1.235875222715924690e-02
1.208249999999772086e+02 9.152368406078115193e-02 1.210030791019079191e-02
1.209749999999981753e+02 8.990533499786149130e-02 1.207541955510459813e-02
1.211250000000000000e+02 8.764070735078909047e-02 1.196858698760199131e-02
1.212750000000015973e+02 8.596318207422834479e-02 1.179986199644431251e-02
1.214250000000229193e+02 8.427006547550941473e-02 1.178768517369639841e-02
1.215749999999770665e+02 8.209243922211909017e-02 1.161615575040669292e-02
1.217249999999987580e+02 8.034178394978501447e-02 1.146847168644560266e-02
1.218750000000000000e+02 7.861721378899350077e-02 1.134286056322849831e-02
1.220250000000010147e+02 7.690977812990501539e-02 1.116288112242888944e-02
1.221750000000230472e+02 7.502590816118333283e-02 1.103223182334163270e-02
1.223249999999769244e+02 7.320108068321509731e-02 1.083804164890993932e-02
1.224749999999993406e+02 7.153744967170436175e-02 1.075118049147210340e-02
1.226250000000000000e+02 6.968058835495512249e-02 1.050861018247935957e-02
1.227750000000004320e+02 6.781991595722883237e-02 1.026915338805862651e-02
1.229250000000231893e+02 6.594399865231675983e-02 1.033004915235343109e-02
1.230749999999767681e+02 6.435087489591882759e-02 1.011352030780890421e-02
1.232249999999999233e+02 6.252545852734990584e-02 1.003799990299221630e-02
1.233750000000000000e+02 6.059631640570951883e-02 9.783050857134640774e-03
1.235249999999998494e+02 5.892815744740972916e-02 9.655416779177680708e-03
1.236750000000233314e+02 5.724544658661292335e-02 9.550038659507330968e-03
1.238249999999766402e+02 5.543746809547910048e-02 9.403492092479173031e-03
1.239750000000004775e+02 5.372980968053070461e-02 9.135310812150881921e-03
1.241250000000000000e+02 5.214132894758067432e-02 9.029305165855247561e-03
1.242749999999992951e+02 5.040031604574966156e-02 9.000267437517507629e-03
1.244250000000234735e+02 4.873793559556555133e-02 8.762894017068784125e-03
1.245749999999764839e+02 4.683190426220269070e-02 8.617725267742426878e-03
1.247250000000010317e+02 4.516518490127639091e-02 8.490853912239977597e-03
1.248750000000000000e+02 4.362357320371912373e-02 8.216086519194957041e-03
1.250249999999987551e+02 4.179259644401626256e-02 8.160987537445299825e-03
1.251750000000236156e+02 4.013889125050534856e-02 7.992609276784249511e-03
1.253249999999763702e+02 3.857368729127877427e-02 7.838174688868024959e-03
1.254750000000015859e+02 3.685290173234134770e-02 7.593213848806941967e-03
1.256250000000000000e+02 3.536281339689401060e-02 7.403872386768665416e-03
1.257749999999982009e+02 3.345663710405968883e-02 7.314750455931188708e-03
1.259250000000237577e+02 3.199692446598612072e-02 7.000906621246858093e-03
1.260749999999762281e+02 3.038575532136505650e-02 6.864458183179867473e-03
1.262250000000021259e+02 2.872911814129834249e-02 6.755466300921939178e-03
1.263750000000000000e+02 2.696880122454609063e-02 6.469561626984113474e-03
1.265249999999976609e+02 2.543682707495851028e-02 6.334738429894131058e-03
1.266750000000238856e+02 2.385272094895456857e-02 6.063498828628529139e-03
1.268249999999760860e+02 2.224104719992277268e-02 5.889892332561450471e-03
1.269750000000026660e+02 2.065511293787902075e-02 5.698786758064516497e-03
1.271250000000000000e+02 1.909316058352710649e-02 5.486463283909943749e-03
1.272749999999971209e+02 1.742339265104864143e-02 5.188948615682072683e-03
1.274250000000240277e+02 1.580493379494554013e-02 4.940261991243078549e-03
1.275749999999759439e+02 1.413513982251436187e-02 4.692115994494477395e-03
1.277250000000031918e+02 1.270917038158310593e-02 4.399567341397247339e-03
1.278750000000000000e+02 1.106953894287946404e-02 4.151768627058094810e-03
1.280249999999965951e+02 9.527182542415382066e-03 3.817434929759802760e-03
1.281750000000241414e+02 7.903955905884231178e-03 3.466294837924731743e-03
1.283249999999758018e+02 6.399132566698753979e-03 3.194134888492102756e-03
1.284750000000037176e+02 4.786732222871400294e-03 2.751313684033125737e-03
1.286250000000000000e+02 3.265018121816996768e-03 2.239222816330657066e-03
1.287749999999960835e+02 1.687523385956654891e-03 1.634631524803992035e-03
1.289250000000242835e+02 2.902422494210706743e-04 6.740405270393234156e-04
