# Radius RDF_mean RDF_std
7.500000000000896228e-02 1.743346846516467394e+03 8.380633131168438443e-02
2.249999999999577616e-01 2.514189939351499804e-03 8.377280207199015727e-02
3.750000000000000000e-01 4.525541890832696784e-03 8.698079828377801304e-02
5.249999999999700462e-01 4.549486556921761467e-03 7.366575646703418800e-02
6.750000000001169509e-01 4.562789149193465996e-03 6.502607546814230532e-02
8.249999999998777200e-01 6.933069226696565203e-03 7.235052181441163632e-02
9.750000000001839418e-01 8.638498765976920443e-03 7.524039134600563061e-02
1.125000000000000000e+00 1.055959774527631852e-02 7.608433380543122571e-02
1.274999999999773648e+00 1.271884322260167545e-02 7.939404818989814760e-02
1.424999999999764455e+00 1.530568261324499399e-02 8.287201039967331817e-02
1.575000000000282396e+00 2.338595721365020058e-02 9.838093437836288591e-02
1.725000000000170397e+00 2.678158848439642428e-02 9.932535291476497774e-02
1.875000000000000000e+00 3.476286622810031979e-02 1.092227695664336196e-01
2.025000000000070521e+00 4.503814323455562069e-02 1.187079726940519497e-01
2.174999999999594813e+00 5.843324203871916311e-02 1.311441785287648931e-01
2.325000000000426059e+00 7.491204647250442050e-02 1.438548903511761290e-01
2.474999999999678124e+00 9.749469875930244500e-02 1.571209120523242020e-01
2.625000000000000000e+00 1.227643030386230544e-01 1.728196351224787763e-01
2.775000000000444444e+00 1.585751690576463480e-01 1.903007126780725811e-01
2.924999999999512212e+00 1.978044306985375922e-01 2.043533071371556598e-01
3.075000000000499334e+00 2.559159190299092890e-01 2.252337471842733307e-01
3.224999999999414779e+00 3.293978617440198042e-01 2.545733466145420065e-01
3.375000000000000000e+00 4.163312303274041004e-01 2.765818977273453716e-01
3.525000000000659384e+00 5.435286363922892106e-01 3.061300188390813637e-01
3.674999999999857714e+00 7.174677126929013271e-01 3.491967147190297993e-01
3.825000000000022382e+00 9.625403640360199464e-01 3.900933633545103363e-01
3.974999999999250466e+00 1.340679925772649383e+00 4.542227275543810339e-01
4.125000000000000000e+00 1.719644968457300083e+00 5.073492120978775333e-01
4.275000000000798828e+00 1.950305655409999117e+00 5.251980025574690680e-01
4.425000000000374634e+00 1.976664652995920646e+00 5.246436688796876080e-01
4.574999999999541878e+00 1.864141321972210941e+00 5.025912012608021451e-01
4.724999999999138112e+00 1.709170265437178982e+00 4.740688879007273759e-01
4.875000000000000000e+00 1.549656425644148738e+00 4.471679780587454744e-01
5.025000000000897415e+00 1.401179317493715049e+00 4.139277295562660552e-01
5.175000000000743228e+00 1.274706445096173812e+00 3.905984161246195407e-01
5.324999999999196376e+00 1.175377894792641875e+00 3.653392397127235292e-01
5.474999999999057287e+00 1.091652087410923233e+00 3.491581437491283468e-01
5.625000000000000000e+00 1.034427134469255938e+00 3.436747491768200047e-01
5.775000000000969358e+00 9.781396097381261923e-01 3.286592547418794585e-01
5.925000000001017675e+00 9.458658370146219019e-01 3.179374577411007707e-01
6.074999999998936140e+00 9.168309180895539701e-01 3.071591301348727820e-01
6.224999999998995115e+00 9.073095565070991020e-01 3.018720742064535667e-01
6.375000000000000000e+00 9.011842699474879037e-01 2.998285202192451093e-01
6.525000000001025313e+00 8.952539095536731217e-01 2.895227640255464974e-01
6.675000000001229949e+00 9.081498888422200322e-01 2.894575382362283289e-01
6.824999999998733635e+00 9.221643480115089275e-01 2.904048627800559501e-01
6.974999999999387690e+00 9.464258006466929052e-01 2.892579347341563412e-01
7.125000000000000000e+00 9.840010119476876316e-01 2.960821587149247702e-01
7.275000000000346745e+00 1.034152848730647056e+00 2.952112894800084097e-01
7.425000000001398703e+00 1.084826399757225612e+00 3.006268090563942175e-01
7.574999999998571099e+00 1.151175383616937387e+00 3.102651376961887419e-01
7.725000000000012079e+00 1.218169776569401064e+00 3.158895961166408584e-01
7.875000000000000000e+00 1.290856948861306419e+00 3.160634743332761953e-01
8.024999999999771205e+00 1.362463808473560745e+00 3.237147162442397530e-01
8.175000000001539036e+00 1.423162212795214820e+00 3.270595682938692295e-01
8.324999999998437872e+00 1.474228868972326856e+00 3.323115496607458308e-01
8.475000000000525446e+00 1.512021963142804015e+00 3.324909797425236735e-01
8.625000000000000000e+00 1.534311738640746103e+00 3.338068413790490352e-01
8.774999999999291589e+00 1.530267795080439752e+00 3.317328269796012696e-01
8.925000000001652722e+00 1.515542427362936539e+00 3.220517199946633102e-01
9.074999999998325961e+00 1.482991126347787514e+00 3.243284434959198270e-01
9.225000000000957101e+00 1.446204296956578927e+00 3.172868619200472362e-01
9.375000000000000000e+00 1.399002554359247918e+00 3.057829905959404959e-01
9.524999999998890132e+00 1.345520547595207672e+00 2.984035621573961627e-01
9.675000000001750422e+00 1.304552741011582695e+00 2.921466390403783531e-01
9.824999999998231814e+00 1.253896254740181515e+00 2.796351838659154598e-01
9.975000000001321254e+00 1.216741906087766889e+00 2.771921915641491485e-01
1.012500000000000000e+01 1.174213611946651303e+00 2.733480343224706788e-01
1.027499999999854730e+01 1.151156426197200711e+00 2.604035965821257514e-01
1.042500000000183391e+01 1.118917019963347581e+00 2.620777685582481586e-01
1.057499999999815010e+01 1.104959731643488263e+00 2.552962751161006461e-01
1.072500000000163745e+01 1.088532892669658025e+00 2.538066975445495421e-01
1.087500000000000000e+01 1.081957076475223989e+00 2.505399081244858994e-01
1.102499999999824887e+01 1.075098404065955027e+00 2.478554197427184080e-01
1.117500000000190674e+01 1.082479697489716397e+00 2.473794921582392059e-01
1.132499999999808082e+01 1.091297185882697640e+00 2.496331304708770404e-01
1.147500000000190923e+01 1.103126854195942252e+00 2.459879437675078773e-01
1.162500000000000000e+01 1.113753701972195920e+00 2.452659459178525569e-01
1.177499999999798952e+01 1.131369458759541757e+00 2.478449339734729584e-01
1.192500000000196891e+01 1.150687283102106440e+00 2.443140809871690022e-01
1.207499999999801865e+01 1.164678969296337296e+00 2.518409563714688049e-01
1.222500000000215081e+01 1.176579193703895632e+00 2.466202457933610870e-01
1.237500000000000000e+01 1.192376165216682216e+00 2.481366714554765762e-01
1.252499999999776215e+01 1.207995499882022150e+00 2.476278882636896439e-01
1.267500000000202398e+01 1.211695741086541211e+00 2.494395438009976707e-01
1.282499999999796536e+01 1.218362721935720927e+00 2.478079442680205524e-01
1.297500000000236220e+01 1.212241627385864495e+00 2.437690554284581701e-01
1.312500000000000000e+01 1.205896484644007449e+00 2.402808470693004184e-01
1.327499999999756142e+01 1.201001545548640692e+00 2.427777698776844573e-01
1.342500000000173088e+01 1.189928174759650847e+00 2.390633225594638311e-01
1.357499999999841833e+01 1.179270836157103819e+00 2.370506539883048547e-01
1.372500000000255049e+01 1.162082403789161500e+00 2.321274028476822127e-01
1.387500000000000000e+01 1.146869258677002179e+00 2.306759530825081839e-01
1.402499999999738023e+01 1.131376509464182556e+00 2.252813049324701167e-01
1.417500000000102034e+01 1.114469009535935751e+00 2.262902838742960332e-01
1.432499999999911111e+01 1.104014588167741673e+00 2.221964070556471382e-01
1.447500000000271925e+01 1.091375548526545725e+00 2.186804651827753687e-01
1.462500000000000000e+01 1.079176277181258525e+00 2.193673450010458215e-01
1.477499999999721680e+01 1.069202876526292201e+00 2.170927119354366108e-01
1.492500000000038618e+01 1.062327371157949063e+00 2.132189411557083303e-01
1.507499999999973639e+01 1.054108530194195925e+00 2.136625644247169831e-01
1.522500000000287201e+01 1.045131005708387573e+00 2.122585442396167088e-01
1.537500000000000000e+01 1.049843956398734957e+00 2.088294230047273436e-01
1.552499999999706937e+01 1.044571020422346619e+00 2.066862445187720165e-01
1.567499999999980886e+01 1.054452062538473456e+00 2.068073902823898413e-01
1.582500000000029772e+01 1.056694569375601134e+00 2.063716957889216996e-01
1.597500000000300879e+01 1.057297528173012147e+00 2.074432481533890205e-01
1.612500000000000000e+01 1.061600135523364630e+00 2.049076810051070063e-01
1.627499999999693969e+01 1.066526323950174326e+00 2.080325630395041536e-01
1.642499999999928662e+01 1.073428993817035382e+00 2.093661739334755911e-01
1.657500000000081286e+01 1.077863184919326311e+00 2.051498585280869813e-01
1.672500000000313847e+01 1.079515742449673521e+00 2.049348102524994331e-01
1.687500000000000000e+01 1.084118701848354016e+00 2.043699796180685480e-01
1.702499999999681535e+01 1.086790905487272196e+00 2.033250624597700562e-01
1.717499999999880700e+01 1.086741217875297982e+00 1.997831499922675669e-01
1.732500000000128182e+01 1.083144226498145235e+00 2.012988234406177523e-01
1.747500000000325215e+01 1.081385824143182850e+00 2.029785190390382132e-01
1.762500000000000000e+01 1.077724457080605935e+00 1.987204207500397890e-01
1.777499999999670521e+01 1.072982714567047191e+00 1.995999377107449679e-01
1.792499999999837357e+01 1.067748765568228064e+00 1.986616952227281407e-01
1.807500000000171170e+01 1.065018508679780540e+00 1.975321646031880929e-01
1.822500000000335874e+01 1.057135822222181831e+00 1.952440937926790410e-01
1.837500000000000000e+01 1.050671423988545516e+00 1.929568842056064160e-01
1.852499999999660218e+01 1.043137745133819960e+00 1.897135449346353253e-01
1.867499999999797211e+01 1.035654409194156855e+00 1.908494910159932167e-01
1.882500000000210960e+01 1.032624218769119473e+00 1.851517331131666000e-01
1.897500000000345466e+01 1.026756746193866698e+00 1.876762265528665041e-01
1.912500000000000000e+01 1.021267239887396761e+00 1.838595712003363303e-01
1.927499999999650626e+01 1.020060011826817270e+00 1.819065739489515166e-01
1.942499999999759908e+01 1.013480642579320135e+00 1.848338502492427871e-01
1.957500000000247198e+01 1.011356182640617885e+00 1.813541144347999290e-01
1.972500000000354348e+01 1.009611368104472717e+00 1.816210555620856315e-01
1.987500000000000000e+01 1.011077530981357997e+00 1.803963488355614930e-01
2.002499999999642100e+01 1.008121111773957246e+00 1.818039917923105764e-01
2.017499999999725446e+01 1.011913160695490310e+00 1.801307168358477762e-01
2.032500000000281304e+01 1.009566321304818493e+00 1.806787100452624528e-01
2.047500000000362874e+01 1.012448018483217194e+00 1.796576845828825320e-01
2.062500000000000000e+01 1.016083198338040283e+00 1.807966963953376027e-01
2.077499999999633928e+01 1.017717463055290761e+00 1.794404582629301192e-01
2.092499999999693472e+01 1.016459657798266969e+00 1.776090089855455190e-01
2.107500000000312212e+01 1.021113042319589548e+00 1.772148936091002547e-01
2.122500000000370690e+01 1.018599326618489176e+00 1.761861708186080733e-01
2.137500000000000000e+01 1.018735060560085559e+00 1.773316237795274919e-01
2.152499999999626468e+01 1.019984373769431851e+00 1.757256248740422799e-01
2.167499999999663984e+01 1.018710905126277488e+00 1.751388236802166876e-01
2.182500000000341700e+01 1.016020729763695396e+00 1.766732976966207402e-01
2.197500000000377796e+01 1.018109631788796987e+00 1.721870771164914771e-01
2.212500000000000000e+01 1.009852087843249535e+00 1.724106326035287351e-01
2.227499999999619718e+01 1.009499463246593010e+00 1.708686796906566940e-01
2.242499999999636273e+01 1.007719280607683565e+00 1.696480822562553281e-01
2.257500000000369056e+01 1.007541432284736915e+00 1.690312888520238144e-01
2.272500000000384546e+01 1.002987535013367237e+00 1.694830663907258006e-01
2.287500000000000000e+01 1.001823632248826312e+00 1.712140291944386494e-01
2.302499999999612967e+01 9.984992055445619519e-01 1.651774371489588000e-01
2.317499999999610338e+01 9.941139566343888401e-01 1.677300975867128119e-01
2.332500000000394635e+01 9.931400576292804816e-01 1.651996828692630093e-01
2.347500000000390941e+01 9.877928291964647167e-01 1.657402985306370424e-01
2.362500000000000000e+01 9.888801227383469117e-01 1.652818834918443891e-01
2.377499999999606928e+01 9.878175603459482534e-01 1.623596555744183101e-01
2.392499999999586180e+01 9.862376357601705390e-01 1.601511113580572632e-01
2.407500000000418439e+01 9.830117152385186019e-01 1.599215022310389867e-01
2.422500000000396625e+01 9.862630045061072659e-01 1.632603569361610607e-01
2.437500000000000000e+01 9.819394440567696947e-01 1.591408701332655273e-01
2.452499999999600888e+01 9.809338863680192588e-01 1.610826068863573657e-01
2.467499999999563087e+01 9.845231558253231263e-01 1.591470137743515034e-01
2.482500000000441176e+01 9.832837342263840430e-01 1.581805243433489772e-01
2.497500000000402309e+01 9.840146816384720552e-01 1.572613521107700252e-01
2.512500000000000000e+01 9.857575873852659765e-01 1.557574968661088188e-01
2.527499999999595559e+01 9.878702388803189960e-01 1.578970463779558187e-01
2.542499999999541771e+01 9.862101629751548471e-01 1.580848893395967736e-01
2.557500000000462137e+01 9.837388697790573344e-01 1.564918316627333938e-01
2.572500000000407638e+01 9.864029628721976417e-01 1.562527712482154885e-01
2.587500000000000000e+01 9.861211651011927426e-01 1.574812804550843881e-01
2.602499999999590585e+01 9.854247916469215385e-01 1.554375944473760096e-01
2.617499999999521521e+01 9.858386088934215641e-01 1.530005226101420479e-01
2.632500000000482032e+01 9.850276237980495342e-01 1.530127538964182188e-01
2.647500000000383480e+01 9.814576078734523756e-01 1.539176022331835147e-01
2.662500000000000000e+01 9.830553485116247936e-01 1.500936518279242793e-01
2.677499999999647073e+01 9.802899346536251279e-01 1.535511903191696392e-01
2.692499999999502691e+01 9.813698052220050094e-01 1.501879309254015582e-01
2.707500000000501217e+01 9.817784030391435435e-01 1.526973509706197885e-01
2.722500000000308873e+01 9.768562943696855738e-01 1.514591521393655882e-01
2.737500000000000000e+01 9.756939737058502038e-01 1.488220056280007142e-01
2.752499999999719549e+01 9.787003846837578624e-01 1.496363874836316166e-01
2.767499999999484928e+01 9.751354950590720438e-01 1.483570718072703132e-01
2.782500000000518625e+01 9.721037467391177023e-01 1.496943850655738928e-01
2.797500000000238529e+01 9.715557894859040422e-01 1.492281663779733147e-01
2.812500000000000000e+01 9.729557491610106856e-01 1.454602662280814473e-01
2.827499999999788827e+01 9.707396281837086249e-01 1.482635131607539514e-01
2.842499999999467164e+01 9.727482691557858274e-01 1.457940347949433779e-01
2.857500000000536033e+01 9.705191097732667194e-01 1.466377033916620443e-01
2.872500000000171028e+01 9.689390437199016937e-01 1.470613633132410725e-01
2.887500000000000000e+01 9.691864814087018942e-01 1.463727161347120609e-01
2.902499999999854552e+01 9.685088422961125598e-01 1.449239268323141150e-01
2.917499999999451177e+01 9.718302825553289948e-01 1.456029124369310757e-01
2.932500000000552021e+01 9.686082853645388013e-01 1.454170202777677612e-01
2.947500000000107434e+01 9.690656170647822254e-01 1.417509675763982957e-01
2.962500000000000000e+01 9.698853680723034110e-01 1.447003730320275683e-01
2.977499999999917080e+01 9.701268921313014326e-01 1.439371969905450244e-01
2.992499999999435900e+01 9.683075937765165397e-01 1.431047392174353561e-01
3.007500000000566942e+01 9.693612921278381700e-01 1.407961028502713596e-01
3.022500000000047393e+01 9.696163780992859138e-01 1.438372537152117214e-01
3.037500000000000000e+01 9.712822712287071392e-01 1.420611636535191735e-01
3.052499999999976410e+01 9.691738913385652410e-01 1.402768382217921272e-01
3.067499999999420623e+01 9.680327945052011884e-01 1.390450294579568813e-01
3.082500000000581508e+01 9.688154635478405385e-01 1.409709527287741071e-01
3.097499999999989839e+01 9.669931647528158258e-01 1.374768208539383918e-01
3.112500000000000000e+01 9.701663244204796754e-01 1.386163902075436549e-01
3.127500000000032898e+01 9.674003982865979623e-01 1.388702575910300552e-01
3.142499999999406768e+01 9.674970914427930557e-01 1.396945423841385592e-01
3.157500000000595364e+01 9.649851154472519621e-01 1.375504906570252373e-01
3.172499999999935127e+01 9.632715570865909571e-01 1.362163033457845507e-01
3.187500000000000000e+01 9.650151157018431736e-01 1.374830962353597863e-01
3.202500000000086544e+01 9.644401204511665604e-01 1.369650676380219090e-01
3.217499999999394333e+01 9.663260705748312196e-01 1.362057697545153712e-01
3.232500000000609219e+01 9.623864083625470744e-01 1.359177633967431631e-01
3.247499999999882903e+01 9.652844208181143859e-01 1.378703622704298137e-01
3.262500000000000000e+01 9.628730961370891572e-01 1.341873068534231717e-01
3.277500000000137703e+01 9.643443040602763805e-01 1.360347808126977087e-01
3.292499999999381544e+01 9.615277931001794398e-01 1.357029360890798786e-01
3.307500000000621299e+01 9.608101327487998944e-01 1.361076921539601525e-01
3.322499999999832454e+01 9.616388700910748488e-01 1.341689679611422770e-01
3.337500000000000000e+01 9.622492298143857647e-01 1.334124674690594925e-01
3.352500000000186731e+01 9.624116602741863424e-01 1.337002335746677872e-01
3.367499999999368754e+01 9.622441378053911976e-01 1.342379377557153530e-01
3.382500000000633378e+01 9.620037717830093316e-01 1.337181658749325985e-01
3.397499999999784848e+01 9.589164829391915168e-01 1.329861611879137318e-01
3.412500000000000000e+01 9.622127229941687121e-01 1.320325335671562461e-01
3.427500000000233626e+01 9.627660338070610502e-01 1.317105246170969801e-01
3.442499999999357385e+01 9.619506157786528178e-01 1.329659095512710221e-01
3.457500000000644746e+01 9.615294909342264607e-01 1.312025174500095481e-01
3.472499999999739373e+01 9.630198201532956803e-01 1.316134504841984798e-01
3.487500000000000000e+01 9.636754866032037903e-01 1.331244673564242476e-01
3.502500000000278391e+01 9.606610289606655195e-01 1.301704023715768155e-01
3.517499999999346016e+01 9.629865673176342122e-01 1.300233698759111767e-01
3.532500000000656115e+01 9.620290690086156227e-01 1.309742551515020170e-01
3.547499999999695319e+01 9.601795914822096600e-01 1.315337726809166219e-01
3.562500000000000000e+01 9.616679479109618844e-01 1.287571531471001784e-01
3.577500000000321734e+01 9.623110308887199427e-01 1.296623111235973014e-01
3.592499999999336069e+01 9.612078814479516620e-01 1.313220106803565101e-01
3.607500000000666773e+01 9.609868158276142491e-01 1.287524327561346549e-01
3.622499999999653397e+01 9.606166254748824684e-01 1.285231708702205267e-01
3.637500000000000000e+01 9.618703199657047120e-01 1.283823254023486182e-01
3.652500000000362235e+01 9.601555429714738743e-01 1.283839178837482276e-01
3.667499999999325411e+01 9.613357425361704900e-01 1.280133896158278661e-01
3.682500000000676721e+01 9.606066034740953219e-01 1.274088387037154990e-01
3.697499999999613607e+01 9.596198918820002532e-01 1.284987671977823043e-01
3.712500000000000000e+01 9.584261354527818799e-01 1.278658476409556266e-01
3.727500000000402736e+01 9.605251039659101764e-01 1.268182028356189817e-01
3.742499999999315463e+01 9.616146710921692486e-01 1.259904521697872981e-01
3.757500000000686668e+01 9.589552006201275125e-01 1.255574690398383875e-01
3.772499999999575238e+01 9.618251042934485850e-01 1.260033862234233859e-01
3.787500000000000000e+01 9.615589953130641021e-01 1.270329082995316217e-01
3.802500000000440394e+01 9.622553700029844448e-01 1.240754502997043623e-01
3.817499999999306226e+01 9.590984255151286941e-01 1.260660765822022855e-01
3.832500000000695906e+01 9.602663925437500136e-01 1.248603301925940573e-01
3.847499999999537579e+01 9.615837168302093785e-01 1.260726812204018832e-01
3.862500000000000000e+01 9.620852923066656182e-01 1.241213202110945657e-01
3.877500000000476632e+01 9.644568772378870891e-01 1.223081813043857685e-01
3.892499999999297700e+01 9.614572363063047522e-01 1.242428281507844817e-01
3.907500000000705143e+01 9.623492284492295434e-01 1.249195979363528497e-01
3.922499999999502052e+01 9.647775246111675029e-01 1.233220305276605255e-01
3.937500000000000000e+01 9.635349597349276429e-01 1.224748400791151465e-01
3.952500000000512159e+01 9.630397034673984225e-01 1.224659603118384982e-01
3.967499999999288463e+01 9.644001693890879023e-01 1.225352462185824165e-01
3.982500000000712959e+01 9.634887208260596303e-01 1.221078135646473106e-01
3.997499999999467946e+01 9.626894599482640480e-01 1.234292533315186763e-01
4.012500000000000000e+01 9.632120125779906061e-01 1.215490136526369419e-01
4.027500000000545555e+01 9.643393221567371221e-01 1.228901372302566436e-01
4.042499999999279936e+01 9.660009079097818807e-01 1.227263288458058099e-01
4.057500000000721485e+01 9.667873594513352042e-01 1.220597655393838854e-01
4.072499999999434550e+01 9.667901466909073482e-01 1.232896908044232437e-01
4.087500000000000000e+01 9.651613810420766049e-01 1.207194986295254124e-01
4.102500000000578240e+01 9.673502832769304005e-01 1.217919659839513530e-01
4.117499999999272120e+01 9.698880771746194451e-01 1.220705925443951734e-01
4.132500000000730012e+01 9.668619327506940975e-01 1.215854993517164612e-01
4.147499999999402576e+01 9.677873303676582939e-01 1.218449186767831260e-01
4.162500000000000000e+01 9.684780448301086864e-01 1.200511518348930801e-01
4.177500000000609504e+01 9.684987649617632366e-01 1.208140210243214413e-01
4.192499999999264304e+01 9.700710282929743133e-01 1.200831982703556289e-01
4.207500000000737828e+01 9.694898658767178157e-01 1.200877958642132121e-01
4.222499999999372022e+01 9.679646152174909979e-01 1.185720510978905406e-01
4.237500000000000000e+01 9.707576598926519473e-01 1.218741112896316731e-01
4.252500000000640057e+01 9.676896844758561267e-01 1.204823409893666375e-01
4.267499999999256488e+01 9.696790207799864669e-01 1.191994080579644177e-01
4.282500000000744933e+01 9.713931686166279444e-01 1.187098360334227498e-01
4.297499999999342180e+01 9.699478594878548909e-01 1.169203371995599511e-01
4.312500000000000000e+01 9.689338225921547698e-01 1.171466029989373520e-01
4.327500000000669900e+01 9.730307226632741724e-01 1.183069127850180369e-01
4.342499999999249383e+01 9.708116734555328753e-01 1.167204337211751458e-01
4.357500000000752038e+01 9.697647464060733524e-01 1.177644540006988205e-01
4.372499999999313758e+01 9.701093162326258623e-01 1.183743484472495333e-01
4.387500000000000000e+01 9.720144822904916992e-01 1.190767701478823992e-01
4.402500000000697611e+01 9.720249496925961186e-01 1.177910080407982563e-01
4.417499999999242277e+01 9.742692329384975425e-01 1.180825880559413232e-01
4.432500000000759144e+01 9.732892955235576959e-01 1.168898435891322501e-01
4.447499999999286047e+01 9.723569526882432923e-01 1.173906235150202482e-01
4.462500000000000000e+01 9.728253023761861407e-01 1.178358819128873664e-01
4.477500000000724611e+01 9.718389939995963900e-01 1.171279038160561586e-01
4.492499999999235882e+01 9.725731744245661448e-01 1.154234372235497103e-01
4.507500000000766249e+01 9.728046504824596763e-01 1.159653923053367980e-01
4.522499999999259757e+01 9.746023114708342039e-01 1.163261739535941530e-01
4.537500000000000000e+01 9.725357663141334097e-01 1.169491437720809046e-01
4.552500000000750902e+01 9.745337087048963065e-01 1.156524331260327526e-01
4.567499999999228777e+01 9.732213202782732386e-01 1.168560725574451231e-01
4.582500000000772644e+01 9.740654894654870999e-01 1.159613444221200274e-01
4.597499999999233466e+01 9.748180197204364683e-01 1.164195653948497666e-01
4.612500000000000000e+01 9.748911167054212790e-01 1.155596592098688674e-01
4.627500000000776481e+01 9.736299015973745030e-01 1.151524084849236823e-01
4.642499999999223093e+01 9.754515405192358823e-01 1.147375847604513860e-01
4.657500000000779039e+01 9.765880262221980912e-01 1.153074322949886737e-01
4.672499999999207887e+01 9.733076299296762324e-01 1.144999650432962923e-01
4.687500000000000000e+01 9.768224615459533133e-01 1.141435765640617939e-01
4.702500000000801350e+01 9.730770504716728109e-01 1.128093388311423584e-01
4.717499999999216698e+01 9.748968015016324928e-01 1.150180891886726092e-01
4.732500000000784723e+01 9.742001239853522732e-01 1.145189213792132954e-01
4.747499999999183729e+01 9.761703217182747805e-01 1.129049295825495375e-01
4.762500000000000000e+01 9.768716736795357569e-01 1.139987389764487713e-01
4.777500000000825509e+01 9.752307275006447673e-01 1.140544450725929637e-01
4.792499999999211013e+01 9.767765624314660444e-01 1.130214130277839985e-01
4.807500000000790408e+01 9.766549283750964872e-01 1.139121612635737441e-01
4.822499999999160281e+01 9.765783653745815363e-01 1.140625258503707995e-01
4.837500000000000000e+01 9.763346645207386931e-01 1.134634776803707806e-01
4.852500000000848956e+01 9.779525304691255583e-01 1.128548415452058779e-01
4.867499999999204618e+01 9.781206089630839484e-01 1.109896246883088217e-01
4.882500000000796092e+01 9.780906905278806684e-01 1.121139075892217118e-01
4.897499999999137543e+01 9.781110081462133232e-01 1.118088886436074264e-01
4.912500000000000000e+01 9.774006151962234545e-01 1.118449685520628289e-01
4.927500000000870983e+01 9.762697755011883194e-01 1.125702266956039588e-01
4.942499999999198934e+01 9.794658317598076147e-01 1.119086751503574478e-01
4.957500000000802487e+01 9.771298403475084937e-01 1.130917974836244122e-01
4.972499999999115516e+01 9.795493835553521489e-01 1.118991312545268429e-01
4.987500000000000000e+01 9.781837183336077324e-01 1.126732522841537160e-01
5.002500000000893010e+01 9.784382898309067489e-01 1.105529056265126958e-01
5.017499999999193960e+01 9.804701881124607832e-01 1.112595519500130387e-01
5.032500000000807461e+01 9.769432685598830046e-01 1.115537257075025213e-01
5.047499999999094200e+01 9.782029403557264136e-01 1.107447539719450674e-01
5.062500000000000000e+01 9.813622070579772760e-01 1.091418712522309042e-01
5.077500000000914326e+01 9.783343148885769169e-01 1.108251886220845278e-01
5.092499999999188276e+01 9.804057131886961818e-01 1.111860785116078887e-01
5.107500000000812435e+01 9.827369153051903616e-01 1.099849367004214068e-01
5.122499999999072884e+01 9.804113730801692350e-01 1.107256048619980615e-01
5.137500000000000000e+01 9.811237792914936362e-01 1.097827853730101860e-01
5.152500000000934932e+01 9.799485299274420802e-01 1.096894470252889886e-01
5.167499999999183302e+01 9.790367527789463065e-01 1.098657629591394957e-01
5.182500000000818119e+01 9.811477667037181716e-01 1.093212596296225247e-01
5.197499999999052989e+01 9.809246888292467714e-01 1.089884767448816433e-01
5.212500000000000000e+01 9.798383029202236694e-01 1.094469900257041134e-01
5.227500000000954827e+01 9.817196293266302609e-01 1.075985931643664018e-01
5.242499999999178328e+01 9.805748405139506074e-01 1.088113725868842113e-01
5.257500000000806040e+01 9.799422912686310827e-01 1.093586310998944794e-01
5.272499999999033804e+01 9.820242315980162173e-01 1.091055567643778451e-01
5.287500000000000000e+01 9.803938047571753023e-01 1.089432821952829727e-01
5.302500000000974723e+01 9.801405303499830524e-01 1.082439357093639976e-01
5.317499999999255778e+01 9.831050040001536594e-01 1.088729809251473141e-01
5.332500000000729301e+01 9.814864745988423067e-01 1.072672384713383026e-01
5.347499999999015330e+01 9.821737654379673055e-01 1.076961002710861842e-01
5.362500000000000000e+01 9.823649223542163522e-01 1.098159297374205340e-01
5.377500000000993197e+01 9.824112446607166094e-01 1.068953036693162800e-01
5.392499999999331095e+01 9.807240684472486869e-01 1.078657469369636440e-01
5.407500000000654694e+01 9.828820484587239559e-01 1.090840303066825667e-01
5.422499999998996145e+01 9.827295008492210604e-01 1.075830148871429193e-01
5.437500000000000000e+01 9.852780926740286604e-01 1.080566997393610923e-01
5.452500000001011671e+01 9.823589102186898181e-01 1.083914920477685867e-01
5.467499999999403570e+01 9.859107870678720520e-01 1.068092210166217693e-01
5.482500000000581508e+01 9.845443984664836723e-01 1.076220438132577117e-01
5.497499999998977671e+01 9.852240295672831660e-01 1.066913595806795595e-01
5.512500000000000000e+01 9.844792451408058698e-01 1.071086546644121479e-01
5.527500000001029434e+01 9.855431250503130514e-01 1.062726779365024965e-01
5.542499999999475335e+01 9.836266320370218308e-01 1.066231336615543202e-01
5.557500000000510454e+01 9.854176895536196357e-01 1.067829057960043432e-01
5.572499999998960618e+01 9.857756378760944571e-01 1.064554171447258946e-01
5.587500000000000000e+01 9.862689042266505890e-01 1.067229613393569643e-01
5.602500000001046487e+01 9.854087551897812158e-01 1.050128200485894586e-01
5.617499999999544258e+01 9.864363246470644331e-01 1.048759636642864618e-01
5.632500000000441531e+01 9.878199823009449210e-01 1.051019745828803004e-01
5.647499999998942855e+01 9.852541646750144766e-01 1.054989196144869856e-01
5.662500000000000000e+01 9.871420113179258937e-01 1.037066316325502835e-01
5.677500000001062830e+01 9.882294238893418736e-01 1.059299441780467421e-01
5.692499999999611759e+01 9.861520817978547404e-01 1.049809793714667622e-01
5.707500000000374030e+01 9.871350638619739160e-01 1.037749300150828252e-01
5.722499999998926512e+01 9.893309951868660690e-01 1.040971011818062480e-01
5.737500000000000000e+01 9.882935566697118590e-01 1.039728321140570566e-01
5.752500000001079172e+01 9.890720512215318561e-01 1.047819213615910072e-01
5.767499999999677129e+01 9.881060710148880100e-01 1.045894629008549404e-01
5.782500000000310081e+01 9.900419100693017560e-01 1.034419876427910834e-01
5.797499999998910170e+01 9.899468391989447724e-01 1.038508114524380049e-01
5.812500000000000000e+01 9.889276859424632748e-01 1.037683790273123685e-01
5.827500000001095515e+01 9.885857399667110634e-01 1.036885784778529690e-01
5.842499999999741078e+01 9.911750060390532857e-01 1.035543438671933936e-01
5.857500000000246132e+01 9.903354467721960930e-01 1.038702544600484529e-01
5.872499999998893827e+01 9.894616447949925453e-01 1.041926742368769337e-01
5.887500000000000000e+01 9.905524026277258143e-01 1.035974120600893916e-01
5.902500000001111857e+01 9.910551253097229507e-01 1.026878311129748172e-01
5.917499999999803606e+01 9.917804823791112057e-01 1.023735041393607076e-01
5.932500000000184315e+01 9.902380231041419956e-01 1.014889195832249097e-01
5.947499999998878906e+01 9.919752786520202870e-01 1.024525126417896032e-01
5.962500000000000000e+01 9.927318506817726096e-01 1.025196848620813089e-01
5.977500000001126779e+01 9.927695904141183858e-01 1.019256841849094097e-01
5.992499999999864002e+01 9.927662344917342896e-01 1.039575228472587737e-01
6.007500000000123919e+01 9.937244186548163105e-01 1.018464709734684392e-01
6.022499999998863984e+01 9.933315014348027550e-01 1.028787813474687646e-01
6.037500000000000000e+01 9.944459273448075232e-01 1.024108216381316577e-01
6.052500000001142411e+01 9.938745488629422420e-01 1.021700465190400475e-01
6.067499999999923688e+01 9.947096738460887710e-01 1.026652784211907754e-01
6.082500000000064944e+01 9.939244886916227539e-01 1.005072887473713455e-01
6.097499999998849773e+01 9.923401515317425980e-01 1.022320941037234560e-01
6.112500000000000000e+01 9.942186733666759091e-01 1.015202782606035165e-01
6.127500000001155911e+01 9.970142785362392512e-01 1.012130030437203981e-01
6.142499999999980531e+01 9.949847846594661593e-01 1.002621030207956065e-01
6.157500000000007390e+01 9.953640200900386592e-01 1.008273673151369315e-01
6.172499999998834852e+01 9.965071761399849626e-01 1.005858576884433447e-01
6.187500000000000000e+01 9.964217250951472593e-01 1.002021860477950999e-01
6.202500000001170122e+01 9.949929485980569810e-01 1.010496415309817125e-01
6.217500000000037375e+01 9.969142209338662797e-01 1.007780173579874011e-01
6.232499999999951967e+01 9.972943341096602854e-01 9.953249032180411238e-02
6.247499999998820641e+01 9.974965582908575934e-01 9.903900178665116238e-02
6.262500000000000000e+01 9.970534584675688761e-01 9.985738707977513673e-02
6.277500000001184333e+01 9.982305291499994349e-01 9.997845709541491876e-02
6.292500000000092086e+01 9.993670271283907613e-01 9.958757178990061687e-02
6.307499999999897256e+01 9.980825840093869861e-01 1.008988684406449260e-01
6.322499999998807851e+01 9.984187252236944587e-01 9.946221051655967926e-02
6.337500000000000000e+01 9.997490333036822552e-01 9.876986707175654245e-02
6.352500000001197833e+01 9.995097294981584168e-01 9.895027138219460172e-02
6.367500000000146798e+01 1.000222147937331219e+00 1.004944608316635790e-01
6.382499999999843254e+01 1.000184740683068840e+00 9.757731336686148449e-02
6.397499999998793641e+01 1.001832477873187299e+00 1.004374744921113782e-01
6.412500000000000000e+01 1.002570730622527995e+00 9.860253704890954707e-02
6.427500000001211333e+01 1.000472551132543630e+00 9.915804908595436673e-02
6.442500000000200089e+01 9.997363605482173510e-01 9.873175174646929564e-02
6.457499999999791385e+01 1.001261786280676969e+00 9.749697756293308759e-02
6.472499999998781561e+01 1.002073177488378875e+00 9.761213928753420532e-02
6.487500000000000000e+01 1.004807877788522763e+00 9.926553851425518049e-02
6.502500000001224123e+01 1.000445571372314824e+00 9.758142681194927059e-02
6.517500000000251248e+01 1.002948653474206475e+00 9.877567431694773969e-02
6.532499999999740226e+01 1.004058542411769839e+00 9.938975350992830526e-02
6.547499999998768772e+01 1.004087207374959378e+00 9.857414697606359244e-02
6.562500000000000000e+01 1.003173279240981763e+00 9.778947943916670160e-02
6.577500000001236913e+01 1.004120255017960650e+00 9.805290016082499061e-02
6.592500000000300986e+01 1.005006669203843073e+00 9.955505246002249731e-02
6.607499999999690488e+01 1.006254344065658612e+00 9.780775043096359700e-02
6.622499999998755982e+01 1.004830319554878004e+00 9.649593486853100255e-02
6.637500000000000000e+01 1.004525414242917414e+00 9.761079554184838580e-02
6.652500000001249703e+01 1.005256471669556451e+00 9.875841185855679938e-02
6.667500000000349303e+01 1.007020270773737680e+00 9.729638583108975169e-02
6.682499999999640750e+01 1.005983547798297240e+00 9.746861973731410500e-02
6.697499999998743192e+01 1.006997356641908814e+00 9.729891209193103352e-02
6.712500000000000000e+01 1.007064632604689924e+00 9.664788191287840280e-02
6.727500000001261071e+01 1.006955026661057628e+00 9.647727409059461690e-02
6.742500000000397620e+01 1.006626837341687564e+00 9.648384725534671358e-02
6.757499999999593854e+01 1.005109515632182982e+00 9.692624893920720464e-02
6.772499999998731823e+01 1.005630499436786396e+00 9.597328496674582821e-02
6.787500000000000000e+01 1.006767773139698674e+00 9.574085282360733640e-02
6.802500000001272440e+01 1.007796543881289919e+00 9.581399514791909267e-02
6.817500000000444516e+01 1.007959675219793017e+00 9.598250884962249152e-02
6.832499999999546958e+01 1.009741180768777058e+00 9.558886181671634452e-02
6.847499999998720455e+01 1.008148859163963573e+00 9.631061013770489398e-02
6.862500000000000000e+01 1.009001667423575777e+00 9.651482683481087121e-02
6.877500000001283809e+01 1.008152695019290723e+00 9.473917668798483016e-02
6.892500000000489990e+01 1.008114475522186027e+00 9.563628966774083418e-02
6.907499999999501483e+01 1.008003626071714010e+00 9.650577042202085343e-02
6.922499999998709086e+01 1.007594532382650954e+00 9.606823796577855512e-02
6.937500000000000000e+01 1.006398975225863079e+00 9.521785606237971600e-02
6.952500000001295177e+01 1.010406015928543511e+00 9.434069076407280985e-02
6.967500000000535465e+01 1.007674156836994683e+00 9.416330388385890648e-02
6.982499999999456008e+01 1.009868992832421597e+00 9.533233047539028948e-02
6.997499999998697717e+01 1.007267667263472166e+00 9.436248723280064865e-02
7.012500000000000000e+01 1.008823867030093080e+00 9.440748021137045087e-02
7.027500000001306546e+01 1.008383358503451621e+00 9.487022423442649510e-02
7.042500000000579519e+01 1.009689576080408102e+00 9.488960499335805099e-02
7.057499999999413376e+01 1.008869700544900327e+00 9.479144959556205785e-02
7.072499999998686349e+01 1.008487887005198980e+00 9.330769366767643902e-02
7.087500000000000000e+01 1.008656643248944107e+00 9.539651478978841692e-02
7.102500000001316494e+01 1.011503480404677635e+00 9.323809442430378014e-02
7.117500000000620730e+01 1.008829531158030202e+00 9.394244189440786874e-02
7.132499999999369322e+01 1.006948492485236102e+00 9.405679542691498807e-02
7.147499999998676401e+01 1.009830237116429830e+00 9.411714306287351228e-02
7.162500000000000000e+01 1.009288862295690148e+00 9.377041680470768470e-02
7.177500000001327862e+01 1.009755951681907904e+00 9.434595409436485891e-02
7.192500000000663363e+01 1.009328848158554504e+00 9.362094347779686965e-02
7.207499999999328111e+01 1.007507331575705489e+00 9.364664620408413853e-02
7.222499999998666453e+01 1.009753158110240578e+00 9.347360424581320493e-02
7.237500000000000000e+01 1.008224035596233303e+00 9.346644307492571468e-02
7.252500000001337810e+01 1.008344431729286228e+00 9.338754367407657575e-02
7.267500000000704574e+01 1.009484882686902507e+00 9.392976063108145202e-02
7.282499999999286899e+01 1.008464629257269207e+00 9.345639524741686244e-02
7.297499999998655085e+01 1.009304712367695700e+00 9.297613236742771625e-02
7.312500000000000000e+01 1.009254291199549902e+00 9.262451844687016878e-02
7.327500000001347757e+01 1.011246480505554768e+00 9.388671549716635922e-02
7.342500000000745786e+01 1.007082449717558337e+00 9.313586810175059072e-02
7.357499999999247109e+01 1.008714702758676696e+00 9.256787340554954724e-02
7.372499999998646558e+01 1.008526925607389213e+00 9.253942275871787637e-02
7.387500000000000000e+01 1.009864590654780514e+00 9.264094042535102325e-02
7.402500000001359126e+01 1.009627694746931592e+00 9.245270842077324414e-02
7.417500000000785576e+01 1.009504459106284280e+00 9.245552867442702327e-02
7.432499999999207319e+01 1.009818934540757551e+00 9.237859251005973993e-02
7.447499999998635190e+01 1.009750668263995399e+00 9.239193794870492749e-02
7.462500000000000000e+01 1.008949897447224853e+00 9.274280610132148994e-02
7.477500000001367653e+01 1.010247077342127930e+00 9.065705798287809758e-02
7.492500000000823945e+01 1.008463647802161578e+00 9.124765801076221983e-02
7.507499999999168949e+01 1.011455347419376372e+00 9.248157214716207219e-02
7.522499999998626663e+01 1.010478755325601830e+00 9.099023202977092606e-02
7.537500000000000000e+01 1.009630300348363319e+00 9.155907506294674869e-02
7.552500000001377600e+01 1.011035586203830272e+00 9.187550043709746816e-02
7.567500000000862315e+01 1.009886226418684307e+00 9.135076251202157993e-02
7.582499999999130580e+01 1.007414273235758051e+00 9.168938364877550484e-02
7.597499999998616715e+01 1.008671659113543395e+00 9.091793018184979314e-02
7.612500000000000000e+01 1.010361699190783780e+00 9.178348671821302818e-02
7.627500000001386127e+01 1.009174910674217163e+00 9.075749234150334854e-02
7.642500000000899263e+01 1.008040482144146210e+00 9.061886705558792887e-02
7.657499999999093632e+01 1.010782334086252510e+00 9.163830515231359553e-02
7.672499999998608189e+01 1.009226480529493264e+00 9.224161170476523341e-02
7.687500000000000000e+01 1.008589165579267588e+00 9.055958746498136980e-02
7.702500000001396074e+01 1.008102850417541108e+00 9.024936701109456672e-02
7.717500000000934790e+01 1.005894246846438689e+00 9.072501533304166976e-02
7.732499999999058105e+01 1.008142206673675378e+00 8.970572443328686529e-02
7.747499999998598241e+01 1.009491475993828269e+00 9.041226132692151141e-02
7.762500000000000000e+01 1.007859798692752440e+00 9.068664156377678753e-02
7.777500000001404601e+01 1.008961151601548645e+00 9.046527033113233029e-02
7.792500000000971738e+01 1.006673746980579098e+00 9.124439737602164924e-02
7.807499999999021156e+01 1.008551635831332671e+00 8.986455583469102337e-02
7.822499999998589715e+01 1.009140720712959238e+00 9.030772847962942329e-02
7.837500000000000000e+01 1.007140381108789784e+00 9.112365001815735110e-02
7.852500000001413127e+01 1.007273659000350152e+00 8.979554416290912167e-02
7.867500000001005844e+01 1.005942014904808168e+00 9.021962899267989278e-02
7.882499999998987050e+01 1.009111158188664037e+00 9.019377074638497416e-02
7.897499999998581188e+01 1.008167085113887307e+00 8.899437377060803733e-02
7.912500000000000000e+01 1.006649876803988652e+00 9.010107325446693738e-02
7.927500000001423075e+01 1.006224641599325231e+00 9.029966900878183544e-02
7.942500000001041371e+01 1.006563895511443540e+00 8.901434570169909632e-02
7.957499999998951523e+01 1.010495037261169182e+00 8.873009656950739399e-02
7.972499999998572662e+01 1.007460112408145037e+00 8.854368836743019278e-02
7.987500000000000000e+01 1.006579352908165248e+00 8.970569747669719651e-02
8.002500000001430180e+01 1.005628063967265895e+00 8.801319073215300992e-02
8.017500000001075477e+01 1.005910382598055985e+00 8.917719499482378021e-02
8.032499999998918838e+01 1.008252766114168031e+00 8.723537590925801999e-02
8.047499999998564135e+01 1.007980845113396251e+00 9.023649597344257645e-02
8.062500000000000000e+01 1.006613827057523780e+00 8.965867103605736077e-02
8.077500000001438707e+01 1.004185047878083603e+00 8.887834497244753718e-02
8.092500000001108162e+01 1.006689574094272732e+00 8.861775080177843045e-02
8.107499999998886153e+01 1.007317215364923690e+00 8.869877194239503271e-02
8.122499999998557030e+01 1.006447489243070148e+00 8.865253334447367739e-02
8.137500000000000000e+01 1.004666437721925432e+00 8.791200224881687286e-02
8.152500000001447233e+01 1.006049904633751213e+00 8.746127169130701873e-02
8.167500000001139426e+01 1.005908386319625425e+00 8.763466905470396195e-02
8.182499999998853468e+01 1.008038069863282260e+00 8.917022609228825170e-02
8.197499999998548503e+01 1.005652206332822374e+00 8.854167502540641332e-02
8.212500000000000000e+01 1.006996977821360328e+00 8.794264093909864854e-02
8.227500000001455760e+01 1.005724869133532318e+00 8.746915855898280967e-02
8.242500000001172111e+01 1.004900443084146167e+00 8.953726136416341463e-02
8.257499999998822204e+01 1.005979688058430854e+00 8.769353951070729680e-02
8.272499999998539977e+01 1.005407765088262684e+00 8.771411309207099993e-02
8.287500000000000000e+01 1.006158336163356370e+00 8.827225112175654531e-02
8.302500000001462865e+01 1.004887121203767997e+00 8.772938987329695348e-02
8.317500000001203375e+01 1.005262611780024073e+00 8.715675898636141006e-02
8.332499999998789519e+01 1.004441887909588438e+00 8.819249036955927046e-02
8.347499999998531450e+01 1.003963706222150254e+00 8.705198786592217852e-02
8.362500000000000000e+01 1.003174563448176126e+00 8.717418141705338130e-02
8.377500000001469971e+01 1.004642839498746776e+00 8.669630200822754651e-02
8.392500000001234639e+01 1.004276956733543225e+00 8.797569951310608982e-02
8.407499999998758256e+01 1.003640999524431310e+00 8.647590579827722779e-02
8.422499999998524345e+01 1.003571489059399413e+00 8.716935004297649003e-02
8.437500000000000000e+01 1.003382289570711627e+00 8.689520103344314239e-02
8.452500000001478497e+01 1.002430060601497752e+00 8.755668380567240006e-02
8.467500000001264482e+01 1.002154476752631362e+00 8.635572049279015283e-02
8.482499999998728413e+01 1.004069502475504860e+00 8.613918672347592453e-02
8.497499999998517239e+01 1.001464947989822996e+00 8.635169913577472878e-02
8.512500000000000000e+01 1.003047336626333053e+00 8.641822151487728310e-02
8.527500000001485603e+01 1.002440181594090873e+00 8.648329860624574816e-02
8.542500000001294325e+01 1.002005125987195155e+00 8.573312450476061608e-02
8.557499999998699991e+01 1.000745284223534703e+00 8.673415068344944578e-02
8.572499999998510134e+01 1.000219399033496659e+00 8.639533658512503489e-02
8.587500000000000000e+01 1.002880723519827821e+00 8.601268480374284209e-02
8.602500000001494129e+01 1.004107986316052914e+00 8.691234216758725317e-02
8.617500000001324167e+01 1.001694263272114860e+00 8.487630993514778954e-02
8.632499999998670148e+01 1.001176209211442458e+00 8.639702134745172457e-02
8.647499999998503029e+01 1.001524182466942081e+00 8.532212517976715815e-02
8.662500000000000000e+01 1.002652417449901190e+00 8.617986969395940999e-02
8.677500000001501235e+01 1.002939412908302019e+00 8.635506776859946942e-02
8.692500000001352589e+01 1.000261464878973161e+00 8.590834329681908133e-02
8.707499999998641727e+01 1.000009483916383557e+00 8.488431395383291833e-02
8.722499999998494502e+01 1.000987721299374744e+00 8.509872923123716626e-02
8.737500000000000000e+01 1.002082734325141944e+00 8.426819847411984310e-02
8.752500000001508340e+01 1.001138800065981993e+00 8.455527411304016028e-02
8.767500000001381011e+01 1.002011868304039988e+00 8.423364881255707148e-02
8.782499999998613305e+01 1.000378499529023246e+00 8.438535856150231051e-02
8.797499999998487397e+01 9.999881479181595978e-01 8.468265609576133834e-02
8.812500000000000000e+01 9.991611925048344833e-01 8.479154501171816405e-02
8.827500000001514024e+01 9.986332533701326453e-01 8.468407173442416003e-02
8.842500000001409433e+01 1.001205593911799641e+00 8.525160894046682203e-02
8.857499999998586304e+01 1.000250207669404423e+00 8.459657828147905401e-02
8.872499999998480291e+01 9.994659478430664157e-01 8.506804588874895823e-02
8.887500000000000000e+01 9.990266328967724041e-01 8.498636586692179251e-02
8.902500000001521130e+01 9.992877728281208682e-01 8.354894529536889547e-02
8.917500000001436433e+01 9.992759632232769418e-01 8.428706545498153291e-02
8.932499999998557882e+01 9.993401889468905841e-01 8.320843375449789303e-02
8.947499999998473186e+01 9.985204745608665666e-01 8.328706825719554840e-02
8.962500000000000000e+01 9.985310476786742884e-01 8.348722856710963369e-02
8.977500000001528235e+01 9.984435663634076974e-01 8.390053129298304102e-02
8.992500000001462013e+01 9.996138213497252067e-01 8.296391349110186775e-02
9.007499999998532303e+01 9.986804847214328928e-01 8.404837064787477885e-02
9.022499999998467501e+01 9.983925576702428195e-01 8.372331565653941265e-02
9.037500000000000000e+01 9.981215826226959020e-01 8.333179017726513593e-02
9.052500000001533920e+01 9.962802236667281930e-01 8.289779764206019197e-02
9.067500000001489013e+01 9.976842206232049426e-01 8.336069244843351267e-02
9.082499999998505302e+01 9.977714677617218753e-01 8.299284316552585361e-02
9.097499999998460396e+01 9.984166754677756828e-01 8.352806011000946107e-02
9.112500000000000000e+01 9.977712797995917926e-01 8.405311936904566461e-02
9.127500000001541025e+01 9.968250079809476416e-01 8.315967912064428647e-02
9.142500000001514593e+01 9.980790933698513445e-01 8.306639551758106255e-02
9.157499999998479723e+01 9.965622946008997340e-01 8.395881033422818163e-02
9.172499999998454712e+01 9.965717163963021541e-01 8.251215188861350802e-02
9.187500000000000000e+01 9.972734503432861830e-01 8.258257793281960357e-02
9.202500000001548131e+01 9.968035695161466814e-01 8.279236289507477253e-02
9.217500000001541594e+01 9.969107472403464509e-01 8.180498668823588115e-02
9.232499999998454143e+01 9.958459219809778773e-01 8.246791939044698094e-02
9.247499999998447606e+01 9.961989953879704096e-01 8.239145306245675149e-02
9.262500000000000000e+01 9.975979954334313060e-01 8.344523756765805100e-02
9.277500000001553815e+01 9.954349369038391071e-01 8.324731211478506032e-02
9.292500000001565752e+01 9.961312530518208197e-01 8.225821822826105689e-02
9.307499999998428564e+01 9.939464659214772846e-01 8.192888833143563421e-02
9.322499999998441922e+01 9.953785171877186366e-01 8.222299411458003360e-02
9.337500000000000000e+01 9.947993275371174171e-01 8.228238245747473978e-02
9.352500000001559499e+01 9.951669171783005252e-01 8.119438247404453524e-02
9.367500000001591332e+01 9.952662765895163854e-01 8.195826829292340854e-02
9.382499999998402984e+01 9.963259760114430152e-01 8.222619165999363322e-02
9.397499999998436238e+01 9.949497017162984847e-01 8.087083833197190874e-02
9.412500000000000000e+01 9.940339073733628350e-01 8.145309663831956648e-02
9.427500000001566605e+01 9.944271259244371608e-01 8.189987820468010160e-02
9.442500000001615490e+01 9.940788835713151306e-01 8.084809183869744176e-02
9.457499999998380247e+01 9.929202666457043192e-01 8.179870801529301461e-02
9.472499999998429132e+01 9.939975004348848842e-01 8.101246164843890762e-02
9.487500000000000000e+01 9.931202635586330318e-01 8.207316232874511952e-02
9.502500000001572289e+01 9.930527711095468169e-01 8.032986116128598697e-02
9.517500000001639648e+01 9.923429101546905606e-01 8.066116272778867113e-02
9.532499999998356088e+01 9.923882873960458983e-01 8.116497401160235881e-02
9.547499999998423448e+01 9.924473471359052112e-01 8.098722296052129899e-02
9.562500000000000000e+01 9.936473023052868614e-01 8.137022452811737416e-02
9.577500000001577973e+01 9.912759873174590286e-01 8.021032227104869794e-02
9.592500000001662386e+01 9.922433737711606749e-01 8.167390361045785696e-02
9.607499999998331930e+01 9.896422086228233717e-01 8.047873349832511403e-02
9.622499999998417763e+01 9.920082931500681100e-01 8.096186869429188027e-02
9.637500000000000000e+01 9.916232518435411647e-01 8.013034347293954140e-02
9.652500000001585079e+01 9.929005568283748584e-01 8.054304043578246197e-02
9.667500000001686544e+01 9.927155769169654365e-01 8.006360457660581520e-02
9.682499999998309193e+01 9.909355391403275037e-01 8.053865823788212974e-02
9.697499999998412079e+01 9.900774980194368968e-01 8.141453169410560464e-02
9.712500000000000000e+01 9.906005434015475730e-01 8.007600603510826864e-02
9.727500000001590763e+01 9.897637574300161001e-01 8.111674761444950810e-02
9.742500000001709282e+01 9.903198687515261112e-01 7.935223584629956528e-02
9.757499999998287876e+01 9.906919705704134715e-01 7.927880469834143462e-02
9.772499999998406395e+01 9.896337845235803066e-01 8.127685832739318939e-02
9.787500000000000000e+01 9.909234926532898280e-01 8.057147293441557778e-02
9.802500000001595026e+01 9.908652745880547341e-01 7.977976132413042154e-02
9.817500000001732019e+01 9.895030824230638400e-01 8.034571152705408115e-02
9.832499999998263718e+01 9.898793452826017969e-01 8.007478159498671033e-02
9.847499999998402131e+01 9.893015079304615655e-01 8.016056437354153463e-02
9.862500000000000000e+01 9.917571143273085088e-01 8.041870135074088988e-02
9.877500000001600711e+01 9.893849667207834653e-01 7.949128948921753424e-02
9.892500000001753335e+01 9.905692332594154825e-01 8.131151930224440882e-02
9.907499999998242401e+01 9.893588005601511304e-01 7.995001602900179971e-02
9.922499999998395026e+01 9.895177603279028400e-01 7.934096275031085610e-02
9.937500000000000000e+01 9.897173527570095608e-01 7.961742440730303072e-02
9.952500000001606395e+01 9.894407884080473892e-01 8.040260478799254873e-02
9.967500000001776073e+01 9.895339556584504814e-01 7.880847009049760099e-02
9.982499999998221085e+01 9.901973052474740689e-01 7.914937788742533453e-02
9.997499999998389342e+01 9.901997818053452916e-01 7.965412010075362259e-02
1.001250000000000000e+02 9.905261765380087846e-01 7.994850123256323771e-02
1.002750000000161208e+02 9.888094030933615164e-01 8.009248665924352528e-02
1.004250000000179597e+02 9.895118061180641078e-01 7.921959286092819519e-02
1.005749999999819835e+02 9.886028574325868012e-01 7.910486817707308715e-02
1.007249999999838508e+02 9.890201694186259163e-01 8.004213882743438369e-02
1.008750000000000000e+02 9.888966397116626394e-01 7.927762991699470463e-02
1.010250000000161776e+02 9.891063379121374233e-01 7.857562322321877402e-02
1.011750000000181871e+02 9.883512377029937124e-01 7.838553231865907911e-02
1.013249999999817845e+02 9.694891338674042069e-01 7.832788414531724475e-02
1.014749999999837939e+02 9.491497511815099042e-01 7.719481574139389068e-02
1.016250000000000000e+02 9.360548710608356249e-01 7.684011991203022751e-02
1.017750000000162345e+02 9.278126682034746331e-01 7.478725163828296718e-02
1.019250000000184002e+02 9.174597910424936442e-01 7.613540827796395905e-02
1.020749999999815714e+02 9.101342949642297064e-01 7.635636213179237963e-02
1.022249999999837513e+02 9.028850201766401851e-01 7.448182846494502685e-02
1.023750000000000000e+02 8.978003432829888553e-01 7.428724193723690306e-02
1.025250000000162771e+02 8.908913421524862208e-01 7.499551766859423318e-02
1.026750000000185992e+02 8.857251797127541071e-01 7.410394504276326955e-02
1.028249999999813582e+02 8.820900615226777708e-01 7.391847351746126671e-02
1.029749999999836945e+02 8.754630329433219504e-01 7.409652073769773528e-02
1.031250000000000000e+02 8.710427806149312335e-01 7.280253681591837556e-02
1.032750000000163340e+02 8.670711371039788729e-01 7.426793173368118062e-02
1.034250000000187981e+02 8.618481455214196396e-01 7.268233545110677762e-02
1.035749999999811592e+02 8.566597013627613721e-01 7.262958127917580609e-02
1.037249999999836376e+02 8.525703526804572219e-01 7.171903311115578050e-02
1.038750000000000000e+02 8.480420149919957185e-01 7.301121209443589555e-02
1.040250000000163766e+02 8.456868493980708168e-01 7.148695313957849351e-02
1.041750000000189971e+02 8.417196584573428675e-01 7.137886791088729477e-02
1.043249999999809603e+02 8.364968396347068902e-01 7.067783741408212306e-02
1.044749999999835950e+02 8.335842166590450297e-01 7.031965564024034165e-02
1.046250000000000000e+02 8.295799496443860832e-01 7.041695727291708007e-02
1.047750000000164334e+02 8.263550227219570443e-01 7.023753330501263104e-02
1.049250000000191818e+02 8.231632782442879215e-01 7.044989058286449390e-02
1.050749999999807613e+02 8.192688011722545349e-01 7.045080675892613498e-02
1.052249999999839503e+02 8.158674780574315388e-01 7.117677711604369906e-02
1.053750000000000000e+02 8.142020699039048681e-01 6.928181048672352182e-02
1.055250000000157229e+02 8.105525595685160178e-01 6.922257456207324411e-02
1.056750000000193808e+02 8.072619584899251022e-01 6.915682941773312886e-02
1.058249999999805766e+02 8.039628673368700573e-01 6.965262434894668730e-02
1.059749999999847319e+02 8.017929056245615138e-01 6.884328862175183306e-02
1.061250000000000000e+02 7.976538546525967499e-01 6.893080542520306497e-02
1.062750000000149555e+02 7.949601259635574735e-01 6.863750196926284020e-02
1.064250000000195797e+02 7.924452649810433957e-01 6.830266605584954520e-02
1.065749999999803919e+02 7.906935683977747154e-01 6.760562396968776422e-02
1.067249999999854850e+02 7.878348748019682324e-01 6.759747179190801758e-02
1.068750000000000000e+02 7.844760745899216348e-01 6.735935812791742083e-02
1.070250000000141881e+02 7.823758559250942879e-01 6.704977721482278941e-02
1.071750000000197645e+02 7.798856499532654807e-01 6.769463869640256204e-02
1.073249999999802071e+02 7.774961085195074562e-01 6.720539026144674299e-02
1.074749999999862524e+02 7.754647207611906623e-01 6.741505262638292084e-02
1.076250000000000000e+02 7.721261268865965421e-01 6.640981750431056152e-02
1.077750000000134492e+02 7.701726031102337222e-01 6.680946435412218887e-02
1.079250000000199492e+02 7.680276607760259111e-01 6.713303565098878434e-02
1.080749999999800224e+02 7.653262802360863981e-01 6.661647074129353752e-02
1.082249999999869914e+02 7.637782638257175627e-01 6.596403623965858831e-02
1.083750000000000000e+02 7.609104505446100397e-01 6.662785258252471032e-02
1.085250000000127244e+02 7.598373135413821755e-01 6.636407305210297036e-02
1.086750000000201481e+02 7.574791010030770266e-01 6.619848373789881391e-02
1.088249999999798376e+02 7.551256566661966874e-01 6.613732491560420090e-02
1.089749999999877161e+02 7.531057262149608578e-01 6.527986454565198882e-02
1.091250000000000000e+02 7.496479215775709859e-01 6.592686002733033623e-02
1.092750000000119854e+02 7.482007233127851986e-01 6.535283291283593143e-02
1.094250000000203045e+02 7.468585887465374329e-01 6.532554106673411909e-02
1.095749999999796529e+02 7.444394228704768190e-01 6.517100922130156238e-02
1.097249999999884409e+02 7.426976656090176210e-01 6.554512608044316124e-02
1.098750000000000000e+02 7.402799163246374103e-01 6.491401610247903020e-02
1.100250000000112749e+02 7.387713770142593228e-01 6.490607362832011284e-02
1.101750000000204892e+02 7.367557780910174436e-01 6.504357705730487438e-02
1.103249999999794682e+02 7.349382266154450560e-01 6.382682643060956507e-02
1.104749999999891372e+02 7.322955127719588120e-01 6.458608395205510389e-02
1.106250000000000000e+02 7.309883669836984010e-01 6.462446596575736890e-02
1.107750000000105643e+02 7.291139475936477821e-01 6.445031865885575417e-02
1.109250000000206740e+02 7.268734472079494413e-01 6.455579705879632701e-02
1.110749999999792976e+02 7.242785347162844500e-01 6.376171263950021484e-02
1.112249999999898620e+02 7.235594516423543565e-01 6.402496598734737365e-02
1.113750000000000000e+02 7.212237428110473969e-01 6.407398135452890831e-02
1.115250000000098822e+02 7.200778630267072877e-01 6.346407181018039190e-02
1.116750000000208445e+02 7.167169234721540994e-01 6.327829925084178797e-02
1.118249999999791129e+02 7.173608369364716797e-01 6.364937182304773733e-02
1.119749999999905299e+02 7.145413129554964993e-01 6.355201998284180920e-02
1.121250000000000000e+02 7.120169090919437060e-01 6.293669872444861146e-02
1.122750000000091859e+02 7.113007786800293886e-01 6.336795520690036154e-02
1.124250000000210008e+02 7.083485555924357024e-01 6.309160502013988481e-02
1.125749999999789566e+02 7.062271880784074529e-01 6.319947037160481007e-02
1.127249999999912120e+02 7.051430145759376433e-01 6.238916688886751716e-02
1.128750000000000000e+02 7.038417657812843231e-01 6.166141676899135338e-02
1.130250000000085180e+02 7.029693978291795542e-01 6.234943058853386483e-02
1.131750000000211855e+02 7.003376876919441552e-01 6.222986162965193913e-02
1.133249999999787860e+02 6.993757595886238576e-01 6.196529127619537086e-02
1.134749999999919083e+02 6.972260255715704291e-01 6.218668166393273578e-02
1.136250000000000000e+02 6.946471702158698580e-01 6.181815993873331777e-02
1.137750000000078359e+02 6.939462554422344276e-01 6.139116629779760997e-02
1.139250000000213561e+02 6.930082914549575701e-01 6.189761798860414499e-02
1.140749999999786297e+02 6.906903478512151917e-01 6.085994617686907998e-02
1.142249999999925620e+02 6.891516233737633446e-01 6.124031325912469848e-02
1.143750000000000000e+02 6.880389890749143422e-01 6.108496934808654161e-02
1.145250000000071680e+02 6.848804871855436183e-01 6.057845121119515702e-02
1.146750000000215124e+02 6.842422457093377819e-01 6.090902785789589768e-02
1.148249999999784308e+02 6.840364724194355484e-01 6.142306118824961830e-02
1.149749999999932157e+02 6.809808367541637653e-01 6.052210103332918145e-02
1.151250000000000000e+02 6.793204723731529615e-01 6.109573575054343814e-02
1.152750000000065285e+02 6.783040180271293629e-01 6.139248163373479256e-02
1.154250000000216829e+02 6.778777755928887538e-01 6.034280914239456561e-02
1.155749999999783029e+02 6.766999597286543766e-01 6.042768557091884180e-02
1.157249999999938694e+02 6.736709209950008104e-01 6.069920825200759290e-02
1.158750000000000000e+02 6.731069586130379312e-01 6.039235727980837160e-02
1.160250000000058748e+02 6.713130918605465514e-01 6.061436431866649294e-02
1.161750000000218392e+02 6.696266540922652943e-01 5.990029927334708515e-02
1.163249999999781323e+02 6.679186294199774832e-01 5.984882116852558581e-02
1.164749999999945089e+02 6.670465916533373507e-01 5.952659905517457967e-02
1.166250000000000000e+02 6.661891928623384640e-01 6.011172410909187275e-02
1.167750000000052495e+02 6.634296499437657424e-01 5.999629280816541621e-02
1.169250000000220098e+02 6.629575366248842139e-01 5.957109579403714605e-02
1.170749999999779760e+02 6.610714281489762367e-01 5.898060343786289822e-02
1.172249999999951484e+02 6.598673531973353601e-01 5.940462126468015747e-02
1.173750000000000000e+02 6.582529468859494859e-01 5.978870725586138413e-02
1.175250000000046242e+02 6.574737722362512526e-01 5.832272883555742610e-02
1.176750000000221377e+02 6.560086136166944915e-01 5.927617853763843953e-02
1.178249999999778055e+02 6.550721086793646064e-01 5.965658180373838854e-02
1.179749999999957453e+02 6.517783015205733665e-01 5.885939446819538068e-02
1.181250000000000000e+02 6.527576706686771812e-01 5.918546641561453492e-02
1.182750000000039989e+02 6.506177254173006741e-01 5.823561635577294976e-02
1.184250000000223082e+02 6.497012856026506133e-01 5.918655406950908138e-02
1.185749999999776634e+02 6.493485237183524994e-01 5.887931467989260259e-02
1.187249999999963705e+02 6.463649332288646798e-01 5.834012269767404474e-02
1.188750000000000000e+02 6.458443713754150606e-01 5.764414485372435643e-02
1.190250000000033879e+02 6.455653980883580001e-01 5.773642493351330979e-02
1.191750000000224645e+02 6.430556318594095044e-01 5.779163981308987896e-02
1.193249999999775071e+02 6.423257513879847558e-01 5.766782755217085554e-02
1.194749999999969816e+02 6.403035192351846927e-01 5.864868810517280540e-02
1.196250000000000000e+02 6.403828303726466498e-01 5.742197564364072415e-02
1.197750000000027910e+02 6.394129205912181257e-01 5.684095358426499017e-02
1.199250000000226066e+02 6.368961468232683387e-01 5.750977449243211553e-02
1.200749999999773650e+02 6.359445321068671886e-01 5.787204637695224363e-02
1.202249999999975927e+02 6.353251846452609986e-01 5.780345785374433470e-02
1.203750000000000000e+02 6.333837106360601377e-01 5.801849606617940497e-02
1.205250000000021799e+02 6.324660957493661861e-01 5.741842419246053625e-02
1.206750000000227772e+02 6.319117178642413846e-01 5.708942622286313634e-02
1.208249999999772086e+02 6.305752755234842466e-01 5.748805048603767426e-02
1.209749999999981753e+02 6.293569719065870149e-01 5.698120878383716725e-02
1.211250000000000000e+02 6.278848180571668935e-01 5.756679963357808072e-02
1.212750000000015973e+02 6.262846620641880913e-01 5.597295888026870836e-02
1.214250000000229193e+02 6.252816778938037334e-01 5.681926625044128598e-02
1.215749999999770665e+02 6.237134984235390700e-01 5.651777343489054056e-02
1.217249999999987580e+02 6.229552324157772158e-01 5.675089995737296611e-02
1.218750000000000000e+02 6.220595854661898905e-01 5.667492138186967093e-02
1.220250000000010147e+02 6.212418597796199871e-01 5.621002114151074647e-02
1.221750000000230472e+02 6.198530281210659076e-01 5.622803280452016994e-02
1.223249999999769244e+02 6.181582744590171652e-01 5.592512006277431530e-02
1.224749999999993406e+02 6.177209179955416296e-01 5.634833035724387540e-02
1.226250000000000000e+02 6.168376644169929479e-01 5.637947920888758402e-02
1.227750000000004320e+02 6.151246491588174825e-01 5.550016642677203793e-02
1.229250000000231893e+02 6.139143573853041991e-01 5.587619272288049665e-02
1.230749999999767681e+02 6.125967039368453992e-01 5.547254343894984785e-02
1.232249999999999233e+02 6.113603008235822811e-01 5.572536518966385993e-02
1.233750000000000000e+02 6.095461186437615142e-01 5.518724817834495117e-02
1.235249999999998494e+02 6.085459106350769032e-01 5.542120445058312805e-02
1.236750000000233314e+02 6.080248440574054225e-01 5.494530018602970800e-02
1.238249999999766402e+02 6.072223014051876255e-01 5.573167541023463928e-02
1.239750000000004775e+02 6.064399526125294759e-01 5.540627676381479350e-02
1.241250000000000000e+02 6.045424145307380925e-01 5.529733653302625757e-02
1.242749999999992951e+02 6.038547105029240525e-01 5.436245251962568831e-02
1.244250000000234735e+02 6.028534436714506617e-01 5.463279347031656241e-02
1.245749999999764839e+02 6.017990871969491895e-01 5.416859000554911235e-02
1.247250000000010317e+02 6.010702965730307934e-01 5.459537782224965774e-02
1.248750000000000000e+02 6.004081878289809771e-01 5.475255457413304161e-02
1.250249999999987551e+02 5.987829146800481839e-01 5.479480738128831435e-02
1.251750000000236156e+02 5.982687444059725523e-01 5.487771100637332117e-02
1.253249999999763702e+02 5.970862570510143685e-01 5.417541363884413597e-02
1.254750000000015859e+02 5.955714717839619698e-01 5.396634700870325124e-02
1.256250000000000000e+02 5.954547412003368123e-01 5.490625983332857174e-02
1.257749999999982009e+02 5.940154783164645069e-01 5.447129622888067374e-02
1.259250000000237577e+02 5.923255798311499731e-01 5.435634432003020461e-02
1.260749999999762281e+02 5.916627280516401077e-01 5.397043036759186646e-02
1.262250000000021259e+02 5.907101462477337694e-01 5.442045902819110659e-02
1.263750000000000000e+02 5.892246589259013678e-01 5.453038150072702511e-02
1.265249999999976609e+02 5.878455267049207400e-01 5.404125252768867543e-02
1.266750000000238856e+02 5.625970128428231520e-01 5.307496304995588943e-02
1.268249999999760860e+02 5.478173563555616132e-01 5.152209103065066159e-02
1.269750000000026660e+02 5.362857728697217885e-01 5.142786889441645221e-02
1.271250000000000000e+02 5.263902863483727046e-01 5.075560835995152065e-02
1.272749999999971209e+02 5.175324922202093614e-01 5.019422872116389295e-02
1.274250000000240277e+02 5.113182612541207206e-01 5.000204605426826487e-02
1.275749999999759439e+02 5.040440895695993406e-01 5.010227887430922927e-02
1.277250000000031918e+02 4.967466504130099714e-01 4.961953980061085262e-02
1.278750000000000000e+02 4.903373273546424715e-01 4.913839970703184207e-02
1.280249999999965951e+02 4.850643686192968040e-01 4.914347449353599628e-02
1.281750000000241414e+02 4.786395839796767637e-01 4.880414434518543648e-02
1.283249999999758018e+02 4.744692263453845205e-01 4.780576757506703467e-02
1.284750000000037176e+02 4.687254352897889942e-01 4.752504461571135236e-02
1.286250000000000000e+02 4.635804634839551519e-01 4.730505102463286593e-02
1.287749999999960835e+02 4.586959192340837044e-01 4.750657138935309581e-02
1.289250000000242835e+02 4.550259639509238729e-01 4.708890935476481993e-02
1.290749999999756881e+02 4.497911610538582461e-01 4.694974169318986978e-02
1.292250000000042292e+02 4.449834081960545307e-01 4.666186430905151089e-02
1.293750000000000000e+02 4.406036491551202361e-01 4.565908499099252671e-02
1.295249999999955719e+02 4.355755213361094391e-01 4.654744905595081111e-02
1.296750000000243972e+02 4.321018573903946947e-01 4.568393463159871326e-02
1.298249999999755460e+02 4.275870677695060018e-01 4.501512953495136193e-02
1.299750000000047692e+02 4.233177241547488312e-01 4.534162194999734330e-02
1.301250000000000000e+02 4.197634524775252785e-01 4.474145270239007072e-02
1.302749999999950319e+02 4.158772190564726245e-01 4.459280641346678037e-02
1.304250000000245393e+02 4.110182484099244027e-01 4.440913672121835076e-02
1.305749999999754323e+02 4.080439292839098120e-01 4.451143491210762804e-02
1.307250000000052523e+02 4.048167949470012905e-01 4.426761632733045709e-02
1.308750000000000000e+02 4.009559035982377395e-01 4.397934829296400866e-02
1.310249999999945487e+02 3.963804410355397656e-01 4.381524172855853078e-02
1.311750000000246530e+02 3.940335073045366787e-01 4.325889961994537625e-02
1.313249999999753186e+02 3.896085028327789801e-01 4.344204689367994060e-02
1.314750000000057639e+02 3.859111840717363573e-01 4.202813340988662688e-02
1.316250000000000000e+02 3.834199348630167314e-01 4.242679097074729400e-02
1.317749999999940655e+02 3.806634295558348757e-01 4.159354735971790978e-02
1.319250000000247951e+02 3.767949807724360056e-01 4.204850618660672945e-02
1.320749999999751765e+02 3.735996780311960364e-01 4.256697581023161092e-02
1.322250000000062471e+02 3.696424891698897874e-01 4.204042537169475069e-02
1.323750000000000000e+02 3.665404037530330394e-01 4.134440551056368235e-02
1.325249999999935540e+02 3.631783175984199530e-01 4.087593687382298779e-02
1.326750000000249088e+02 3.608163394062511298e-01 4.131147502955647560e-02
1.328249999999750628e+02 3.569984088718261006e-01 4.032274750296785393e-02
1.329750000000067303e+02 3.538995312882160515e-01 4.030800674741619183e-02
1.331250000000000000e+02 3.509879977586481403e-01 4.058956746644103164e-02
1.332749999999930424e+02 3.480151052065881823e-01 4.060067946140138995e-02
1.334250000000250225e+02 3.452952754330408380e-01 3.958605964010014633e-02
1.335749999999749491e+02 3.423905077672819153e-01 4.037427475253315551e-02
1.337250000000072134e+02 3.393855598987982058e-01 3.962623764564078555e-02
1.338750000000000000e+02 3.370352603012497505e-01 3.936442055257680095e-02
1.340249999999925876e+02 3.325643452588230575e-01 3.894319552882729435e-02
1.341750000000251362e+02 3.313732321089368771e-01 3.939175912047271355e-02
1.343249999999748354e+02 3.283242879817334647e-01 3.896112873972214924e-02
1.344750000000077250e+02 3.255756782310857966e-01 3.839170774119150115e-02
1.346250000000000000e+02 3.218644016638737004e-01 3.836181514445539953e-02
1.347749999999921044e+02 3.200170644562114752e-01 3.805623160446049841e-02
1.349250000000252783e+02 3.166700724259812749e-01 3.800466085928278642e-02
1.350749999999746933e+02 3.146804427718861152e-01 3.803303002122600252e-02
1.352250000000081798e+02 3.110423413358832101e-01 3.736446470583476565e-02
1.353750000000000000e+02 3.092021825468141971e-01 3.704631802617213560e-02
1.355249999999916213e+02 3.055596463535548146e-01 3.740844226969188696e-02
1.356750000000253920e+02 3.035234609480241819e-01 3.691958492117818763e-02
1.358249999999746080e+02 3.013483164671576509e-01 3.638790729023411163e-02
1.359750000000086345e+02 2.983482282085018755e-01 3.655862767651496537e-02
1.361250000000000000e+02 2.961175509395509997e-01 3.642107847555390437e-02
1.362749999999911665e+02 2.936247295048230455e-01 3.647449926027354628e-02
1.364250000000255056e+02 2.910761130536519969e-01 3.626159175874119761e-02
1.365749999999744659e+02 2.881382248524305689e-01 3.620856352249419291e-02
1.367250000000091177e+02 2.859712915840169623e-01 3.607601946650597358e-02
1.368750000000000000e+02 2.831464637250581395e-01 3.537058359830513171e-02
1.370249999999907118e+02 2.807828608896562050e-01 3.547758087974110797e-02
1.371750000000256193e+02 2.780596932724631043e-01 3.533398649753016763e-02
1.373249999999743522e+02 2.761526178096523898e-01 3.565208031102636704e-02
1.374750000000095724e+02 2.740215569178343635e-01 3.519873133167147200e-02
1.376250000000000000e+02 2.714927796579995056e-01 3.421590765467937695e-02
1.377749999999902286e+02 2.693873998417538052e-01 3.468270939160320032e-02
1.379250000000257330e+02 2.676097026836120052e-01 3.431545926718446160e-02
1.380749999999742386e+02 2.645139039107756163e-01 3.426665379263951067e-02
1.382250000000100272e+02 2.622115032533917089e-01 3.423500574792105039e-02
1.383750000000000000e+02 2.595152760451764351e-01 3.397064594979860852e-02
1.385249999999898023e+02 2.576261981167409232e-01 3.411758458859859289e-02
1.386750000000258467e+02 2.557040402100070886e-01 3.407670856128230952e-02
1.388249999999741249e+02 2.524716666542159427e-01 3.350879187188868236e-02
1.389750000000104535e+02 2.504855008546010842e-01 3.405360975698555615e-02
1.391250000000000000e+02 2.483685338326349912e-01 3.330114174776183794e-02
1.392749999999893475e+02 2.459912139314545665e-01 3.297921211501117500e-02
1.394250000000259604e+02 2.439837178602457246e-01 3.256058041689351840e-02
1.395749999999740112e+02 2.421588671712418817e-01 3.291140825037950496e-02
1.397250000000109367e+02 2.393676165017559754e-01 3.296176931378408392e-02
1.398750000000000000e+02 2.376006105884082287e-01 3.197173327455237607e-02
1.400249999999889212e+02 2.355038708678918735e-01 3.213109883123333593e-02
1.401750000000260741e+02 2.326345379088748389e-01 3.202746379775896907e-02
1.403249999999738975e+02 2.306456843293559766e-01 3.187677916655108634e-02
1.404750000000113346e+02 2.285738265150637216e-01 3.169825119092861687e-02
1.406250000000000000e+02 2.270650975395159255e-01 3.162938196463548068e-02
1.407749999999884665e+02 2.240147254379791231e-01 3.128726191813150509e-02
1.409250000000261593e+02 2.228896060567354398e-01 3.170896826204543800e-02
1.410749999999738122e+02 2.201509007323008971e-01 3.126846999348135980e-02
1.412250000000117893e+02 2.183375239400897616e-01 3.141817263826021667e-02
1.413750000000000000e+02 2.163190350789107874e-01 3.077387915294096943e-02
1.415249999999880401e+02 2.139854992825847568e-01 3.034287879349689340e-02
1.416750000000263014e+02 2.124563701741264132e-01 3.041192754557990943e-02
1.418249999999736986e+02 2.105271770262695241e-01 3.070209502470107321e-02
1.419750000000122441e+02 2.084794277425708053e-01 3.025621523027437546e-02
1.421250000000000000e+02 2.064682851179785450e-01 3.006075379235650935e-02
1.422749999999876138e+02 2.040598019656224282e-01 2.971057399080883482e-02
1.424250000000264151e+02 2.022817399019235796e-01 2.934541578093905964e-02
1.425749999999735849e+02 2.005528271120196326e-01 2.972219053528582511e-02
1.427250000000126420e+02 1.984871264661577928e-01 2.893675742809444923e-02
1.428750000000000000e+02 1.967447112295307998e-01 2.913935698892721263e-02
1.430249999999871875e+02 1.951672351102888558e-01 2.902447147920634435e-02
1.431750000000265004e+02 1.929745042484181938e-01 2.879191724483240108e-02
1.433249999999734712e+02 1.904578913885890123e-01 2.903803006369063550e-02
1.434750000000130683e+02 1.895337353164449345e-01 2.822674570421258855e-02
1.436250000000000000e+02 1.872124033760515227e-01 2.811454294054563721e-02
1.437749999999867612e+02 1.857794445621835100e-01 2.826288587347590767e-02
1.439250000000266141e+02 1.840826374684459699e-01 2.816271365488672365e-02
1.440749999999733575e+02 1.819757851938443582e-01 2.822081984050845913e-02
1.442250000000134946e+02 1.794854441310967663e-01 2.811280556292812885e-02
1.443750000000000000e+02 1.782153607676794094e-01 2.775603199997453072e-02
1.445249999999863348e+02 1.761215929405763880e-01 2.724165914511021344e-02
1.446750000000266994e+02 1.742107277018713485e-01 2.702560379016067174e-02
1.448249999999732722e+02 1.724769886790611106e-01 2.734874535824833447e-02
1.449750000000139210e+02 1.703917551413416942e-01 2.724993427302997012e-02
1.451250000000000000e+02 1.686235358910347926e-01 2.660053361810771344e-02
1.452749999999859369e+02 1.675118527360011378e-01 2.684098454798188385e-02
1.454250000000268130e+02 1.653590978402511291e-01 2.669044108101644927e-02
1.455749999999731870e+02 1.635035185992493867e-01 2.644396160740905555e-02
1.457250000000142904e+02 1.617194773186900747e-01 2.632034922669378510e-02
1.458750000000000000e+02 1.601213676301924682e-01 2.630850153705126607e-02
1.460249999999855390e+02 1.578249267852482596e-01 2.594227913834495219e-02
1.461750000000269267e+02 1.564839214193328720e-01 2.596210296355712030e-02
1.463249999999730733e+02 1.545481533435032473e-01 2.586517944575881384e-02
1.464750000000146883e+02 1.528313370301727925e-01 2.510197228347987516e-02
1.466250000000000000e+02 1.510348700685140433e-01 2.530232786881806209e-02
1.467749999999851411e+02 1.492904659695198366e-01 2.495990619898250801e-02
1.469250000000270120e+02 1.472240666868073755e-01 2.489482847792464856e-02
1.470749999999729596e+02 1.460251602595923903e-01 2.489048561348124536e-02
1.472250000000150862e+02 1.441554284533456132e-01 2.452798695604192780e-02
1.473750000000000000e+02 1.422903557075531900e-01 2.434003295601604167e-02
1.475249999999847432e+02 1.411039573791444124e-01 2.439945455450865525e-02
1.476750000000270973e+02 1.392087433052185685e-01 2.423018229489831699e-02
1.478249999999728743e+02 1.374143203483420561e-01 2.409747506664871100e-02
1.479750000000154841e+02 1.358660767344080922e-01 2.422405128171037716e-02
1.481250000000000000e+02 1.339178497417218283e-01 2.377856410470249870e-02
1.482749999999843453e+02 1.323974711158025508e-01 2.352707084920801703e-02
1.484250000000272109e+02 1.305358777556473449e-01 2.332523419159397357e-02
1.485749999999727606e+02 1.292681989312080559e-01 2.309731767182128873e-02
1.487250000000158821e+02 1.275018451828736354e-01 2.301593135002170248e-02
1.488750000000000000e+02 1.255621498157949434e-01 2.269065754434826040e-02
1.490249999999839474e+02 1.240818742572945277e-01 2.281396070823521124e-02
1.491750000000273246e+02 1.226294352185083314e-01 2.277648083992258807e-02
1.493249999999726754e+02 1.203279603235762885e-01 2.251567179282110143e-02
1.494750000000162800e+02 1.189599965968562434e-01 2.226560051541208451e-02
1.496250000000000000e+02 1.172902163051728203e-01 2.201326050445191057e-02
1.497749999999835779e+02 1.156615500942810987e-01 2.193137996424000119e-02
1.499250000000274099e+02 1.144042366866817456e-01 2.178505460472789437e-02
1.500749999999725617e+02 1.124345070762352156e-01 2.161870340900931553e-02
1.502250000000166494e+02 1.109285370761665113e-01 2.147043345229819253e-02
1.503750000000000000e+02 1.094468888262044581e-01 2.120386021437594207e-02
1.505249999999831800e+02 1.076859161085405858e-01 2.089497681031315252e-02
1.506750000000274952e+02 1.061779079265329634e-01 2.082467994236844241e-02
1.508249999999724764e+02 1.041644769651663971e-01 2.085632786177679318e-02
1.509750000000170473e+02 1.025959356075945572e-01 2.065607375496034126e-02
1.511250000000000000e+02 1.015333459676356492e-01 2.046580288685029281e-02
1.512749999999828106e+02 9.965931477660268378e-02 2.046881661635404151e-02
1.514250000000275804e+02 9.845438294945212110e-02 2.017615245803061619e-02
1.515749999999723912e+02 9.675712563727831284e-02 1.995383241901909493e-02
1.517250000000174168e+02 9.502221175627130478e-02 1.989070894904193879e-02
1.518750000000000000e+02 9.354400622250033659e-02 1.968990295053128087e-02
1.520249999999824411e+02 9.213652353307048848e-02 1.942500610615334813e-02
1.521750000000276941e+02 9.055957683634020816e-02 1.907405810668836438e-02
1.523249999999722775e+02 8.892672897418482658e-02 1.911363333653923191e-02
1.524750000000177863e+02 8.760420504695862198e-02 1.890342875386671548e-02
1.526250000000000000e+02 8.593175871171439273e-02 1.875913854593717206e-02
1.527749999999820716e+02 8.416755840494635765e-02 1.863271890819232293e-02
1.529250000000277794e+02 8.262424691322810266e-02 1.840985020502859670e-02
1.530749999999721922e+02 8.130815532102356191e-02 1.807904516750379748e-02
1.532250000000181558e+02 8.031993870369753818e-02 1.818395914861174745e-02
1.533750000000000000e+02 7.813413849173740655e-02 1.802023796316299872e-02
1.535249999999817021e+02 7.661626394241358162e-02 1.780262524223847828e-02
1.536750000000278646e+02 7.516515824377482946e-02 1.752302569171736851e-02
1.538249999999721069e+02 7.386071403172030092e-02 1.749686542797659200e-02
1.539750000000185253e+02 7.242899930982103773e-02 1.723304217079718245e-02
1.541250000000000000e+02 7.090749699026514807e-02 1.700982921820472921e-02
1.542749999999813326e+02 6.949406775970706773e-02 1.685835746074747232e-02
1.544250000000279783e+02 6.803413442813668888e-02 1.663937716818036233e-02
1.545749999999720217e+02 6.650587438794791639e-02 1.624301898140328299e-02
1.547250000000188948e+02 6.537665689282030901e-02 1.623573890607597769e-02
1.548750000000000000e+02 6.395498559848972198e-02 1.634670061750926121e-02
1.550249999999809631e+02 6.199519636776901904e-02 1.604925845451633457e-02
1.551750000000280636e+02 6.059898502764853728e-02 1.554527997398255819e-02
1.553249999999719080e+02 5.949197391497684784e-02 1.533360885061049034e-02
1.554750000000192358e+02 5.816798148476844815e-02 1.515651057140758422e-02
1.556250000000000000e+02 5.665873436979672328e-02 1.519743224799971135e-02
1.557749999999806221e+02 5.492643551342127339e-02 1.493496112746081801e-02
1.559250000000281489e+02 5.382309454901580692e-02 1.481164335274824835e-02
1.560749999999718511e+02 5.267072875187551323e-02 1.462723344686450710e-02
1.562250000000196053e+02 5.118985667523957145e-02 1.437492313453668340e-02
1.563750000000000000e+02 4.957033961159367647e-02 1.434964401552337766e-02
1.565249999999802810e+02 4.841733099624400544e-02 1.404306979429996265e-02
1.566750000000282341e+02 4.676545735283246102e-02 1.373598528643302577e-02
1.568249999999717659e+02 4.541493550259751572e-02 1.340878819547070347e-02
1.569750000000199748e+02 4.400493074451385794e-02 1.330513397554469388e-02
1.571250000000000000e+02 4.293444356574609849e-02 1.304796920157365661e-02
1.572749999999799115e+02 4.144996403588821487e-02 1.287830800613527261e-02
1.574250000000283194e+02 3.996352221844969715e-02 1.278191020908820731e-02
1.575749999999716522e+02 3.881537502909004206e-02 1.247909053571886334e-02
1.577250000000202874e+02 3.705849818198010681e-02 1.210842229044206859e-02
1.578750000000000000e+02 3.598337306548382575e-02 1.196744111715432150e-02
1.580249999999795705e+02 3.482954536137259499e-02 1.185908720008294753e-02
1.581750000000284047e+02 3.339576998467453511e-02 1.148962937365129514e-02
1.583249999999715669e+02 3.206951891691341150e-02 1.127058858606107619e-02
1.584750000000206569e+02 3.064265665315863557e-02 1.103716494873892111e-02
1.586250000000000000e+02 2.945426016734672622e-02 1.081372276424656491e-02
1.587749999999792294e+02 2.822337545837540901e-02 1.062361246702384597e-02
1.589250000000284899e+02 2.658349485190013642e-02 1.028840828194000148e-02
1.590749999999715101e+02 2.536712150029334090e-02 9.934861217726964622e-03
1.592250000000209980e+02 2.414475010998551677e-02 9.708705396003242116e-03
1.593750000000000000e+02 2.279729403046474451e-02 9.529256965105212598e-03
1.595249999999788884e+02 2.160406653574450941e-02 9.236592015587524393e-03
1.596750000000285752e+02 2.032254329088663269e-02 8.856852170351273146e-03
1.598249999999713964e+02 1.898364814053618219e-02 8.704588014551303821e-03
1.599750000000213390e+02 1.781306911710752588e-02 8.370020336008294690e-03
1.601250000000000000e+02 1.648570633456456977e-02 8.008744000797875587e-03
1.602749999999785473e+02 1.515455339671769805e-02 7.604578707490808852e-03
1.604250000000286605e+02 1.380943409730064561e-02 7.280111984000623739e-03
1.605749999999713395e+02 1.255529227848325470e-02 6.971057313534882206e-03
1.607250000000216517e+02 1.124678619782394813e-02 6.614072776855944510e-03
1.608750000000000000e+02 1.021733972089839369e-02 6.317234694186979298e-03
1.610249999999782062e+02 8.811179863527638864e-03 5.780252597515460333e-03
1.611750000000287457e+02 7.534380274277202756e-03 5.441481197904667229e-03
1.613249999999712543e+02 6.308267365263389194e-03 4.965788539253013396e-03
1.614750000000219927e+02 5.060687939543426911e-03 4.435680654851813405e-03
1.616250000000000000e+02 3.790535087217215913e-03 3.834590609490946562e-03
1.617749999999778652e+02 2.563144959032924095e-03 3.129079443317205316e-03
1.619250000000288310e+02 1.372187962885186054e-03 2.283905984245003778e-03
1.620749999999711406e+02 2.074798114380771549e-04 9.065490706092453220e-04
