# Radius RDF_mean RDF_std
7.500000000000896228e-02 8.380633131171660952e-04 5.925706210154282894e-02
2.249999999999577616e-01 5.587088754114442803e-04 2.793125313968189763e-02
3.750000000000000000e-01 6.704506504937329412e-04 2.369571221485072821e-02
5.249999999999700462e-01 1.017648308785130398e-03 2.466184368190745685e-02
6.750000000001169509e-01 6.052679483623978800e-04 1.677703719528583770e-02
8.249999999998777200e-01 1.180907395756006445e-03 2.117788446682020154e-02
9.750000000001839418e-01 1.547193808831691603e-03 2.227927746659540478e-02
1.125000000000000000e+00 1.396772188528608424e-03 1.970488660798807440e-02
1.274999999999773648e+00 2.095158282792912961e-03 2.262953522650163959e-02
1.424999999999764455e+00 2.624461427919553332e-03 2.411857029958672932e-02
1.575000000000282396e+00 3.232529922023360484e-03 2.534944998994358503e-02
1.725000000000170397e+00 3.698409838321400304e-03 2.595134117583168185e-02
1.875000000000000000e+00 5.380366470212185302e-03 3.001759821230754258e-02
2.025000000000070521e+00 6.813144341822855755e-03 3.269370160791364166e-02
2.174999999999594813e+00 8.395082498639284269e-03 3.489770835473593458e-02
2.325000000000426059e+00 1.134088902750508311e-02 3.886498267108892679e-02
2.474999999999678124e+00 1.362487780264720789e-02 4.161330446700835933e-02
2.625000000000000000e+00 1.653379193449744031e-02 4.454675551031201525e-02
2.775000000000444444e+00 2.201614973918546506e-02 5.037251096345789908e-02
2.924999999999512212e+00 2.803214338362522429e-02 5.483478096719480305e-02
3.075000000000499334e+00 3.448323924947959557e-02 6.004859660677190625e-02
3.224999999999414779e+00 4.465123372910391464e-02 6.637430576317514264e-02
3.375000000000000000e+00 5.668101541048810310e-02 7.350341231457453717e-02
3.525000000000659384e+00 7.005852674973012117e-02 7.956661636438892848e-02
3.674999999999857714e+00 8.954449950663517788e-02 8.854582358783887053e-02
3.825000000000022382e+00 1.146667803711992895e-01 9.761984268809198451e-02
3.974999999999250466e+00 1.443603588132662818e-01 1.068633962735709431e-01
4.125000000000000000e+00 1.834368217265709977e-01 1.202825322266159319e-01
4.275000000000798828e+00 2.368337517138850989e-01 1.322983184787291933e-01
4.425000000000374634e+00 3.099555856869465331e-01 1.497460881543990208e-01
4.574999999999541878e+00 4.143879614793372634e-01 1.671274545538368184e-01
4.724999999999138112e+00 5.747983607640548831e-01 1.947068391901198570e-01
4.875000000000000000e+00 7.688392834537248755e-01 2.214020410589426224e-01
5.025000000000897415e+00 9.277736128437140684e-01 2.436965470950161194e-01
5.175000000000743228e+00 9.744004245626041172e-01 2.414526897772280301e-01
5.324999999999196376e+00 9.365298505541883589e-01 2.336882960770502449e-01
5.474999999999057287e+00 8.561849972234211181e-01 2.226363927108110374e-01
5.625000000000000000e+00 7.672748986025308415e-01 2.063802294806694748e-01
5.775000000000969358e+00 6.914566530172833181e-01 1.924946848880968453e-01
5.925000000001017675e+00 6.288604325307602938e-01 1.828970208647152651e-01
6.074999999998936140e+00 5.935454084394258256e-01 1.768898652196620458e-01
6.224999999998995115e+00 5.712108279278184098e-01 1.720747623433715456e-01
6.375000000000000000e+00 5.710612713422366093e-01 1.695040199718460538e-01
6.525000000001025313e+00 5.695121858213398891e-01 1.678175371223632473e-01
6.675000000001229949e+00 5.898223682626295705e-01 1.673611888234736167e-01
6.824999999998733635e+00 6.161100727020014656e-01 1.720256723557522238e-01
6.974999999999387690e+00 6.520808433563124451e-01 1.727332485458576705e-01
7.125000000000000000e+00 6.993947108130835755e-01 1.764369225662096308e-01
7.275000000000346745e+00 7.538422700628704121e-01 1.835866589674749749e-01
7.425000000001398703e+00 8.032498244788277564e-01 1.840965982113434152e-01
7.574999999998571099e+00 8.704615131772057701e-01 1.902465243754128954e-01
7.725000000000012079e+00 9.293105075341677734e-01 1.960403829761870886e-01
7.875000000000000000e+00 9.810209512242326069e-01 1.974846895078617992e-01
8.024999999999771205e+00 1.024786952226635739e+00 1.996364441687286662e-01
8.175000000001539036e+00 1.050254793075068527e+00 2.027869501208669212e-01
8.324999999998437872e+00 1.069497139576467193e+00 2.002396969822474448e-01
8.475000000000525446e+00 1.079173386652019895e+00 2.002012434717907186e-01
8.625000000000000000e+00 1.071361920721310090e+00 2.002234945917254205e-01
8.774999999999291589e+00 1.053775079566093620e+00 1.988159964497465126e-01
8.925000000001652722e+00 1.022891486403754158e+00 1.934500553061551942e-01
9.074999999998325961e+00 9.947915418847262936e-01 1.857021638008099496e-01
9.225000000000957101e+00 9.719592578140084926e-01 1.856645644740279322e-01
9.375000000000000000e+00 9.480607990904110771e-01 1.804690868376288282e-01
9.524999999998890132e+00 9.283266912941220417e-01 1.777505003744376810e-01
9.675000000001750422e+00 9.162110929116272784e-01 1.739239212720141703e-01
9.824999999998231814e+00 8.945846060285425061e-01 1.710345943188611995e-01
9.975000000001321254e+00 8.687786486043053147e-01 1.644600701634465201e-01
1.012500000000000000e+01 8.351797545324042282e-01 1.631863597898114970e-01
1.027499999999854730e+01 8.015035657387499235e-01 1.602766471855515684e-01
1.042500000000183391e+01 7.661496428494735111e-01 1.526683257067701915e-01
1.057499999999815010e+01 7.359236038670444735e-01 1.504523966983854488e-01
1.072500000000163745e+01 7.076536288970144417e-01 1.449756457991285274e-01
1.087500000000000000e+01 6.878419091776598604e-01 1.447525845466116901e-01
1.102499999999824887e+01 6.760120842484637071e-01 1.408838115547882686e-01
1.117500000000190674e+01 6.719524149541540314e-01 1.391933606329433526e-01
1.132499999999808082e+01 6.770996561169911887e-01 1.380754503492619967e-01
1.147500000000190923e+01 6.887538437014538717e-01 1.401044609272738828e-01
1.162500000000000000e+01 7.031270094151724770e-01 1.412986299558428582e-01
1.177499999999798952e+01 7.273428720937655800e-01 1.418773704838169891e-01
1.192500000000196891e+01 7.515635833588824033e-01 1.443363092169983042e-01
1.207499999999801865e+01 7.783187685438479608e-01 1.454121443028458249e-01
1.222500000000215081e+01 8.072374935233413984e-01 1.455196287649235531e-01
1.237500000000000000e+01 8.347593119948483187e-01 1.465174501320064548e-01
1.252499999999776215e+01 8.620133560025298181e-01 1.475838770277248246e-01
1.267500000000202398e+01 8.827583701653197723e-01 1.508633384593299209e-01
1.282499999999796536e+01 9.029568589006771173e-01 1.508274593550550935e-01
1.297500000000236220e+01 9.213537268401856828e-01 1.520743139248706410e-01
1.312500000000000000e+01 9.310117179417088940e-01 1.510173412402289472e-01
1.327499999999756142e+01 9.390807186841334531e-01 1.513735120775140108e-01
1.342500000000173088e+01 9.469623836839173858e-01 1.502615328695459662e-01
1.357499999999841833e+01 9.474560414912243100e-01 1.515997546917837169e-01
1.372500000000255049e+01 9.442500565119646971e-01 1.516295398819779705e-01
1.387500000000000000e+01 9.445970154662320928e-01 1.475600487671298588e-01
1.402499999999738023e+01 9.376606395292507168e-01 1.493606089743281518e-01
1.417500000000102034e+01 9.328509343491558914e-01 1.477091720534724484e-01
1.432499999999911111e+01 9.273411886773499369e-01 1.453868700116653090e-01
1.447500000000271925e+01 9.211944172517012586e-01 1.450590613051321864e-01
1.462500000000000000e+01 9.132182523811656072e-01 1.421392179899623465e-01
1.477499999999721680e+01 9.139569654319396053e-01 1.408479028480197071e-01
1.492500000000038618e+01 9.115033487241588350e-01 1.394821247141880549e-01
1.507499999999973639e+01 9.071660112263701947e-01 1.394950665622725072e-01
1.522500000000287201e+01 9.070734921421231833e-01 1.399238986118429007e-01
1.537500000000000000e+01 9.061958164167317475e-01 1.379710475604983277e-01
1.552499999999706937e+01 9.074383561215876304e-01 1.400465599629855395e-01
1.567499999999980886e+01 9.102470295338140893e-01 1.402180860413628216e-01
1.582500000000029772e+01 9.174926502532676498e-01 1.404495998544985913e-01
1.597500000000300879e+01 9.246297449648283040e-01 1.374050306142429456e-01
1.612500000000000000e+01 9.264244210864589490e-01 1.380813955959684924e-01
1.627499999999693969e+01 9.337010129069150954e-01 1.357171788490984243e-01
1.642499999999928662e+01 9.445222279083275163e-01 1.370348975354497567e-01
1.657500000000081286e+01 9.528324813139661398e-01 1.372662876603559234e-01
1.672500000000313847e+01 9.592724476745833062e-01 1.383045423636184157e-01
1.687500000000000000e+01 9.647877978750643013e-01 1.364035430909038005e-01
1.702499999999681535e+01 9.702262667866280443e-01 1.399350562290382627e-01
1.717499999999880700e+01 9.760656252321673332e-01 1.360827287502990313e-01
1.732500000000128182e+01 9.761151970597289340e-01 1.339162309477108792e-01
1.747500000000325215e+01 9.788165860809308061e-01 1.362643230145244300e-01
1.762500000000000000e+01 9.788579497208675928e-01 1.331326570193556991e-01
1.777499999999670521e+01 9.767380385131835263e-01 1.334853064735627426e-01
1.792499999999837357e+01 9.721078581821284148e-01 1.338222510370792595e-01
1.807500000000171170e+01 9.691784923264104012e-01 1.323622492982842735e-01
1.822500000000335874e+01 9.622225653964984193e-01 1.307944623079314028e-01
1.837500000000000000e+01 9.612363858125941851e-01 1.320158018324130156e-01
1.852499999999660218e+01 9.550545765501090578e-01 1.285982917103813683e-01
1.867499999999797211e+01 9.510352574401940151e-01 1.295198368476001838e-01
1.882500000000210960e+01 9.441985225423408234e-01 1.297669548500483272e-01
1.897500000000345466e+01 9.430365399656979175e-01 1.274500818193837481e-01
1.912500000000000000e+01 9.419568717613262532e-01 1.267575253009091685e-01
1.927499999999650626e+01 9.381988352476776649e-01 1.273622524306680381e-01
1.942499999999759908e+01 9.388137314525751842e-01 1.254858271564443517e-01
1.957500000000247198e+01 9.362869021909355771e-01 1.235346180300492674e-01
1.972500000000354348e+01 9.431351026801679804e-01 1.257895297259409018e-01
1.987500000000000000e+01 9.419341451461306081e-01 1.254851965029812610e-01
2.002499999999642100e+01 9.493640848455436876e-01 1.239907636290310256e-01
2.017499999999725446e+01 9.509276984119423570e-01 1.232087562707092354e-01
2.032500000000281304e+01 9.579140981042745251e-01 1.246932633852939482e-01
2.047500000000362874e+01 9.629240023702053675e-01 1.248668346939611068e-01
2.062500000000000000e+01 9.693558355015936545e-01 1.244875947669699251e-01
2.077499999999633928e+01 9.763135047881160711e-01 1.239554856822016188e-01
2.092499999999693472e+01 9.814066834885382118e-01 1.246501330916138794e-01
2.107500000000312212e+01 9.874160375393158384e-01 1.224438119103774397e-01
2.122500000000370690e+01 9.903879833237466679e-01 1.236139037389596684e-01
2.137500000000000000e+01 9.948723104339639578e-01 1.235201502433268123e-01
2.152499999999626468e+01 1.000908943132010398e+00 1.251194257848639857e-01
2.167499999999663984e+01 1.004663920044135184e+00 1.229384052136611311e-01
2.182500000000341700e+01 1.006119486909726302e+00 1.210399473241466350e-01
2.197500000000377796e+01 1.007763983312520040e+00 1.208034874977072515e-01
2.212500000000000000e+01 1.007661759658806444e+00 1.222691422161185926e-01
2.227499999999619718e+01 1.006238917259029808e+00 1.206265093332556104e-01
2.242499999999636273e+01 1.008579767019486262e+00 1.185948968152456678e-01
2.257500000000369056e+01 1.009656080412021373e+00 1.208819480454806916e-01
2.272500000000384546e+01 1.005023226757446375e+00 1.193179613339823975e-01
2.287500000000000000e+01 1.007812350251910960e+00 1.191532342509805387e-01
2.302499999999612967e+01 1.004118597499117360e+00 1.185322617892702463e-01
2.317499999999610338e+01 1.002319654219621992e+00 1.177729472800668753e-01
2.332500000000394635e+01 1.001555722345890187e+00 1.167190849762478194e-01
2.347500000000390941e+01 9.992191397035939948e-01 1.180741971325198064e-01
2.362500000000000000e+01 1.001030710519319245e+00 1.169173265355100688e-01
2.377499999999606928e+01 9.985246783841902340e-01 1.181355375471719177e-01
2.392499999999586180e+01 1.000655477335060217e+00 1.166473706220159806e-01
2.407500000000418439e+01 1.001481742991298773e+00 1.158188541675981703e-01
2.422500000000396625e+01 1.002062962850451155e+00 1.155859382544390523e-01
2.437500000000000000e+01 1.000703036973372040e+00 1.146822325603693432e-01
2.452499999999600888e+01 1.004890451564849574e+00 1.159790082003735734e-01
2.467499999999563087e+01 1.005822445772526219e+00 1.130538235674462821e-01
2.482500000000441176e+01 1.006834326090305876e+00 1.130138731844217287e-01
2.497500000000402309e+01 1.007826501569618838e+00 1.141679906903128039e-01
2.512500000000000000e+01 1.010187758383010781e+00 1.136651991836624548e-01
2.527499999999595559e+01 1.014266746408747810e+00 1.138021502699341492e-01
2.542499999999541771e+01 1.015871176635269935e+00 1.125432457065789899e-01
2.557500000000462137e+01 1.018781467286629550e+00 1.124626285737418546e-01
2.572500000000407638e+01 1.017808347114613543e+00 1.125655568135196793e-01
2.587500000000000000e+01 1.017990648105372431e+00 1.125802991084220023e-01
2.602499999999590585e+01 1.019985846432862608e+00 1.119701536064648673e-01
2.617499999999521521e+01 1.019800584358816042e+00 1.111354707227444338e-01
2.632500000000482032e+01 1.020007813452822765e+00 1.108964113598880641e-01
2.647500000000383480e+01 1.021867453914718782e+00 1.097727292341064836e-01
2.662500000000000000e+01 1.019905346500639576e+00 1.119041214625113301e-01
2.677499999999647073e+01 1.018885449866394399e+00 1.100897347993809450e-01
2.692499999999502691e+01 1.017508075747661556e+00 1.102826901454747183e-01
2.707500000000501217e+01 1.018698458164223331e+00 1.098139947243085696e-01
2.722500000000308873e+01 1.019133471752061926e+00 1.084252373228994232e-01
2.737500000000000000e+01 1.020556765692137491e+00 1.088412911373348585e-01
2.752499999999719549e+01 1.019417245459093291e+00 1.092393231712208840e-01
2.767499999999484928e+01 1.014941231257825649e+00 1.074898368376934615e-01
2.782500000000518625e+01 1.015884083859132980e+00 1.077361067978712672e-01
2.797500000000238529e+01 1.016596637224260524e+00 1.077015738910320208e-01
2.812500000000000000e+01 1.016184172269341657e+00 1.074239084232613411e-01
2.827499999999788827e+01 1.017616710717809569e+00 1.065001939539561571e-01
2.842499999999467164e+01 1.018382917241436703e+00 1.057995558587266627e-01
2.857500000000536033e+01 1.018416297812973825e+00 1.059713330418947941e-01
2.872500000000171028e+01 1.021313624480005622e+00 1.070140720371723503e-01
2.887500000000000000e+01 1.021457687481113430e+00 1.067944736172448950e-01
2.902499999999854552e+01 1.022665706291148169e+00 1.035813052104742893e-01
2.917499999999451177e+01 1.025105471857174377e+00 1.065949225387697180e-01
2.932500000000552021e+01 1.024943930096779754e+00 1.047985206308623962e-01
2.947500000000107434e+01 1.025586909976178962e+00 1.040484230770904184e-01
2.962500000000000000e+01 1.031278279536504305e+00 1.036164761920653210e-01
2.977499999999917080e+01 1.030692271186675280e+00 1.052075622563513196e-01
2.992499999999435900e+01 1.029430554787460261e+00 1.034821284206241671e-01
3.007500000000566942e+01 1.033026934789888385e+00 1.036765455148415532e-01
3.022500000000047393e+01 1.030238717236586554e+00 1.036242055607076162e-01
3.037500000000000000e+01 1.032853023945108140e+00 1.035865851571249746e-01
3.052499999999976410e+01 1.033550332177135544e+00 1.030934377410169661e-01
3.067499999999420623e+01 1.031279936936326802e+00 1.023673458171954070e-01
3.082500000000581508e+01 1.033767409397913228e+00 1.030234928437756686e-01
3.097499999999989839e+01 1.032799397713425327e+00 1.034833224099519777e-01
3.112500000000000000e+01 1.031649880158231669e+00 1.017301820327535938e-01
3.127500000000032898e+01 1.031189677802990978e+00 1.013139138075405399e-01
3.142499999999406768e+01 1.031400919181320930e+00 1.014915653313011867e-01
3.157500000000595364e+01 1.029971849224100344e+00 1.011137533561389246e-01
3.172499999999935127e+01 1.030951608641526462e+00 1.006873494574722361e-01
3.187500000000000000e+01 1.029627825229483040e+00 1.010249012028315435e-01
3.202500000000086544e+01 1.028575516035200588e+00 9.893411402721649650e-02
3.217499999999394333e+01 1.031167556563151289e+00 1.008880104651339732e-01
3.232500000000609219e+01 1.028537992919165367e+00 9.925253304927096620e-02
3.247499999999882903e+01 1.028588200915391271e+00 9.992901264408651785e-02
3.262500000000000000e+01 1.030204258662326788e+00 9.841097238822663074e-02
3.277500000000137703e+01 1.026931524323964062e+00 9.881414446701967946e-02
3.292499999999381544e+01 1.028329457073411835e+00 9.884462774921809469e-02
3.307500000000621299e+01 1.028863344255336987e+00 9.755751355760194921e-02
3.322499999999832454e+01 1.031344738864817367e+00 9.912110842984622749e-02
3.337500000000000000e+01 1.029562663452787907e+00 9.921139247257938776e-02
3.352500000000186731e+01 1.030981925558961843e+00 9.890462958925533288e-02
3.367499999999368754e+01 1.032672253534075990e+00 9.655520809834314266e-02
3.382500000000633378e+01 1.030312435619339162e+00 9.865727950262925816e-02
3.397499999999784848e+01 1.031213781423320874e+00 9.597011491425129492e-02
3.412500000000000000e+01 1.032295997790768860e+00 9.759233863565987266e-02
3.427500000000233626e+01 1.033016645183191029e+00 9.678345156850075293e-02
3.442499999999357385e+01 1.030887257282040670e+00 9.780031651012667526e-02
3.457500000000644746e+01 1.034007424120803487e+00 9.581586537709431417e-02
3.472499999999739373e+01 1.033352880900882731e+00 9.627014806772325739e-02
3.487500000000000000e+01 1.032389469132019899e+00 9.616158363573443224e-02
3.502500000000278391e+01 1.031155253941107297e+00 9.579752442435998661e-02
3.517499999999346016e+01 1.031024263860477186e+00 9.470590919354927861e-02
3.532500000000656115e+01 1.032422828655205516e+00 9.548281667695264485e-02
3.547499999999695319e+01 1.031689602724088939e+00 9.491928642273059213e-02
3.562500000000000000e+01 1.029637529120484452e+00 9.539981836557642758e-02
3.577500000000321734e+01 1.030912750226159913e+00 9.541736554058635744e-02
3.592499999999336069e+01 1.030250126605707583e+00 9.550753681045462407e-02
3.607500000000666773e+01 1.031925129261943352e+00 9.479169625445664493e-02
3.622499999999653397e+01 1.029873969456402971e+00 9.506375098998506856e-02
3.637500000000000000e+01 1.028163719981646906e+00 9.221364426576368623e-02
3.652500000000362235e+01 1.030083063974569502e+00 9.331829259549019595e-02
3.667499999999325411e+01 1.031331167490522560e+00 9.325179693775258183e-02
3.682500000000676721e+01 1.030613906568096372e+00 9.253427620641982432e-02
3.697499999999613607e+01 1.028996404870404335e+00 9.345619239477842566e-02
3.712500000000000000e+01 1.030166048112805210e+00 9.329285395397707292e-02
3.727500000000402736e+01 1.028892184382447228e+00 9.391370969063068952e-02
3.742499999999315463e+01 1.030141042438429633e+00 9.240146235263538288e-02
3.757500000000686668e+01 1.030085197028026256e+00 9.392370221125563579e-02
3.772499999999575238e+01 1.030337196673231537e+00 9.249337428729355326e-02
3.787500000000000000e+01 1.029821326580603547e+00 9.197722330279911596e-02
3.802500000000440394e+01 1.030870770648945944e+00 9.114399938324840855e-02
3.817499999999306226e+01 1.031641120038930381e+00 9.195276389947468210e-02
3.832500000000695906e+01 1.030439844618117107e+00 9.138974314833371582e-02
3.847499999999537579e+01 1.029452142327581754e+00 9.070349798712527833e-02
3.862500000000000000e+01 1.029192195037393009e+00 9.220465112528833385e-02
3.877500000000476632e+01 1.030708456809883211e+00 9.176144261296256821e-02
3.892499999999297700e+01 1.030171968919763481e+00 9.086664930738672097e-02
3.907500000000705143e+01 1.030211445443059759e+00 9.137772954414048743e-02
3.922499999999502052e+01 1.028024063687804635e+00 9.063362986918763187e-02
3.937500000000000000e+01 1.031809184310187977e+00 9.056653082654513021e-02
3.952500000000512159e+01 1.027978478463198897e+00 8.943793706708652591e-02
3.967499999999288463e+01 1.028725885332657297e+00 9.121570328283037932e-02
3.982500000000712959e+01 1.029052576046129763e+00 9.045762923144255729e-02
3.997499999999467946e+01 1.028041102505660609e+00 8.953399750001792001e-02
4.012500000000000000e+01 1.027475020722542043e+00 8.959038715659985164e-02
4.027500000000545555e+01 1.027694255541560686e+00 8.876101475538593355e-02
4.042499999999279936e+01 1.028539244734536950e+00 9.049895399933036155e-02
4.057500000000721485e+01 1.026612067564595332e+00 8.856371454095765539e-02
4.072499999999434550e+01 1.027784332883768359e+00 8.944348009996468118e-02
4.087500000000000000e+01 1.027688592854871796e+00 8.832889460357117029e-02
4.102500000000578240e+01 1.025992499622847998e+00 8.946349937694261789e-02
4.117499999999272120e+01 1.026936680282388936e+00 8.787402264491947501e-02
4.132500000000730012e+01 1.025858700120643840e+00 8.953479064865500769e-02
4.147499999999402576e+01 1.025600059605973779e+00 8.885811712175127608e-02
4.162500000000000000e+01 1.026926543318074758e+00 8.744903823850461166e-02
4.177500000000609504e+01 1.025643548861578047e+00 8.843215600345460947e-02
4.192499999999264304e+01 1.026857688655403944e+00 8.829701613462599685e-02
4.207500000000737828e+01 1.025707332185496812e+00 8.790024657193833135e-02
4.222499999999372022e+01 1.024350050808192858e+00 8.754577783632630505e-02
4.237500000000000000e+01 1.026342023722915497e+00 8.736910609214625090e-02
4.252500000000640057e+01 1.024941824514543409e+00 8.691646309990097574e-02
4.267499999999256488e+01 1.025341742624148900e+00 8.740475606179690105e-02
4.282500000000744933e+01 1.025332303097729270e+00 8.699297512410836264e-02
4.297499999999342180e+01 1.025181789659255882e+00 8.575673304264999630e-02
4.312500000000000000e+01 1.026262454464299312e+00 8.660254840939954346e-02
4.327500000000669900e+01 1.025043662480213280e+00 8.614391497500298311e-02
4.342499999999249383e+01 1.025931343622746850e+00 8.599675714844054464e-02
4.357500000000752038e+01 1.024758864898754229e+00 8.576971160383928261e-02
4.372499999999313758e+01 1.022314335633699889e+00 8.619903065510135798e-02
4.387500000000000000e+01 1.023363409407941349e+00 8.632994188278049486e-02
4.402500000000697611e+01 1.023253889728834354e+00 8.602054318279145351e-02
4.417499999999242277e+01 1.023585488341957950e+00 8.682328831613295161e-02
4.432500000000759144e+01 1.023785091713810047e+00 8.621342576016706449e-02
4.447499999999286047e+01 1.022614606161114770e+00 8.467879800554160841e-02
4.462500000000000000e+01 1.022299912300368208e+00 8.322744986842492421e-02
4.477500000000724611e+01 1.023742767767103601e+00 8.422173830744245082e-02
4.492499999999235882e+01 1.021307465499884826e+00 8.356908371337588848e-02
4.507500000000766249e+01 1.021978468575291288e+00 8.375405666763367785e-02
4.522499999999259757e+01 1.021015452999099571e+00 8.543156397265889990e-02
4.537500000000000000e+01 1.020684235188486833e+00 8.362386160206057573e-02
4.552500000000750902e+01 1.021914660513642659e+00 8.416507551132321185e-02
4.567499999999228777e+01 1.020569145208927608e+00 8.391812914256055467e-02
4.582500000000772644e+01 1.021504536515353223e+00 8.433137737356073693e-02
4.597499999999233466e+01 1.021055052754069825e+00 8.438271065431081353e-02
4.612500000000000000e+01 1.022294158022651001e+00 8.405635309631363794e-02
4.627500000000776481e+01 1.020075180250082703e+00 8.378715554316673586e-02
4.642499999999223093e+01 1.019491835318470097e+00 8.406246822880378278e-02
4.657500000000779039e+01 1.020533043396164574e+00 8.295216684374830118e-02
4.672499999999207887e+01 1.020097928838390233e+00 8.272675904492603205e-02
4.687500000000000000e+01 1.018412526748024627e+00 8.376775010178592884e-02
4.702500000000801350e+01 1.020636809335046857e+00 8.341119524186381418e-02
4.717499999999216698e+01 1.019953696668042475e+00 8.277861705444587714e-02
4.732500000000784723e+01 1.018214385736613048e+00 8.159411996045988491e-02
4.747499999999183729e+01 1.017541919569681763e+00 8.174533223487381872e-02
4.762500000000000000e+01 1.019865641427183389e+00 8.283548982193560117e-02
4.777500000000825509e+01 1.018738975169081407e+00 8.072681114496253751e-02
4.792499999999211013e+01 1.019673206897473650e+00 8.334710076256474087e-02
4.807500000000790408e+01 1.017325840251576796e+00 8.264987720325447929e-02
4.822499999999160281e+01 1.018191532450092307e+00 8.132296644062696200e-02
4.837500000000000000e+01 1.018209894732825527e+00 8.229080886707894338e-02
4.852500000000848956e+01 1.018232677065718406e+00 8.170252151425258513e-02
4.867499999999204618e+01 1.017630968271932668e+00 8.251798987512359851e-02
4.882500000000796092e+01 1.016442064047207161e+00 8.010334779195163457e-02
4.897499999999137543e+01 1.016644594585247807e+00 8.094898073547421302e-02
4.912500000000000000e+01 1.016320019560217114e+00 8.140878685133721981e-02
4.927500000000870983e+01 1.016526790920254220e+00 8.133689962612627999e-02
4.942499999999198934e+01 1.016235064797975651e+00 8.163294336928131334e-02
4.957500000000802487e+01 1.014399568215481384e+00 8.101736817264967860e-02
4.972499999999115516e+01 1.016855841461370868e+00 8.141058178728230454e-02
4.987500000000000000e+01 1.016924927820111124e+00 8.053132248831405826e-02
5.002500000000893010e+01 1.015178633667298769e+00 8.144545568737052155e-02
5.017499999999193960e+01 1.015299297670892109e+00 8.165317443681023579e-02
5.032500000000807461e+01 1.016041232723560617e+00 8.032038401566621300e-02
5.047499999999094200e+01 1.016517252418180695e+00 8.155032893206749789e-02
5.062500000000000000e+01 1.015578159375815748e+00 7.930268489402125809e-02
5.077500000000914326e+01 1.013880826020273185e+00 8.027645489461147921e-02
5.092499999999188276e+01 1.014404053382290893e+00 8.040469913981086736e-02
5.107500000000812435e+01 1.013065331340615050e+00 8.006603035765595677e-02
5.122499999999072884e+01 1.014780558146701317e+00 8.004288264347809989e-02
5.137500000000000000e+01 1.016064290472975085e+00 7.880185315542044544e-02
5.152500000000934932e+01 1.012611651092443665e+00 7.934424912041067313e-02
5.167499999999183302e+01 1.014726208079133940e+00 7.899097735902449458e-02
5.182500000000818119e+01 1.015362823326516395e+00 7.949631221403107018e-02
5.197499999999052989e+01 1.014436942078086101e+00 8.071443357316762657e-02
5.212500000000000000e+01 1.013931200836419633e+00 7.902204578003296787e-02
5.227500000000954827e+01 1.014069835122051622e+00 7.849071122213178986e-02
5.242499999999178328e+01 1.013501496834601223e+00 7.850275047008577201e-02
5.257500000000806040e+01 1.012448627193974549e+00 7.847555259990521281e-02
5.272499999999033804e+01 1.014040515195070657e+00 7.816026526242488004e-02
5.287500000000000000e+01 1.013630444761500105e+00 7.815997812251343491e-02
5.302500000000974723e+01 1.013963556580288472e+00 7.840050048287758311e-02
5.317499999999255778e+01 1.012694903742420216e+00 7.794462803986418331e-02
5.332500000000729301e+01 1.012266147306896791e+00 7.832028958390878370e-02
5.347499999999015330e+01 1.013758056162756604e+00 7.770952443382829478e-02
5.362500000000000000e+01 1.013380297638670990e+00 7.716918458076683918e-02
5.377500000000993197e+01 1.012153725923718550e+00 7.862751596517514319e-02
5.392499999999331095e+01 1.012877026016597348e+00 7.784771282950583848e-02
5.407500000000654694e+01 1.012653056235731430e+00 7.800845102362155559e-02
5.422499999998996145e+01 1.013361700218634365e+00 7.675504691895343456e-02
5.437500000000000000e+01 1.011440695385445565e+00 7.702311540780025501e-02
5.452500000001011671e+01 1.011887673350959638e+00 7.716271809437055818e-02
5.467499999999403570e+01 1.012357490110761038e+00 7.629085867291139633e-02
5.482500000000581508e+01 1.009837630770167527e+00 7.728641639106229033e-02
5.497499999998977671e+01 1.011930580589727402e+00 7.681669292724868647e-02
5.512500000000000000e+01 1.012870207678165491e+00 7.732527636931287029e-02
5.527500000001029434e+01 1.011313287646678161e+00 7.605248152358215497e-02
5.542499999999475335e+01 1.012908949774523615e+00 7.782044920720571080e-02
5.557500000000510454e+01 1.012686414939464541e+00 7.617266008024568824e-02
5.572499999998960618e+01 1.010877495213627020e+00 7.590463096887453687e-02
5.587500000000000000e+01 1.012511535099204218e+00 7.626409224797048303e-02
5.602500000001046487e+01 1.011880673402174580e+00 7.687941948029702877e-02
5.617499999999544258e+01 1.011257096976709846e+00 7.578384800311242786e-02
5.632500000000441531e+01 1.011598773389564387e+00 7.598630843237576260e-02
5.647499999998942855e+01 1.010366013989565381e+00 7.521663149001302229e-02
5.662500000000000000e+01 1.009840206891816417e+00 7.529641075916121418e-02
5.677500000001062830e+01 1.009735102738691603e+00 7.419265421238908920e-02
5.692499999999611759e+01 1.010046823731336030e+00 7.514631942281779775e-02
5.707500000000374030e+01 1.009374026470485353e+00 7.478700553336613266e-02
5.722499999998926512e+01 1.009373669244680416e+00 7.520180076554273951e-02
5.737500000000000000e+01 1.008800363412506229e+00 7.512165386563073033e-02
5.752500000001079172e+01 1.008348600074221890e+00 7.454872514341055745e-02
5.767499999999677129e+01 1.008415211290034419e+00 7.483080277008002934e-02
5.782500000000310081e+01 1.008373865679838666e+00 7.408712778653266107e-02
5.797499999998910170e+01 1.009203322427830063e+00 7.512729566494591449e-02
5.812500000000000000e+01 1.009442394475549509e+00 7.388221210400937322e-02
5.827500000001095515e+01 1.008561739439735261e+00 7.501033497351471124e-02
5.842499999999741078e+01 1.008243956649975681e+00 7.455518026656660080e-02
5.857500000000246132e+01 1.006875125231524448e+00 7.441671012158956877e-02
5.872499999998893827e+01 1.007582221922799448e+00 7.366810172942533930e-02
5.887500000000000000e+01 1.006610656543969418e+00 7.360876620634525247e-02
5.902500000001111857e+01 1.007274898313205158e+00 7.409491144705412924e-02
5.917499999999803606e+01 1.006327625731219033e+00 7.404352212906249731e-02
5.932500000000184315e+01 1.006699981040382275e+00 7.384353471798008051e-02
5.947499999998878906e+01 1.006154718087181266e+00 7.246648304448294331e-02
5.962500000000000000e+01 1.006553570342066051e+00 7.333154985163720108e-02
5.977500000001126779e+01 1.006421505086908308e+00 7.258045033628730824e-02
5.992499999999864002e+01 1.005666535728313216e+00 7.377846525089601371e-02
6.007500000000123919e+01 1.004408418057882280e+00 7.361208954921370784e-02
6.022499999998863984e+01 1.005829916386532519e+00 7.330450217718284533e-02
6.037500000000000000e+01 1.004117490299920812e+00 7.294405500070112736e-02
6.052500000001142411e+01 1.005960522639970822e+00 7.298443395966626446e-02
6.067499999999923688e+01 1.003219797600420238e+00 7.262975319005154917e-02
6.082500000000064944e+01 1.002546930472945741e+00 7.156679824577637239e-02
6.097499999998849773e+01 1.004509593651068400e+00 7.316337506180822792e-02
6.112500000000000000e+01 1.003482100797610466e+00 7.230356045435711032e-02
6.127500000001155911e+01 1.002232427953408056e+00 7.271201533708596121e-02
6.142499999999980531e+01 1.001669337275994609e+00 7.132515580565552960e-02
6.157500000000007390e+01 1.002666705768521460e+00 7.142316423895045396e-02
6.172499999998834852e+01 1.001082411213898737e+00 7.167937885409500498e-02
6.187500000000000000e+01 1.003050044026171150e+00 7.189166963299713220e-02
6.202500000001170122e+01 1.001093988714887084e+00 7.211443207721771054e-02
6.217500000000037375e+01 1.001976972528668242e+00 7.082188803575591163e-02
6.232499999999951967e+01 1.001961166818989835e+00 7.267931667285049135e-02
6.247499999998820641e+01 1.001690899170068150e+00 7.111196059475212439e-02
6.262500000000000000e+01 1.000736922370722981e+00 7.074811251366373843e-02
6.277500000001184333e+01 1.001326957818831742e+00 7.156885356975221935e-02
6.292500000000092086e+01 1.001135550484617553e+00 7.025206207630935173e-02
6.307499999999897256e+01 9.992978256388058700e-01 7.018659147904836304e-02
6.322499999998807851e+01 1.000952300969216502e+00 7.075023475085898128e-02
6.337500000000000000e+01 9.992714859838460750e-01 7.053588024109871957e-02
6.352500000001197833e+01 1.000589713094713673e+00 7.047161036602794804e-02
6.367500000000146798e+01 9.998006484853942943e-01 7.031668204935628830e-02
6.382499999999843254e+01 9.991871400530077940e-01 6.901442689206495340e-02
6.397499999998793641e+01 9.989321696664607009e-01 7.006274370081343184e-02
6.412500000000000000e+01 1.000107510615674045e+00 6.992370872560069173e-02
6.427500000001211333e+01 9.989876046436717560e-01 7.005334961623657652e-02
6.442500000000200089e+01 9.988802481416260148e-01 7.003292344985904971e-02
6.457499999999791385e+01 9.975639900826231976e-01 6.975636879923470535e-02
6.472499999998781561e+01 9.987243231021847301e-01 7.036912852946250463e-02
6.487500000000000000e+01 9.984981814570914604e-01 6.973948035745114460e-02
6.502500000001224123e+01 9.974901174163423034e-01 6.933907112507875503e-02
6.517500000000251248e+01 9.985037353957727513e-01 6.886745596109918044e-02
6.532499999999740226e+01 9.971591934029961912e-01 6.931446935637662621e-02
6.547499999998768772e+01 9.974642992452796841e-01 6.947910664378242895e-02
6.562500000000000000e+01 9.962412984081967515e-01 6.960541713043073841e-02
6.577500000001236913e+01 9.967023913143465697e-01 6.904353644096934695e-02
6.592500000000300986e+01 9.969911990407254176e-01 6.911166184009254199e-02
6.607499999999690488e+01 9.963730924595222138e-01 7.011158576370181417e-02
6.622499999998755982e+01 9.951384922367623176e-01 6.968579446229637708e-02
6.637500000000000000e+01 9.971272564646989078e-01 6.814523426592779265e-02
6.652500000001249703e+01 9.958006231490585947e-01 6.825651960079516523e-02
6.667500000000349303e+01 9.966142394106083380e-01 6.882166449939124131e-02
6.682499999999640750e+01 9.957508982097333927e-01 6.828616397268716387e-02
6.697499999998743192e+01 9.951631143368506738e-01 6.823121863379877361e-02
6.712500000000000000e+01 9.962241197823848982e-01 6.855742820939862703e-02
6.727500000001261071e+01 9.955159762996921291e-01 6.809725288399208487e-02
6.742500000000397620e+01 9.953409491322845470e-01 6.807495329517357363e-02
6.757499999999593854e+01 9.947541783792046566e-01 6.740097478728644675e-02
6.772499999998731823e+01 9.952108573367096644e-01 6.830292640807848759e-02
6.787500000000000000e+01 9.934393253322632011e-01 6.703273769782981673e-02
6.802500000001272440e+01 9.949969054634737464e-01 6.835799287606797447e-02
6.817500000000444516e+01 9.946059799203591512e-01 6.871415907155552227e-02
6.832499999999546958e+01 9.946049845861496541e-01 6.834088964729491400e-02
6.847499999998720455e+01 9.937388515834992830e-01 6.793376334029725683e-02
6.862500000000000000e+01 9.947133748720834445e-01 6.813865503012597746e-02
6.877500000001283809e+01 9.936058534109004636e-01 6.810820116325438933e-02
6.892500000000489990e+01 9.940734952914255240e-01 6.806753466599284319e-02
6.907499999999501483e+01 9.946282811862450224e-01 6.737024940574450060e-02
6.922499999998709086e+01 9.935449411848981116e-01 6.733094936267693120e-02
6.937500000000000000e+01 9.940155705083676407e-01 6.712630834002415725e-02
6.952500000001295177e+01 9.933179320958861469e-01 6.755091205307231506e-02
6.967500000000535465e+01 9.942633396003941471e-01 6.751255065203198846e-02
6.982499999999456008e+01 9.926805933347904176e-01 6.685521479167086389e-02
6.997499999998697717e+01 9.925445206768711559e-01 6.731354187791753485e-02
7.012500000000000000e+01 9.933425520095924277e-01 6.716359825097846514e-02
7.027500000001306546e+01 9.929283798278968343e-01 6.723745635901319517e-02
7.042500000000579519e+01 9.942112874672845990e-01 6.670750962677500506e-02
7.057499999999413376e+01 9.926098472955963148e-01 6.623966671559236574e-02
7.072499999998686349e+01 9.927308747660634758e-01 6.667126464943749775e-02
7.087500000000000000e+01 9.927445257932738798e-01 6.639518566140786837e-02
7.102500000001316494e+01 9.918722676540002725e-01 6.582388696660781968e-02
7.117500000000620730e+01 9.922188336995749758e-01 6.573869841143656356e-02
7.132499999999369322e+01 9.915302425101583106e-01 6.597593327767475868e-02
7.147499999998676401e+01 9.919613730126669582e-01 6.683950516999592750e-02
7.162500000000000000e+01 9.911910824983903856e-01 6.605733866352955785e-02
7.177500000001327862e+01 9.909682710971160491e-01 6.538706889369298725e-02
7.192500000000663363e+01 9.929236932623390910e-01 6.565494001946914349e-02
7.207499999999328111e+01 9.915937214427671398e-01 6.576410252241836341e-02
7.222499999998666453e+01 9.932346952376730487e-01 6.535036869089386191e-02
7.237500000000000000e+01 9.912526021610671423e-01 6.632733231934573315e-02
7.252500000001337810e+01 9.924337953964437187e-01 6.576932118083353429e-02
7.267500000000704574e+01 9.925579929730887763e-01 6.564488776462126807e-02
7.282499999999286899e+01 9.909930374473462367e-01 6.510448500523294268e-02
7.297499999998655085e+01 9.928474916855375421e-01 6.506460945402196827e-02
7.312500000000000000e+01 9.922923195181482248e-01 6.593690810644187161e-02
7.327500000001347757e+01 9.924561059861141121e-01 6.512913029912406615e-02
7.342500000000745786e+01 9.931859218386149823e-01 6.444203204553518305e-02
7.357499999999247109e+01 9.918428053046732806e-01 6.501763533228352432e-02
7.372499999998646558e+01 9.908858207497983628e-01 6.456718441244485573e-02
7.387500000000000000e+01 9.919866156630338105e-01 6.510882252005743831e-02
7.402500000001359126e+01 9.920988406071249432e-01 6.485630272670131480e-02
7.417500000000785576e+01 9.918513206123367176e-01 6.483702961914450391e-02
7.432499999999207319e+01 9.925777480663180441e-01 6.487756723070660370e-02
7.447499999998635190e+01 9.919821224807987559e-01 6.423780775476363447e-02
7.462500000000000000e+01 9.934629927856312159e-01 6.387651627572769886e-02
7.477500000001367653e+01 9.932210267832680683e-01 6.409465466562067060e-02
7.492500000000823945e+01 9.919704107976067275e-01 6.430506363011934123e-02
7.507499999999168949e+01 9.925650152177026841e-01 6.400399989938451717e-02
7.522499999998626663e+01 9.928994791096190653e-01 6.462279741440107861e-02
7.537500000000000000e+01 9.928677832452532659e-01 6.426051290363604673e-02
7.552500000001377600e+01 9.925087277679270903e-01 6.421070344345253256e-02
7.567500000000862315e+01 9.927416437846842134e-01 6.405609866865609459e-02
7.582499999999130580e+01 9.931862626459024845e-01 6.429419777176514916e-02
7.597499999998616715e+01 9.935765917777801270e-01 6.396798337523501576e-02
7.612500000000000000e+01 9.930905766763769016e-01 6.439024335808961330e-02
7.627500000001386127e+01 9.929360948941926557e-01 6.396879744636570220e-02
7.642500000000899263e+01 9.915395171954510811e-01 6.381491658878185591e-02
7.657499999999093632e+01 9.929314213516523546e-01 6.349491080457278502e-02
7.672499999998608189e+01 9.933299022700883274e-01 6.389334970903917665e-02
7.687500000000000000e+01 9.931504041061635091e-01 6.464772807939390964e-02
7.702500000001396074e+01 9.928863298725507658e-01 6.366794556439760167e-02
7.717500000000934790e+01 9.933904888147288004e-01 6.382221241656679811e-02
7.732499999999058105e+01 9.939036654280780647e-01 6.340832980044720790e-02
7.747499999998598241e+01 9.936713069659693920e-01 6.376124708773070471e-02
7.762500000000000000e+01 9.935847869259941678e-01 6.352253890477772835e-02
7.777500000001404601e+01 9.929862263263496969e-01 6.350938412071986672e-02
7.792500000000971738e+01 9.932740099361458963e-01 6.302078530898228004e-02
7.807499999999021156e+01 9.929126176559155414e-01 6.382224301810977829e-02
7.822499999998589715e+01 9.941118269367863469e-01 6.264583200466457280e-02
7.837500000000000000e+01 9.935809978872193193e-01 6.360040903833925896e-02
7.852500000001413127e+01 9.943505145970605863e-01 6.306995411130759954e-02
7.867500000001005844e+01 9.935464273598505480e-01 6.322377523620203998e-02
7.882499999998987050e+01 9.935180772295713059e-01 6.334973243581204505e-02
7.897499999998581188e+01 9.934014919357078144e-01 6.291143114392501456e-02
7.912500000000000000e+01 9.926212530033753367e-01 6.305252546573185402e-02
7.927500000001423075e+01 9.948885865195800093e-01 6.251755066463327015e-02
7.942500000001041371e+01 9.922701282201019657e-01 6.356821862540432133e-02
7.957499999998951523e+01 9.945465581328420956e-01 6.285963932696975176e-02
7.972499999998572662e+01 9.938666150941596333e-01 6.260030957837270371e-02
7.987500000000000000e+01 9.941551626554377963e-01 6.302180409294910746e-02
8.002500000001430180e+01 9.940942863463606560e-01 6.263360453553049045e-02
8.017500000001075477e+01 9.955337633160797894e-01 6.274278650839400229e-02
8.032499999998918838e+01 9.948316242701698009e-01 6.255792829901631047e-02
8.047499999998564135e+01 9.940305666086568515e-01 6.271765882106204726e-02
8.062500000000000000e+01 9.936406069704650790e-01 6.177571449536798515e-02
8.077500000001438707e+01 9.947445798049725507e-01 6.296548537994751948e-02
8.092500000001108162e+01 9.945947437774493860e-01 6.245404281476434755e-02
8.107499999998886153e+01 9.951773139587208883e-01 6.182569126820024186e-02
8.122499999998557030e+01 9.945644788679659509e-01 6.167710185794764155e-02
8.137500000000000000e+01 9.943868380881877300e-01 6.202378740435930682e-02
8.152500000001447233e+01 9.945699021201228618e-01 6.183081148132176658e-02
8.167500000001139426e+01 9.950031740344745801e-01 6.222620778703593508e-02
8.182499999998853468e+01 9.950984030351734955e-01 6.142873332871404829e-02
8.197499999998548503e+01 9.958120548882671841e-01 6.188430595693680814e-02
8.212500000000000000e+01 9.953153701975196999e-01 6.196931644205639494e-02
8.227500000001455760e+01 9.948831412318837053e-01 6.157754444234549845e-02
8.242500000001172111e+01 9.955898570773200618e-01 6.177646587813288848e-02
8.257499999998822204e+01 9.966471946429342754e-01 6.235368322058952584e-02
8.272499999998539977e+01 9.954934684960482505e-01 6.056210159123051606e-02
8.287500000000000000e+01 9.962422648625922639e-01 6.165689422435273459e-02
8.302500000001462865e+01 9.971261401247958345e-01 6.271064984999528968e-02
8.317500000001203375e+01 9.969004931224075827e-01 6.085984997524589851e-02
8.332499999998789519e+01 9.964025901962211273e-01 6.111544738105453151e-02
8.347499999998531450e+01 9.966233107073995123e-01 6.132979945585143727e-02
8.362500000000000000e+01 9.964309723761584081e-01 6.180215572228330706e-02
8.377500000001469971e+01 9.972240659623933245e-01 6.213864982938212267e-02
8.392500000001234639e+01 9.967531104032585354e-01 6.215456500910234577e-02
8.407499999998758256e+01 9.974515917016937294e-01 6.203566060774166890e-02
8.422499999998524345e+01 9.972013123534876344e-01 6.142720532250244003e-02
8.437500000000000000e+01 9.980279961813940393e-01 6.210029296690779826e-02
8.452500000001478497e+01 9.969833926894147158e-01 6.195721841970333599e-02
8.467500000001264482e+01 9.984128840778953018e-01 6.068035525932828633e-02
8.482499999998728413e+01 9.985594770145360677e-01 6.077138959740439883e-02
8.497499999998517239e+01 9.963977346389458756e-01 6.149712739432126873e-02
8.512500000000000000e+01 9.982545005334236832e-01 6.135312788684113561e-02
8.527500000001485603e+01 9.981684173626277357e-01 6.142896057522531650e-02
8.542500000001294325e+01 9.983394267545651068e-01 6.104937294477930099e-02
8.557499999998699991e+01 9.975770229604985495e-01 6.107970728942563321e-02
8.572499999998510134e+01 9.974808456874846296e-01 6.043543818616438357e-02
8.587500000000000000e+01 9.981787857700716859e-01 6.048961543697970594e-02
8.602500000001494129e+01 9.985973729703470081e-01 6.046903405963623829e-02
8.617500000001324167e+01 9.976523765448157555e-01 6.123914950446724542e-02
8.632499999998670148e+01 9.986805862698989733e-01 6.048375859727717074e-02
8.647499999998503029e+01 9.987981144219794105e-01 6.105336302084753142e-02
8.662500000000000000e+01 9.977702451535328532e-01 6.013067726054090872e-02
8.677500000001501235e+01 9.972877370218850013e-01 6.021938216898627821e-02
8.692500000001352589e+01 9.990727020776174472e-01 6.091563494788165140e-02
8.707499999998641727e+01 9.990288560000019080e-01 6.074907515760364501e-02
8.722499999998494502e+01 9.989087766232441767e-01 6.029705856258783803e-02
8.737500000000000000e+01 9.989340621178304236e-01 6.022773495679271949e-02
8.752500000001508340e+01 9.990759578492478532e-01 6.009152210627442120e-02
8.767500000001381011e+01 9.995389004694799073e-01 5.974551476466860578e-02
8.782499999998613305e+01 9.986164910944208550e-01 5.970366469434530005e-02
8.797499999998487397e+01 9.992136716765379623e-01 6.049303537887398829e-02
8.812500000000000000e+01 9.994800131865151371e-01 6.018694872163263959e-02
8.827500000001514024e+01 9.998878562228900035e-01 6.029289083995276882e-02
8.842500000001409433e+01 9.989746679506509297e-01 5.994728288216687184e-02
8.857499999998586304e+01 9.993252156891774263e-01 5.908372426763772167e-02
8.872499999998480291e+01 1.000472615609709015e+00 5.932011286185012722e-02
8.887500000000000000e+01 9.999241032295572706e-01 5.932085571371781968e-02
8.902500000001521130e+01 9.998871963772747451e-01 5.913894616911937602e-02
8.917500000001436433e+01 1.001246011129210300e+00 5.991443015142468992e-02
8.932499999998557882e+01 1.000605727879416929e+00 5.965652027317335654e-02
8.947499999998473186e+01 9.998973430384169303e-01 5.914741074371741847e-02
8.962500000000000000e+01 1.001519321969209120e+00 5.940326017212932408e-02
8.977500000001528235e+01 1.001024619332337107e+00 5.928415363849788566e-02
8.992500000001462013e+01 1.001076063594118049e+00 5.898979111623992716e-02
9.007499999998532303e+01 1.000916250629205084e+00 5.916776835726723915e-02
9.022499999998467501e+01 1.001377330957894385e+00 5.872589146190335119e-02
9.037500000000000000e+01 1.002032660665272967e+00 5.860775452499656507e-02
9.052500000001533920e+01 1.001106204659145904e+00 5.898909001459474999e-02
9.067500000001489013e+01 1.001047218277110407e+00 5.893248354445101977e-02
9.082499999998505302e+01 1.002368013199976371e+00 5.944731592920881463e-02
9.097499999998460396e+01 1.001857364090476432e+00 5.856408016458757720e-02
9.112500000000000000e+01 1.002511683190044911e+00 5.962456269641091405e-02
9.127500000001541025e+01 1.002201146259916076e+00 5.910987631314099794e-02
9.142500000001514593e+01 1.002687754091323269e+00 5.866015058179964436e-02
9.157499999998479723e+01 1.001886845093538758e+00 5.841389750099699324e-02
9.172499999998454712e+01 1.002446039987224369e+00 5.919786577399061694e-02
9.187500000000000000e+01 1.001972762096591030e+00 5.893766471188456590e-02
9.202500000001548131e+01 1.001886932358742488e+00 5.850065060663720007e-02
9.217500000001541594e+01 1.002620692848481321e+00 5.883156381385480638e-02
9.232499999998454143e+01 1.003441934504207600e+00 5.825846678847543952e-02
9.247499999998447606e+01 1.002689398126775489e+00 5.880609599637962037e-02
9.262500000000000000e+01 1.003440009249323639e+00 5.868657646255977245e-02
9.277500000001553815e+01 1.002931775700353523e+00 5.845117967525804287e-02
9.292500000001565752e+01 1.003851040455051358e+00 5.882127638265537833e-02
9.307499999998428564e+01 1.003155370328669749e+00 5.778297527579255577e-02
9.322499999998441922e+01 1.003542723670865389e+00 5.839510683131590024e-02
9.337500000000000000e+01 1.003356324192816063e+00 5.779266047890216362e-02
9.352500000001559499e+01 1.003891310842456308e+00 5.875706244458847594e-02
9.367500000001591332e+01 1.003232574976206104e+00 5.774543986277880930e-02
9.382499999998402984e+01 1.004391079310088974e+00 5.802576007142706827e-02
9.397499999998436238e+01 1.003327659465784949e+00 5.879692996752469009e-02
9.412500000000000000e+01 1.003868296546484684e+00 5.800735637683106932e-02
9.427500000001566605e+01 1.004386878353243251e+00 5.851289457420382617e-02
9.442500000001615490e+01 1.003607110945385461e+00 5.807454249902518906e-02
9.457499999998380247e+01 1.005126682062327914e+00 5.811795953844745011e-02
9.472499999998429132e+01 1.004385039734398077e+00 5.843831589781971897e-02
9.487500000000000000e+01 1.005161543991479389e+00 5.842220820786670626e-02
9.502500000001572289e+01 1.004287581980341626e+00 5.689911111845600417e-02
9.517500000001639648e+01 1.004260712005369260e+00 5.840201096975445455e-02
9.532499999998356088e+01 1.003747309186016734e+00 5.776967410151334636e-02
9.547499999998423448e+01 1.004350413697425504e+00 5.761339562329199221e-02
9.562500000000000000e+01 1.005688135874927891e+00 5.803559638720034997e-02
9.577500000001577973e+01 1.004351284434789715e+00 5.876161001900358921e-02
9.592500000001662386e+01 1.005295276143316707e+00 5.850385988217883526e-02
9.607499999998331930e+01 1.005458445645667442e+00 5.863641550650580681e-02
9.622499999998417763e+01 1.005629271510758871e+00 5.740030279664706803e-02
9.637500000000000000e+01 1.005376946924219528e+00 5.770366761033026565e-02
9.652500000001585079e+01 1.006326174822304909e+00 5.705719343806407717e-02
9.667500000001686544e+01 1.005675975740602635e+00 5.732519616935632251e-02
9.682499999998309193e+01 1.006010292244274851e+00 5.732108249329679467e-02
9.697499999998412079e+01 1.005007728814210077e+00 5.721065653591015515e-02
9.712500000000000000e+01 1.006560957656189359e+00 5.774902226600037158e-02
9.727500000001590763e+01 1.006742131844409860e+00 5.811221973591718798e-02
9.742500000001709282e+01 1.006254039426943026e+00 5.762077073038963937e-02
9.757499999998287876e+01 1.006544314976629328e+00 5.771612591519608565e-02
9.772499999998406395e+01 1.007712283069319481e+00 5.732105951756598372e-02
9.787500000000000000e+01 1.006497342006865026e+00 5.733800910510598869e-02
9.802500000001595026e+01 1.006506023911093450e+00 5.760348880552801365e-02
9.817500000001732019e+01 1.007140825901341463e+00 5.737806197622691284e-02
9.832499999998263718e+01 1.006045145506674787e+00 5.777616159359766357e-02
9.847499999998402131e+01 1.007341570725812652e+00 5.674220528129186869e-02
9.862500000000000000e+01 1.005819689259312977e+00 5.740276798479089504e-02
9.877500000001600711e+01 1.006194276855650882e+00 5.794072364378333173e-02
9.892500000001753335e+01 1.007042673380109443e+00 5.732480578818831968e-02
9.907499999998242401e+01 1.007008248986280385e+00 5.673774719724538479e-02
9.922499999998395026e+01 1.007651410692945726e+00 5.650564072863716730e-02
9.937500000000000000e+01 1.008680037405237595e+00 5.730627547201504191e-02
9.952500000001606395e+01 1.007351155045848490e+00 5.809718794393733954e-02
9.967500000001776073e+01 1.007692940004712545e+00 5.675871855763096191e-02
9.982499999998221085e+01 1.007198467920262130e+00 5.707954044257843029e-02
9.997499999998389342e+01 1.007449237236958339e+00 5.703072446652989597e-02
1.001250000000000000e+02 1.007413309238019083e+00 5.655279346674613183e-02
1.002750000000161208e+02 1.008624554517645988e+00 5.692932160230117916e-02
1.004250000000179597e+02 1.008428628803404559e+00 5.740998947274866121e-02
1.005749999999819835e+02 1.007097121135112960e+00 5.630191377563324023e-02
1.007249999999838508e+02 1.009885949040630226e+00 5.694758801143560284e-02
1.008750000000000000e+02 1.008922302775057567e+00 5.673843170757685711e-02
1.010250000000161776e+02 1.008313666472573145e+00 5.681101908098323133e-02
1.011750000000181871e+02 1.008277450999152336e+00 5.624188602853414515e-02
1.013249999999817845e+02 9.867603098583812571e-01 5.530883590562401392e-02
1.014749999999837939e+02 9.653832791269496560e-01 5.492395092841710624e-02
1.016250000000000000e+02 9.527103743515556999e-01 5.377508488595145880e-02
1.017750000000162345e+02 9.411364544357518902e-01 5.404239494476825029e-02
1.019250000000184002e+02 9.337853753837804804e-01 5.408622152095539370e-02
1.020749999999815714e+02 9.251969589861387400e-01 5.402538757601111491e-02
1.022249999999837513e+02 9.180654641513649183e-01 5.331809940754112659e-02
1.023750000000000000e+02 9.121336818004928126e-01 5.325897045268469104e-02
1.025250000000162771e+02 9.065573632730097309e-01 5.305217432303615394e-02
1.026750000000185992e+02 8.991550065667787139e-01 5.258968122951925700e-02
1.028249999999813582e+02 8.936906060337458380e-01 5.242013019894030401e-02
1.029749999999836945e+02 8.897177391216761766e-01 5.283069393906180550e-02
1.031250000000000000e+02 8.836661473625747609e-01 5.195863323091933633e-02
1.032750000000163340e+02 8.794388092795710765e-01 5.208667760803292746e-02
1.034250000000187981e+02 8.749894523025546489e-01 5.120570484694057095e-02
1.035749999999811592e+02 8.690816687688789344e-01 5.172497103226147280e-02
1.037249999999836376e+02 8.658266600107100697e-01 5.117580135186405171e-02
1.038750000000000000e+02 8.624234234850280956e-01 5.078658547753745617e-02
1.040250000000163766e+02 8.585218464400451444e-01 5.082797732789571393e-02
1.041750000000189971e+02 8.550315309391971486e-01 5.089170694151139152e-02
1.043249999999809603e+02 8.512915791867599058e-01 5.062003498147299441e-02
1.044749999999835950e+02 8.467916853689216872e-01 5.120002586255696653e-02
1.046250000000000000e+02 8.439345624068363971e-01 5.044148438459383071e-02
1.047750000000164334e+02 8.394853811799720678e-01 5.028331756221162546e-02
1.049250000000191818e+02 8.366309976191925735e-01 4.989268571358483617e-02
1.050749999999807613e+02 8.343264240971586254e-01 4.951948919497525803e-02
1.052249999999839503e+02 8.303519956968655746e-01 4.980312045697511680e-02
1.053750000000000000e+02 8.269871581981090847e-01 4.934296538970201623e-02
1.055250000000157229e+02 8.234901247373640487e-01 5.007139775754142902e-02
1.056750000000193808e+02 8.209695575772993914e-01 4.885318114560226882e-02
1.058249999999805766e+02 8.171969621003182249e-01 4.933098269486120568e-02
1.059749999999847319e+02 8.159628777503081798e-01 4.989611938614700593e-02
1.061250000000000000e+02 8.112044204058234120e-01 4.863394500472151966e-02
1.062750000000149555e+02 8.094354961742835641e-01 4.880453421694575661e-02
1.064250000000195797e+02 8.064256847953138463e-01 4.913164289229993847e-02
1.065749999999803919e+02 8.038100554376940154e-01 4.844886650276034046e-02
1.067249999999854850e+02 8.003165999084678184e-01 4.888782132642576633e-02
1.068750000000000000e+02 7.970755478450682885e-01 4.820878283197301689e-02
1.070250000000141881e+02 7.949230203631437730e-01 4.807177065870427146e-02
1.071750000000197645e+02 7.915783632529579394e-01 4.843032783146206111e-02
1.073249999999802071e+02 7.901768673505721319e-01 4.768683225139791482e-02
1.074749999999862524e+02 7.862609997505827231e-01 4.890614730550411904e-02
1.076250000000000000e+02 7.843910520704043821e-01 4.797847343761948297e-02
1.077750000000134492e+02 7.832614374430668658e-01 4.797234788074310891e-02
1.079250000000199492e+02 7.810301635756462524e-01 4.765707451732732053e-02
1.080749999999800224e+02 7.775351935605941955e-01 4.736615000525723485e-02
1.082249999999869914e+02 7.745357327912124612e-01 4.680547727999165991e-02
1.083750000000000000e+02 7.731273257412520916e-01 4.788128462926444229e-02
1.085250000000127244e+02 7.705986372382480631e-01 4.763152063963857485e-02
1.086750000000201481e+02 7.684167237183061605e-01 4.625006910824830397e-02
1.088249999999798376e+02 7.669446019289857253e-01 4.749355688039743478e-02
1.089749999999877161e+02 7.638430879747548641e-01 4.680466408423168689e-02
1.091250000000000000e+02 7.612621543237518829e-01 4.636808679092340596e-02
1.092750000000119854e+02 7.603727732788271299e-01 4.696429099289913672e-02
1.094250000000203045e+02 7.571356345084551132e-01 4.667420354775638630e-02
1.095749999999796529e+02 7.542638652823538958e-01 4.656889734174331219e-02
1.097249999999884409e+02 7.523451319711773611e-01 4.737957786170571284e-02
1.098750000000000000e+02 7.510649044763056947e-01 4.607974375563284736e-02
1.100250000000112749e+02 7.487510143808920882e-01 4.653925509731596244e-02
1.101750000000204892e+02 7.469788383629079043e-01 4.631425729737839725e-02
1.103249999999794682e+02 7.442195926480710266e-01 4.615596801089991846e-02
1.104749999999891372e+02 7.425366123212765457e-01 4.570215025201781328e-02
1.106250000000000000e+02 7.406491063144938769e-01 4.540405255074612262e-02
1.107750000000105643e+02 7.388623204785574883e-01 4.536359514739447818e-02
1.109250000000206740e+02 7.362615695688143891e-01 4.560559500523365950e-02
1.110749999999792976e+02 7.338735391303607969e-01 4.556612685500441989e-02
1.112249999999898620e+02 7.334935817713543749e-01 4.512825099366175180e-02
1.113750000000000000e+02 7.309613612865876187e-01 4.515108965029730748e-02
1.115250000000098822e+02 7.292903599441334928e-01 4.523396941505760521e-02
1.116750000000208445e+02 7.265969526181941252e-01 4.463187464301358875e-02
1.118249999999791129e+02 7.251223374456491344e-01 4.510382473105014473e-02
1.119749999999905299e+02 7.226578410707140687e-01 4.535991734309395562e-02
1.121250000000000000e+02 7.213760301917048201e-01 4.584461127215672116e-02
1.122750000000091859e+02 7.192296301854850249e-01 4.478897779923764200e-02
1.124250000000210008e+02 7.178389656926182916e-01 4.484840919446056451e-02
1.125749999999789566e+02 7.158894829918963643e-01 4.419984412031562754e-02
1.127249999999912120e+02 7.144183067795493169e-01 4.454584284671131433e-02
1.128750000000000000e+02 7.121967836882646674e-01 4.476548768394694039e-02
1.130250000000085180e+02 7.103846176149158920e-01 4.436826826593580353e-02
1.131750000000211855e+02 7.083767642044481727e-01 4.465793812138542374e-02
1.133249999999787860e+02 7.076288251737875568e-01 4.482847139347743287e-02
1.134749999999919083e+02 7.042074862447601502e-01 4.380648748552202348e-02
1.136250000000000000e+02 7.033182213268526217e-01 4.394047532786088395e-02
1.137750000000078359e+02 7.020537031361364644e-01 4.390451366628914803e-02
1.139250000000213561e+02 7.002018981093892647e-01 4.344097624411042552e-02
1.140749999999786297e+02 6.983665339437249431e-01 4.382570605908337608e-02
1.142249999999925620e+02 6.965599269748742328e-01 4.322355928043012524e-02
1.143750000000000000e+02 6.948003739752025565e-01 4.335645399952380713e-02
1.145250000000071680e+02 6.933267054941096852e-01 4.338637309643505330e-02
1.146750000000215124e+02 6.915855767999101733e-01 4.266065629448939633e-02
1.148249999999784308e+02 6.899959729353759563e-01 4.353295043512096785e-02
1.149749999999932157e+02 6.882979002991407302e-01 4.401622783601895350e-02
1.151250000000000000e+02 6.869039899100893853e-01 4.311296386683305393e-02
1.152750000000065285e+02 6.849529080987916130e-01 4.321708559248232245e-02
1.154250000000216829e+02 6.836802340938125111e-01 4.303104972087343216e-02
1.155749999999783029e+02 6.821185475419269117e-01 4.252916991752085651e-02
1.157249999999938694e+02 6.806687225025968013e-01 4.287065223177621842e-02
1.158750000000000000e+02 6.798318064605274325e-01 4.268575823728685409e-02
1.160250000000058748e+02 6.781321752179447770e-01 4.261844578487501006e-02
1.161750000000218392e+02 6.765023981947498877e-01 4.254632104763170913e-02
1.163249999999781323e+02 6.746647419049888184e-01 4.242522008177455894e-02
1.164749999999945089e+02 6.736960547210925077e-01 4.285403984661787652e-02
1.166250000000000000e+02 6.722669034617116957e-01 4.245247549725484487e-02
1.167750000000052495e+02 6.705984015402665088e-01 4.185851116404065014e-02
1.169250000000220098e+02 6.681630440607861932e-01 4.220734931334075429e-02
1.170749999999779760e+02 6.669145172382209275e-01 4.210330039652542683e-02
1.172249999999951484e+02 6.652153016842206057e-01 4.186805695467277211e-02
1.173750000000000000e+02 6.643858031757106097e-01 4.175170127329134312e-02
1.175250000000046242e+02 6.635097534435533406e-01 4.241615426287571183e-02
1.176750000000221377e+02 6.613107394788134696e-01 4.272765666453524208e-02
1.178249999999778055e+02 6.603720189376853789e-01 4.144680445424892001e-02
1.179749999999957453e+02 6.593957269619468153e-01 4.175263463178824352e-02
1.181250000000000000e+02 6.579057738778237852e-01 4.120247583521905593e-02
1.182750000000039989e+02 6.565160543407584370e-01 4.141044733120682192e-02
1.184250000000223082e+02 6.552237990750990893e-01 4.127610342169676233e-02
1.185749999999776634e+02 6.533042779714454129e-01 4.176008992562645072e-02
1.187249999999963705e+02 6.522800825639563094e-01 4.172890270355739811e-02
1.188750000000000000e+02 6.501412303748121957e-01 4.080933211627612439e-02
1.190250000000033879e+02 6.502724411516681569e-01 4.170346923957632401e-02
1.191750000000224645e+02 6.480768916281616221e-01 4.122698429747085475e-02
1.193249999999775071e+02 6.466224719694390055e-01 4.100697806627667114e-02
1.194749999999969816e+02 6.456672822664993872e-01 4.088605447238551072e-02
1.196250000000000000e+02 6.445290106885106507e-01 4.088360770688015400e-02
1.197750000000027910e+02 6.433678762326002776e-01 4.130280767726517144e-02
1.199250000000226066e+02 6.418419782518016703e-01 4.033223632910527823e-02
1.200749999999773650e+02 6.407213882991549259e-01 4.090745780876758192e-02
1.202249999999975927e+02 6.400315139931674890e-01 4.116574947041348048e-02
1.203750000000000000e+02 6.383282841834478916e-01 4.102648278164097717e-02
1.205250000000021799e+02 6.372099930286228009e-01 4.078451416685203307e-02
1.206750000000227772e+02 6.361327651541834882e-01 4.079587135964879430e-02
1.208249999999772086e+02 6.343502019242645007e-01 4.021879992603408227e-02
1.209749999999981753e+02 6.325242589225583689e-01 4.057418544959320861e-02
1.211250000000000000e+02 6.317414660714568697e-01 4.019312966485144578e-02
1.212750000000015973e+02 6.300437673270347094e-01 4.003265365794775321e-02
1.214250000000229193e+02 6.299425315511847367e-01 3.991251480868924367e-02
1.215749999999770665e+02 6.289843531287937495e-01 4.058413940326861119e-02
1.217249999999987580e+02 6.275712934062963599e-01 3.975914085005310961e-02
1.218750000000000000e+02 6.258955946495770029e-01 4.007155863090892944e-02
1.220250000000010147e+02 6.256508351506271381e-01 4.006139211361427893e-02
1.221750000000230472e+02 6.239173007875029597e-01 4.005232312764647057e-02
1.223249999999769244e+02 6.217540850446675593e-01 3.962870271053877541e-02
1.224749999999993406e+02 6.220005321829691347e-01 3.970339085118471112e-02
1.226250000000000000e+02 6.201704397453923212e-01 3.936895995232098100e-02
1.227750000000004320e+02 6.187418369039773269e-01 3.979422470119464705e-02
1.229250000000231893e+02 6.181821398398085199e-01 3.967998303375925434e-02
1.230749999999767681e+02 6.170998259742662695e-01 3.928122316341274567e-02
1.232249999999999233e+02 6.160734505577232234e-01 3.941338994032517196e-02
1.233750000000000000e+02 6.138849430851884836e-01 3.942403803654316585e-02
1.235249999999998494e+02 6.124818060369989769e-01 3.953412663321722448e-02
1.236750000000233314e+02 6.128855096284573367e-01 3.944269297219957227e-02
1.238249999999766402e+02 6.113661716999401197e-01 3.955101229045196454e-02
1.239750000000004775e+02 6.097313664230400443e-01 3.924838140284880178e-02
1.241250000000000000e+02 6.085101759143777267e-01 3.969286578222612494e-02
1.242749999999992951e+02 6.076702504149071871e-01 3.911201463434863662e-02
1.244250000000234735e+02 6.069874347039423412e-01 3.910755484552989186e-02
1.245749999999764839e+02 6.055857609867925095e-01 3.960888248737019085e-02
1.247250000000010317e+02 6.042779171310709296e-01 3.894106925808855230e-02
1.248750000000000000e+02 6.035976101614539679e-01 3.868515388662353144e-02
1.250249999999987551e+02 6.023689408422964187e-01 3.875187168350239381e-02
1.251750000000236156e+02 6.015537115685214431e-01 3.865790479689515391e-02
1.253249999999763702e+02 6.004417702744782037e-01 3.810962284893422425e-02
1.254750000000015859e+02 5.992343043873769037e-01 3.842079269767630784e-02
1.256250000000000000e+02 5.975456466245253617e-01 3.855514089965937641e-02
1.257749999999982009e+02 5.972860241439550411e-01 3.834124214580773155e-02
1.259250000000237577e+02 5.962912814527776550e-01 3.803127760906929722e-02
1.260749999999762281e+02 5.948462219754425684e-01 3.801287398193541750e-02
1.262250000000021259e+02 5.934984620657910437e-01 3.845010415080519356e-02
1.263750000000000000e+02 5.927007565492760088e-01 3.819780662127979232e-02
1.265249999999976609e+02 5.896478347665486952e-01 3.795940005771091669e-02
1.266750000000238856e+02 5.651791806826391706e-01 3.760715676432462712e-02
1.268249999999760860e+02 5.487701515770097016e-01 3.685499287771178134e-02
1.269750000000026660e+02 5.372079890258532053e-01 3.662382684400611321e-02
1.271250000000000000e+02 5.268800218714687622e-01 3.621730739178169456e-02
1.272749999999971209e+02 5.183925318547365491e-01 3.598075898623590702e-02
1.274250000000240277e+02 5.106422366686957925e-01 3.580555002428024991e-02
1.275749999999759439e+02 5.031698136441896674e-01 3.540471255776805881e-02
1.277250000000031918e+02 4.968440881910460294e-01 3.497371617055107518e-02
1.278750000000000000e+02 4.901633247664651805e-01 3.465314083349282231e-02
1.280249999999965951e+02 4.847648849514527014e-01 3.446897776636437261e-02
1.281750000000241414e+02 4.790085966438737408e-01 3.443799318924262165e-02
1.283249999999758018e+02 4.727661602204771829e-01 3.412252675115798328e-02
1.284750000000037176e+02 4.672012168122571807e-01 3.378526644167002130e-02
1.286250000000000000e+02 4.617530945280485799e-01 3.336703194357326652e-02
1.287749999999960835e+02 4.577429089726666178e-01 3.408145837885463020e-02
1.289250000000242835e+02 4.523857476203930195e-01 3.356599801470108724e-02
1.290749999999756881e+02 4.477770821096030973e-01 3.314913638002667945e-02
1.292250000000042292e+02 4.427435465843851392e-01 3.258829881832474296e-02
1.293750000000000000e+02 4.385495438288278258e-01 3.239308733936183821e-02
1.295249999999955719e+02 4.342597085546874291e-01 3.237282979419979501e-02
1.296750000000243972e+02 4.298557119924877323e-01 3.213356071909287404e-02
1.298249999999755460e+02 4.249348951356169413e-01 3.190425535961961129e-02
1.299750000000047692e+02 4.205735866646833077e-01 3.178398594319610526e-02
1.301250000000000000e+02 4.171434781776198197e-01 3.149387014134007179e-02
1.302749999999950319e+02 4.135456468281278331e-01 3.162851105371384391e-02
1.304250000000245393e+02 4.092254965267753675e-01 3.167896408722084556e-02
1.305749999999754323e+02 4.052755765477072947e-01 3.112543014361151758e-02
1.307250000000052523e+02 4.015912368654995790e-01 3.115210636856357435e-02
1.308750000000000000e+02 3.980884783770610169e-01 3.074911026021487012e-02
1.310249999999945487e+02 3.944795676078117763e-01 3.062183126987503765e-02
1.311750000000246530e+02 3.900049096458546583e-01 3.051340029056147374e-02
1.313249999999753186e+02 3.871055604593100496e-01 3.033540563771994908e-02
1.314750000000057639e+02 3.833097456699530725e-01 3.023647244932678099e-02
1.316250000000000000e+02 3.807622474731880424e-01 3.026331487802237652e-02
1.317749999999940655e+02 3.766815556014215804e-01 2.968807131739693156e-02
1.319250000000247951e+02 3.734741727608239525e-01 2.979427442792317166e-02
1.320749999999751765e+02 3.700820488552119536e-01 2.930495569944988749e-02
1.322250000000062471e+02 3.667843747795909159e-01 2.956796699129935965e-02
1.323750000000000000e+02 3.637683847037569418e-01 2.928799802542745093e-02
1.325249999999935540e+02 3.604962304248578997e-01 2.903265420754487514e-02
1.326750000000249088e+02 3.573404374682473961e-01 2.892306852520076105e-02
1.328249999999750628e+02 3.543304241403847921e-01 2.871611641879994944e-02
1.329750000000067303e+02 3.515555064885849124e-01 2.885981678005802159e-02
1.331250000000000000e+02 3.482136540809737668e-01 2.830345525811218607e-02
1.332749999999930424e+02 3.442728247397435770e-01 2.851427644610562279e-02
1.334250000000250225e+02 3.421550112142547895e-01 2.807742758364987698e-02
1.335749999999749491e+02 3.392711805900496258e-01 2.808951350404971861e-02
1.337250000000072134e+02 3.365540997764111530e-01 2.778335560386639702e-02
1.338750000000000000e+02 3.326134786301314650e-01 2.772061450412087111e-02
1.340249999999925876e+02 3.305852589793873975e-01 2.748659557532057846e-02
1.341750000000251362e+02 3.274918606271948196e-01 2.739268389129512205e-02
1.343249999999748354e+02 3.243964803601225300e-01 2.753358783325383918e-02
1.344750000000077250e+02 3.220600657326966321e-01 2.720276510143678980e-02
1.346250000000000000e+02 3.188359349894779871e-01 2.695351737872404840e-02
1.347749999999921044e+02 3.160666942315224492e-01 2.700233641652998243e-02
1.349250000000252783e+02 3.136797842620606680e-01 2.685900478280331405e-02
1.350749999999746933e+02 3.111129733715428114e-01 2.687932063905286093e-02
1.352250000000081798e+02 3.085725413279423179e-01 2.666615362445075299e-02
1.353750000000000000e+02 3.055518480494592848e-01 2.667513668833269500e-02
1.355249999999916213e+02 3.031025022290907978e-01 2.614368080398037780e-02
1.356750000000253920e+02 3.007950066182249471e-01 2.643211681927193010e-02
1.358249999999746080e+02 2.981811683086940667e-01 2.599119358260995952e-02
1.359750000000086345e+02 2.958749475924939421e-01 2.605532685110642510e-02
1.361250000000000000e+02 2.928613402045163183e-01 2.583832882339982470e-02
1.362749999999911665e+02 2.899989641198968404e-01 2.568945705066521742e-02
1.364250000000255056e+02 2.882101576719891534e-01 2.558065186600713692e-02
1.365749999999744659e+02 2.849656880874814613e-01 2.520987476846118028e-02
1.367250000000091177e+02 2.830799041962764329e-01 2.537700884467306017e-02
1.368750000000000000e+02 2.802793687686460089e-01 2.533928797239623498e-02
1.370249999999907118e+02 2.774592770170834499e-01 2.500908363350728622e-02
1.371750000000256193e+02 2.752996744826550768e-01 2.481095023380109135e-02
1.373249999999743522e+02 2.734775435150006984e-01 2.513241017791777165e-02
1.374750000000095724e+02 2.706901066554074919e-01 2.437078192897046761e-02
1.376250000000000000e+02 2.679594407904631326e-01 2.449714774338041315e-02
1.377749999999902286e+02 2.659863317964137885e-01 2.435460672684820055e-02
1.379250000000257330e+02 2.634519698738121973e-01 2.455005964115329967e-02
1.380749999999742386e+02 2.612831948759068990e-01 2.414057490144242910e-02
1.382250000000100272e+02 2.585884596032223537e-01 2.410623562983577745e-02
1.383750000000000000e+02 2.563413099744967782e-01 2.395822916028193458e-02
1.385249999999898023e+02 2.541217140892044202e-01 2.391333306424253680e-02
1.386750000000258467e+02 2.517911139892710093e-01 2.379285389060895040e-02
1.388249999999741249e+02 2.496507301483435193e-01 2.377052082659803986e-02
1.389750000000104535e+02 2.471906863720901570e-01 2.375980673284885589e-02
1.391250000000000000e+02 2.449462537265084394e-01 2.378233532504532913e-02
1.392749999999893475e+02 2.429047761294016727e-01 2.316343751034806789e-02
1.394250000000259604e+02 2.405363428438937745e-01 2.328756309726908585e-02
1.395749999999740112e+02 2.385515022224387327e-01 2.290960495768410224e-02
1.397250000000109367e+02 2.362969669175720155e-01 2.274148733726017932e-02
1.398750000000000000e+02 2.338410091357599196e-01 2.274028712472251842e-02
1.400249999999889212e+02 2.320288482977310440e-01 2.294727023789841155e-02
1.401750000000260741e+02 2.299201364824724481e-01 2.262339713384252382e-02
1.403249999999738975e+02 2.274284797614982701e-01 2.253461819080214770e-02
1.404750000000113346e+02 2.255233744930801587e-01 2.211950141179299528e-02
1.406250000000000000e+02 2.236138410743284677e-01 2.215505435518697400e-02
1.407749999999884665e+02 2.210915498860483996e-01 2.205929377612443967e-02
1.409250000000261593e+02 2.194947583144309933e-01 2.193433895698230357e-02
1.410749999999738122e+02 2.172063178315067900e-01 2.195652105978147112e-02
1.412250000000117893e+02 2.148450742226052923e-01 2.182547735416509940e-02
1.413750000000000000e+02 2.127029141466959816e-01 2.126359287555592420e-02
1.415249999999880401e+02 2.105104455499462734e-01 2.159006638610762308e-02
1.416750000000263014e+02 2.085298061970253802e-01 2.134941082250750924e-02
1.418249999999736986e+02 2.067456988564254639e-01 2.127568235609027247e-02
1.419750000000122441e+02 2.047212029855457194e-01 2.137192134201749277e-02
1.421250000000000000e+02 2.029075110992088204e-01 2.096200186360119844e-02
1.422749999999876138e+02 2.009039214821021491e-01 2.102953558530017142e-02
1.424250000000264151e+02 1.989027868967224721e-01 2.065692543482935614e-02
1.425749999999735849e+02 1.965057880723487249e-01 2.069089781083082932e-02
1.427250000000126420e+02 1.946400943738149092e-01 2.026442564386887746e-02
1.428750000000000000e+02 1.929806851366026033e-01 2.059254214161657104e-02
1.430249999999871875e+02 1.913170658988477546e-01 2.082477035086311226e-02
1.431750000000265004e+02 1.888392829923090099e-01 2.019802975332229272e-02
1.433249999999734712e+02 1.870010446771043777e-01 2.005537744904660469e-02
1.434750000000130683e+02 1.848700641194878924e-01 2.012135486313171989e-02
1.436250000000000000e+02 1.828389382483041337e-01 2.011250704159489242e-02
1.437749999999867612e+02 1.809805812402809355e-01 1.956401487191429880e-02
1.439250000000266141e+02 1.797244025370939580e-01 1.963772035632341956e-02
1.440749999999733575e+02 1.774547804495251180e-01 1.946684082869512208e-02
1.442250000000134946e+02 1.756453011859494262e-01 1.936573595061159836e-02
1.443750000000000000e+02 1.735391851592625323e-01 1.911857619543518710e-02
1.445249999999863348e+02 1.720208669523128064e-01 1.933124626876579766e-02
1.446750000000266994e+02 1.699886959357392868e-01 1.886384919125177334e-02
1.448249999999732722e+02 1.680998330371962224e-01 1.904814720131099703e-02
1.449750000000139210e+02 1.660815604039586058e-01 1.886527575916985625e-02
1.451250000000000000e+02 1.642957076448765541e-01 1.884464663440118051e-02
1.452749999999859369e+02 1.626959091436914751e-01 1.866172264190448307e-02
1.454250000000268130e+02 1.608050730343425216e-01 1.838170210947711811e-02
1.455749999999731870e+02 1.589658440040919996e-01 1.851109884136879075e-02
1.457250000000142904e+02 1.570689376161510387e-01 1.833253619411373894e-02
1.458750000000000000e+02 1.552978716102987600e-01 1.810328956803319497e-02
1.460249999999855390e+02 1.534607131582905459e-01 1.804778354430009238e-02
1.461750000000269267e+02 1.516395800721994369e-01 1.801014424565755209e-02
1.463249999999730733e+02 1.502959807466037745e-01 1.777950698727957454e-02
1.464750000000146883e+02 1.481792917779953256e-01 1.780384702516114165e-02
1.466250000000000000e+02 1.463762240044221286e-01 1.755705589072755271e-02
1.467749999999851411e+02 1.446489998380845188e-01 1.746927225335089678e-02
1.469250000000270120e+02 1.428722550213230302e-01 1.745927119236857436e-02
1.470749999999729596e+02 1.415653898852788917e-01 1.727331081617738615e-02
1.472250000000150862e+02 1.399721562304251654e-01 1.725522210743487758e-02
1.473750000000000000e+02 1.380452344927372010e-01 1.727918018925383298e-02
1.475249999999847432e+02 1.361267049013436259e-01 1.692762838239167053e-02
1.476750000000270973e+02 1.346919693698200582e-01 1.695191179708518264e-02
1.478249999999728743e+02 1.325572948659774764e-01 1.672656014445138284e-02
1.479750000000154841e+02 1.311150690520831164e-01 1.680340482828281481e-02
1.481250000000000000e+02 1.294500175271327824e-01 1.651420482815858445e-02
1.482749999999843453e+02 1.281471717688284773e-01 1.649312166688234396e-02
1.484250000000272109e+02 1.264196698711103906e-01 1.627891631195642688e-02
1.485749999999727606e+02 1.242317810903837000e-01 1.629751353597994057e-02
1.487250000000158821e+02 1.231171215955842724e-01 1.610404693874836757e-02
1.488750000000000000e+02 1.213589562068642658e-01 1.610329888427292772e-02
1.490249999999839474e+02 1.197312838824584891e-01 1.590972191164783875e-02
1.491750000000273246e+02 1.184669276919637082e-01 1.578072783086891667e-02
1.493249999999726754e+02 1.164310290564529449e-01 1.557232009553022323e-02
1.494750000000162800e+02 1.150499455597168014e-01 1.547683568707523827e-02
1.496250000000000000e+02 1.135225020919649053e-01 1.528582857296222584e-02
1.497749999999835779e+02 1.117696126051232197e-01 1.532300052721362153e-02
1.499250000000274099e+02 1.103845513209084639e-01 1.513558846355816771e-02
1.500749999999725617e+02 1.083857524296113484e-01 1.520019969798161452e-02
1.502250000000166494e+02 1.073135260799962659e-01 1.498682013054093709e-02
1.503750000000000000e+02 1.054450842577257935e-01 1.499065763405953676e-02
1.505249999999831800e+02 1.041979525537482243e-01 1.482820999195865082e-02
1.506750000000274952e+02 1.020290982298631965e-01 1.443083259346006689e-02
1.508249999999724764e+02 1.006951198882374415e-01 1.425082308865720064e-02
1.509750000000170473e+02 9.940042892114088480e-02 1.444446528236187355e-02
1.511250000000000000e+02 9.785688906624777361e-02 1.434946878460610815e-02
1.512749999999828106e+02 9.655636146854200408e-02 1.404175151406423551e-02
1.514250000000275804e+02 9.508262054605984281e-02 1.416975434083802068e-02
1.515749999999723912e+02 9.331405800303212150e-02 1.375046853485692964e-02
1.517250000000174168e+02 9.186300719580253737e-02 1.393463595945179656e-02
1.518750000000000000e+02 9.060892226367030233e-02 1.358411476931132254e-02
1.520249999999824411e+02 8.887233514774173226e-02 1.356261470746573591e-02
1.521750000000276941e+02 8.752185547787982856e-02 1.342740737119054763e-02
1.523249999999722775e+02 8.591221812535500268e-02 1.331665725503395660e-02
1.524750000000177863e+02 8.464109678592166008e-02 1.311316070624848548e-02
1.526250000000000000e+02 8.299730164163281187e-02 1.303951299838727526e-02
1.527749999999820716e+02 8.173236117846960358e-02 1.298005145249626034e-02
1.529250000000277794e+02 8.010533028034608205e-02 1.276868034577899498e-02
1.530749999999721922e+02 7.868925879429038150e-02 1.279295894763962313e-02
1.532250000000181558e+02 7.728395897761845823e-02 1.266754914430160035e-02
1.533750000000000000e+02 7.565478247982691806e-02 1.242045991412489038e-02
1.535249999999817021e+02 7.438886606502627397e-02 1.231364649139467249e-02
1.536750000000278646e+02 7.299842305527488862e-02 1.230367651431033514e-02
1.538249999999721069e+02 7.144908571674610243e-02 1.192200271344667079e-02
1.539750000000185253e+02 6.995501844808438285e-02 1.200497999247036353e-02
1.541250000000000000e+02 6.871874477542314064e-02 1.191300482505933990e-02
1.542749999999813326e+02 6.734187065151943374e-02 1.168400003920012399e-02
1.544250000000279783e+02 6.583477788980332535e-02 1.149689456370015656e-02
1.545749999999720217e+02 6.431719132979639431e-02 1.158220882861601617e-02
1.547250000000188948e+02 6.292380847565956503e-02 1.132894434880873935e-02
1.548750000000000000e+02 6.143207006047844004e-02 1.140008751267231231e-02
1.550249999999809631e+02 6.028764743540823701e-02 1.101691960795802769e-02
1.551750000000280636e+02 5.890544094251561752e-02 1.101902960991331913e-02
1.553249999999719080e+02 5.757203601585545588e-02 1.078666282865728410e-02
1.554750000000192358e+02 5.596811582228482934e-02 1.071190768471383392e-02
1.556250000000000000e+02 5.465586402292988560e-02 1.062956678183628149e-02
1.557749999999806221e+02 5.351419593908311734e-02 1.040083018380997745e-02
1.559250000000281489e+02 5.216450315804899845e-02 1.029075917666226990e-02
1.560749999999718511e+02 5.099742117570933708e-02 1.002074114378053923e-02
1.562250000000196053e+02 4.939162144817432071e-02 9.879455237854569902e-03
1.563750000000000000e+02 4.808332991045449756e-02 9.883517093507118365e-03
1.565249999999802810e+02 4.667554871514989490e-02 9.617107684592793651e-03
1.566750000000282341e+02 4.533164295308156344e-02 9.375286039732562762e-03
1.568249999999717659e+02 4.416104689662597033e-02 9.315772724503020019e-03
1.569750000000199748e+02 4.272100813891793053e-02 9.335713821407055912e-03
1.571250000000000000e+02 4.147693345532055959e-02 9.189118766803169164e-03
1.572749999999799115e+02 4.018607503840007644e-02 8.966681776185527961e-03
1.574250000000283194e+02 3.880604458875656221e-02 8.863428764206064334e-03
1.575749999999716522e+02 3.759557607073130830e-02 8.797722753867446774e-03
1.577250000000202874e+02 3.620688558087165054e-02 8.549085844697695141e-03
1.578750000000000000e+02 3.485447590427484532e-02 8.234139839732715349e-03
1.580249999999795705e+02 3.370669166752767593e-02 8.232454633038573111e-03
1.581750000000284047e+02 3.231769233247651363e-02 8.013713892847867254e-03
1.583249999999715669e+02 3.113319853605738680e-02 7.906152445185603284e-03
1.584750000000206569e+02 2.992457164208372697e-02 7.716355296273057565e-03
1.586250000000000000e+02 2.865978407146036605e-02 7.555450922152535768e-03
1.587749999999792294e+02 2.724794418604521706e-02 7.242241057398251906e-03
1.589250000000284899e+02 2.600606566966714647e-02 7.108155997638404729e-03
1.590749999999715101e+02 2.469836989376225991e-02 6.983371700772235749e-03
1.592250000000209980e+02 2.356900100862857964e-02 6.735811844203579840e-03
1.593750000000000000e+02 2.217949347517129619e-02 6.665516564129152915e-03
1.595249999999788884e+02 2.100004629173441231e-02 6.392878704109842755e-03
1.596750000000285752e+02 1.968090721743386701e-02 6.161649692827719620e-03
1.598249999999713964e+02 1.835008643362210506e-02 5.918385687160090079e-03
1.599750000000213390e+02 1.726712960769610089e-02 5.815235194294596233e-03
1.601250000000000000e+02 1.591652984556157086e-02 5.535223601646808468e-03
1.602749999999785473e+02 1.476513043465654124e-02 5.291908280185617444e-03
1.604250000000286605e+02 1.363233983945671968e-02 5.142770464126420957e-03
1.605749999999713395e+02 1.227933028140418791e-02 4.830965801336182738e-03
1.607250000000216517e+02 1.100647359590603037e-02 4.616164434817975754e-03
1.608750000000000000e+02 9.724074017956425495e-03 4.311222034772460056e-03
1.610249999999782062e+02 8.525840188684602472e-03 4.049132756267191657e-03
1.611750000000287457e+02 7.255545807605253902e-03 3.761378126356209901e-03
1.613249999999712543e+02 6.124368767498850757e-03 3.441225056760750193e-03
1.614750000000219927e+02 4.923670621281400241e-03 3.106239141896602763e-03
1.616250000000000000e+02 3.703228723507549693e-03 2.670173167189198327e-03
1.617749999999778652e+02 2.498842929213189283e-03 2.219762274838240831e-03
1.619250000000288310e+02 1.305810553648094948e-03 1.589672688139452629e-03
1.620749999999711406e+02 2.055407477797724976e-04 6.240516621378193246e-04
