# Radius RDF_mean RDF_std
7.500000000000896228e-02 2.095158282792915130e-03 9.367958533921373621e-02
2.249999999999577616e-01 2.374512720498637812e-03 5.754430192446455261e-02
3.750000000000000000e-01 3.268446921156948834e-03 5.223750211066646720e-02
5.249999999999700462e-01 4.010731569917866390e-03 4.883692073327378091e-02
6.750000000001169509e-01 4.190316565585830259e-03 4.397281991163878856e-02
8.249999999998777200e-01 4.076035204706222881e-03 3.992879468079005983e-02
9.750000000001839418e-01 5.382945126560237208e-03 4.180737313547728401e-02
1.125000000000000000e+00 6.229603960837623230e-03 4.143962975224262102e-02
1.274999999999773648e+00 7.813707948768858214e-03 4.360723642610283418e-02
1.424999999999764455e+00 9.262805039715982930e-03 4.532702797355496471e-02
1.575000000000282396e+00 1.139367028071183209e-02 4.807426359085949230e-02
1.725000000000170397e+00 1.508513963610912285e-02 5.266238716261592567e-02
1.875000000000000000e+00 1.763285210798532648e-02 5.445338416806584647e-02
2.025000000000070521e+00 2.227075656153939057e-02 5.834329302530622680e-02
2.174999999999594813e+00 2.907212734468420448e-02 6.525341387443100993e-02
2.325000000000426059e+00 3.456335309097716829e-02 6.965604042620619774e-02
2.474999999999678124e+00 4.543318991414223990e-02 7.510338637354020686e-02
2.625000000000000000e+00 5.567134865706920704e-02 8.187214803388315199e-02
2.775000000000444444e+00 7.029539168267487370e-02 8.911210739220307153e-02
2.924999999999512212e+00 8.634201005396312245e-02 9.696029333620571899e-02
3.075000000000499334e+00 1.099804794201617031e-01 1.059628144823761553e-01
3.224999999999414779e+00 1.365458505046234228e-01 1.152859648073068649e-01
3.375000000000000000e+00 1.718495382619605050e-01 1.283193789531169859e-01
3.525000000000659384e+00 2.187791025593861793e-01 1.390005240874383485e-01
3.674999999999857714e+00 2.793743915941292455e-01 1.535602618287256749e-01
3.825000000000022382e+00 3.634729886830949663e-01 1.724992294998607401e-01
3.974999999999250466e+00 4.852149395218246508e-01 1.967481207864797965e-01
4.125000000000000000e+00 6.745343044558372858e-01 2.267356851063859480e-01
4.275000000000798828e+00 9.176646249981676995e-01 2.594683959253720196e-01
4.425000000000374634e+00 1.105441021158878545e+00 2.814707426705040372e-01
4.574999999999541878e+00 1.162132779179610775e+00 2.828990617328787649e-01
4.724999999999138112e+00 1.106210316833981411e+00 2.740419814804595511e-01
4.875000000000000000e+00 9.966055520363746867e-01 2.522422453553406774e-01
5.025000000000897415e+00 8.753070969202995100e-01 2.318888063179462278e-01
5.175000000000743228e+00 7.614108845796273561e-01 2.155737748330555648e-01
5.324999999999196376e+00 6.701909689038257900e-01 1.978535907394899651e-01
5.474999999999057287e+00 5.972406539492357558e-01 1.870339659566372659e-01
5.625000000000000000e+00 5.406402303806274734e-01 1.756227667522026192e-01
5.775000000000969358e+00 4.988707920568796750e-01 1.627346770137815812e-01
5.925000000001017675e+00 4.716333899521601980e-01 1.585198440637312911e-01
6.074999999998936140e+00 4.493571327406498117e-01 1.527158725431143893e-01
6.224999999998995115e+00 4.396096448975796989e-01 1.481560397487276526e-01
6.375000000000000000e+00 4.331850669818812505e-01 1.461227670999934170e-01
6.525000000001025313e+00 4.307886252213349865e-01 1.425854000490078821e-01
6.675000000001229949e+00 4.385001498155402522e-01 1.426257466603486346e-01
6.824999999998733635e+00 4.487184377655378809e-01 1.454487844538987773e-01
6.974999999999387690e+00 4.678691202730393961e-01 1.457538329195613991e-01
7.125000000000000000e+00 4.889922997657071280e-01 1.478454000405000635e-01
7.275000000000346745e+00 5.161519627725011938e-01 1.488558523509434239e-01
7.425000000001398703e+00 5.472976698954725716e-01 1.522926369312554151e-01
7.574999999998571099e+00 5.856776421921455755e-01 1.575028129322896264e-01
7.725000000000012079e+00 6.260414314355379206e-01 1.624376498272674663e-01
7.875000000000000000e+00 6.764527801267138374e-01 1.645864128037818619e-01
8.024999999999771205e+00 7.271922362122177352e-01 1.696788304017831928e-01
8.175000000001539036e+00 7.718140237825618089e-01 1.748952954521184322e-01
8.324999999998437872e+00 8.205432598009767542e-01 1.759152130757498100e-01
8.475000000000525446e+00 8.639023625233580583e-01 1.822314368661694384e-01
8.625000000000000000e+00 9.013662432857889595e-01 1.819863217890754226e-01
8.774999999999291589e+00 9.269660721834350747e-01 1.849996700589916776e-01
8.925000000001652722e+00 9.468812566686850563e-01 1.851277378014111186e-01
9.074999999998325961e+00 9.574665568071335509e-01 1.837673429448774820e-01
9.225000000000957101e+00 9.618650236807987364e-01 1.832535106245103129e-01
9.375000000000000000e+00 9.529785546117878203e-01 1.796710656694206765e-01
9.524999999998890132e+00 9.364796615567746452e-01 1.780093307084824605e-01
9.675000000001750422e+00 9.136481783610497232e-01 1.745698207997671281e-01
9.824999999998231814e+00 8.902663408655357991e-01 1.705046224526173548e-01
9.975000000001321254e+00 8.626286501561665210e-01 1.664212481304318536e-01
1.012500000000000000e+01 8.372780167533984130e-01 1.632116130807435284e-01
1.027499999999854730e+01 8.125176751932555730e-01 1.601700866949198054e-01
1.042500000000183391e+01 7.928531134523182367e-01 1.564710045478517331e-01
1.057499999999815010e+01 7.733957326439790947e-01 1.552852829272381996e-01
1.072500000000163745e+01 7.628515262018604748e-01 1.524739140955621020e-01
1.087500000000000000e+01 7.536963463477075464e-01 1.501205552984196945e-01
1.102499999999824887e+01 7.538522029263262647e-01 1.483568359286812632e-01
1.117500000000190674e+01 7.500216685519087711e-01 1.477146844954301541e-01
1.132499999999808082e+01 7.552532226312846930e-01 1.470169975046251298e-01
1.147500000000190923e+01 7.678741412591126858e-01 1.496927150568244380e-01
1.162500000000000000e+01 7.770901519428373705e-01 1.468774791945338942e-01
1.177499999999798952e+01 7.930614483959428362e-01 1.482912788092743128e-01
1.192500000000196891e+01 8.075952314726706494e-01 1.483850042405180925e-01
1.207499999999801865e+01 8.290606392038829542e-01 1.506577455263745091e-01
1.222500000000215081e+01 8.453719450165260163e-01 1.506213277632782455e-01
1.237500000000000000e+01 8.675123500229651174e-01 1.529324777329914009e-01
1.252499999999776215e+01 8.861666417871623125e-01 1.520883781137670476e-01
1.267500000000202398e+01 9.021900334342427552e-01 1.531563899073120627e-01
1.282499999999796536e+01 9.179243756156527656e-01 1.530603721041887411e-01
1.297500000000236220e+01 9.339949188377517642e-01 1.555911805513217616e-01
1.312500000000000000e+01 9.439753601623213086e-01 1.543784162433027296e-01
1.327499999999756142e+01 9.492227052191368752e-01 1.536718589015528824e-01
1.342500000000173088e+01 9.519767178087696902e-01 1.537899281144406716e-01
1.357499999999841833e+01 9.556260012481018196e-01 1.503761430380847197e-01
1.372500000000255049e+01 9.527428893763181250e-01 1.502547254267267707e-01
1.387500000000000000e+01 9.493762413869821781e-01 1.507833072766905647e-01
1.402499999999738023e+01 9.427338356279101328e-01 1.469779460154986839e-01
1.417500000000102034e+01 9.378039328716539780e-01 1.480979454980990151e-01
1.432499999999911111e+01 9.293858876507119504e-01 1.443583220622582097e-01
1.447500000000271925e+01 9.244120592984397256e-01 1.443386589606172610e-01
1.462500000000000000e+01 9.130055132324502720e-01 1.433578496517276812e-01
1.477499999999721680e+01 9.049850084402455419e-01 1.411689284405635014e-01
1.492500000000038618e+01 9.022214816783749036e-01 1.414001737387542146e-01
1.507499999999973639e+01 8.963066286442104014e-01 1.377496265822380217e-01
1.522500000000287201e+01 8.946779990503327396e-01 1.387428205882423882e-01
1.537500000000000000e+01 8.898004363325541233e-01 1.386520249941259886e-01
1.552499999999706937e+01 8.912904550376908874e-01 1.379443683042538282e-01
1.567499999999980886e+01 8.952861959393585423e-01 1.371222568540386988e-01
1.582500000000029772e+01 8.969541412858410556e-01 1.392113234085511908e-01
1.597500000000300879e+01 9.005914923287257068e-01 1.373301617561231147e-01
1.612500000000000000e+01 9.094741033325488555e-01 1.381983390562911418e-01
1.627499999999693969e+01 9.146553482588219985e-01 1.373103479240063984e-01
1.642499999999928662e+01 9.237715506691591694e-01 1.345144013722137100e-01
1.657500000000081286e+01 9.324535118809706979e-01 1.350717864027834170e-01
1.672500000000313847e+01 9.408444501146321359e-01 1.368619243146599607e-01
1.687500000000000000e+01 9.486317995610854537e-01 1.363227017166414867e-01
1.702499999999681535e+01 9.552463465532753384e-01 1.372043804874193973e-01
1.717499999999880700e+01 9.593501047838608464e-01 1.339280699359323146e-01
1.732500000000128182e+01 9.683876002764439939e-01 1.356755169477364409e-01
1.747500000000325215e+01 9.726336211227838424e-01 1.363335404540006734e-01
1.762500000000000000e+01 9.765238542381696751e-01 1.348332451381311636e-01
1.777499999999670521e+01 9.800036565286456280e-01 1.369405799413810354e-01
1.792499999999837357e+01 9.807251828347871569e-01 1.351039351532264121e-01
1.807500000000171170e+01 9.808348750051235632e-01 1.351179009681519883e-01
1.822500000000335874e+01 9.803495644654093288e-01 1.343644531534347319e-01
1.837500000000000000e+01 9.795472140375621750e-01 1.320641946600875638e-01
1.852499999999660218e+01 9.762894722794360769e-01 1.327095224257136552e-01
1.867499999999797211e+01 9.743512558402706025e-01 1.316980601320208444e-01
1.882500000000210960e+01 9.731233929866796029e-01 1.308428575930819793e-01
1.897500000000345466e+01 9.700748474491713846e-01 1.307886019229600183e-01
1.912500000000000000e+01 9.704115861337502258e-01 1.299114655320100231e-01
1.927499999999650626e+01 9.653087160009855561e-01 1.286872319977855617e-01
1.942499999999759908e+01 9.665037963251789099e-01 1.285708255862610949e-01
1.957500000000247198e+01 9.623134239705213311e-01 1.266132995617460788e-01
1.972500000000354348e+01 9.647431153275036753e-01 1.268255402285108357e-01
1.987500000000000000e+01 9.655691118275688822e-01 1.250865426907790678e-01
2.002499999999642100e+01 9.650251968335635810e-01 1.252537452375965255e-01
2.017499999999725446e+01 9.660486660335617648e-01 1.253503147166097065e-01
2.032500000000281304e+01 9.680358000372343286e-01 1.260819869325619236e-01
2.047500000000362874e+01 9.729715526406571557e-01 1.231098625096284788e-01
2.062500000000000000e+01 9.752405637111580816e-01 1.254577463788972558e-01
2.077499999999633928e+01 9.801437869339874043e-01 1.254185823503567720e-01
2.092499999999693472e+01 9.828830566727556617e-01 1.253466631185212177e-01
2.107500000000312212e+01 9.871729693541937412e-01 1.234661564828851282e-01
2.122500000000370690e+01 9.923646874280035446e-01 1.235046824833110068e-01
2.137500000000000000e+01 9.950178687988778803e-01 1.229388814519468409e-01
2.152499999999626468e+01 9.969814338771525453e-01 1.224277103672850725e-01
2.167499999999663984e+01 9.977796214097383043e-01 1.221009467503225421e-01
2.182500000000341700e+01 1.004018568741617434e+00 1.239840737247056013e-01
2.197500000000377796e+01 1.005973445312481784e+00 1.212772191957587481e-01
2.212500000000000000e+01 1.005987053478866855e+00 1.213350514332496161e-01
2.227499999999619718e+01 1.007088267620132260e+00 1.231269147195388214e-01
2.242499999999636273e+01 1.007646405536986478e+00 1.211008741656387361e-01
2.257500000000369056e+01 1.006498725604463296e+00 1.194361930082386974e-01
2.272500000000384546e+01 1.007242849888715153e+00 1.202672807819628736e-01
2.287500000000000000e+01 1.005976854208756599e+00 1.208783688110712518e-01
2.302499999999612967e+01 1.005655501881156821e+00 1.174262546767448484e-01
2.317499999999610338e+01 1.005316612022196132e+00 1.185979533350566134e-01
2.332500000000394635e+01 1.002978543662046640e+00 1.167094687671314940e-01
2.347500000000390941e+01 1.006437729774412926e+00 1.175843949175140041e-01
2.362500000000000000e+01 1.003712513121297167e+00 1.170822575413573707e-01
2.377499999999606928e+01 1.001632386348134451e+00 1.175968632677308057e-01
2.392499999999586180e+01 1.005343640288846041e+00 1.163547206152521496e-01
2.407500000000418439e+01 1.001885109913031924e+00 1.166956171062784320e-01
2.422500000000396625e+01 1.002745348767946076e+00 1.150805737081145724e-01
2.437500000000000000e+01 1.001428928735353940e+00 1.137193925934914390e-01
2.452499999999600888e+01 1.002904215883909655e+00 1.143493175635595938e-01
2.467499999999563087e+01 1.005124484229080961e+00 1.153235018194897904e-01
2.482500000000441176e+01 1.007212847133539979e+00 1.150918467144844137e-01
2.497500000000402309e+01 1.007136923948614760e+00 1.141572278938815799e-01
2.512500000000000000e+01 1.008906897438779815e+00 1.137169853676966158e-01
2.527499999999595559e+01 1.012559534348052015e+00 1.142921197823750096e-01
2.542499999999541771e+01 1.010207450823027209e+00 1.127236091968950582e-01
2.557500000000462137e+01 1.017418692778930378e+00 1.129434242877134786e-01
2.572500000000407638e+01 1.014815263853481087e+00 1.121705899437765719e-01
2.587500000000000000e+01 1.017060276369364136e+00 1.127603085026253754e-01
2.602499999999590585e+01 1.019365148244190111e+00 1.117497448410356559e-01
2.617499999999521521e+01 1.018956517726838262e+00 1.113678443698935538e-01
2.632500000000482032e+01 1.020497280629993897e+00 1.111470825444102195e-01
2.647500000000383480e+01 1.021042448245292000e+00 1.112919457511365035e-01
2.662500000000000000e+01 1.023780504045661344e+00 1.115165406535337800e-01
2.677499999999647073e+01 1.023004167185343372e+00 1.105835237028518075e-01
2.692499999999502691e+01 1.022942647872832733e+00 1.110984389142160578e-01
2.707500000000501217e+01 1.021835972202113973e+00 1.091902929990700155e-01
2.722500000000308873e+01 1.023565048968390734e+00 1.079633813424809435e-01
2.737500000000000000e+01 1.024973244549076012e+00 1.090919437227812622e-01
2.752499999999719549e+01 1.022896235806600274e+00 1.066671897435493427e-01
2.767499999999484928e+01 1.024148571830665766e+00 1.089654491849609275e-01
2.782500000000518625e+01 1.023294506227544032e+00 1.081275005786929005e-01
2.797500000000238529e+01 1.021075669971440503e+00 1.065973385556132080e-01
2.812500000000000000e+01 1.021810370644735899e+00 1.084207251688425189e-01
2.827499999999788827e+01 1.022029325244433462e+00 1.065282427533774945e-01
2.842499999999467164e+01 1.020403998687851921e+00 1.063309099234118343e-01
2.857500000000536033e+01 1.021102059769185777e+00 1.060028558529548526e-01
2.872500000000171028e+01 1.021324565254330130e+00 1.054202589477841179e-01
2.887500000000000000e+01 1.022795323600367734e+00 1.055915882464960459e-01
2.902499999999854552e+01 1.023418230842335408e+00 1.064775652927178046e-01
2.917499999999451177e+01 1.023516598609296890e+00 1.035062330168456807e-01
2.932500000000552021e+01 1.024574196282170835e+00 1.056834931182800419e-01
2.947500000000107434e+01 1.024117633582450670e+00 1.046934399923455661e-01
2.962500000000000000e+01 1.027213142048075456e+00 1.025727326145759594e-01
2.977499999999917080e+01 1.025763107871496382e+00 1.045260955114944851e-01
2.992499999999435900e+01 1.028083142217626200e+00 1.027701715990383263e-01
3.007500000000566942e+01 1.029156378042026532e+00 1.030613916531810670e-01
3.022500000000047393e+01 1.027719328393304377e+00 1.024013234152744561e-01
3.037500000000000000e+01 1.026518920731651852e+00 1.027448884204677226e-01
3.052499999999976410e+01 1.028025703506143085e+00 1.030829868726225451e-01
3.067499999999420623e+01 1.028402039813413493e+00 1.026443803602907351e-01
3.082500000000581508e+01 1.030258146716950485e+00 1.025260781808708804e-01
3.097499999999989839e+01 1.028442686010605955e+00 1.025030993004802105e-01
3.112500000000000000e+01 1.029903073493539711e+00 1.022860287520143824e-01
3.127500000000032898e+01 1.030109440319061598e+00 1.021505508208918750e-01
3.142499999999406768e+01 1.031258908452851397e+00 1.015576067236589747e-01
3.157500000000595364e+01 1.029216397852775744e+00 1.015841588872194445e-01
3.172499999999935127e+01 1.030881274722817542e+00 1.004332679496350161e-01
3.187500000000000000e+01 1.029966994382087497e+00 1.010055558886668869e-01
3.202500000000086544e+01 1.029931726221059884e+00 9.949537351699132282e-02
3.217499999999394333e+01 1.029768830847091587e+00 9.972571571900508414e-02
3.232500000000609219e+01 1.030485372056258786e+00 9.941200966742998191e-02
3.247499999999882903e+01 1.030764649404071642e+00 9.990864481901717831e-02
3.262500000000000000e+01 1.027886580120533688e+00 1.003548933580989400e-01
3.277500000000137703e+01 1.030329803936881339e+00 9.941665724222047140e-02
3.292499999999381544e+01 1.028982344665862803e+00 1.001961510980573095e-01
3.307500000000621299e+01 1.031131436237660015e+00 9.937578451109778388e-02
3.322499999999832454e+01 1.032114697710054152e+00 9.760457499224969857e-02
3.337500000000000000e+01 1.029350793514074436e+00 9.913075996473347251e-02
3.352500000000186731e+01 1.029209243539831231e+00 9.817839227740834951e-02
3.367499999999368754e+01 1.029361996772795385e+00 9.719821431360808894e-02
3.382500000000633378e+01 1.030551218625402443e+00 9.760681620324368479e-02
3.397499999999784848e+01 1.030489494917603110e+00 9.631267091746006925e-02
3.412500000000000000e+01 1.029780886902720072e+00 9.802934319088152382e-02
3.427500000000233626e+01 1.031232322199245877e+00 9.702775464908677816e-02
3.442499999999357385e+01 1.030536694850421098e+00 9.598852292001418263e-02
3.457500000000644746e+01 1.032014069624419328e+00 9.567182607803408068e-02
3.472499999999739373e+01 1.031457735568628964e+00 9.689395534970220158e-02
3.487500000000000000e+01 1.031179233616412727e+00 9.557501676579725769e-02
3.502500000000278391e+01 1.030785572907913172e+00 9.674878209929960171e-02
3.517499999999346016e+01 1.031188660075415209e+00 9.614259805575633977e-02
3.532500000000656115e+01 1.030835668410406747e+00 9.548845060480420921e-02
3.547499999999695319e+01 1.032329223984204347e+00 9.625762397812540061e-02
3.562500000000000000e+01 1.030007159150163609e+00 9.589744641633193845e-02
3.577500000000321734e+01 1.031324754098121854e+00 9.496596896141205890e-02
3.592499999999336069e+01 1.031836148303705736e+00 9.430230883086970772e-02
3.607500000000666773e+01 1.028874300028541633e+00 9.409218617878745139e-02
3.622499999999653397e+01 1.030030997882560584e+00 9.247272628321141774e-02
3.637500000000000000e+01 1.030582007830530777e+00 9.454018879028693034e-02
3.652500000000362235e+01 1.029131423292525049e+00 9.424936098474225032e-02
3.667499999999325411e+01 1.030181186952480399e+00 9.403826522515448816e-02
3.682500000000676721e+01 1.032274671545007960e+00 9.361553027580335473e-02
3.697499999999613607e+01 1.032108968615473188e+00 9.389479484865653758e-02
3.712500000000000000e+01 1.028918264957718431e+00 9.321899412250475581e-02
3.727500000000402736e+01 1.030127358178942298e+00 9.364040262029717232e-02
3.742499999999315463e+01 1.031490509115958742e+00 9.245219947415946049e-02
3.757500000000686668e+01 1.028727735194503223e+00 9.096106153932070892e-02
3.772499999999575238e+01 1.029797370602753226e+00 9.301693162794889835e-02
3.787500000000000000e+01 1.028841373340212861e+00 9.231468373526863225e-02
3.802500000000440394e+01 1.029831869677953149e+00 9.175972010274424662e-02
3.817499999999306226e+01 1.029201845385922409e+00 9.193955606150784610e-02
3.832500000000695906e+01 1.029030225405541454e+00 9.142980484084999027e-02
3.847499999999537579e+01 1.029788674574172225e+00 9.100249435979609891e-02
3.862500000000000000e+01 1.031051393746591938e+00 9.099671030227766966e-02
3.877500000000476632e+01 1.030089230145255996e+00 9.161059496739870633e-02
3.892499999999297700e+01 1.028932636370971654e+00 9.076779456761549514e-02
3.907500000000705143e+01 1.030107692883180270e+00 9.023352822550408103e-02
3.922499999999502052e+01 1.027931924795822516e+00 8.978466519464178841e-02
3.937500000000000000e+01 1.031316722344288506e+00 8.993858690513782672e-02
3.952500000000512159e+01 1.027703364700071509e+00 9.035791589209220265e-02
3.967499999999288463e+01 1.029380968848674582e+00 8.980709651851184749e-02
3.982500000000712959e+01 1.027817576907680719e+00 9.130787002489909598e-02
3.997499999999467946e+01 1.031181874490566308e+00 8.835193985253424198e-02
4.012500000000000000e+01 1.029309361170499759e+00 9.007375151185585682e-02
4.027500000000545555e+01 1.026824979442107155e+00 9.038253943475234309e-02
4.042499999999279936e+01 1.028648084125849405e+00 8.883477373512432829e-02
4.057500000000721485e+01 1.026956742402248546e+00 8.880489302690844355e-02
4.072499999999434550e+01 1.026568909570550581e+00 8.936638747229495860e-02
4.087500000000000000e+01 1.028142992320969062e+00 8.914943897311919385e-02
4.102500000000578240e+01 1.026957727935946529e+00 8.832541824008963149e-02
4.117499999999272120e+01 1.026389420359335336e+00 8.779882136448059760e-02
4.132500000000730012e+01 1.025775045887937775e+00 8.769214706329381270e-02
4.147499999999402576e+01 1.026541933654983030e+00 8.773613634378067683e-02
4.162500000000000000e+01 1.027166637132106874e+00 8.718948944217629060e-02
4.177500000000609504e+01 1.024657282251614010e+00 8.925583518001654892e-02
4.192499999999264304e+01 1.025173316325728612e+00 8.878181975802466874e-02
4.207500000000737828e+01 1.023311158292021572e+00 8.721517719596395823e-02
4.222499999999372022e+01 1.025832663703157399e+00 8.751666684547056152e-02
4.237500000000000000e+01 1.025106436572778890e+00 8.725955133570367783e-02
4.252500000000640057e+01 1.022667081236081854e+00 8.787831759058863101e-02
4.267499999999256488e+01 1.023459414128258693e+00 8.665718920789623747e-02
4.282500000000744933e+01 1.024149327562920542e+00 8.864599350162680191e-02
4.297499999999342180e+01 1.024055596376356236e+00 8.633352100263093354e-02
4.312500000000000000e+01 1.025185360919260491e+00 8.816759586364886214e-02
4.327500000000669900e+01 1.024134429145705294e+00 8.607928633777782446e-02
4.342499999999249383e+01 1.022463295784701520e+00 8.631274466850707983e-02
4.357500000000752038e+01 1.024334784668017750e+00 8.640944911431779063e-02
4.372499999999313758e+01 1.022489710803855312e+00 8.571211354557457807e-02
4.387500000000000000e+01 1.024530251405438852e+00 8.646482087944064310e-02
4.402500000000697611e+01 1.022074604726047165e+00 8.610620131720278514e-02
4.417499999999242277e+01 1.023157919537902139e+00 8.592932257379012895e-02
4.432500000000759144e+01 1.023817706698921803e+00 8.550444634149992340e-02
4.447499999999286047e+01 1.022003371114024617e+00 8.635455630434830943e-02
4.462500000000000000e+01 1.023265445747676194e+00 8.519335992718571338e-02
4.477500000000724611e+01 1.022113668144197574e+00 8.529116229919307679e-02
4.492499999999235882e+01 1.021771968037366030e+00 8.461768740484731932e-02
4.507500000000766249e+01 1.021617306515232526e+00 8.575300690235802825e-02
4.522499999999259757e+01 1.021005029326048419e+00 8.466748054367465026e-02
4.537500000000000000e+01 1.021146901546466257e+00 8.480695181931589832e-02
4.552500000000750902e+01 1.021005492982031804e+00 8.468021579061499327e-02
4.567499999999228777e+01 1.020085435431322685e+00 8.412395664310752530e-02
4.582500000000772644e+01 1.020848213609746091e+00 8.437898162885847098e-02
4.597499999999233466e+01 1.021523985407250201e+00 8.396949832621079801e-02
4.612500000000000000e+01 1.022001857891485788e+00 8.364531440801697970e-02
4.627500000000776481e+01 1.020346158582286389e+00 8.262324754096980750e-02
4.642499999999223093e+01 1.019395031559364506e+00 8.231205712762765248e-02
4.657500000000779039e+01 1.020084996665159061e+00 8.283029303296975121e-02
4.672499999999207887e+01 1.019888076708615587e+00 8.215279047081193442e-02
4.687500000000000000e+01 1.020586798207575363e+00 8.344579094471675507e-02
4.702500000000801350e+01 1.018504225577347766e+00 8.243472480902931665e-02
4.717499999999216698e+01 1.018943090908110527e+00 8.285813735660561841e-02
4.732500000000784723e+01 1.020613690610062463e+00 8.184232356917463258e-02
4.747499999999183729e+01 1.019024086835137677e+00 8.153135212150434963e-02
4.762500000000000000e+01 1.018838848895525562e+00 8.169109619413697509e-02
4.777500000000825509e+01 1.018670561837396793e+00 8.151599078937160625e-02
4.792499999999211013e+01 1.018461359477575101e+00 8.181908249533054178e-02
4.807500000000790408e+01 1.019460875181871229e+00 8.304075095264827622e-02
4.822499999999160281e+01 1.017393873433567242e+00 8.117734756217966086e-02
4.837500000000000000e+01 1.017769424247330967e+00 8.230572679325977303e-02
4.852500000000848956e+01 1.017135552450247005e+00 8.109892316749529872e-02
4.867499999999204618e+01 1.019248985731612933e+00 8.182221138624339030e-02
4.882500000000796092e+01 1.017811158261487936e+00 8.146137253307358939e-02
4.897499999999137543e+01 1.016047169666021599e+00 8.270340454417160481e-02
4.912500000000000000e+01 1.017472196680002883e+00 8.084685648583771200e-02
4.927500000000870983e+01 1.016939444621613564e+00 8.158077671891766913e-02
4.942499999999198934e+01 1.016900810085406892e+00 8.134873235686035375e-02
4.957500000000802487e+01 1.016624683366043058e+00 8.163727093388567502e-02
4.972499999999115516e+01 1.015522271634309526e+00 7.991118657741311249e-02
4.987500000000000000e+01 1.015056613742379987e+00 8.030201612465337480e-02
5.002500000000893010e+01 1.015318729708398982e+00 8.082100151613680339e-02
5.017499999999193960e+01 1.014633482049191349e+00 7.971246272401201483e-02
5.032500000000807461e+01 1.015934445222409943e+00 7.923484923919217604e-02
5.047499999999094200e+01 1.016680382126968762e+00 8.006490693211107401e-02
5.062500000000000000e+01 1.016002778121128713e+00 8.076781188593971927e-02
5.077500000000914326e+01 1.015233858813832546e+00 8.067783782816606575e-02
5.092499999999188276e+01 1.015456878133528029e+00 7.938822009284386694e-02
5.107500000000812435e+01 1.015115571398834016e+00 8.029768124432794252e-02
5.122499999999072884e+01 1.015439474690102095e+00 7.982668627902722580e-02
5.137500000000000000e+01 1.016833840580934289e+00 8.009009533283374671e-02
5.152500000000934932e+01 1.014991043366437751e+00 7.885504122174627484e-02
5.167499999999183302e+01 1.014192231599510441e+00 7.966611300983840460e-02
5.182500000000818119e+01 1.014114824557776462e+00 7.908200976871752885e-02
5.197499999999052989e+01 1.012497182259562090e+00 7.909158034179133989e-02
5.212500000000000000e+01 1.014903716033588754e+00 7.857181460832443620e-02
5.227500000000954827e+01 1.014089674497464788e+00 7.880144276295866779e-02
5.242499999999178328e+01 1.013171786661346108e+00 7.818554995617581216e-02
5.257500000000806040e+01 1.013752945417382811e+00 7.886674585276010063e-02
5.272499999999033804e+01 1.014575182899098316e+00 7.801191804086167469e-02
5.287500000000000000e+01 1.014166567533445695e+00 7.889296254885060089e-02
5.302500000000974723e+01 1.013962963890533198e+00 7.803397065764426654e-02
5.317499999999255778e+01 1.016105667762163600e+00 7.900421301313680089e-02
5.332500000000729301e+01 1.013947578131310756e+00 7.745772550864901684e-02
5.347499999999015330e+01 1.013066918395413518e+00 7.801350659211334082e-02
5.362500000000000000e+01 1.014484431402247422e+00 7.786467334103397420e-02
5.377500000000993197e+01 1.013118024714965593e+00 7.671203093530597206e-02
5.392499999999331095e+01 1.012998247970095189e+00 7.735425177632804239e-02
5.407500000000654694e+01 1.012796607996023557e+00 7.688082919951448602e-02
5.422499999998996145e+01 1.013351847468752398e+00 7.853460727750738446e-02
5.437500000000000000e+01 1.013500597211617338e+00 7.705293379810732035e-02
5.452500000001011671e+01 1.010518759754915896e+00 7.653175474379284027e-02
5.467499999999403570e+01 1.011956852162036125e+00 7.725924637368696002e-02
5.482500000000581508e+01 1.011379621407846319e+00 7.664377050911620748e-02
5.497499999998977671e+01 1.011963737255596962e+00 7.664136927296094637e-02
5.512500000000000000e+01 1.011770463371359785e+00 7.758145148956537007e-02
5.527500000001029434e+01 1.013246973757875757e+00 7.626408703944351219e-02
5.542499999999475335e+01 1.011256071183361804e+00 7.589029752964841780e-02
5.557500000000510454e+01 1.011591051486355308e+00 7.617738815225992555e-02
5.572499999998960618e+01 1.011720634280319553e+00 7.666422947049993109e-02
5.587500000000000000e+01 1.010037842179010159e+00 7.562121218300243974e-02
5.602500000001046487e+01 1.010669576552762239e+00 7.667472623399507192e-02
5.617499999999544258e+01 1.011370106849373007e+00 7.634756350233902478e-02
5.632500000000441531e+01 1.009869640095724996e+00 7.552823890906829041e-02
5.647499999998942855e+01 1.010395507585566621e+00 7.495828814840573007e-02
5.662500000000000000e+01 1.010979084983545828e+00 7.616045246942476643e-02
5.677500000001062830e+01 1.011011018152652152e+00 7.617005928653095004e-02
5.692499999999611759e+01 1.010286980214345043e+00 7.566420662560911781e-02
5.707500000000374030e+01 1.010099760666739455e+00 7.568691425163692754e-02
5.722499999998926512e+01 1.009748765734099107e+00 7.487474549235395571e-02
5.737500000000000000e+01 1.009982963865458272e+00 7.505293208715581310e-02
5.752500000001079172e+01 1.008161210428590637e+00 7.530041210772506211e-02
5.767499999999677129e+01 1.008943768776207506e+00 7.453107595999465540e-02
5.782500000000310081e+01 1.008852137868904819e+00 7.438333796286089594e-02
5.797499999998910170e+01 1.008649311621872213e+00 7.525003525122149484e-02
5.812500000000000000e+01 1.008146370113265133e+00 7.460413857256539827e-02
5.827500000001095515e+01 1.008938166848069029e+00 7.389839019849388235e-02
5.842499999999741078e+01 1.006404305474842387e+00 7.492292715264245451e-02
5.857500000000246132e+01 1.007271622535226729e+00 7.435407810004511509e-02
5.872499999998893827e+01 1.008062797181533243e+00 7.332712833354193549e-02
5.887500000000000000e+01 1.007333953225026058e+00 7.266231796475580706e-02
5.902500000001111857e+01 1.006598164850075250e+00 7.483064352496050786e-02
5.917499999999803606e+01 1.007617117318199362e+00 7.355986778406557736e-02
5.932500000000184315e+01 1.006116197367147969e+00 7.377189508068637824e-02
5.947499999998878906e+01 1.006666222051305182e+00 7.418589883064304058e-02
5.962500000000000000e+01 1.004713520640119651e+00 7.266002399310832194e-02
5.977500000001126779e+01 1.006199633871007970e+00 7.404542818239372159e-02
5.992499999999864002e+01 1.005401690939122794e+00 7.265938263639401540e-02
6.007500000000123919e+01 1.004538155699363999e+00 7.313605392804940764e-02
6.022499999998863984e+01 1.005495943459766339e+00 7.360799049143387784e-02
6.037500000000000000e+01 1.004890486585631404e+00 7.247881298073755030e-02
6.052500000001142411e+01 1.004860759258822345e+00 7.245296130754794173e-02
6.067499999999923688e+01 1.005246066871684940e+00 7.269724528306634181e-02
6.082500000000064944e+01 1.003881011529951683e+00 7.210485982607504896e-02
6.097499999998849773e+01 1.003769974429469691e+00 7.146747658732191533e-02
6.112500000000000000e+01 1.003106257679895474e+00 7.233548176023374410e-02
6.127500000001155911e+01 1.004502994836616425e+00 7.202173526167969519e-02
6.142499999999980531e+01 1.003379743659240431e+00 7.195520728080020967e-02
6.157500000000007390e+01 1.003614503315696016e+00 7.214940727005438037e-02
6.172499999998834852e+01 1.002617502884037171e+00 7.087627925107359284e-02
6.187500000000000000e+01 1.002513683505780850e+00 7.216156003549799303e-02
6.202500000001170122e+01 1.001674147417142002e+00 7.087592148733165565e-02
6.217500000000037375e+01 1.002240320529952378e+00 7.180470637366269393e-02
6.232499999999951967e+01 1.001294548467643875e+00 7.170132260015302239e-02
6.247499999998820641e+01 1.000280377243312202e+00 7.137569303082330618e-02
6.262500000000000000e+01 1.000816212193166299e+00 7.073391404505387225e-02
6.277500000001184333e+01 1.001475646471158276e+00 7.105918359877499979e-02
6.292500000000092086e+01 1.000769959098918749e+00 7.073450294556897500e-02
6.307499999999897256e+01 1.000966478454277997e+00 7.054750352994620943e-02
6.322499999998807851e+01 1.000712215215819878e+00 7.084536891415038617e-02
6.337500000000000000e+01 1.000352042172773404e+00 7.074512023955094320e-02
6.352500000001197833e+01 1.000475926458335829e+00 7.036498774333230233e-02
6.367500000000146798e+01 9.980100161532465819e-01 7.046795953803104695e-02
6.382499999999843254e+01 9.986070938821213216e-01 7.104544884558865181e-02
6.397499999998793641e+01 9.982517958747466613e-01 7.001447743810672308e-02
6.412500000000000000e+01 9.989111874885834297e-01 7.022039928898529682e-02
6.427500000001211333e+01 9.982131050590886678e-01 6.934529671294051290e-02
6.442500000000200089e+01 9.974465647439197946e-01 6.978197240599191831e-02
6.457499999999791385e+01 9.973819716859307904e-01 7.002136286962440392e-02
6.472499999998781561e+01 9.976211482195690428e-01 6.943478695271389223e-02
6.487500000000000000e+01 9.975288377059114975e-01 6.981972389811154367e-02
6.502500000001224123e+01 9.969120760538952020e-01 6.947474292719260647e-02
6.517500000000251248e+01 9.974337339620550358e-01 6.911211344542404766e-02
6.532499999999740226e+01 9.975253048733023764e-01 6.987639676191019500e-02
6.547499999998768772e+01 9.977402937498829338e-01 6.845190327303685152e-02
6.562500000000000000e+01 9.968997767256458920e-01 6.917235201728753891e-02
6.577500000001236913e+01 9.957305436638985707e-01 6.870009234800675268e-02
6.592500000000300986e+01 9.963957831828861300e-01 6.853749193050499844e-02
6.607499999999690488e+01 9.970470627856822254e-01 6.925402721485039714e-02
6.622499999998755982e+01 9.968079750994693899e-01 6.816509906780741923e-02
6.637500000000000000e+01 9.958857864042524044e-01 6.911990696657777100e-02
6.652500000001249703e+01 9.966098691780198582e-01 6.799633184819629805e-02
6.667500000000349303e+01 9.959571751482471091e-01 6.862273202027918684e-02
6.682499999999640750e+01 9.965297045209103866e-01 6.816820847985202714e-02
6.697499999998743192e+01 9.952405389990371942e-01 6.808371296067426692e-02
6.712500000000000000e+01 9.946978145305634955e-01 6.767623809488158837e-02
6.727500000001261071e+01 9.944840466125782763e-01 6.802643888226851676e-02
6.742500000000397620e+01 9.952090403905617944e-01 6.864472512968886053e-02
6.757499999999593854e+01 9.937072968487803415e-01 6.773804849431308561e-02
6.772499999998731823e+01 9.961500822236210029e-01 6.730105825511101258e-02
6.787500000000000000e+01 9.933499627800879139e-01 6.705467732908269862e-02
6.802500000001272440e+01 9.938359059563713904e-01 6.695446342666760975e-02
6.817500000000444516e+01 9.946036750157594142e-01 6.769263268945381606e-02
6.832499999999546958e+01 9.943023250581354278e-01 6.706957326051385393e-02
6.847499999998720455e+01 9.949023184502863160e-01 6.676547821785748515e-02
6.862500000000000000e+01 9.945984273903436534e-01 6.703449399262483011e-02
6.877500000001283809e+01 9.936890199992319817e-01 6.724693530381080364e-02
6.892500000000489990e+01 9.936467122331676949e-01 6.704621306676496195e-02
6.907499999999501483e+01 9.938980468661814394e-01 6.747095224521340584e-02
6.922499999998709086e+01 9.940824639166139232e-01 6.694468489562266367e-02
6.937500000000000000e+01 9.939335762058414403e-01 6.652302028169786163e-02
6.952500000001295177e+01 9.935615761766619647e-01 6.689941096233767426e-02
6.967500000000535465e+01 9.928316856952118519e-01 6.684331107998464638e-02
6.982499999999456008e+01 9.941055710197150841e-01 6.658188345670390529e-02
6.997499999998697717e+01 9.932712015132179051e-01 6.648095094914861780e-02
7.012500000000000000e+01 9.931816617799558156e-01 6.619332137381388204e-02
7.027500000001306546e+01 9.939032880576718076e-01 6.652256276092198550e-02
7.042500000000579519e+01 9.926494016334670434e-01 6.624200551731507236e-02
7.057499999999413376e+01 9.927621414789647991e-01 6.609475206959268545e-02
7.072499999998686349e+01 9.919790173292689639e-01 6.650882340680762395e-02
7.087500000000000000e+01 9.929662356644739507e-01 6.670596233252149010e-02
7.102500000001316494e+01 9.924656377188914025e-01 6.591391800070554863e-02
7.117500000000620730e+01 9.920015907332692118e-01 6.671226370333108169e-02
7.132499999999369322e+01 9.926128511117968678e-01 6.653544588437061702e-02
7.147499999998676401e+01 9.931063451361510364e-01 6.605125585815233014e-02
7.162500000000000000e+01 9.930168319464950377e-01 6.572807715786674332e-02
7.177500000001327862e+01 9.917187624861936168e-01 6.628532696086503195e-02
7.192500000000663363e+01 9.927891137522018017e-01 6.579742487000486695e-02
7.207499999999328111e+01 9.927313422460557479e-01 6.621625329935958149e-02
7.222499999998666453e+01 9.921390340629915316e-01 6.607163242492246347e-02
7.237500000000000000e+01 9.922491593131975707e-01 6.482051440826114286e-02
7.252500000001337810e+01 9.919701305851539308e-01 6.577745972507512140e-02
7.267500000000704574e+01 9.915966850551045653e-01 6.497480273567891873e-02
7.282499999999286899e+01 9.922069777664979107e-01 6.550320164394447808e-02
7.297499999998655085e+01 9.910981529507648657e-01 6.512689264100747499e-02
7.312500000000000000e+01 9.922807155645798627e-01 6.613973024345390361e-02
7.327500000001347757e+01 9.930797211638399125e-01 6.570106999903331524e-02
7.342500000000745786e+01 9.928858797637973854e-01 6.450406966759372751e-02
7.357499999999247109e+01 9.925903133566459369e-01 6.471677919804001700e-02
7.372499999998646558e+01 9.913687941647351121e-01 6.509148213261638227e-02
7.387500000000000000e+01 9.937933440339986602e-01 6.462296125838269678e-02
7.402500000001359126e+01 9.936072696605653398e-01 6.467082531235304743e-02
7.417500000000785576e+01 9.918669972263819412e-01 6.523302380365614273e-02
7.432499999999207319e+01 9.936065109526946992e-01 6.475692098181114187e-02
7.447499999998635190e+01 9.923973562673594762e-01 6.447899345119768866e-02
7.462500000000000000e+01 9.921191435232387112e-01 6.463788635478216749e-02
7.477500000001367653e+01 9.917025098573459818e-01 6.396485023708968487e-02
7.492500000000823945e+01 9.938738799241928490e-01 6.492411684536676664e-02
7.507499999999168949e+01 9.925319447872701373e-01 6.484530303635666071e-02
7.522499999998626663e+01 9.927896034110376133e-01 6.323770780273257897e-02
7.537500000000000000e+01 9.914243130014628314e-01 6.465638748676884318e-02
7.552500000001377600e+01 9.919798407416186015e-01 6.401389977026225586e-02
7.567500000000862315e+01 9.918803240069828941e-01 6.493970528952944243e-02
7.582499999999130580e+01 9.930735261369163513e-01 6.405435716861411499e-02
7.597499999998616715e+01 9.927281871108436517e-01 6.373481309794733207e-02
7.612500000000000000e+01 9.924027867849193330e-01 6.502487567146844616e-02
7.627500000001386127e+01 9.926620968100122733e-01 6.410076909502775144e-02
7.642500000000899263e+01 9.927016206904675233e-01 6.419369439660524423e-02
7.657499999999093632e+01 9.929531732397973709e-01 6.428244486258373469e-02
7.672499999998608189e+01 9.928715479947273215e-01 6.433144628112444363e-02
7.687500000000000000e+01 9.942496978861439239e-01 6.413692318124600278e-02
7.702500000001396074e+01 9.922310573891707230e-01 6.339029651152507105e-02
7.717500000000934790e+01 9.913564138637994683e-01 6.351938602216673779e-02
7.732499999999058105e+01 9.938532678282588906e-01 6.413167156085365639e-02
7.747499999998598241e+01 9.927801041107299218e-01 6.338750922204985927e-02
7.762500000000000000e+01 9.923827531208451180e-01 6.308037060046831068e-02
7.777500000001404601e+01 9.938849017402300312e-01 6.386214182884258905e-02
7.792500000000971738e+01 9.922379249258413969e-01 6.383873106719878399e-02
7.807499999999021156e+01 9.936649425032859639e-01 6.310691222308720261e-02
7.822499999998589715e+01 9.931202927772567746e-01 6.333198707884139800e-02
7.837500000000000000e+01 9.934819540411184979e-01 6.316448416176553837e-02
7.852500000001413127e+01 9.929609463911641676e-01 6.272505830548497086e-02
7.867500000001005844e+01 9.928693457031656511e-01 6.301706836150838820e-02
7.882499999998987050e+01 9.938653432361003182e-01 6.332089830183502965e-02
7.897499999998581188e+01 9.934667542259998374e-01 6.303326888204389966e-02
7.912500000000000000e+01 9.929803095128892920e-01 6.290750879919301819e-02
7.927500000001423075e+01 9.933603300994926499e-01 6.291316077231869086e-02
7.942500000001041371e+01 9.927279371215569359e-01 6.312934172886441875e-02
7.957499999998951523e+01 9.945137780880799472e-01 6.267384643999042437e-02
7.972499999998572662e+01 9.943380749824471954e-01 6.250461180655089710e-02
7.987500000000000000e+01 9.939745659133188971e-01 6.317174731419859801e-02
8.002500000001430180e+01 9.928155918067600449e-01 6.268110993274665643e-02
8.017500000001075477e+01 9.940857717919234782e-01 6.230079068513706686e-02
8.032499999998918838e+01 9.948433618515917232e-01 6.234869873535996143e-02
8.047499999998564135e+01 9.944679528671376278e-01 6.212750825594994669e-02
8.062500000000000000e+01 9.950824656659209566e-01 6.234019055644930696e-02
8.077500000001438707e+01 9.939866655366570436e-01 6.230258070933474696e-02
8.092500000001108162e+01 9.944032863106353481e-01 6.253458919766369251e-02
8.107499999998886153e+01 9.947885177038364724e-01 6.229747892705358309e-02
8.122499999998557030e+01 9.945068281599073190e-01 6.144702656780012123e-02
8.137500000000000000e+01 9.945158303216369289e-01 6.187065659856493677e-02
8.152500000001447233e+01 9.955818230938753288e-01 6.195637968616420077e-02
8.167500000001139426e+01 9.955549567668025013e-01 6.201361841906694039e-02
8.182499999998853468e+01 9.956326587952750717e-01 6.251110391456948800e-02
8.197499999998548503e+01 9.957729503786920677e-01 6.119089971018111529e-02
8.212500000000000000e+01 9.956402632353454907e-01 6.274176628027922087e-02
8.227500000001455760e+01 9.957597844878520732e-01 6.139936307483186834e-02
8.242500000001172111e+01 9.963878855187897621e-01 6.313877586020770483e-02
8.257499999998822204e+01 9.960717397249344573e-01 6.180724970582047312e-02
8.272499999998539977e+01 9.959447918033843550e-01 6.080408446468848344e-02
8.287500000000000000e+01 9.959225873182646627e-01 6.207369515467693610e-02
8.302500000001462865e+01 9.955355610634959440e-01 6.109569224489447281e-02
8.317500000001203375e+01 9.969836193302046290e-01 6.121040385981422333e-02
8.332499999998789519e+01 9.966820703560030914e-01 6.099118245423867934e-02
8.347499999998531450e+01 9.958228962403351536e-01 6.117489969420586426e-02
8.362500000000000000e+01 9.965606279111476340e-01 6.197201922536944158e-02
8.377500000001469971e+01 9.953738742612733281e-01 6.110455485985078622e-02
8.392500000001234639e+01 9.958012082844310831e-01 6.160216730477648117e-02
8.407499999998758256e+01 9.973581412876506569e-01 6.161942855405749819e-02
8.422499999998524345e+01 9.964669808306884091e-01 6.040922933014136742e-02
8.437500000000000000e+01 9.973232780532044206e-01 6.138107907541567182e-02
8.452500000001478497e+01 9.969279927632151983e-01 6.039958836050816904e-02
8.467500000001264482e+01 9.965871828213680450e-01 6.119099166503261245e-02
8.482499999998728413e+01 9.974861483593234768e-01 6.085218398781973986e-02
8.497499999998517239e+01 9.968622569342995288e-01 6.171991111905229116e-02
8.512500000000000000e+01 9.971502505909051184e-01 6.084308372891066713e-02
8.527500000001485603e+01 9.971081235403574938e-01 6.110503451290988375e-02
8.542500000001294325e+01 9.967181163854222925e-01 6.113948107200868620e-02
8.557499999998699991e+01 9.970279849880622214e-01 6.058724711405892582e-02
8.572499999998510134e+01 9.972935095750554702e-01 6.089390352661838007e-02
8.587500000000000000e+01 9.962658788103860852e-01 6.060530564130209297e-02
8.602500000001494129e+01 9.973475845683519303e-01 6.047230631963421144e-02
8.617500000001324167e+01 9.969131448930820261e-01 6.047834846198157921e-02
8.632499999998670148e+01 9.975021279968463439e-01 6.033325070652577338e-02
8.647499999998503029e+01 9.980483639384795103e-01 6.032813954377688054e-02
8.662500000000000000e+01 9.985872661843263609e-01 6.093939346686595010e-02
8.677500000001501235e+01 9.978860432419677240e-01 6.015274957278070322e-02
8.692500000001352589e+01 9.996338212587959626e-01 6.097974071531095386e-02
8.707499999998641727e+01 9.979320108628101371e-01 5.999923666916452680e-02
8.722499999998494502e+01 9.996636100888469656e-01 5.959705494226887057e-02
8.737500000000000000e+01 9.990937617362928291e-01 6.089057317541279879e-02
8.752500000001508340e+01 9.987398707622412442e-01 6.092282588750122518e-02
8.767500000001381011e+01 9.994166679674442166e-01 6.027626467660174292e-02
8.782499999998613305e+01 9.987810978937522455e-01 5.994391927410117060e-02
8.797499999998487397e+01 9.992554676729707985e-01 6.012084255455255044e-02
8.812500000000000000e+01 9.995388559297716524e-01 5.956245312241793821e-02
8.827500000001514024e+01 9.988059214698867816e-01 6.028230091412951908e-02
8.842500000001409433e+01 9.997185468795491969e-01 5.984687518743087714e-02
8.857499999998586304e+01 9.997705033513094586e-01 5.931870836639854122e-02
8.872499999998480291e+01 9.996221549103034842e-01 5.979432913800804272e-02
8.887500000000000000e+01 9.999028864368194602e-01 6.015915673431921490e-02
8.902500000001521130e+01 9.997329277724552599e-01 6.023099898788628059e-02
8.917500000001436433e+01 1.000480194653430077e+00 5.900623225784552145e-02
8.932499999998557882e+01 1.000697907807221787e+00 5.997286247754027300e-02
8.947499999998473186e+01 9.997076723807953869e-01 5.918591554901736496e-02
8.962500000000000000e+01 1.000741921816414637e+00 5.904975385115777270e-02
8.977500000001528235e+01 1.000409549473875614e+00 5.933873419635567886e-02
8.992500000001462013e+01 1.002792031428726860e+00 5.958764964470943809e-02
9.007499999998532303e+01 1.001282598039188176e+00 5.890651971640616102e-02
9.022499999998467501e+01 1.002502760120274283e+00 5.927309087980616592e-02
9.037500000000000000e+01 1.000526928654565939e+00 5.893734839738071218e-02
9.052500000001533920e+01 1.001123563054201471e+00 5.935072644174726325e-02
9.067500000001489013e+01 1.000604618256087264e+00 5.912788413741588978e-02
9.082499999998505302e+01 1.002812304403134069e+00 5.965658243009373807e-02
9.097499999998460396e+01 1.002223541795307371e+00 5.839620319096464063e-02
9.112500000000000000e+01 1.003287322857205011e+00 5.893628018496339244e-02
9.127500000001541025e+01 1.003250963450422750e+00 5.927443879725068088e-02
9.142500000001514593e+01 1.003112629503555286e+00 5.861141690572978930e-02
9.157499999998479723e+01 1.003112023647122042e+00 5.849157768466965723e-02
9.172499999998454712e+01 1.002737614753971940e+00 5.887374604034392722e-02
9.187500000000000000e+01 1.003372156796163539e+00 5.801678881370100210e-02
9.202500000001548131e+01 1.002948684127475287e+00 5.865635202165220968e-02
9.217500000001541594e+01 1.003035633064943033e+00 5.851254579701678504e-02
9.232499999998454143e+01 1.003513758776784837e+00 5.852824635759781152e-02
9.247499999998447606e+01 1.004278523857565775e+00 5.908521915440805711e-02
9.262500000000000000e+01 1.003322612526105662e+00 5.888104902616207725e-02
9.277500000001553815e+01 1.002943293142815717e+00 5.870169187845733494e-02
9.292500000001565752e+01 1.003270010280744140e+00 5.808452668001228697e-02
9.307499999998428564e+01 1.003690555804610973e+00 5.789437503241242483e-02
9.322499999998441922e+01 1.002711739734081897e+00 5.898464108619663054e-02
9.337500000000000000e+01 1.002285353324400496e+00 5.824218657292268286e-02
9.352500000001559499e+01 1.003121798016864519e+00 5.780681906407202780e-02
9.367500000001591332e+01 1.003659993975772213e+00 5.882429147257049046e-02
9.382499999998402984e+01 1.004012242536656219e+00 5.871318428271127959e-02
9.397499999998436238e+01 1.005287376550723755e+00 5.826917651140297444e-02
9.412500000000000000e+01 1.005260616871465507e+00 5.797491530057116704e-02
9.427500000001566605e+01 1.003930177184199524e+00 5.861815379416569771e-02
9.442500000001615490e+01 1.004170923198129506e+00 5.828842710172412594e-02
9.457499999998380247e+01 1.005281202062572543e+00 5.771390549591865621e-02
9.472499999998429132e+01 1.003908279251045865e+00 5.851584025035098946e-02
9.487500000000000000e+01 1.004795843636667074e+00 5.793580245355814395e-02
9.502500000001572289e+01 1.004962596669395580e+00 5.737429958216565956e-02
9.517500000001639648e+01 1.005883345228640202e+00 5.816586725582121448e-02
9.532499999998356088e+01 1.004669442579724681e+00 5.784376279013718480e-02
9.547499999998423448e+01 1.005882035298341304e+00 5.811480029772507494e-02
9.562500000000000000e+01 1.006755927131523620e+00 5.712973257891013068e-02
9.577500000001577973e+01 1.006365392741725762e+00 5.774637078681027491e-02
9.592500000001662386e+01 1.006122527849975468e+00 5.722392030463575169e-02
9.607499999998331930e+01 1.006053136942796300e+00 5.821157050478303896e-02
9.622499999998417763e+01 1.006114276974504840e+00 5.744769442273876814e-02
9.637500000000000000e+01 1.005692606569001946e+00 5.810379017336098073e-02
9.652500000001585079e+01 1.006017191883629147e+00 5.694330410731068132e-02
9.667500000001686544e+01 1.005987730091764565e+00 5.726766188585979273e-02
9.682499999998309193e+01 1.006780518519263312e+00 5.689874355796117888e-02
9.697499999998412079e+01 1.007096405555525598e+00 5.757854223314359809e-02
9.712500000000000000e+01 1.006147426801296429e+00 5.782330832192886932e-02
9.727500000001590763e+01 1.006345069465146569e+00 5.740866871250666081e-02
9.742500000001709282e+01 1.007169844563950756e+00 5.699838431924227761e-02
9.757499999998287876e+01 1.007830397532079258e+00 5.763837037344768377e-02
9.772499999998406395e+01 1.007006071620508481e+00 5.708194127289212272e-02
9.787500000000000000e+01 1.007908242465804571e+00 5.736610441702171687e-02
9.802500000001595026e+01 1.006636831038766111e+00 5.679598675861431689e-02
9.817500000001732019e+01 1.007451018166587886e+00 5.712070403549104891e-02
9.832499999998263718e+01 1.007028000078693752e+00 5.767400538080467293e-02
9.847499999998402131e+01 1.008295482090201922e+00 5.647040608713723570e-02
9.862500000000000000e+01 1.006948684817627226e+00 5.697348521686647349e-02
9.877500000001600711e+01 1.008181893225072345e+00 5.679368541338584986e-02
9.892500000001753335e+01 1.008069443898679918e+00 5.732101779745462505e-02
9.907499999998242401e+01 1.007080255183132378e+00 5.686027296447261625e-02
9.922499999998395026e+01 1.007883889329320048e+00 5.719679513706337620e-02
9.937500000000000000e+01 1.009156310367332443e+00 5.710628544774883769e-02
9.952500000001606395e+01 1.008684667243020305e+00 5.744223177164244770e-02
9.967500000001776073e+01 1.008121115316681138e+00 5.735739967148813928e-02
9.982499999998221085e+01 1.008710570885288371e+00 5.695857540915871819e-02
9.997499999998389342e+01 1.008991135418068286e+00 5.681282060024759467e-02
1.001250000000000000e+02 1.009334891111766108e+00 5.769540267355586366e-02
1.002750000000161208e+02 1.008300800066469938e+00 5.752032020071017743e-02
1.004250000000179597e+02 1.009596847753317261e+00 5.686270563615963142e-02
1.005749999999819835e+02 1.008809807570315353e+00 5.740879291857939326e-02
1.007249999999838508e+02 1.009598898315354543e+00 5.684568086467636783e-02
1.008750000000000000e+02 1.009310491209311822e+00 5.659476997133192078e-02
1.010250000000161776e+02 1.009392509668524562e+00 5.663046585154487417e-02
1.011750000000181871e+02 1.009718435324413299e+00 5.685111422801936848e-02
1.013249999999817845e+02 9.868998836892148852e-01 5.594956064672013812e-02
1.014749999999837939e+02 9.661169716579068867e-01 5.551480358011143257e-02
1.016250000000000000e+02 9.535301920058320002e-01 5.465429323953840957e-02
1.017750000000162345e+02 9.435286712694699318e-01 5.424311576046122324e-02
1.019250000000184002e+02 9.349589106927337356e-01 5.393610887539548870e-02
1.020749999999815714e+02 9.266430954232186545e-01 5.389526938991844734e-02
1.022249999999837513e+02 9.188239022267312706e-01 5.348188800736695947e-02
1.023750000000000000e+02 9.125459598332824607e-01 5.403013644305779822e-02
1.025250000000162771e+02 9.067219719047385773e-01 5.377251626940800222e-02
1.026750000000185992e+02 8.999921516220665829e-01 5.306445808507963963e-02
1.028249999999813582e+02 8.947704301348544664e-01 5.301000022984347221e-02
1.029749999999836945e+02 8.903439976499002428e-01 5.244933721817833516e-02
1.031250000000000000e+02 8.847812286944649607e-01 5.206128329872707766e-02
1.032750000000163340e+02 8.797698960205573293e-01 5.240576521495034917e-02
1.034250000000187981e+02 8.763841987156104629e-01 5.154534239986933303e-02
1.035749999999811592e+02 8.709365134586295465e-01 5.195383959779345528e-02
1.037249999999836376e+02 8.664456633905738281e-01 5.107804110378171003e-02
1.038750000000000000e+02 8.622860658156628055e-01 5.200803851489108065e-02
1.040250000000163766e+02 8.584387651815338360e-01 5.165181590077639467e-02
1.041750000000189971e+02 8.552773990458122366e-01 5.138632967669398699e-02
1.043249999999809603e+02 8.511695750020681350e-01 5.082925373506372302e-02
1.044749999999835950e+02 8.476089926272638575e-01 5.100207073078616427e-02
1.046250000000000000e+02 8.443058334659758746e-01 5.053932543206184069e-02
1.047750000000164334e+02 8.407196798676911387e-01 4.971677308332413114e-02
1.049250000000191818e+02 8.367705749972924600e-01 5.047359667242835857e-02
1.050749999999807613e+02 8.333280460317823435e-01 5.032854714519795214e-02
1.052249999999839503e+02 8.301306824698481135e-01 4.940470048886939219e-02
1.053750000000000000e+02 8.273208923074968357e-01 5.018782469503131616e-02
1.055250000000157229e+02 8.235735141217543909e-01 5.026059771040732732e-02
1.056750000000193808e+02 8.211762481389119905e-01 4.942501207487362547e-02
1.058249999999805766e+02 8.172741755877079850e-01 4.952526872125168067e-02
1.059749999999847319e+02 8.150162754518416319e-01 4.970148557802493011e-02
1.061250000000000000e+02 8.113430117947038056e-01 4.953239006054401677e-02
1.062750000000149555e+02 8.095786234302956297e-01 4.920230350184107843e-02
1.064250000000195797e+02 8.065399661561960531e-01 4.926080660424387442e-02
1.065749999999803919e+02 8.035871223396204854e-01 4.855106451173220317e-02
1.067249999999854850e+02 8.001643586108978523e-01 4.888372564600817344e-02
1.068750000000000000e+02 7.965024301618174318e-01 4.861943949318074665e-02
1.070250000000141881e+02 7.947306827772669946e-01 4.795715644025234231e-02
1.071750000000197645e+02 7.931949633387542775e-01 4.824185379878966756e-02
1.073249999999802071e+02 7.901923870415559215e-01 4.780425823522049117e-02
1.074749999999862524e+02 7.864323553337929651e-01 4.808557218826640944e-02
1.076250000000000000e+02 7.850071892100201065e-01 4.726259172687078541e-02
1.077750000000134492e+02 7.821804699059335952e-01 4.835926493564594864e-02
1.079250000000199492e+02 7.808222493277076071e-01 4.695521768884362152e-02
1.080749999999800224e+02 7.770952248608195001e-01 4.718707744565395212e-02
1.082249999999869914e+02 7.750006459458531616e-01 4.753267710846573874e-02
1.083750000000000000e+02 7.725328517648215598e-01 4.781655457270481135e-02
1.085250000000127244e+02 7.710266460761103779e-01 4.736250106618480893e-02
1.086750000000201481e+02 7.686367948643704207e-01 4.719433880777446078e-02
1.088249999999798376e+02 7.666584128375659724e-01 4.663103571838136258e-02
1.089749999999877161e+02 7.643252771900126419e-01 4.633459956774891447e-02
1.091250000000000000e+02 7.611311169328686121e-01 4.651216411714294979e-02
1.092750000000119854e+02 7.593563986224998175e-01 4.679903170814803809e-02
1.094250000000203045e+02 7.568280382752902158e-01 4.709356550657065044e-02
1.095749999999796529e+02 7.549909325303842955e-01 4.655844660413095693e-02
1.097249999999884409e+02 7.533527555991808011e-01 4.686483645800731263e-02
1.098750000000000000e+02 7.503286672858739959e-01 4.652864451201235707e-02
1.100250000000112749e+02 7.480080686830706815e-01 4.634666761894534748e-02
1.101750000000204892e+02 7.466642080584978691e-01 4.649296688803478822e-02
1.103249999999794682e+02 7.443799698218594996e-01 4.581793499386327406e-02
1.104749999999891372e+02 7.424487095501430822e-01 4.563959172913593931e-02
1.106250000000000000e+02 7.409721158016173703e-01 4.632624188682535338e-02
1.107750000000105643e+02 7.389045924601618243e-01 4.555147112347720378e-02
1.109250000000206740e+02 7.364522445551980878e-01 4.562493483622351298e-02
1.110749999999792976e+02 7.342535252983247718e-01 4.581408324993376663e-02
1.112249999999898620e+02 7.326275453402321114e-01 4.551903888404840864e-02
1.113750000000000000e+02 7.303086877366774532e-01 4.554796150621844009e-02
1.115250000000098822e+02 7.286151751094840368e-01 4.488664469636424043e-02
1.116750000000208445e+02 7.267061428685204216e-01 4.539249113165152311e-02
1.118249999999791129e+02 7.251869768024636898e-01 4.549403633887229292e-02
1.119749999999905299e+02 7.221461902268401234e-01 4.513356795335474181e-02
1.121250000000000000e+02 7.209861485634323497e-01 4.541839166626512186e-02
1.122750000000091859e+02 7.191862434742176680e-01 4.423548707139119546e-02
1.124250000000210008e+02 7.170411562544473094e-01 4.482605416481803828e-02
1.125749999999789566e+02 7.159031622398495109e-01 4.513136207445932885e-02
1.127249999999912120e+02 7.138451004682532242e-01 4.498925632762888760e-02
1.128750000000000000e+02 7.117958497444478727e-01 4.505711120645114476e-02
1.130250000000085180e+02 7.105278168870615696e-01 4.402259141674784437e-02
1.131750000000211855e+02 7.088310622761059276e-01 4.454359231568607441e-02
1.133249999999787860e+02 7.071465643857312022e-01 4.353873488599674380e-02
1.134749999999919083e+02 7.053089329718827960e-01 4.430096165225034383e-02
1.136250000000000000e+02 7.028341913605307134e-01 4.379889705657250693e-02
1.137750000000078359e+02 7.011319439812629950e-01 4.426924571735346009e-02
1.139250000000213561e+02 6.998490729028504775e-01 4.392291537916806488e-02
1.140749999999786297e+02 6.984230109257014707e-01 4.412775867742051161e-02
1.142249999999925620e+02 6.967167543184310530e-01 4.366794076090815824e-02
1.143750000000000000e+02 6.956060138552200289e-01 4.356409033813709447e-02
1.145250000000071680e+02 6.931617820981739175e-01 4.323243958997778635e-02
1.146750000000215124e+02 6.910196511159373278e-01 4.308930031446001757e-02
1.148249999999784308e+02 6.905890765276408994e-01 4.374778113266998558e-02
1.149749999999932157e+02 6.880729407079168025e-01 4.315259668991112268e-02
1.151250000000000000e+02 6.871076365653304707e-01 4.309605510029543285e-02
1.152750000000065285e+02 6.849024716274434432e-01 4.377174940580626228e-02
1.154250000000216829e+02 6.841093399357478511e-01 4.328487908766946723e-02
1.155749999999783029e+02 6.822729991843210495e-01 4.274404133630258645e-02
1.157249999999938694e+02 6.809715224358834362e-01 4.327127883339251108e-02
1.158750000000000000e+02 6.793411732781883261e-01 4.317650573786038781e-02
1.160250000000058748e+02 6.786224449647930701e-01 4.393961265692065965e-02
1.161750000000218392e+02 6.765865291470972709e-01 4.212378607610559739e-02
1.163249999999781323e+02 6.747547080827026589e-01 4.302457876949265098e-02
1.164749999999945089e+02 6.738873576473627391e-01 4.279585875042199450e-02
1.166250000000000000e+02 6.714336906758086032e-01 4.274457304949950270e-02
1.167750000000052495e+02 6.714900212436585303e-01 4.241979423679587829e-02
1.169250000000220098e+02 6.692223152336532754e-01 4.232303113815006484e-02
1.170749999999779760e+02 6.681853025438948546e-01 4.248517407715885624e-02
1.172249999999951484e+02 6.662732024627148197e-01 4.182904020492837077e-02
1.173750000000000000e+02 6.646372221696461580e-01 4.210155186762555568e-02
1.175250000000046242e+02 6.635602939560523161e-01 4.233821952123064530e-02
1.176750000000221377e+02 6.625389909692601664e-01 4.189175231066432498e-02
1.178249999999778055e+02 6.603250745891464657e-01 4.198615631069178150e-02
1.179749999999957453e+02 6.587116371373786805e-01 4.156788411286471002e-02
1.181250000000000000e+02 6.580534326520448563e-01 4.146442496663647198e-02
1.182750000000039989e+02 6.566244658283121316e-01 4.181897937211747490e-02
1.184250000000223082e+02 6.549268412386939353e-01 4.182977413488981472e-02
1.185749999999776634e+02 6.526114577625627966e-01 4.167733216329200241e-02
1.187249999999963705e+02 6.516670204561912927e-01 4.167442801470886554e-02
1.188750000000000000e+02 6.504891456177357423e-01 4.118161439504015170e-02
1.190250000000033879e+02 6.491127769830467020e-01 4.137715789748981632e-02
1.191750000000224645e+02 6.482759909992716896e-01 4.145024092117325504e-02
1.193249999999775071e+02 6.464404789620949998e-01 4.098191559681488988e-02
1.194749999999969816e+02 6.463982860163944855e-01 4.062177843873806399e-02
1.196250000000000000e+02 6.446643093111578127e-01 4.119204450248926258e-02
1.197750000000027910e+02 6.434943466511706678e-01 4.117780043390315697e-02
1.199250000000226066e+02 6.413511425465299176e-01 4.079155175034239467e-02
1.200749999999773650e+02 6.401170509506257655e-01 4.100616006826485194e-02
1.202249999999975927e+02 6.387697137397587710e-01 4.058637449844428730e-02
1.203750000000000000e+02 6.377304134709740335e-01 4.024074434947940565e-02
1.205250000000021799e+02 6.370313765477629842e-01 4.055971458257703888e-02
1.206750000000227772e+02 6.348574400937926354e-01 4.093885966900892570e-02
1.208249999999772086e+02 6.346415212633952363e-01 4.042272221801147120e-02
1.209749999999981753e+02 6.331383883931749335e-01 4.011138561141162906e-02
1.211250000000000000e+02 6.319521494802069483e-01 4.027890755589873251e-02
1.212750000000015973e+02 6.302054715655588391e-01 4.050829865814070674e-02
1.214250000000229193e+02 6.294955471961027893e-01 4.101457894842266277e-02
1.215749999999770665e+02 6.281685209831489036e-01 4.064913226543091090e-02
1.217249999999987580e+02 6.269276421926187615e-01 4.009172809200973325e-02
1.218750000000000000e+02 6.254600595923869299e-01 3.998740783886511885e-02
1.220250000000010147e+02 6.245742817858971341e-01 4.030548574417367608e-02
1.221750000000230472e+02 6.244549166022365094e-01 3.982743305289368485e-02
1.223249999999769244e+02 6.223799349008147797e-01 4.003780941930228099e-02
1.224749999999993406e+02 6.210056848268880048e-01 4.007801265019342307e-02
1.226250000000000000e+02 6.201689020145408904e-01 3.925805561727401666e-02
1.227750000000004320e+02 6.187679463902147070e-01 3.969349212588284964e-02
1.229250000000231893e+02 6.175721279224500870e-01 3.958290020014363503e-02
1.230749999999767681e+02 6.168179180225057401e-01 3.903747178717348332e-02
1.232249999999999233e+02 6.152068227007654322e-01 3.961764188676370618e-02
1.233750000000000000e+02 6.143951682572816875e-01 3.961637785320496624e-02
1.235249999999998494e+02 6.126718586462545080e-01 3.934528671841726333e-02
1.236750000000233314e+02 6.117188787398849525e-01 3.909879599240156933e-02
1.238249999999766402e+02 6.110641440371255007e-01 3.932208594808725421e-02
1.239750000000004775e+02 6.107468781085695353e-01 3.887970015623325171e-02
1.241250000000000000e+02 6.086593056096738508e-01 3.934811003580589162e-02
1.242749999999992951e+02 6.080478088115526258e-01 3.912176586579059478e-02
1.244250000000234735e+02 6.063489102748975679e-01 3.872933846795147822e-02
1.245749999999764839e+02 6.059288573461623084e-01 3.872503750782591014e-02
1.247250000000010317e+02 6.048607314555606296e-01 3.904575908846663612e-02
1.248750000000000000e+02 6.035477793698619253e-01 3.878185263228817181e-02
1.250249999999987551e+02 6.026306156800125269e-01 3.869896193831898201e-02
1.251750000000236156e+02 6.024633291189753770e-01 3.875827819358301785e-02
1.253249999999763702e+02 6.006551729912539273e-01 3.857871438657632657e-02
1.254750000000015859e+02 5.989242259708641436e-01 3.859549995691338026e-02
1.256250000000000000e+02 5.981960838227656785e-01 3.787896496868489032e-02
1.257749999999982009e+02 5.974067112579171113e-01 3.871060605971365920e-02
1.259250000000237577e+02 5.960808921219372669e-01 3.823432907894284971e-02
1.260749999999762281e+02 5.960058503313669931e-01 3.848429326752340202e-02
1.262250000000021259e+02 5.941480482761080095e-01 3.852377610373033251e-02
1.263750000000000000e+02 5.930185740312207132e-01 3.829813223363883606e-02
1.265249999999976609e+02 5.906222634498191626e-01 3.846050804717522642e-02
1.266750000000238856e+02 5.656550259859427499e-01 3.767213289400711540e-02
1.268249999999760860e+02 5.492047947027318688e-01 3.698542310976878078e-02
1.269750000000026660e+02 5.373119425378153347e-01 3.662373998768730932e-02
1.271250000000000000e+02 5.280290833108091109e-01 3.616102280785563061e-02
1.272749999999971209e+02 5.188058842372237356e-01 3.591096379491430512e-02
1.274250000000240277e+02 5.103778447111716465e-01 3.535138878963246800e-02
1.275749999999759439e+02 5.032107067982113380e-01 3.502761047808567590e-02
1.277250000000031918e+02 4.960997718310440896e-01 3.516014569633175990e-02
1.278750000000000000e+02 4.904420238271887666e-01 3.498440621505628095e-02
1.280249999999965951e+02 4.843171323201896361e-01 3.479844230884050066e-02
1.281750000000241414e+02 4.785307191139508420e-01 3.389164458228639820e-02
1.283249999999758018e+02 4.729131029404855524e-01 3.415870258267046655e-02
1.284750000000037176e+02 4.669678506707776178e-01 3.368836712673656947e-02
1.286250000000000000e+02 4.622099978503617645e-01 3.382983188003645808e-02
1.287749999999960835e+02 4.567115590713199391e-01 3.371328749993722507e-02
1.289250000000242835e+02 4.521361324858291786e-01 3.266001662864043142e-02
1.290749999999756881e+02 4.468956790899973330e-01 3.265256183620392216e-02
1.292250000000042292e+02 4.427340618283743812e-01 3.289065011399965738e-02
1.293750000000000000e+02 4.381995005725360937e-01 3.296141753488177756e-02
1.295249999999955719e+02 4.342842147488468196e-01 3.242987377832214774e-02
1.296750000000243972e+02 4.292277703949474166e-01 3.232716660925488011e-02
1.298249999999755460e+02 4.251684974167135311e-01 3.230259084224100519e-02
1.299750000000047692e+02 4.211804934494285391e-01 3.174634410659123857e-02
1.301250000000000000e+02 4.177356773833140746e-01 3.192982522819189095e-02
1.302749999999950319e+02 4.133721961884794238e-01 3.145342255343949039e-02
1.304250000000245393e+02 4.095710349945766438e-01 3.132643310514544172e-02
1.305749999999754323e+02 4.061545562201661075e-01 3.106098250568966809e-02
1.307250000000052523e+02 4.021900939260196761e-01 3.122894963255682527e-02
1.308750000000000000e+02 3.981535543535229538e-01 3.130657777429048799e-02
1.310249999999945487e+02 3.950784926486984316e-01 3.078442824234352976e-02
1.311750000000246530e+02 3.912136087352431901e-01 3.062853431878686389e-02
1.313249999999753186e+02 3.870519550389395214e-01 3.047656640145125773e-02
1.314750000000057639e+02 3.840101237382450017e-01 3.005318089311190613e-02
1.316250000000000000e+02 3.809269949620938123e-01 3.039377117471190465e-02
1.317749999999940655e+02 3.768902367052875957e-01 2.997577911147501772e-02
1.319250000000247951e+02 3.738843902210846060e-01 2.970956632567026481e-02
1.320749999999751765e+02 3.700960879623905186e-01 2.976762919318094031e-02
1.322250000000062471e+02 3.668347631580313184e-01 2.927602253189529741e-02
1.323750000000000000e+02 3.640917394438322185e-01 2.911542230645877000e-02
1.325249999999935540e+02 3.605161504356956259e-01 2.933078212255283215e-02
1.326750000000249088e+02 3.575640473516775164e-01 2.897764090969389555e-02
1.328249999999750628e+02 3.541865668579547988e-01 2.917299257579113181e-02
1.329750000000067303e+02 3.512385739158588871e-01 2.879080324199778315e-02
1.331250000000000000e+02 3.485056778326121596e-01 2.853537907010349900e-02
1.332749999999930424e+02 3.455315703687289464e-01 2.859518535814815562e-02
1.334250000000250225e+02 3.421010717823549929e-01 2.829547418307417489e-02
1.335749999999749491e+02 3.389119097649142542e-01 2.804046809645714677e-02
1.337250000000072134e+02 3.365942873329279550e-01 2.781668415461517260e-02
1.338750000000000000e+02 3.336538978468651662e-01 2.803421128930272399e-02
1.340249999999925876e+02 3.310310223700499987e-01 2.796880650853214231e-02
1.341750000000251362e+02 3.276017129731552124e-01 2.762970104078383768e-02
1.343249999999748354e+02 3.245969885285593937e-01 2.765281178127475259e-02
1.344750000000077250e+02 3.220016396790768010e-01 2.712847020601646605e-02
1.346250000000000000e+02 3.187290177200074459e-01 2.737468783995468391e-02
1.347749999999921044e+02 3.161130978484691378e-01 2.705398365799436058e-02
1.349250000000252783e+02 3.141193132981490721e-01 2.668343698037399167e-02
1.350749999999746933e+02 3.112146484597803076e-01 2.661893292439675845e-02
1.352250000000081798e+02 3.085683579836183688e-01 2.647912165679613614e-02
1.353750000000000000e+02 3.060744188300207891e-01 2.660186442166601398e-02
1.355249999999916213e+02 3.032546244021403492e-01 2.626155137078809224e-02
1.356750000000253920e+02 3.004841495241961091e-01 2.597929944936899424e-02
1.358249999999746080e+02 2.978676465557220099e-01 2.585709176839407625e-02
1.359750000000086345e+02 2.955737902574162024e-01 2.615713342533769470e-02
1.361250000000000000e+02 2.929564592361988962e-01 2.599822686906917701e-02
1.362749999999911665e+02 2.902337325438835158e-01 2.584350533852550202e-02
1.364250000000255056e+02 2.881191639917594083e-01 2.589877371390262445e-02
1.365749999999744659e+02 2.857096361081598035e-01 2.577856890806795934e-02
1.367250000000091177e+02 2.829989940793747882e-01 2.507455098611557215e-02
1.368750000000000000e+02 2.802329882784411197e-01 2.540351241882730232e-02
1.370249999999907118e+02 2.781439018089961190e-01 2.508209059929308871e-02
1.371750000000256193e+02 2.757187061392128991e-01 2.506435528281216255e-02
1.373249999999743522e+02 2.730832280894133768e-01 2.502149255321297824e-02
1.374750000000095724e+02 2.706549015953365611e-01 2.488917108936704661e-02
1.376250000000000000e+02 2.684341910978131907e-01 2.457702226184366873e-02
1.377749999999902286e+02 2.657947223290719752e-01 2.440626232528009254e-02
1.379250000000257330e+02 2.633628772268760132e-01 2.408510645014831641e-02
1.380749999999742386e+02 2.614789402450760081e-01 2.425726878412455198e-02
1.382250000000100272e+02 2.590259077351913519e-01 2.404447502088281896e-02
1.383750000000000000e+02 2.564943871216608939e-01 2.447282173758028728e-02
1.385249999999898023e+02 2.542090596158815829e-01 2.403608321697256814e-02
1.386750000000258467e+02 2.522074261326449629e-01 2.360922359518244015e-02
1.388249999999741249e+02 2.493503222562560573e-01 2.367578191362236170e-02
1.389750000000104535e+02 2.473023979955872587e-01 2.324523180144155710e-02
1.391250000000000000e+02 2.451992539719782538e-01 2.345341603298456076e-02
1.392749999999893475e+02 2.429095147749541772e-01 2.328543886444457700e-02
1.394250000000259604e+02 2.411093274974548117e-01 2.326929618231306923e-02
1.395749999999740112e+02 2.387527995362294653e-01 2.325303442543386404e-02
1.397250000000109367e+02 2.364244982913075166e-01 2.319664842237485064e-02
1.398750000000000000e+02 2.338100030399928586e-01 2.284384735312387435e-02
1.400249999999889212e+02 2.322975043731991540e-01 2.284717225752936134e-02
1.401750000000260741e+02 2.293661358279209528e-01 2.226412586802441890e-02
1.403249999999738975e+02 2.279585962398911481e-01 2.248168847358524014e-02
1.404750000000113346e+02 2.253063639715301159e-01 2.237033964407797448e-02
1.406250000000000000e+02 2.232564908776153989e-01 2.213820405799454827e-02
1.407749999999884665e+02 2.211540586041287337e-01 2.183687463457085684e-02
1.409250000000261593e+02 2.190326861524370394e-01 2.183677442313206735e-02
1.410749999999738122e+02 2.171931743611520416e-01 2.185713855728272509e-02
1.412250000000117893e+02 2.146298837755035160e-01 2.164467283716741200e-02
1.413750000000000000e+02 2.127351473510479540e-01 2.183032559381082455e-02
1.415249999999880401e+02 2.108417625778123972e-01 2.118845018318002427e-02
1.416750000000263014e+02 2.088716419740277996e-01 2.146843154622131780e-02
1.418249999999736986e+02 2.069353821446400232e-01 2.102710764720183353e-02
1.419750000000122441e+02 2.045899373900163798e-01 2.110743260563670287e-02
1.421250000000000000e+02 2.030342156581576296e-01 2.101884628254925211e-02
1.422749999999876138e+02 2.002876334895881405e-01 2.088934427319147358e-02
1.424250000000264151e+02 1.987417057438589096e-01 2.087365809077123407e-02
1.425749999999735849e+02 1.963693437822854049e-01 2.064077412015609750e-02
1.427250000000126420e+02 1.947019692532117319e-01 2.048318235789683972e-02
1.428750000000000000e+02 1.929023779083956225e-01 2.032061969233616566e-02
1.430249999999871875e+02 1.909452769303640884e-01 2.027953840364251498e-02
1.431750000000265004e+02 1.887238242959500545e-01 2.003645789759552279e-02
1.433249999999734712e+02 1.865177658853437725e-01 2.004533114012766251e-02
1.434750000000130683e+02 1.847105999030869972e-01 2.002085853171210045e-02
1.436250000000000000e+02 1.829599432123134028e-01 1.970131964242178430e-02
1.437749999999867612e+02 1.809781767811153297e-01 1.977605116578596417e-02
1.439250000000266141e+02 1.789623282893658685e-01 1.957145573992589288e-02
1.440749999999733575e+02 1.770407658299790465e-01 1.940540092877249961e-02
1.442250000000134946e+02 1.752613522629869469e-01 1.911907118889873136e-02
1.443750000000000000e+02 1.733648244543777583e-01 1.939402638420894068e-02
1.445249999999863348e+02 1.713576357366909941e-01 1.922086509244101682e-02
1.446750000000266994e+02 1.696771918426823733e-01 1.905870215215998281e-02
1.448249999999732722e+02 1.681004840444297321e-01 1.912545400671567322e-02
1.449750000000139210e+02 1.662502136004432307e-01 1.903296711313710865e-02
1.451250000000000000e+02 1.639996785624387443e-01 1.872183990533463765e-02
1.452749999999859369e+02 1.621635204463287572e-01 1.868248019918231431e-02
1.454250000000268130e+02 1.604074359801553051e-01 1.842987286160115493e-02
1.455749999999731870e+02 1.588019877303522842e-01 1.840034989616084679e-02
1.457250000000142904e+02 1.569291885098982320e-01 1.848275652725339668e-02
1.458750000000000000e+02 1.550143519907459244e-01 1.818996366850390151e-02
1.460249999999855390e+02 1.530410358443261010e-01 1.792729841876593636e-02
1.461750000000269267e+02 1.514802663433588159e-01 1.813464124493752161e-02
1.463249999999730733e+02 1.498226102847617092e-01 1.772368087954860269e-02
1.464750000000146883e+02 1.479898371170935145e-01 1.758294821666333066e-02
1.466250000000000000e+02 1.464707472578972436e-01 1.774470673713570562e-02
1.467749999999851411e+02 1.447123791790863589e-01 1.729621468643467719e-02
1.469250000000270120e+02 1.432301110506363495e-01 1.747867778180680828e-02
1.470749999999729596e+02 1.410803302930359882e-01 1.725049478854133803e-02
1.472250000000150862e+02 1.394476728987066316e-01 1.711733025559398005e-02
1.473750000000000000e+02 1.378166329986761085e-01 1.711777337588934328e-02
1.475249999999847432e+02 1.361411909982665203e-01 1.707031146620948889e-02
1.476750000000270973e+02 1.345166102611332903e-01 1.676927490012338623e-02
1.478249999999728743e+02 1.329537910808336609e-01 1.674048866098341859e-02
1.479750000000154841e+02 1.309485607810534635e-01 1.652200270480221403e-02
1.481250000000000000e+02 1.295247006375684073e-01 1.663998280977885963e-02
1.482749999999843453e+02 1.277374660570803344e-01 1.640142960569326847e-02
1.484250000000272109e+02 1.263857916169172646e-01 1.631764135856605957e-02
1.485749999999727606e+02 1.245200900999195170e-01 1.603733722686989660e-02
1.487250000000158821e+02 1.230928207178713096e-01 1.598627320645993471e-02
1.488750000000000000e+02 1.215749105568186827e-01 1.600841521288558916e-02
1.490249999999839474e+02 1.195657379084278105e-01 1.585883754799248882e-02
1.491750000000273246e+02 1.182025311464729722e-01 1.586402347653638120e-02
1.493249999999726754e+02 1.166116062344177556e-01 1.564979367292942611e-02
1.494750000000162800e+02 1.148270787478996580e-01 1.552718121383070242e-02
1.496250000000000000e+02 1.135117900045040096e-01 1.543360798357024805e-02
1.497749999999835779e+02 1.116921851232659663e-01 1.519270321781689310e-02
1.499250000000274099e+02 1.101795423363586962e-01 1.514315665916033359e-02
1.500749999999725617e+02 1.088521109999041198e-01 1.510193546159217456e-02
1.502250000000166494e+02 1.068901011809079149e-01 1.488939872282556316e-02
1.503750000000000000e+02 1.055224117953454249e-01 1.462154783933078406e-02
1.505249999999831800e+02 1.039457401765074979e-01 1.487416310611061609e-02
1.506750000000274952e+02 1.024829622839556892e-01 1.467307918727042346e-02
1.508249999999724764e+02 1.008941130418995469e-01 1.463899462041520251e-02
1.509750000000170473e+02 9.927761288668043860e-02 1.416554670489112051e-02
1.511250000000000000e+02 9.793071350201817959e-02 1.434578550498140370e-02
1.512749999999828106e+02 9.619363004942807494e-02 1.413253047527998803e-02
1.514250000000275804e+02 9.468973945350633858e-02 1.399086652837134605e-02
1.515749999999723912e+02 9.343389981277601397e-02 1.398852819283417578e-02
1.517250000000174168e+02 9.187460668802525932e-02 1.396282950242702485e-02
1.518750000000000000e+02 9.016319673861976358e-02 1.357312908678888312e-02
1.520249999999824411e+02 8.897156316705523427e-02 1.349871568651356615e-02
1.521750000000276941e+02 8.736882321690905839e-02 1.341007732764813547e-02
1.523249999999722775e+02 8.595121220860955924e-02 1.349538949820474829e-02
1.524750000000177863e+02 8.451845840143965005e-02 1.310865727950851975e-02
1.526250000000000000e+02 8.292090815535152482e-02 1.289280607482902116e-02
1.527749999999820716e+02 8.157663856481509046e-02 1.301316206896234624e-02
1.529250000000277794e+02 8.017458661593274138e-02 1.290549709555204039e-02
1.530749999999721922e+02 7.874366515832163793e-02 1.297722313816503451e-02
1.532250000000181558e+02 7.723206714741352730e-02 1.263517117123479604e-02
1.533750000000000000e+02 7.559966291228907564e-02 1.227086883196969007e-02
1.535249999999817021e+02 7.446522112506344382e-02 1.240763943650699530e-02
1.536750000000278646e+02 7.294484262871664404e-02 1.227081869575337089e-02
1.538249999999721069e+02 7.147237660355602873e-02 1.198242541317018524e-02
1.539750000000185253e+02 7.013565313685891922e-02 1.182151857480392629e-02
1.541250000000000000e+02 6.868632334798104033e-02 1.188473730159243270e-02
1.542749999999813326e+02 6.734961163496605563e-02 1.161545291059212608e-02
1.544250000000279783e+02 6.602770747232734883e-02 1.160883000266301965e-02
1.545749999999720217e+02 6.440705644003380526e-02 1.149494022065500679e-02
1.547250000000188948e+02 6.325976502434974003e-02 1.138855710791791299e-02
1.548750000000000000e+02 6.157310008532489859e-02 1.126268019713891344e-02
1.550249999999809631e+02 6.031846156786938029e-02 1.105732467526040867e-02
1.551750000000280636e+02 5.906179301543173360e-02 1.088850974649632590e-02
1.553249999999719080e+02 5.762261926749249336e-02 1.084730154397957683e-02
1.554750000000192358e+02 5.643667123950778242e-02 1.078561437233454059e-02
1.556250000000000000e+02 5.500623507070286772e-02 1.056270589260137685e-02
1.557749999999806221e+02 5.366732305864392594e-02 1.043295515041485315e-02
1.559250000000281489e+02 5.219251922359090939e-02 1.033816144687761500e-02
1.560749999999718511e+02 5.095714903187867351e-02 1.014923829400871287e-02
1.562250000000196053e+02 4.968995267557545226e-02 1.009126698482335285e-02
1.563750000000000000e+02 4.843483416336621938e-02 9.836475188251848911e-03
1.565249999999802810e+02 4.672012227900056158e-02 9.745342355297026762e-03
1.566750000000282341e+02 4.552721780475484786e-02 9.571233726942672895e-03
1.568249999999717659e+02 4.421675746598156820e-02 9.407563165042532455e-03
1.569750000000199748e+02 4.281870878316061668e-02 9.314948963521724190e-03
1.571250000000000000e+02 4.157414079903771348e-02 9.152518108286617632e-03
1.572749999999799115e+02 4.031715981031340490e-02 9.048088075676922332e-03
1.574250000000283194e+02 3.881682482194078604e-02 8.788340084551479053e-03
1.575749999999716522e+02 3.750123910092997837e-02 8.641396257599345473e-03
1.577250000000202874e+02 3.626168049554295142e-02 8.522111641849549821e-03
1.578750000000000000e+02 3.513237053256734049e-02 8.470544110413067568e-03
1.580249999999795705e+02 3.372280062062752576e-02 8.314852333654828773e-03
1.581750000000284047e+02 3.240690296016508071e-02 8.011639355211189542e-03
1.583249999999715669e+02 3.095534331849389420e-02 7.752623270048906133e-03
1.584750000000206569e+02 2.974450503339699792e-02 7.711861299702977256e-03
1.586250000000000000e+02 2.853199427548868544e-02 7.460238864387323983e-03
1.587749999999792294e+02 2.726397704583799833e-02 7.376324619319180216e-03
1.589250000000284899e+02 2.595465074248199180e-02 7.110826066979445206e-03
1.590749999999715101e+02 2.469382593897635064e-02 6.989851620776688784e-03
1.592250000000209980e+02 2.342116553488262851e-02 6.678503076445069589e-03
1.593750000000000000e+02 2.209608152659504193e-02 6.601196035260948822e-03
1.595249999999788884e+02 2.097266246462498387e-02 6.389907180318638719e-03
1.596750000000285752e+02 1.969251964943807484e-02 6.187965206948271152e-03
1.598249999999713964e+02 1.855498131214579349e-02 5.983803055086551852e-03
1.599750000000213390e+02 1.725887863274274195e-02 5.775009333510162414e-03
1.601250000000000000e+02 1.589121130518868913e-02 5.586262378940430942e-03
1.602749999999785473e+02 1.477591505848002001e-02 5.384059877384773408e-03
1.604250000000286605e+02 1.356201147821098699e-02 5.118909061112626724e-03
1.605749999999713395e+02 1.223157515566840672e-02 4.903904020510079474e-03
1.607250000000216517e+02 1.101898784043231147e-02 4.590962116654549383e-03
1.608750000000000000e+02 9.787759015643163890e-03 4.359476013004900258e-03
1.610249999999782062e+02 8.527401554894429442e-03 4.037832026304993653e-03
1.611750000000287457e+02 7.392038203878388211e-03 3.733888066445111009e-03
1.613249999999712543e+02 6.126122038028388936e-03 3.435065767675821082e-03
1.614750000000219927e+02 4.921335098811015565e-03 3.048671202393152344e-03
1.616250000000000000e+02 3.711006573281250796e-03 2.689046866553114045e-03
1.617749999999778652e+02 2.518075258373740199e-03 2.188024918984622993e-03
1.619250000000288310e+02 1.276309482876023665e-03 1.570623378617733244e-03
1.620749999999711406e+02 2.026321522923228301e-04 6.174356866937379508e-04
