# Radius RDF_mean RDF_std
7.500000000000896228e-02 5.954311534536836925e-01 1.510514273048244593e+00
2.249999999999577616e-01 5.867720529518115624e-01 8.647273218238070713e-01
3.750000000000000000e-01 5.719861221061928180e-01 6.539955915049431301e-01
5.249999999999700462e-01 5.806647666777822181e-01 5.616249852420934774e-01
6.750000000001169509e-01 5.882278294447678135e-01 4.942416531461915619e-01
8.249999999998777200e-01 5.878475282832720250e-01 4.484669703229818838e-01
9.750000000001839418e-01 5.860875666429570252e-01 4.081155510194487412e-01
1.125000000000000000e+00 5.991095799843934033e-01 3.870072257942517302e-01
1.274999999999773648e+00 5.968648112948073958e-01 3.608366237432210633e-01
1.424999999999764455e+00 6.062797018840470065e-01 3.445140845098198512e-01
1.575000000000282396e+00 6.091775389925201400e-01 3.307175914513771908e-01
1.725000000000170397e+00 6.225884334662726838e-01 3.177956366372655661e-01
1.875000000000000000e+00 6.230924479477886191e-01 3.022231515484049003e-01
2.025000000000070521e+00 6.341577999665876098e-01 2.943008198678032095e-01
2.174999999999594813e+00 6.488416486841034336e-01 2.925199379488389595e-01
2.325000000000426059e+00 6.512153145300078050e-01 2.807214486491173555e-01
2.474999999999678124e+00 6.656188604172208478e-01 2.735956885048639875e-01
2.625000000000000000e+00 6.754972592144324883e-01 2.690242187618091529e-01
2.775000000000444444e+00 6.929706957209704754e-01 2.659993070458624431e-01
2.924999999999512212e+00 7.054097448625782363e-01 2.599169463716313189e-01
3.075000000000499334e+00 7.226923438292521817e-01 2.552686165080367831e-01
3.224999999999414779e+00 7.373024269847613388e-01 2.523615994447510613e-01
3.375000000000000000e+00 7.562756160617500889e-01 2.488931097456985042e-01
3.525000000000659384e+00 7.768645297701611829e-01 2.503760129639859278e-01
3.674999999999857714e+00 7.951863768698720358e-01 2.466917664365992080e-01
3.825000000000022382e+00 8.241628014165142124e-01 2.427502586365369308e-01
3.974999999999250466e+00 8.620078804128715744e-01 2.452898303259530843e-01
4.125000000000000000e+00 9.022849378276810439e-01 2.490805945065595051e-01
4.275000000000798828e+00 9.424907751938940148e-01 2.496478351657483163e-01
4.425000000000374634e+00 9.628839949332425041e-01 2.481060703183168292e-01
4.574999999999541878e+00 9.570098524854749877e-01 2.417765923673924899e-01
4.724999999999138112e+00 9.367446210341658919e-01 2.349560407687542041e-01
4.875000000000000000e+00 9.107750059875554527e-01 2.264336072562904700e-01
5.025000000000897415e+00 8.909498698053112120e-01 2.225497120116138872e-01
5.175000000000743228e+00 8.715963474347476758e-01 2.151789559608409952e-01
5.324999999999196376e+00 8.560804120486729119e-01 2.123353470605119642e-01
5.474999999999057287e+00 8.488668091434417029e-01 2.095118895520247382e-01
5.625000000000000000e+00 8.402746812635182305e-01 2.056839307489240765e-01
5.775000000000969358e+00 8.344501851281319604e-01 2.032393785934929475e-01
5.925000000001017675e+00 8.404634527128344024e-01 1.973270497236863930e-01
6.074999999998936140e+00 8.473639326678928940e-01 1.984246956735374601e-01
6.224999999998995115e+00 8.499901067169000068e-01 1.957869309007224667e-01
6.375000000000000000e+00 8.576502976371743747e-01 1.930247018250315361e-01
6.525000000001025313e+00 8.675412177595730467e-01 1.910906070203264584e-01
6.675000000001229949e+00 8.791505875070637632e-01 1.910613196173675254e-01
6.824999999998733635e+00 8.932997211436506380e-01 1.947208537819176688e-01
6.974999999999387690e+00 9.080236346610778275e-01 1.880593190498568712e-01
7.125000000000000000e+00 9.240875562944342869e-01 1.897675676848498416e-01
7.275000000000346745e+00 9.460779138872457139e-01 1.897199802922835132e-01
7.425000000001398703e+00 9.577303603908154939e-01 1.908176344180999850e-01
7.574999999998571099e+00 9.652329248179860599e-01 1.881861855504406156e-01
7.725000000000012079e+00 9.680416117407274479e-01 1.885345895518132087e-01
7.875000000000000000e+00 9.708666567710233508e-01 1.848958871220751365e-01
8.024999999999771205e+00 9.745764835391242942e-01 1.857178511748389105e-01
8.175000000001539036e+00 9.750225804828288600e-01 1.824310419491848578e-01
8.324999999998437872e+00 9.738380959188398522e-01 1.802413778676296985e-01
8.475000000000525446e+00 9.845967147747503034e-01 1.807619094614202893e-01
8.625000000000000000e+00 9.853514446353952572e-01 1.782767315502816474e-01
8.774999999999291589e+00 9.888557224953781200e-01 1.779515198659317177e-01
8.925000000001652722e+00 9.915642544521394708e-01 1.757528707993476491e-01
9.074999999998325961e+00 9.938191618569549579e-01 1.736718321043470292e-01
9.225000000000957101e+00 9.868582362241680173e-01 1.745541945154807928e-01
9.375000000000000000e+00 9.868487263766277939e-01 1.712856193825831042e-01
9.524999999998890132e+00 9.757172798133101344e-01 1.692421677986072626e-01
9.675000000001750422e+00 9.753801465943360283e-01 1.702223690009636581e-01
9.824999999998231814e+00 9.737761928735817474e-01 1.657375806256825568e-01
9.975000000001321254e+00 9.683776473847494071e-01 1.651780648315071820e-01
1.012500000000000000e+01 9.676745549343643837e-01 1.621515039461771390e-01
1.027499999999854730e+01 9.662660659179811429e-01 1.633387135878795748e-01
1.042500000000183391e+01 9.652457616235092797e-01 1.598014860419399441e-01
1.057499999999815010e+01 9.653462281126089506e-01 1.593380028681529725e-01
1.072500000000163745e+01 9.696877055071981832e-01 1.579319997779056461e-01
1.087500000000000000e+01 9.757781701067047564e-01 1.592644055138598413e-01
1.102499999999824887e+01 9.749352222407858815e-01 1.567418606294681827e-01
1.117500000000190674e+01 9.819340512372527474e-01 1.581781176744598283e-01
1.132499999999808082e+01 9.836645329188276055e-01 1.556766994174726693e-01
1.147500000000190923e+01 9.902191656833239097e-01 1.547781414870235128e-01
1.162500000000000000e+01 9.948815396758379226e-01 1.547677768952639976e-01
1.177499999999798952e+01 1.002722425839138287e+00 1.537584151709294189e-01
1.192500000000196891e+01 1.003645681242656851e+00 1.541364226109140090e-01
1.207499999999801865e+01 1.008307198044408270e+00 1.520494329710914694e-01
1.222500000000215081e+01 1.008429294843507629e+00 1.498841907559923248e-01
1.237500000000000000e+01 1.010731019869362868e+00 1.522627928079691717e-01
1.252499999999776215e+01 1.009990009138336697e+00 1.496793562024329727e-01
1.267500000000202398e+01 1.011071741232465016e+00 1.485766661214409090e-01
1.282499999999796536e+01 1.011956486069583772e+00 1.507364347005723249e-01
1.297500000000236220e+01 1.008797314650533128e+00 1.454445093885811391e-01
1.312500000000000000e+01 1.012827060539516433e+00 1.465136812303196034e-01
1.327499999999756142e+01 1.006249340163936079e+00 1.462132332842758231e-01
1.342500000000173088e+01 1.008707306690068473e+00 1.457133307822323365e-01
1.357499999999841833e+01 1.007222902830285705e+00 1.450761190584717586e-01
1.372500000000255049e+01 1.001034398068577858e+00 1.431241056513756771e-01
1.387500000000000000e+01 1.001695686405360997e+00 1.425444853910600163e-01
1.402499999999738023e+01 9.979111552951204223e-01 1.403469359234083003e-01
1.417500000000102034e+01 9.988196223925499551e-01 1.386843722187796057e-01
1.432499999999911111e+01 9.979329572086668154e-01 1.405632253545907873e-01
1.447500000000271925e+01 9.953319974334486897e-01 1.382987236743691284e-01
1.462500000000000000e+01 9.947720146419741782e-01 1.367816424784925045e-01
1.477499999999721680e+01 9.968384816428325079e-01 1.368204327536191311e-01
1.492500000000038618e+01 9.980028227971323718e-01 1.362243908905091394e-01
1.507499999999973639e+01 9.925931524687761076e-01 1.361466806135856467e-01
1.522500000000287201e+01 9.960777650102506930e-01 1.352703355220697679e-01
1.537500000000000000e+01 9.951143636082860899e-01 1.348520237581329051e-01
1.552499999999706937e+01 9.981705085382497344e-01 1.329928027090090392e-01
1.567499999999980886e+01 9.968866904455327971e-01 1.347880189800204076e-01
1.582500000000029772e+01 1.000846917202912856e+00 1.332957503052181192e-01
1.597500000000300879e+01 1.000599528059974652e+00 1.336408545021183780e-01
1.612500000000000000e+01 1.002594170828821518e+00 1.321697023910129998e-01
1.627499999999693969e+01 1.002274409716605197e+00 1.310556479496442217e-01
1.642499999999928662e+01 1.004248803601539564e+00 1.318063599820442910e-01
1.657500000000081286e+01 1.007889554123426068e+00 1.302901147767432932e-01
1.672500000000313847e+01 1.005097581732303125e+00 1.282654954475568321e-01
1.687500000000000000e+01 1.004719189513034960e+00 1.287706718099927428e-01
1.702499999999681535e+01 1.006124830373928525e+00 1.278439121235069864e-01
1.717499999999880700e+01 1.006159699787208872e+00 1.263276288986678042e-01
1.732500000000128182e+01 1.009182945327302905e+00 1.265922274845358853e-01
1.747500000000325215e+01 1.006524897323515244e+00 1.264431074076878825e-01
1.762500000000000000e+01 1.007486567617778661e+00 1.260157271387758182e-01
1.777499999999670521e+01 1.004246394396265174e+00 1.264705955948869642e-01
1.792499999999837357e+01 1.003419604644728125e+00 1.254954246573098398e-01
1.807500000000171170e+01 1.005213095948327195e+00 1.235909519662267697e-01
1.822500000000335874e+01 1.001426673957132918e+00 1.235251318846718321e-01
1.837500000000000000e+01 1.002511115730037483e+00 1.222285360136419752e-01
1.852499999999660218e+01 1.002224748807218235e+00 1.228650467591095446e-01
1.867499999999797211e+01 1.002450123685393324e+00 1.226292234524666291e-01
1.882500000000210960e+01 1.001198906976701553e+00 1.215069461410784729e-01
1.897500000000345466e+01 1.001387523556658055e+00 1.225003223735162683e-01
1.912500000000000000e+01 1.002021580756011332e+00 1.206813472357052552e-01
1.927499999999650626e+01 9.984880097472434990e-01 1.215802151299563288e-01
1.942499999999759908e+01 1.000297496254291651e+00 1.214065774794337860e-01
1.957500000000247198e+01 9.973684088435486039e-01 1.207332285145475137e-01
1.972500000000354348e+01 1.000212009089023191e+00 1.197119993123552523e-01
1.987500000000000000e+01 9.989887823332923578e-01 1.183992423879242778e-01
2.002499999999642100e+01 9.993409728233371148e-01 1.189157139252033368e-01
2.017499999999725446e+01 9.987822065646009273e-01 1.174477211845735974e-01
2.032500000000281304e+01 9.992906780627206498e-01 1.173936687908433141e-01
2.047500000000362874e+01 1.001246695305271661e+00 1.167032803249595796e-01
2.062500000000000000e+01 9.996489723737974620e-01 1.161808842531916880e-01
2.077499999999633928e+01 1.000184909848819359e+00 1.168784490608866383e-01
2.092499999999693472e+01 9.993760412263770210e-01 1.156209426281476493e-01
2.107500000000312212e+01 9.995595643109199679e-01 1.150979498215515678e-01
2.122500000000370690e+01 1.000380726842095447e+00 1.156032229975424985e-01
2.137500000000000000e+01 1.000677511571866685e+00 1.140767903304438641e-01
2.152499999999626468e+01 9.989247188482114348e-01 1.137425459464904282e-01
2.167499999999663984e+01 1.000741735069383243e+00 1.140461473380748325e-01
2.182500000000341700e+01 9.990095351071220930e-01 1.137988899091848666e-01
2.197500000000377796e+01 1.000850703066548109e+00 1.115338440188974600e-01
2.212500000000000000e+01 9.988839049932582981e-01 1.131354495409181843e-01
2.227499999999619718e+01 9.999860160248162932e-01 1.124211813148674188e-01
2.242499999999636273e+01 9.998390607060742008e-01 1.120242843004914113e-01
2.257500000000369056e+01 1.000240229358243527e+00 1.119276547061600902e-01
2.272500000000384546e+01 9.990982256141434092e-01 1.110789401398604298e-01
2.287500000000000000e+01 9.985035648947921949e-01 1.105011912247201439e-01
2.302499999999612967e+01 9.991097511686646282e-01 1.098753469058430104e-01
2.317499999999610338e+01 1.000475071370175106e+00 1.083151772229998810e-01
2.332500000000394635e+01 9.997406269392686839e-01 1.092823927353501617e-01
2.347500000000390941e+01 9.976084759279127967e-01 1.079159370246046551e-01
2.362500000000000000e+01 1.000138521605579589e+00 1.094015541103864064e-01
2.377499999999606928e+01 9.968258619121722619e-01 1.092127795538808399e-01
2.392499999999586180e+01 9.968522044506331614e-01 1.075960708972191759e-01
2.407500000000418439e+01 9.978262266621210630e-01 1.075774714585194664e-01
2.422500000000396625e+01 9.978440816052730478e-01 1.071505515603768943e-01
2.437500000000000000e+01 9.970301988007552740e-01 1.080748737940203513e-01
2.452499999999600888e+01 9.980327229537658829e-01 1.061244416636966809e-01
2.467499999999563087e+01 9.951538327933563410e-01 1.058689591373067895e-01
2.482500000000441176e+01 9.961725634984779365e-01 1.053034979927145870e-01
2.497500000000402309e+01 9.964566272525537949e-01 1.062771636158340860e-01
2.512500000000000000e+01 9.982892421727084242e-01 1.054797441262720348e-01
2.527499999999595559e+01 9.987085554780003038e-01 1.044783307071048828e-01
2.542499999999541771e+01 9.959787417431081868e-01 1.041818972647180902e-01
2.557500000000462137e+01 1.000151421956065878e+00 1.048509033334735774e-01
2.572500000000407638e+01 9.982749001607471584e-01 1.032102347479707388e-01
2.587500000000000000e+01 9.966754796718925169e-01 1.031898043457204067e-01
2.602499999999590585e+01 9.976226668624232907e-01 1.037519329055180684e-01
2.617499999999521521e+01 9.967439105167696933e-01 1.030828746743096824e-01
2.632500000000482032e+01 9.982938369251647126e-01 1.035733376728598804e-01
2.647500000000383480e+01 9.968737089006564078e-01 1.014377598875147585e-01
2.662500000000000000e+01 9.984063349220727579e-01 1.024362537915808197e-01
2.677499999999647073e+01 9.971528237031868080e-01 1.010419916135940899e-01
2.692499999999502691e+01 9.997132852446812823e-01 1.019506625177392378e-01
2.707500000000501217e+01 9.967667539839870638e-01 1.017792606306971853e-01
2.722500000000308873e+01 9.978750819564196073e-01 1.023801548439389336e-01
2.737500000000000000e+01 9.965248542115032748e-01 1.002605999497014760e-01
2.752499999999719549e+01 9.973785519199843685e-01 1.014007007134344607e-01
2.767499999999484928e+01 9.982613815945478031e-01 1.010353837635221408e-01
2.782500000000518625e+01 9.980775345868517778e-01 9.936924691535313492e-02
2.797500000000238529e+01 9.982437069610691216e-01 1.003638710658497912e-01
2.812500000000000000e+01 9.969355352512768720e-01 9.808303512973039207e-02
2.827499999999788827e+01 9.980627928484137046e-01 9.878932269593380944e-02
2.842499999999467164e+01 9.958079893395600513e-01 9.986367916382499210e-02
2.857500000000536033e+01 9.979120310430311669e-01 9.761433226649178507e-02
2.872500000000171028e+01 9.981657275506088389e-01 1.002452951538427700e-01
2.887500000000000000e+01 9.977122195831383822e-01 9.831722511319472557e-02
2.902499999999854552e+01 9.972953548137870605e-01 9.903951002686298133e-02
2.917499999999451177e+01 9.995292318247157581e-01 9.796137443235047870e-02
2.932500000000552021e+01 9.980906020420567959e-01 9.725634172182454074e-02
2.947500000000107434e+01 9.989159169927707138e-01 9.814508104847630143e-02
2.962500000000000000e+01 9.989387338656501303e-01 9.768490102114134321e-02
2.977499999999917080e+01 9.980910248477289359e-01 9.545070111891805487e-02
2.992499999999435900e+01 9.983651188323121595e-01 9.636589405608786407e-02
3.007500000000566942e+01 1.000100405617303068e+00 9.652262996369358194e-02
3.022500000000047393e+01 9.982317222492911313e-01 9.626262377514278878e-02
3.037500000000000000e+01 9.988484837922000370e-01 9.714966120955231821e-02
3.052499999999976410e+01 9.969378872032509387e-01 9.546877539830075921e-02
3.067499999999420623e+01 9.997666102817144296e-01 9.556441795438874731e-02
3.082500000000581508e+01 9.987871991830150620e-01 9.500464905065074406e-02
3.097499999999989839e+01 9.990951006799494438e-01 9.497229926763302299e-02
3.112500000000000000e+01 9.986094969389529563e-01 9.307376092280232605e-02
3.127500000000032898e+01 9.992399898197171781e-01 9.487849213779118995e-02
3.142499999999406768e+01 9.990766273935625108e-01 9.320849290200269865e-02
3.157500000000595364e+01 9.978739733175856497e-01 9.374994131698331790e-02
3.172499999999935127e+01 9.993910708779137897e-01 9.453276112077957372e-02
3.187500000000000000e+01 9.993311670462514673e-01 9.341370907913568167e-02
3.202500000000086544e+01 9.994276154498858977e-01 9.351207022075654074e-02
3.217499999999394333e+01 9.989823761873862784e-01 9.219175606673392365e-02
3.232500000000609219e+01 9.984292603934729060e-01 9.370182702577527223e-02
3.247499999999882903e+01 9.987128050082947350e-01 9.228051975823751973e-02
3.262500000000000000e+01 1.000659734077584684e+00 9.229026764069796218e-02
3.277500000000137703e+01 9.995972165028310652e-01 9.290907835733909492e-02
3.292499999999381544e+01 9.964158968698429986e-01 9.130432250611709988e-02
3.307500000000621299e+01 1.000168423939618911e+00 9.130611264971205676e-02
3.322499999999832454e+01 9.989309663554621910e-01 9.222112971053735009e-02
3.337500000000000000e+01 1.000560563178954920e+00 9.114792870913254741e-02
3.352500000000186731e+01 9.998029266853762920e-01 9.036591242262040358e-02
3.367499999999368754e+01 9.993054205203820706e-01 9.123193821941255610e-02
3.382500000000633378e+01 1.000182040070939804e+00 9.045173528092488591e-02
3.397499999999784848e+01 9.993009701425872304e-01 9.162876148931464737e-02
3.412500000000000000e+01 9.988081878799516256e-01 9.071594371001162616e-02
3.427500000000233626e+01 9.986575162239099690e-01 9.021358101474963309e-02
3.442499999999357385e+01 9.992357972888793460e-01 9.018674105262688978e-02
3.457500000000644746e+01 9.986291486037249809e-01 8.918029706243112142e-02
3.472499999999739373e+01 1.000356358571318882e+00 8.923885557694172244e-02
3.487500000000000000e+01 9.989588778927525059e-01 8.889514415470933795e-02
3.502500000000278391e+01 1.000719078933124839e+00 9.012634663993378259e-02
3.517499999999346016e+01 9.989593343257354707e-01 8.862169338426678644e-02
3.532500000000656115e+01 9.982494400381908273e-01 8.898374984110719865e-02
3.547499999999695319e+01 9.994733878600786658e-01 8.855118068355563588e-02
3.562500000000000000e+01 9.994991898419323118e-01 8.800717722301873436e-02
3.577500000000321734e+01 9.995682318362980601e-01 8.720440262952841581e-02
3.592499999999336069e+01 9.978490834784066177e-01 8.828561583718841366e-02
3.607500000000666773e+01 9.978999590560833077e-01 8.757950881964716994e-02
3.622499999999653397e+01 9.982367227652809705e-01 8.814553324329921224e-02
3.637500000000000000e+01 9.985133798047951537e-01 8.847457671292804915e-02
3.652500000000362235e+01 9.988694876557725477e-01 8.746699854935581497e-02
3.667499999999325411e+01 9.997600438695840586e-01 8.815519474216798601e-02
3.682500000000676721e+01 9.983518100458180777e-01 8.726604551513415797e-02
3.697499999999613607e+01 9.985984263228959712e-01 8.714490572156854964e-02
3.712500000000000000e+01 9.997925772147256973e-01 8.713132754179737927e-02
3.727500000000402736e+01 9.997660970315029871e-01 8.571415238604997155e-02
3.742499999999315463e+01 9.999209894417296907e-01 8.642475408481162247e-02
3.757500000000686668e+01 9.977662373036352284e-01 8.602721009978955835e-02
3.772499999999575238e+01 9.989337445600240395e-01 8.630627616536212798e-02
3.787500000000000000e+01 9.978506209813987615e-01 8.585754992846228451e-02
3.802500000000440394e+01 9.986700855424007761e-01 8.600232073653529818e-02
3.817499999999306226e+01 9.977191027557422709e-01 8.542066760424721350e-02
3.832500000000695906e+01 9.994765891727078744e-01 8.590987192099969194e-02
3.847499999999537579e+01 9.979766839679694579e-01 8.442888590234604029e-02
3.862500000000000000e+01 9.973309008878123993e-01 8.565139509013705577e-02
3.877500000000476632e+01 9.992786231268517838e-01 8.520040687107063859e-02
3.892499999999297700e+01 9.984327444720381139e-01 8.481685579933667674e-02
3.907500000000705143e+01 9.981259375865759731e-01 8.479331325915012707e-02
3.922499999999502052e+01 9.976435509635955823e-01 8.420579199805695858e-02
3.937500000000000000e+01 9.989122846790968735e-01 8.578539985293319459e-02
3.952500000000512159e+01 9.980635228250401836e-01 8.325047195044305015e-02
3.967499999999288463e+01 1.001027441263073969e+00 8.344374662629518158e-02
3.982500000000712959e+01 9.991888707315779161e-01 8.430803746826741329e-02
3.997499999999467946e+01 9.978685197781372862e-01 8.425554057741933833e-02
4.012500000000000000e+01 9.978715551857076926e-01 8.433886187804510992e-02
4.027500000000545555e+01 9.987584846593742238e-01 8.356771736729348699e-02
4.042499999999279936e+01 1.000150224203036009e+00 8.283095951276633895e-02
4.057500000000721485e+01 9.982226672999054973e-01 8.297957529625944739e-02
4.072499999999434550e+01 9.990495807003636486e-01 8.302507161139736913e-02
4.087500000000000000e+01 9.988573292822615635e-01 8.277071020395991574e-02
4.102500000000578240e+01 1.000246993421626929e+00 8.247020340467706156e-02
4.117499999999272120e+01 9.995260023599039645e-01 8.266682276980540089e-02
4.132500000000730012e+01 9.991702108542920291e-01 8.247051351668749364e-02
4.147499999999402576e+01 9.985213836376856111e-01 8.119791710032205068e-02
4.162500000000000000e+01 9.989876214851888259e-01 8.166800750633507189e-02
4.177500000000609504e+01 9.990980017456129181e-01 8.147832019361678224e-02
4.192499999999264304e+01 9.989720760803204591e-01 8.143625712056402899e-02
4.207500000000737828e+01 9.991009695666804857e-01 8.160213832310085624e-02
4.222499999999372022e+01 9.996432219564733712e-01 8.197679502444324418e-02
4.237500000000000000e+01 1.000816138905219921e+00 8.130954021437890311e-02
4.252500000000640057e+01 1.000152263735737179e+00 8.207575887213440502e-02
4.267499999999256488e+01 9.991422347971865570e-01 8.118370038198031990e-02
4.282500000000744933e+01 9.985693926986781710e-01 8.134078432449104445e-02
4.297499999999342180e+01 9.993478412965599578e-01 8.059104680752762762e-02
4.312500000000000000e+01 9.989609781003637723e-01 8.229977349284918475e-02
4.327500000000669900e+01 1.000197201367722721e+00 8.062146923481164351e-02
4.342499999999249383e+01 9.990715653351198711e-01 8.073839715694157426e-02
4.357500000000752038e+01 1.000306033647074377e+00 7.984450804641329835e-02
4.372499999999313758e+01 9.981395344293856331e-01 8.084083614475667812e-02
4.387500000000000000e+01 9.982705095233135317e-01 8.075229058575184027e-02
4.402500000000697611e+01 1.000195297418280171e+00 7.987250906332737932e-02
4.417499999999242277e+01 9.992549662954010037e-01 7.967417633705599356e-02
4.432500000000759144e+01 9.991907893604802249e-01 7.982386164974364373e-02
4.447499999999286047e+01 9.989565905043684690e-01 7.928423192042170775e-02
4.462500000000000000e+01 1.000743774595439284e+00 8.029902094454771655e-02
4.477500000000724611e+01 9.997002279758768761e-01 7.907697907402602699e-02
4.492499999999235882e+01 1.000410627560740728e+00 7.902220422068881311e-02
4.507500000000766249e+01 9.999421892013434787e-01 7.896088121165995011e-02
4.522499999999259757e+01 9.998201242547057888e-01 7.868299307366542761e-02
4.537500000000000000e+01 9.992490848854240770e-01 7.912858290048407905e-02
4.552500000000750902e+01 1.000276324835912778e+00 7.994836266075737441e-02
4.567499999999228777e+01 1.000142496227600875e+00 7.877898988036102779e-02
4.582500000000772644e+01 9.990267744366935210e-01 7.836054532977114462e-02
4.597499999999233466e+01 9.991633743005592372e-01 7.883558832112833037e-02
4.612500000000000000e+01 9.997584394195683233e-01 7.872266766523274006e-02
4.627500000000776481e+01 9.995000378215936898e-01 7.795570063920469195e-02
4.642499999999223093e+01 9.999726180349827187e-01 7.763971726993093569e-02
4.657500000000779039e+01 9.992771731459030304e-01 7.885297092098736416e-02
4.672499999999207887e+01 9.997182737428920163e-01 7.697452122984156653e-02
4.687500000000000000e+01 9.990329310843160115e-01 7.701123958782268852e-02
4.702500000000801350e+01 1.000536389800136039e+00 7.700874743383093191e-02
4.717499999999216698e+01 9.996598061311461336e-01 7.723360226017891850e-02
4.732500000000784723e+01 9.996045120681413820e-01 7.634253413122363274e-02
4.747499999999183729e+01 1.000489940771582820e+00 7.715628907708559081e-02
4.762500000000000000e+01 1.000798500852237538e+00 7.677799957401497399e-02
4.777500000000825509e+01 9.999159226449942928e-01 7.693746276478702351e-02
4.792499999999211013e+01 9.996620564477722848e-01 7.612736207683455658e-02
4.807500000000790408e+01 1.000883916770439086e+00 7.694595617753996475e-02
4.822499999999160281e+01 9.999505363522556145e-01 7.581961166791749418e-02
4.837500000000000000e+01 9.996510455893592439e-01 7.599126089881301505e-02
4.852500000000848956e+01 1.000656695447055045e+00 7.523549782788617468e-02
4.867499999999204618e+01 9.986606636977816143e-01 7.572998162727097304e-02
4.882500000000796092e+01 1.001432485147249585e+00 7.638162781764912257e-02
4.897499999999137543e+01 1.001129776093953261e+00 7.536893073656328323e-02
4.912500000000000000e+01 1.001879023170944016e+00 7.558652785148409214e-02
4.927500000000870983e+01 9.995828385144208683e-01 7.663387065549066846e-02
4.942499999999198934e+01 1.001109270360124981e+00 7.605253302867816256e-02
4.957500000000802487e+01 1.000236414887651470e+00 7.598289285562055684e-02
4.972499999999115516e+01 1.001013810474340016e+00 7.522931163133521337e-02
4.987500000000000000e+01 9.991451589093206520e-01 7.521444826542968143e-02
5.002500000000893010e+01 1.000489846232064606e+00 7.448894605721984030e-02
5.017499999999193960e+01 1.002214847527373331e+00 7.514419803878953641e-02
5.032500000000807461e+01 1.000471491959796566e+00 7.451599182514179187e-02
5.047499999999094200e+01 1.001047180871887043e+00 7.480851040014627196e-02
5.062500000000000000e+01 1.000607959411198511e+00 7.503903986377388757e-02
5.077500000000914326e+01 1.000639375426603195e+00 7.441670887312959448e-02
5.092499999999188276e+01 1.000470426953394387e+00 7.445309420174511805e-02
5.107500000000812435e+01 1.000637180925971981e+00 7.388512143616750294e-02
5.122499999999072884e+01 9.992426222082587683e-01 7.466644369076670673e-02
5.137500000000000000e+01 9.992652347218322628e-01 7.473835602511702536e-02
5.152500000000934932e+01 9.994239584386618303e-01 7.348172649304389459e-02
5.167499999999183302e+01 1.001573073068972475e+00 7.376135834234774646e-02
5.182500000000818119e+01 1.000840572276097129e+00 7.300407227557242917e-02
5.197499999999052989e+01 9.996187554534408104e-01 7.307592955457239969e-02
5.212500000000000000e+01 1.000590144564734052e+00 7.307579914611458949e-02
5.227500000000954827e+01 1.000552886650555084e+00 7.351509303356718039e-02
5.242499999999178328e+01 1.000488119748222049e+00 7.282748717726225673e-02
5.257500000000806040e+01 9.997960926138906856e-01 7.358007411972981859e-02
5.272499999999033804e+01 1.000719043803365516e+00 7.199527075507992924e-02
5.287500000000000000e+01 9.996155684261176511e-01 7.266359870666445897e-02
5.302500000000974723e+01 1.000540982237273946e+00 7.203409707914457116e-02
5.317499999999255778e+01 9.999508701765605911e-01 7.284134723993793137e-02
5.332500000000729301e+01 9.999465284868692683e-01 7.336659559133092146e-02
5.347499999999015330e+01 9.997908190769375647e-01 7.267233238453221777e-02
5.362500000000000000e+01 1.000055317624178208e+00 7.311385642710815924e-02
5.377500000000993197e+01 9.998651799033797527e-01 7.265445871482205387e-02
5.392499999999331095e+01 1.000678528322973770e+00 7.249190249919285067e-02
5.407500000000654694e+01 1.000243375372901644e+00 7.185241459977059764e-02
5.422499999998996145e+01 1.000606778312113088e+00 7.161632133303456882e-02
5.437500000000000000e+01 1.000413354441588076e+00 7.181890630441502277e-02
5.452500000001011671e+01 1.000221953355858506e+00 7.175839766588781865e-02
5.467499999999403570e+01 1.001734188653996993e+00 7.241963992184441423e-02
5.482500000000581508e+01 1.000183224527502412e+00 7.101065294949135409e-02
5.497499999998977671e+01 1.002421276099602965e+00 7.164885822749902933e-02
5.512500000000000000e+01 1.000311598943847358e+00 7.116592353349472655e-02
5.527500000001029434e+01 1.000979571309915439e+00 7.214105483605766367e-02
5.542499999999475335e+01 1.001379624057514572e+00 7.070019646765204890e-02
5.557500000000510454e+01 1.000757799224085698e+00 7.074645362040764274e-02
5.572499999998960618e+01 1.001062755752573086e+00 7.061110893371380648e-02
5.587500000000000000e+01 1.000788753829036093e+00 7.046010608318574453e-02
5.602500000001046487e+01 1.000605173347085763e+00 7.017037381445061228e-02
5.617499999999544258e+01 9.999580221179553696e-01 6.969471414243480489e-02
5.632500000000441531e+01 1.000458761688908238e+00 7.019531990146901657e-02
5.647499999998942855e+01 1.001417862755890731e+00 7.099762578694350512e-02
5.662500000000000000e+01 1.001498217870353091e+00 7.071996901212529441e-02
5.677500000001062830e+01 1.001544812893747638e+00 7.002182680835264406e-02
5.692499999999611759e+01 1.002838143233516721e+00 7.069647753864628792e-02
5.707500000000374030e+01 1.003311099059997824e+00 7.023331004406271894e-02
5.722499999998926512e+01 1.001587595311834278e+00 6.985219242657639271e-02
5.737500000000000000e+01 1.002500240877523430e+00 6.994294804251774411e-02
5.752500000001079172e+01 1.000988349724216686e+00 6.937757834322072492e-02
5.767499999999677129e+01 1.003359131329520926e+00 7.007003473700237905e-02
5.782500000000310081e+01 1.001007959655162427e+00 6.957367471057727959e-02
5.797499999998910170e+01 1.002092755248744194e+00 6.960650644684482358e-02
5.812500000000000000e+01 1.001509179479056932e+00 6.952320054306489194e-02
5.827500000001095515e+01 1.001795169961098519e+00 6.945618888400439950e-02
5.842499999999741078e+01 1.001741114490313223e+00 6.889886301535196045e-02
5.857500000000246132e+01 1.001687937110203430e+00 6.921030903563282766e-02
5.872499999998893827e+01 1.001820895592895111e+00 6.969720946958808672e-02
5.887500000000000000e+01 1.000873204636610669e+00 6.881891047151882101e-02
5.902500000001111857e+01 1.001867255972502146e+00 6.993542148136124015e-02
5.917499999999803606e+01 1.001540519147467556e+00 6.923921298753700493e-02
5.932500000000184315e+01 1.001575535202400724e+00 6.903012658292374815e-02
5.947499999998878906e+01 1.001309334531748529e+00 6.928804459889938150e-02
5.962500000000000000e+01 1.001505619511066314e+00 6.870462111214593881e-02
5.977500000001126779e+01 1.000641835564259008e+00 6.821364721540527920e-02
5.992499999999864002e+01 1.001386142628887921e+00 6.752323049865602278e-02
6.007500000000123919e+01 1.000919634203425890e+00 6.810774570470368161e-02
6.022499999998863984e+01 1.001327689933203979e+00 6.776774602519775037e-02
6.037500000000000000e+01 9.996152162474692959e-01 6.761881194799822248e-02
6.052500000001142411e+01 1.000318344560365391e+00 6.821206963780097887e-02
6.067499999999923688e+01 1.001742120180580731e+00 6.787738013699368134e-02
6.082500000000064944e+01 1.000511792746581419e+00 6.783514114770505810e-02
6.097499999998849773e+01 1.000161846784469510e+00 6.757372773763123397e-02
6.112500000000000000e+01 9.997750301196568490e-01 6.807580490450085287e-02
6.127500000001155911e+01 1.000174263392063390e+00 6.661027683181049153e-02
6.142499999999980531e+01 9.999868997211059929e-01 6.756452855749776887e-02
6.157500000000007390e+01 1.001007938111061923e+00 6.688317885050697187e-02
6.172499999998834852e+01 1.000557163442709285e+00 6.697866189177863194e-02
6.187500000000000000e+01 1.000357297034622839e+00 6.724846973717193976e-02
6.202500000001170122e+01 9.994873247690185813e-01 6.632441031351578309e-02
6.217500000000037375e+01 1.000930339749819264e+00 6.762011114122867816e-02
6.232499999999951967e+01 1.000646066561227121e+00 6.758748543635328954e-02
6.247499999998820641e+01 1.000646158631948612e+00 6.713529207035875968e-02
6.262500000000000000e+01 9.992292537918648909e-01 6.711168923659337204e-02
6.277500000001184333e+01 1.000971937880329676e+00 6.635787920766841874e-02
6.292500000000092086e+01 9.996470443876404044e-01 6.668025538411993802e-02
6.307499999999897256e+01 9.998810781537117442e-01 6.706985239794664710e-02
6.322499999998807851e+01 9.991897819660295887e-01 6.585002612012648415e-02
6.337500000000000000e+01 9.996742560279813228e-01 6.643391314302356243e-02
6.352500000001197833e+01 1.000973064534801615e+00 6.567461640628802222e-02
6.367500000000146798e+01 1.000076725993660043e+00 6.643858853808636000e-02
6.382499999999843254e+01 1.000706335974783645e+00 6.683331025812658255e-02
6.397499999998793641e+01 1.000009128047577800e+00 6.604200717716511571e-02
6.412500000000000000e+01 9.994629038139341004e-01 6.625652397809896066e-02
6.427500000001211333e+01 1.000957388475658405e+00 6.595941438365153509e-02
6.442500000000200089e+01 9.994399620978586807e-01 6.613449173796423497e-02
6.457499999999791385e+01 1.000050742595110842e+00 6.540966461706923529e-02
6.472499999998781561e+01 1.000766916381857774e+00 6.472346014188658236e-02
6.487500000000000000e+01 1.000273831363012622e+00 6.469566033839983799e-02
6.502500000001224123e+01 1.000661700382649011e+00 6.517296642787658023e-02
6.517500000000251248e+01 1.000417615402266369e+00 6.563904437284606708e-02
6.532499999999740226e+01 9.997020962199784089e-01 6.596417397059921306e-02
6.547499999998768772e+01 1.000852038831036461e+00 6.547227924975296265e-02
6.562500000000000000e+01 1.001585049840300279e+00 6.542382767316767822e-02
6.577500000001236913e+01 1.000262276785525373e+00 6.546600367159545464e-02
6.592500000000300986e+01 1.000589315745117336e+00 6.559660373060637040e-02
6.607499999999690488e+01 1.002645532652635119e+00 6.576780757871282523e-02
6.622499999998755982e+01 1.000170407976684439e+00 6.537437095407272469e-02
6.637500000000000000e+01 1.000085554218288264e+00 6.491229915160269537e-02
6.652500000001249703e+01 1.001065961484372213e+00 6.456993390178984715e-02
6.667500000000349303e+01 1.000999516678567014e+00 6.447516599944687343e-02
6.682499999999640750e+01 1.002022358341331465e+00 6.394138306736801836e-02
6.697499999998743192e+01 1.000087011113186763e+00 6.457643676395263821e-02
6.712500000000000000e+01 1.001563324229816976e+00 6.409228272996282672e-02
6.727500000001261071e+01 1.001384119639664894e+00 6.429668779377886723e-02
6.742500000000397620e+01 1.001875870464386420e+00 6.432807475388256646e-02
6.757499999999593854e+01 1.000239047250808255e+00 6.451609947748593310e-02
6.772499999998731823e+01 1.000705195188124730e+00 6.411501557678511709e-02
6.787500000000000000e+01 1.002363029907335834e+00 6.458430750120461306e-02
6.802500000001272440e+01 1.001384552742284439e+00 6.443970902509935095e-02
6.817500000000444516e+01 1.001576294274462153e+00 6.453812308200389258e-02
6.832499999999546958e+01 1.000920403985082974e+00 6.351994734582372404e-02
6.847499999998720455e+01 1.000494940030087987e+00 6.395794205071599070e-02
6.862500000000000000e+01 1.000876679495301680e+00 6.412506783807066235e-02
6.877500000001283809e+01 1.001206675545333491e+00 6.298910469216922881e-02
6.892500000000489990e+01 1.001700581509367138e+00 6.401955020049714118e-02
6.907499999999501483e+01 1.001178038177030549e+00 6.347040687182521623e-02
6.922499999998709086e+01 1.001716485457815109e+00 6.301894684793515888e-02
6.937500000000000000e+01 1.000592492745225659e+00 6.368288925849653614e-02
6.952500000001295177e+01 1.001049052240980730e+00 6.289543083109690180e-02
6.967500000000535465e+01 1.000872601881218404e+00 6.400888192761047812e-02
6.982499999999456008e+01 1.001138440383916306e+00 6.289723647042493038e-02
6.997499999998697717e+01 1.000780585418279189e+00 6.377017546101104717e-02
7.012500000000000000e+01 1.001048565839853355e+00 6.253415284562138798e-02
7.027500000001306546e+01 1.000563864289736316e+00 6.306880860163334435e-02
7.042500000000579519e+01 1.001174776989849802e+00 6.260363269240711015e-02
7.057499999999413376e+01 1.000667636514069647e+00 6.239213032597901859e-02
7.072499999998686349e+01 1.000484568831273124e+00 6.314511705660920404e-02
7.087500000000000000e+01 1.000709638640644883e+00 6.318563644134532475e-02
7.102500000001316494e+01 1.000857772749829344e+00 6.323628540746246973e-02
7.117500000000620730e+01 1.000960561173479757e+00 6.322349945151055362e-02
7.132499999999369322e+01 9.994021516581585995e-01 6.209664944247223622e-02
7.147499999998676401e+01 1.000590583369791453e+00 6.242459031594292662e-02
7.162500000000000000e+01 9.997311351636715138e-01 6.223076598540854681e-02
7.177500000001327862e+01 1.000831690154835085e+00 6.250119311393520505e-02
7.192500000000663363e+01 1.000954015495084670e+00 6.293842434300175870e-02
7.207499999999328111e+01 1.001212552380223553e+00 6.206474773123718536e-02
7.222499999998666453e+01 1.001189003610933437e+00 6.140592366003819885e-02
7.237500000000000000e+01 1.001194909882022976e+00 6.245352487356697901e-02
7.252500000001337810e+01 1.000026108575126749e+00 6.100812569992329626e-02
7.267500000000704574e+01 1.000349787687602854e+00 6.244036854470427778e-02
7.282499999999286899e+01 1.001074227287127583e+00 6.187527388560683239e-02
7.297499999998655085e+01 1.000255121817398729e+00 6.164573305608261888e-02
7.312500000000000000e+01 1.000812201199131835e+00 6.306291554947798805e-02
7.327500000001347757e+01 1.000567831457248591e+00 6.209958381982971787e-02
7.342500000000745786e+01 1.000580568576816765e+00 6.117554679519087574e-02
7.357499999999247109e+01 1.000984477552572027e+00 6.138517888705625342e-02
7.372499999998646558e+01 1.000797046401261881e+00 6.135749811964601869e-02
7.387500000000000000e+01 1.000498027735879703e+00 6.146369181541363330e-02
7.402500000001359126e+01 1.002068998191800064e+00 6.089373672737800197e-02
7.417500000000785576e+01 1.000424118147211328e+00 6.128290837346754560e-02
7.432499999999207319e+01 1.001232919175716107e+00 6.145734610187491426e-02
7.447499999998635190e+01 1.000400977520479184e+00 6.137001008337621133e-02
7.462500000000000000e+01 1.001861622827707077e+00 6.089382236676230131e-02
7.477500000001367653e+01 1.001414874747660555e+00 6.180542450873344890e-02
7.492500000000823945e+01 1.001931211567148372e+00 6.150941551858482570e-02
7.507499999999168949e+01 9.998750922901120664e-01 6.101188260793040385e-02
7.522499999998626663e+01 9.994361074161408620e-01 6.074969102544958838e-02
7.537500000000000000e+01 1.000325748142111060e+00 6.124326033612781384e-02
7.552500000001377600e+01 9.997508711322653507e-01 6.024481604849812877e-02
7.567500000000862315e+01 1.000755777653243417e+00 6.051089728737774065e-02
7.582499999999130580e+01 1.000749177090817454e+00 6.088888265449983461e-02
7.597499999998616715e+01 1.000889994340856903e+00 6.049482553736028334e-02
7.612500000000000000e+01 1.000053483665579224e+00 6.088146550237651111e-02
7.627500000001386127e+01 1.000167935646657957e+00 5.970712657202628670e-02
7.642500000000899263e+01 9.996970947722028100e-01 6.013342733020866221e-02
7.657499999999093632e+01 9.998875015187593807e-01 5.994102141065254380e-02
7.672499999998608189e+01 1.000765915174595344e+00 5.974847807400529565e-02
7.687500000000000000e+01 1.000314778726091758e+00 5.897273210185272063e-02
7.702500000001396074e+01 1.000436374279916940e+00 6.029493998824210499e-02
7.717500000000934790e+01 1.000623499905142211e+00 6.036775273382267992e-02
7.732499999999058105e+01 1.001158818882974089e+00 6.051609629289224357e-02
7.747499999998598241e+01 9.999477200081668959e-01 6.042765685115442792e-02
7.762500000000000000e+01 1.000980381904277738e+00 6.012035871853402963e-02
7.777500000001404601e+01 1.001254580108057901e+00 6.073820786473525801e-02
7.792500000000971738e+01 1.000794229799148560e+00 5.945972980073541830e-02
7.807499999999021156e+01 1.001393953770484568e+00 6.060338601503130473e-02
7.822499999998589715e+01 1.001496164991446669e+00 5.999328874766531039e-02
7.837500000000000000e+01 1.001321495195039102e+00 5.937679816410144917e-02
7.852500000001413127e+01 1.000597568467262111e+00 5.965181335774973753e-02
7.867500000001005844e+01 1.001158356736170596e+00 5.923654077111888128e-02
7.882499999998987050e+01 1.002002526033253238e+00 5.958928877439003541e-02
7.897499999998581188e+01 1.000877677831965906e+00 5.987176758166173896e-02
7.912500000000000000e+01 1.001058980072023319e+00 6.001189677831615665e-02
7.927500000001423075e+01 1.000584494638532940e+00 5.947341945315461759e-02
7.942500000001041371e+01 1.000573164501028067e+00 5.938946388796469827e-02
7.957499999998951523e+01 1.000489449341224857e+00 5.916764178253552942e-02
7.972499999998572662e+01 9.993002944824038725e-01 6.003409656271180977e-02
7.987500000000000000e+01 1.000563218617935402e+00 5.936659117502816191e-02
8.002500000001430180e+01 1.001107798119011294e+00 5.924810012432838585e-02
8.017500000001075477e+01 1.002166703961888894e+00 5.909096299923299184e-02
8.032499999998918838e+01 1.001682801982460624e+00 5.863955953463174942e-02
8.047499999998564135e+01 1.001651332900986624e+00 5.936580333416850708e-02
8.062500000000000000e+01 1.000928329936436878e+00 5.936848883178119651e-02
8.077500000001438707e+01 9.999891480310234559e-01 5.838471795498990924e-02
8.092500000001108162e+01 1.001898790359804448e+00 5.872318389088963808e-02
8.107499999998886153e+01 1.000861911220972233e+00 5.842339860108677896e-02
8.122499999998557030e+01 1.001288446160429002e+00 5.800451750048947475e-02
8.137500000000000000e+01 1.000754850150371356e+00 5.851549757150036751e-02
8.152500000001447233e+01 1.000593304434526543e+00 5.926006048198104864e-02
8.167500000001139426e+01 1.002269699387616786e+00 5.817637185495760227e-02
8.182499999998853468e+01 9.999654935356561136e-01 5.954436654727601752e-02
8.197499999998548503e+01 1.001519243071945731e+00 5.916929317921044984e-02
8.212500000000000000e+01 1.001688998965390098e+00 5.898000497282377547e-02
8.227500000001455760e+01 1.001272702677479032e+00 5.799051472930815548e-02
8.242500000001172111e+01 1.001272613188868066e+00 5.799338929625389577e-02
8.257499999998822204e+01 1.001659616549650966e+00 5.786944572920820623e-02
8.272499999998539977e+01 1.000018987292590644e+00 5.849446449717330548e-02
8.287500000000000000e+01 9.995740569120474817e-01 5.840037870143589827e-02
8.302500000001462865e+01 1.000211757852282890e+00 5.853273003159346205e-02
8.317500000001203375e+01 1.000373590387106271e+00 5.819616005228087086e-02
8.332499999998789519e+01 1.000486085983866902e+00 5.778281097937685434e-02
8.347499999998531450e+01 1.000575732352941394e+00 5.838210756788866224e-02
8.362500000000000000e+01 1.000707228574893026e+00 5.750560667382679375e-02
8.377500000001469971e+01 9.994460238355048487e-01 5.770803891547329062e-02
8.392500000001234639e+01 1.001060202853248038e+00 5.789784760187327572e-02
8.407499999998758256e+01 1.000511211583852589e+00 5.809829052942582645e-02
8.422499999998524345e+01 1.000235670575279068e+00 5.856657315924224116e-02
8.437500000000000000e+01 1.000182239329502565e+00 5.765641843305905484e-02
8.452500000001478497e+01 1.000419106660965785e+00 5.788220858162210908e-02
8.467500000001264482e+01 1.001548961482077393e+00 5.645964819297073084e-02
8.482499999998728413e+01 1.002348633401260791e+00 5.726913898522359436e-02
8.497499999998517239e+01 9.992154260266027377e-01 5.752843020857544704e-02
8.512500000000000000e+01 1.001307099530867273e+00 5.736271264709504047e-02
8.527500000001485603e+01 9.999653676047925988e-01 5.771708001294818813e-02
8.542500000001294325e+01 9.998489808453735472e-01 5.674443607883333102e-02
8.557499999998699991e+01 9.997554533588351999e-01 5.747411859301010395e-02
8.572499999998510134e+01 9.999271006725041211e-01 5.780987627060907991e-02
8.587500000000000000e+01 9.998033175351707103e-01 5.654204576869122090e-02
8.602500000001494129e+01 1.001168773980678939e+00 5.690085764135821567e-02
8.617500000001324167e+01 1.001622748807602603e+00 5.743692391764927685e-02
8.632499999998670148e+01 1.000516950523771431e+00 5.640902510380363388e-02
8.647499999998503029e+01 1.000884367321273949e+00 5.756878744445071555e-02
8.662500000000000000e+01 1.001719699999521485e+00 5.729039357208230016e-02
8.677500000001501235e+01 1.001075404007521596e+00 5.727433644915214811e-02
8.692500000001352589e+01 1.000628988650782647e+00 5.639405068203265370e-02
8.707499999998641727e+01 1.001374286362587629e+00 5.639168024593202433e-02
8.722499999998494502e+01 1.001624929149364185e+00 5.605620601812881520e-02
8.737500000000000000e+01 1.000461566562722338e+00 5.712529753684405381e-02
8.752500000001508340e+01 1.000666074429307439e+00 5.659284369365757961e-02
8.767500000001381011e+01 9.790921432255191847e-01 5.613590612560598325e-02
8.782499999998613305e+01 9.564755895165792943e-01 5.506832006818034031e-02
8.797499999998487397e+01 9.431193716896534296e-01 5.406510636905485084e-02
8.812500000000000000e+01 9.322930183869991838e-01 5.472352324685385988e-02
8.827500000001514024e+01 9.233686589143146328e-01 5.427109203327963594e-02
8.842500000001409433e+01 9.148089988258691907e-01 5.405171184009814611e-02
8.857499999998586304e+01 9.074927843789543092e-01 5.411415785484936791e-02
8.872499999998480291e+01 9.004025687399516142e-01 5.349960446964849292e-02
8.887500000000000000e+01 8.932917532205663091e-01 5.299531439766328594e-02
8.902500000001521130e+01 8.883716438121566084e-01 5.292546664628897807e-02
8.917500000001436433e+01 8.823905098448320272e-01 5.280579697632675762e-02
8.932499999998557882e+01 8.767826183888920433e-01 5.192891200096089871e-02
8.947499999998473186e+01 8.709145547627948902e-01 5.238923575588734505e-02
8.962500000000000000e+01 8.661820645996277657e-01 5.189122141378532671e-02
8.977500000001528235e+01 8.614765033690445772e-01 5.168513939901381304e-02
8.992500000001462013e+01 8.561849171084492394e-01 5.161236207172058971e-02
9.007499999998532303e+01 8.518862435093399466e-01 5.225637220824293910e-02
9.022499999998467501e+01 8.478219105525695021e-01 5.102992611164326731e-02
9.037500000000000000e+01 8.427472185553482875e-01 5.121384616563827430e-02
9.052500000001533920e+01 8.387089446261137837e-01 5.127952621923828613e-02
9.067500000001489013e+01 8.346732758748679482e-01 5.055041150911166598e-02
9.082499999998505302e+01 8.308948939843769921e-01 5.018876020371885321e-02
9.097499999998460396e+01 8.275658469385021032e-01 5.003185170203498094e-02
9.112500000000000000e+01 8.240108343840232275e-01 4.973108069269363551e-02
9.127500000001541025e+01 8.202663437756440024e-01 4.986583115740014088e-02
9.142500000001514593e+01 8.162671671840137089e-01 5.019204790207368316e-02
9.157499999998479723e+01 8.128556938854970548e-01 5.017337742618276780e-02
9.172499999998454712e+01 8.090154919035910108e-01 4.967916264840521040e-02
9.187500000000000000e+01 8.063486329602526093e-01 4.962896011733777812e-02
9.202500000001548131e+01 8.041614106637943182e-01 4.899027706271805171e-02
9.217500000001541594e+01 7.993469688427476960e-01 4.929375270682507387e-02
9.232499999998454143e+01 7.969557893834475770e-01 4.990386412154948492e-02
9.247499999998447606e+01 7.933976253438637105e-01 4.850462873953696047e-02
9.262500000000000000e+01 7.906386532916533927e-01 4.968113674981126937e-02
9.277500000001553815e+01 7.871925497499232538e-01 4.902701446798665014e-02
9.292500000001565752e+01 7.855692065042025884e-01 4.896883790410142684e-02
9.307499999998428564e+01 7.820382405830075268e-01 4.848031378174422201e-02
9.322499999998441922e+01 7.791416664743606724e-01 4.838601275671883944e-02
9.337500000000000000e+01 7.765374352178495698e-01 4.784145337078790639e-02
9.352500000001559499e+01 7.737530207365281854e-01 4.815696914677834728e-02
9.367500000001591332e+01 7.714108830101884529e-01 4.745646349419422455e-02
9.382499999998402984e+01 7.682248523980264032e-01 4.765370723199607861e-02
9.397499999998436238e+01 7.664076905906156423e-01 4.805391706583936329e-02
9.412500000000000000e+01 7.623869666028685321e-01 4.690917556557919199e-02
9.427500000001566605e+01 7.607719380702133716e-01 4.793535448909235636e-02
9.442500000001615490e+01 7.571375613236065449e-01 4.765314851207438918e-02
9.457499999998380247e+01 7.560092578062811430e-01 4.726225621561760265e-02
9.472499999998429132e+01 7.518426266060196372e-01 4.714520752250753177e-02
9.487500000000000000e+01 7.504408792510058879e-01 4.712980681742161976e-02
9.502500000001572289e+01 7.479849754320129218e-01 4.669660450216972514e-02
9.517500000001639648e+01 7.456744163974384776e-01 4.689974159821989896e-02
9.532499999998356088e+01 7.426591994744989877e-01 4.588721933015321719e-02
9.547499999998423448e+01 7.406969691250026022e-01 4.635350277276348990e-02
9.562500000000000000e+01 7.380783207330664508e-01 4.660816220478641858e-02
9.577500000001577973e+01 7.366239913222752955e-01 4.648465364505804248e-02
9.592500000001662386e+01 7.336064127974899485e-01 4.605213443605824658e-02
9.607499999998331930e+01 7.322803089899546647e-01 4.647519590222215502e-02
9.622499999998417763e+01 7.292420402106599697e-01 4.622866914053705423e-02
9.637500000000000000e+01 7.275602987389148124e-01 4.631596325057558972e-02
9.652500000001585079e+01 7.252363370119364605e-01 4.580746384509273850e-02
9.667500000001686544e+01 7.233192434115879310e-01 4.547152772835643536e-02
9.682499999998309193e+01 7.200955889959097522e-01 4.570709312763812648e-02
9.697499999998412079e+01 7.182618437760948105e-01 4.564207677972761251e-02
9.712500000000000000e+01 7.160438823188439716e-01 4.551927229752333881e-02
9.727500000001590763e+01 7.153985654660393045e-01 4.532576257384231949e-02
9.742500000001709282e+01 7.123676711333997158e-01 4.544763364048753224e-02
9.757499999998287876e+01 7.109315040021795262e-01 4.522183500978343984e-02
9.772499999998406395e+01 7.078779444548299882e-01 4.538466965214844190e-02
9.787500000000000000e+01 7.064123531306222281e-01 4.519245327244755112e-02
9.802500000001595026e+01 7.040696797465347823e-01 4.467987754789228688e-02
9.817500000001732019e+01 7.030055410981450592e-01 4.539774625733446894e-02
9.832499999998263718e+01 7.004734345190350986e-01 4.455651022326356098e-02
9.847499999998402131e+01 6.989034633062649604e-01 4.450906109176470948e-02
9.862500000000000000e+01 6.967818894044218725e-01 4.430903442479478677e-02
9.877500000001600711e+01 6.946200440481468119e-01 4.508797024438352535e-02
9.892500000001753335e+01 6.929471295224628458e-01 4.455480042462570817e-02
9.907499999998242401e+01 6.905232969122306885e-01 4.407261336361558562e-02
9.922499999998395026e+01 6.901145280352550815e-01 4.395123527904718636e-02
9.937500000000000000e+01 6.877948677428519231e-01 4.428273475630561951e-02
9.952500000001606395e+01 6.858389651088641070e-01 4.391338817484908424e-02
9.967500000001776073e+01 6.831045578994033862e-01 4.402705630633111517e-02
9.982499999998221085e+01 6.823983610434007918e-01 4.380698999378770941e-02
9.997499999998389342e+01 6.803068233195929126e-01 4.351293623501922142e-02
1.001250000000000000e+02 6.789065469047267376e-01 4.411511442228611274e-02
1.002750000000161208e+02 6.773893777078365819e-01 4.309680706383290510e-02
1.004250000000179597e+02 6.753613016034263339e-01 4.405837057739751123e-02
1.005749999999819835e+02 6.738629241526035152e-01 4.342819358111274508e-02
1.007249999999838508e+02 6.715699899837982434e-01 4.327762870625682934e-02
1.008750000000000000e+02 6.705505458747550440e-01 4.307946746837266333e-02
1.010250000000161776e+02 6.685154372624920738e-01 4.303960804313200494e-02
1.011750000000181871e+02 6.673140603866023479e-01 4.300385939542908376e-02
1.013249999999817845e+02 6.652984996322270916e-01 4.238330300684365476e-02
1.014749999999837939e+02 6.645956930082737024e-01 4.264910982861300909e-02
1.016250000000000000e+02 6.631015126725438025e-01 4.276704176425598358e-02
1.017750000000162345e+02 6.612286067645892773e-01 4.279446293872748996e-02
1.019250000000184002e+02 6.586079068229183653e-01 4.200732710295136674e-02
1.020749999999815714e+02 6.581365163607150182e-01 4.257188427749752230e-02
1.022249999999837513e+02 6.556979564614874301e-01 4.258909235060764215e-02
1.023750000000000000e+02 6.556280174977796582e-01 4.266112314330059579e-02
1.025250000000162771e+02 6.523860675129830033e-01 4.257456363722624676e-02
1.026750000000185992e+02 6.518678922723436520e-01 4.218770349473132536e-02
1.028249999999813582e+02 6.501938518048606674e-01 4.258997543933312757e-02
1.029749999999836945e+02 6.493951611630944809e-01 4.236990813158542785e-02
1.031250000000000000e+02 6.475148298842348105e-01 4.182025800070896665e-02
1.032750000000163340e+02 6.456795061434787986e-01 4.153835513907890020e-02
1.034250000000187981e+02 6.445674333424835645e-01 4.179051517756288830e-02
1.035749999999811592e+02 6.420554009297527731e-01 4.208975398475918450e-02
1.037249999999836376e+02 6.420087856152515426e-01 4.187686518213509790e-02
1.038750000000000000e+02 6.389677641739623937e-01 4.144555260008701142e-02
1.040250000000163766e+02 6.383750041704794320e-01 4.139954576099242473e-02
1.041750000000189971e+02 6.366318290243545563e-01 4.157895954707831881e-02
1.043249999999809603e+02 6.350930942752476271e-01 4.171518285974962909e-02
1.044749999999835950e+02 6.344292167681406802e-01 4.091456526722710152e-02
1.046250000000000000e+02 6.326372200890789665e-01 4.159273362189620099e-02
1.047750000000164334e+02 6.315525469713263451e-01 4.060531159923341099e-02
1.049250000000191818e+02 6.293451283730435719e-01 4.095899162244496378e-02
1.050749999999807613e+02 6.283420891256228380e-01 4.134521238365594653e-02
1.052249999999839503e+02 6.263103500593117934e-01 4.052015340869732918e-02
1.053750000000000000e+02 6.255090138363834651e-01 4.115515172833889013e-02
1.055250000000157229e+02 6.249911564306021017e-01 4.060213943249395968e-02
1.056750000000193808e+02 6.234500047242494958e-01 4.026441497644440981e-02
1.058249999999805766e+02 6.212990447852788645e-01 4.089337247053983354e-02
1.059749999999847319e+02 6.203593290460781562e-01 4.031798837060136809e-02
1.061250000000000000e+02 6.192611671112844274e-01 4.051399482402789909e-02
1.062750000000149555e+02 6.178000591432047939e-01 4.057707796693144076e-02
1.064250000000195797e+02 6.170036425891073373e-01 4.072793605635272735e-02
1.065749999999803919e+02 6.152404750534050670e-01 3.988272645420348761e-02
1.067249999999854850e+02 6.144997095915520902e-01 4.005685359124059458e-02
1.068750000000000000e+02 6.132697132350909408e-01 4.029753207853124797e-02
1.070250000000141881e+02 6.113843052925569399e-01 3.996488294552029419e-02
1.071750000000197645e+02 6.096973792941662307e-01 4.008544030333640457e-02
1.073249999999802071e+02 6.086771454591360930e-01 4.009792666454171928e-02
1.074749999999862524e+02 6.076744329210845841e-01 3.942679937411670832e-02
1.076250000000000000e+02 6.068701970622818465e-01 3.897324561274621152e-02
1.077750000000134492e+02 6.049897329313269623e-01 4.010795036852691370e-02
1.079250000000199492e+02 6.036757768940244073e-01 3.934866288452554262e-02
1.080749999999800224e+02 6.018519353275174621e-01 3.916973315911638498e-02
1.082249999999869914e+02 6.009485093993753857e-01 3.992238633369880885e-02
1.083750000000000000e+02 6.005691254530565182e-01 3.967989106768374935e-02
1.085250000000127244e+02 5.993991204659894212e-01 3.914921386107819701e-02
1.086750000000201481e+02 5.972141903129573048e-01 3.871918550552945482e-02
1.088249999999798376e+02 5.962086999903426499e-01 3.916101012020594546e-02
1.089749999999877161e+02 5.953207409834597730e-01 3.914379631460769560e-02
1.091250000000000000e+02 5.939431953469460623e-01 3.919572225797422066e-02
1.092750000000119854e+02 5.924865514864586791e-01 3.905976599986266812e-02
1.094250000000203045e+02 5.912164728668898306e-01 3.913407580268270930e-02
1.095749999999796529e+02 5.711943223897146815e-01 3.840957902060787577e-02
1.097249999999884409e+02 5.497521780712707473e-01 3.677408035208532683e-02
1.098750000000000000e+02 5.364198373470161485e-01 3.673931542266085926e-02
1.100250000000112749e+02 5.259865951499622660e-01 3.691196037077324604e-02
1.101750000000204892e+02 5.163698291141625152e-01 3.654231176658764846e-02
1.103249999999794682e+02 5.079743415221696923e-01 3.619323362550984358e-02
1.104749999999891372e+02 4.995951466975356858e-01 3.558195763489674368e-02
1.106250000000000000e+02 4.930848839384974758e-01 3.538340113900244333e-02
1.107750000000105643e+02 4.855859781967483690e-01 3.518886818820880780e-02
1.109250000000206740e+02 4.788886140645269296e-01 3.458406471718065978e-02
1.110749999999792976e+02 4.731081361235586757e-01 3.415933840319304582e-02
1.112249999999898620e+02 4.670395794419870961e-01 3.409020926695181808e-02
1.113750000000000000e+02 4.611781421157521987e-01 3.422520231308791294e-02
1.115250000000098822e+02 4.548994575889043768e-01 3.394168964321626208e-02
1.116750000000208445e+02 4.495535741261649787e-01 3.340719461477865276e-02
1.118249999999791129e+02 4.437924369231198152e-01 3.322392276707445552e-02
1.119749999999905299e+02 4.395861596436246299e-01 3.344641498053587542e-02
1.121250000000000000e+02 4.345953021451428588e-01 3.282475832083014966e-02
1.122750000000091859e+02 4.295106371038897586e-01 3.277646707619425587e-02
1.124250000000210008e+02 4.240167089186431815e-01 3.251909947808703100e-02
1.125749999999789566e+02 4.194885075194298985e-01 3.240432430022379545e-02
1.127249999999912120e+02 4.155114346025949867e-01 3.193717140426145101e-02
1.128750000000000000e+02 4.114690022325607766e-01 3.215676850453711572e-02
1.130250000000085180e+02 4.063443952354971467e-01 3.172136487790239850e-02
1.131750000000211855e+02 4.022359387048408674e-01 3.166389429721731125e-02
1.133249999999787860e+02 3.980823117756667751e-01 3.145636332846694916e-02
1.134749999999919083e+02 3.941097897691424601e-01 3.117392758763291166e-02
1.136250000000000000e+02 3.900343819582531846e-01 3.118285222695528838e-02
1.137750000000078359e+02 3.855807117107399318e-01 3.082937443012006770e-02
1.139250000000213561e+02 3.816241418292887766e-01 3.020343063012296408e-02
1.140749999999786297e+02 3.774711274684397488e-01 3.038199471488761336e-02
1.142249999999925620e+02 3.740310162528058258e-01 3.029317111023565115e-02
1.143750000000000000e+02 3.703648751793521821e-01 3.041218760366942025e-02
1.145250000000071680e+02 3.665782823935884172e-01 3.013062085472269919e-02
1.146750000000215124e+02 3.625754285842036628e-01 2.965789873870950527e-02
1.148249999999784308e+02 3.594173934426437289e-01 2.958593410153115624e-02
1.149749999999932157e+02 3.553494125511743040e-01 2.949105064061701212e-02
1.151250000000000000e+02 3.524373384123583031e-01 2.940441363893286919e-02
1.152750000000065285e+02 3.479990265192638432e-01 2.879369569737715365e-02
1.154250000000216829e+02 3.457193512688240822e-01 2.907050785078570121e-02
1.155749999999783029e+02 3.416644374082178359e-01 2.864646606436414833e-02
1.157249999999938694e+02 3.383586056698322242e-01 2.873436151325420990e-02
1.158750000000000000e+02 3.347327079183098908e-01 2.844276376775248943e-02
1.160250000000058748e+02 3.310228219756831680e-01 2.806394563855401161e-02
1.161750000000218392e+02 3.285140601705399122e-01 2.798943232180277352e-02
1.163249999999781323e+02 3.249700606356892840e-01 2.769343607922181150e-02
1.164749999999945089e+02 3.217239285392864967e-01 2.772324878133782325e-02
1.166250000000000000e+02 3.185343750960743514e-01 2.770495061054657759e-02
1.167750000000052495e+02 3.149083838686433934e-01 2.728104067526538820e-02
1.169250000000220098e+02 3.123608803070625495e-01 2.754387508479505531e-02
1.170749999999779760e+02 3.092245369594034954e-01 2.715634740752988913e-02
1.172249999999951484e+02 3.060017668041494776e-01 2.695390116632412694e-02
1.173750000000000000e+02 3.029715800321379771e-01 2.702203683872259413e-02
1.175250000000046242e+02 3.001349235507031477e-01 2.682160454459723772e-02
1.176750000000221377e+02 2.972645148104768875e-01 2.655381235561751763e-02
1.178249999999778055e+02 2.942511583699674027e-01 2.615476033269838532e-02
1.179749999999957453e+02 2.910011737415498234e-01 2.603571811507523343e-02
1.181250000000000000e+02 2.878694397924499437e-01 2.596199901586649164e-02
1.182750000000039989e+02 2.852659293896130377e-01 2.604807340401589164e-02
1.184250000000223082e+02 2.820961604028168201e-01 2.606202340083599994e-02
1.185749999999776634e+02 2.794695880049254400e-01 2.561833095166567500e-02
1.187249999999963705e+02 2.760017518321432051e-01 2.546070733775002842e-02
1.188750000000000000e+02 2.736534969481412283e-01 2.521604361239625572e-02
1.190250000000033879e+02 2.711141322177557655e-01 2.515492857475902858e-02
1.191750000000224645e+02 2.678289051084890571e-01 2.495746645025271118e-02
1.193249999999775071e+02 2.654096671449268086e-01 2.476273344731549225e-02
1.194749999999969816e+02 2.627013388700675245e-01 2.480297177397337502e-02
1.196250000000000000e+02 2.598830085636336662e-01 2.463600715303899957e-02
1.197750000000027910e+02 2.574852946088198591e-01 2.457988779380133534e-02
1.199250000000226066e+02 2.546896691435678317e-01 2.422262432150014758e-02
1.200749999999773650e+02 2.517668982354507312e-01 2.431703797428538816e-02
1.202249999999975927e+02 2.490714894823771453e-01 2.452976830005090467e-02
1.203750000000000000e+02 2.468019238205577393e-01 2.388521678004025192e-02
1.205250000000021799e+02 2.443583105206291184e-01 2.392841275784651084e-02
1.206750000000227772e+02 2.419062751358032615e-01 2.363935357653112329e-02
1.208249999999772086e+02 2.390253780595990307e-01 2.379177773405467822e-02
1.209749999999981753e+02 2.366398241960016580e-01 2.346881192688804810e-02
1.211250000000000000e+02 2.341734960570611979e-01 2.295281036092555738e-02
1.212750000000015973e+02 2.316659677762346325e-01 2.290911403778796498e-02
1.214250000000229193e+02 2.295663977499215191e-01 2.297269180067319783e-02
1.215749999999770665e+02 2.267234839310862671e-01 2.303850485339161216e-02
1.217249999999987580e+02 2.244147984611729318e-01 2.254665903278320338e-02
1.218750000000000000e+02 2.224375161365259590e-01 2.246716753093006003e-02
1.220250000000010147e+02 2.193972903516575867e-01 2.257059161390842852e-02
1.221750000000230472e+02 2.174052862805150865e-01 2.209783970832196812e-02
1.223249999999769244e+02 2.145119469537589696e-01 2.170362313418963685e-02
1.224749999999993406e+02 2.123265955587160525e-01 2.195788119011115799e-02
1.226250000000000000e+02 2.099939274751406459e-01 2.204444957539841710e-02
1.227750000000004320e+02 2.077610014908836955e-01 2.172393322377250136e-02
1.229250000000231893e+02 2.052624696315907549e-01 2.166777244986856782e-02
1.230749999999767681e+02 2.029512844956775641e-01 2.109842704870373148e-02
1.232249999999999233e+02 2.006805613699434443e-01 2.129297630541412620e-02
1.233750000000000000e+02 1.987018594537674210e-01 2.127629796366366233e-02
1.235249999999998494e+02 1.963941272367668578e-01 2.084296065180053781e-02
1.236750000000233314e+02 1.940687491930261355e-01 2.066461363665238540e-02
1.238249999999766402e+02 1.919218173530060079e-01 2.086148592993812556e-02
1.239750000000004775e+02 1.895238203255004972e-01 2.059380259462935750e-02
1.241250000000000000e+02 1.878948887865057871e-01 2.059719132947622489e-02
1.242749999999992951e+02 1.850696724492588430e-01 2.035852666004359102e-02
1.244250000000234735e+02 1.831428420865860718e-01 2.032752882892456536e-02
1.245749999999764839e+02 1.805948839492030888e-01 2.018255729149828412e-02
1.247250000000010317e+02 1.788543855409567285e-01 1.986371552790583070e-02
1.248750000000000000e+02 1.766353838425363809e-01 1.980062368235898512e-02
1.250249999999987551e+02 1.740307254799513814e-01 1.966110333124333406e-02
1.251750000000236156e+02 1.722517060450775850e-01 1.962738191268378202e-02
1.253249999999763702e+02 1.702963515459049448e-01 1.946995010501047577e-02
1.254750000000015859e+02 1.682143289021769128e-01 1.964818299445840813e-02
1.256250000000000000e+02 1.659158803527170656e-01 1.945198402793119064e-02
1.257749999999982009e+02 1.638079758516654272e-01 1.932301045831063754e-02
1.259250000000237577e+02 1.620444971476816542e-01 1.894462878608540665e-02
1.260749999999762281e+02 1.598805301987827054e-01 1.887683173569609449e-02
1.262250000000021259e+02 1.579764679628640478e-01 1.889398640065984014e-02
1.263750000000000000e+02 1.556584634958357860e-01 1.879720321901258429e-02
1.265249999999976609e+02 1.536775522929982318e-01 1.843195670636606914e-02
1.266750000000238856e+02 1.515753395198714271e-01 1.821627168575164560e-02
1.268249999999760860e+02 1.498579857404084559e-01 1.804376417875704422e-02
1.269750000000026660e+02 1.475948605771018607e-01 1.826281045924111127e-02
1.271250000000000000e+02 1.458150286054728240e-01 1.778139021083573884e-02
1.272749999999971209e+02 1.437152357179486972e-01 1.800951905721716664e-02
1.274250000000240277e+02 1.417097016416638822e-01 1.777531877346168535e-02
1.275749999999759439e+02 1.398899532381446265e-01 1.741993074830763474e-02
1.277250000000031918e+02 1.376545715972863626e-01 1.733355355953857327e-02
1.278750000000000000e+02 1.354898387296025741e-01 1.714479823471015338e-02
1.280249999999965951e+02 1.337182360258098168e-01 1.688573547485862358e-02
1.281750000000241414e+02 1.318306237966595518e-01 1.709580126745249146e-02
1.283249999999758018e+02 1.299568921991558768e-01 1.677266295673583707e-02
1.284750000000037176e+02 1.279483366435699154e-01 1.646499806758171258e-02
1.286250000000000000e+02 1.264066627526012621e-01 1.672592305139846205e-02
1.287749999999960835e+02 1.243590149680581514e-01 1.655003455882947741e-02
1.289250000000242835e+02 1.221951566689615243e-01 1.614964213608030552e-02
1.290749999999756881e+02 1.203349204152159846e-01 1.596372052221502885e-02
1.292250000000042292e+02 1.186441804929284499e-01 1.596312623762423041e-02
1.293750000000000000e+02 1.165151602536168840e-01 1.595239611003894734e-02
1.295249999999955719e+02 1.148309095227631887e-01 1.569373585884177927e-02
1.296750000000243972e+02 1.129711699506863870e-01 1.563665643316447529e-02
1.298249999999755460e+02 1.112037358573537554e-01 1.568433487474290774e-02
1.299750000000047692e+02 1.093198440189792481e-01 1.541809349537348606e-02
1.301250000000000000e+02 1.076981604105654022e-01 1.534336103902868113e-02
1.302749999999950319e+02 1.053824294789154348e-01 1.508957422238576922e-02
1.304250000000245393e+02 1.038563517413990389e-01 1.499934423465836171e-02
1.305749999999754323e+02 1.017967779465554640e-01 1.489853531264401232e-02
1.307250000000052523e+02 1.001030777955517065e-01 1.457785508996296830e-02
1.308750000000000000e+02 9.843962582045553966e-02 1.445978042713604202e-02
1.310249999999945487e+02 9.684952930899125290e-02 1.440534258980720114e-02
1.311750000000246530e+02 9.496828397329271088e-02 1.427762523252690263e-02
1.313249999999753186e+02 9.305332639168803488e-02 1.424854087004630114e-02
1.314750000000057639e+02 9.148565600242974938e-02 1.394536317234760375e-02
1.316250000000000000e+02 8.949265785977962573e-02 1.371704760875269540e-02
1.317749999999940655e+02 8.803364261731726204e-02 1.383440968833252530e-02
1.319250000000247951e+02 8.603317141649710620e-02 1.346494163449260192e-02
1.320749999999751765e+02 8.433138262915369776e-02 1.339813212471981096e-02
1.322250000000062471e+02 8.284973708968081108e-02 1.317093582917669772e-02
1.323750000000000000e+02 8.086425837581329157e-02 1.298481601275408050e-02
1.325249999999935540e+02 7.921633876713965461e-02 1.298791499543253992e-02
1.326750000000249088e+02 7.753790494752357820e-02 1.290837807341960360e-02
1.328249999999750628e+02 7.601640178547335036e-02 1.264639255267584542e-02
1.329750000000067303e+02 7.389017320996316140e-02 1.259784664856419649e-02
1.331250000000000000e+02 7.234289590781543822e-02 1.222057042512131146e-02
1.332749999999930424e+02 7.090619847656771946e-02 1.220130202479621090e-02
1.334250000000250225e+02 6.916855059360692282e-02 1.198341403208544667e-02
1.335749999999749491e+02 6.770682059129459751e-02 1.196313977183527909e-02
1.337250000000072134e+02 6.584901885903279850e-02 1.179776670352906606e-02
1.338750000000000000e+02 6.424428688797452491e-02 1.157069383620937426e-02
1.340249999999925876e+02 6.261796279329015502e-02 1.159277542174681590e-02
1.341750000000251362e+02 6.101930529882428067e-02 1.142027406295963513e-02
1.343249999999748354e+02 5.932352173685206259e-02 1.112501584607442952e-02
1.344750000000077250e+02 5.767024704800712692e-02 1.084789819157865737e-02
1.346250000000000000e+02 5.612399093265701966e-02 1.082320615391311330e-02
1.347749999999921044e+02 5.448640107940995458e-02 1.072778212567627835e-02
1.349250000000252783e+02 5.301379181100509402e-02 1.038918773319460337e-02
1.350749999999746933e+02 5.148926494700913070e-02 1.028619484256202907e-02
1.352250000000081798e+02 4.958128127883952574e-02 1.005724293322167104e-02
1.353750000000000000e+02 4.808572029400703940e-02 9.965985728763745652e-03
1.355249999999916213e+02 4.644776543166438676e-02 9.819711356733127477e-03
1.356750000000253920e+02 4.513908514862419868e-02 9.608516484909459046e-03
1.358249999999746080e+02 4.333258545175367599e-02 9.440880311594230037e-03
1.359750000000086345e+02 4.185464608514757184e-02 9.404637842089138416e-03
1.361250000000000000e+02 4.044040876429021852e-02 9.083501729359195337e-03
1.362749999999911665e+02 3.866616163065120931e-02 8.902831342221303318e-03
1.364250000000255056e+02 3.725578358880448498e-02 8.713389814569661926e-03
1.365749999999744659e+02 3.561853896430589722e-02 8.580348483055097453e-03
1.367250000000091177e+02 3.429920354580213299e-02 8.397794035631836115e-03
1.368750000000000000e+02 3.271089979261964514e-02 8.152733802124516663e-03
1.370249999999907118e+02 3.127346732556006426e-02 7.990133916579329754e-03
1.371750000000256193e+02 2.970379835216489794e-02 7.739511381403858283e-03
1.373249999999743522e+02 2.804643346172401921e-02 7.597373598991836313e-03
1.374750000000095724e+02 2.658570952643817334e-02 7.348469274599818413e-03
1.376250000000000000e+02 2.519440880471714508e-02 7.162624209523663424e-03
1.377749999999902286e+02 2.378650405759737130e-02 6.908123164115244352e-03
1.379250000000257330e+02 2.224226009318953923e-02 6.709124569013380154e-03
1.380749999999742386e+02 2.062608693413513217e-02 6.370468916999985284e-03
1.382250000000100272e+02 1.931335086611991186e-02 6.271311785573031004e-03
1.383750000000000000e+02 1.790862924448611074e-02 5.948790154788862090e-03
1.385249999999898023e+02 1.631775316009623222e-02 5.712182212119138770e-03
1.386750000000258467e+02 1.493582714333803116e-02 5.517386442975121853e-03
1.388249999999741249e+02 1.347543494416701682e-02 5.151240197690137336e-03
1.389750000000104535e+02 1.206179676543256592e-02 4.963933907298468361e-03
1.391250000000000000e+02 1.055436836113331223e-02 4.611133966595848399e-03
1.392749999999893475e+02 9.251429046610831763e-03 4.317118952489576791e-03
1.394250000000259604e+02 7.723095921740934580e-03 3.921514721926802269e-03
1.395749999999740112e+02 6.341190825983916701e-03 3.570706257933419295e-03
1.397250000000109367e+02 4.919337580079062230e-03 3.164923143839273867e-03
1.398750000000000000e+02 3.468007436550481909e-03 2.693069816120932311e-03
1.400249999999889212e+02 2.052872975534394875e-03 2.043982776433179646e-03
1.401750000000260741e+02 6.579820715230952702e-04 1.155963959908422366e-03
