# Radius RDF_mean RDF_std
7.500000000000896228e-02 1.743368636162608027e+03 4.349039914188752021e-01
2.249999999999577616e-01 1.508513963610899969e-02 2.047380269281540155e-01
3.750000000000000000e-01 1.692887892496677121e-02 1.676042817807814334e-01
5.249999999999700462e-01 1.795849956679643894e-02 1.465157271710907094e-01
6.750000000001169509e-01 2.318641832957484689e-02 1.468864299470706569e-01
8.249999999998777200e-01 2.308483489768180588e-02 1.319277546223620035e-01
9.750000000001839418e-01 2.572209707182692567e-02 1.307131115162641910e-01
1.125000000000000000e+00 2.871763619614818228e-02 1.266230066560427026e-01
1.274999999999773648e+00 3.224078863403716244e-02 1.248410591420821975e-01
1.424999999999764455e+00 3.753641470856323992e-02 1.303014793990466824e-01
1.575000000000282396e+00 4.800905550856984783e-02 1.393013176846205070e-01
1.725000000000170397e+00 5.112186210014879606e-02 1.354730217770137579e-01
1.875000000000000000e+00 6.013942334928962935e-02 1.413668050846701441e-01
2.025000000000070521e+00 6.841079785593684459e-02 1.442748070536275518e-01
2.174999999999594813e+00 8.143663504703699263e-02 1.533607861056956734e-01
2.325000000000426059e+00 9.329537076023394770e-02 1.592622279354465598e-01
2.474999999999678124e+00 1.147130904651656597e-01 1.703478168015853389e-01
2.625000000000000000e+00 1.348324147475115642e-01 1.807318049393426274e-01
2.775000000000444444e+00 1.574879517865756529e-01 1.900440292154076949e-01
2.924999999999512212e+00 1.936356029358528297e-01 2.057648716668279976e-01
3.075000000000499334e+00 2.259091643065961885e-01 2.183000228619389471e-01
3.224999999999414779e+00 2.737348658774545473e-01 2.313484669793122450e-01
3.375000000000000000e+00 3.315937175566733286e-01 2.502656358195852748e-01
3.525000000000659384e+00 3.957798574031657357e-01 2.649642506531474928e-01
3.674999999999857714e+00 4.824166083629151669e-01 2.874323633513257148e-01
3.825000000000022382e+00 5.855104688171796079e-01 3.083399451223534649e-01
3.974999999999250466e+00 7.157218819173852831e-01 3.323939172621953597e-01
4.125000000000000000e+00 8.877985613719758806e-01 3.667412660880651210e-01
4.275000000000798828e+00 1.103258891690829024e+00 4.018528196305236055e-01
4.425000000000374634e+00 1.408429317776624723e+00 4.469615092931953915e-01
4.574999999999541878e+00 1.858920599693776987e+00 5.075520042389646269e-01
4.724999999999138112e+00 2.354918002082406314e+00 5.502283885362203586e-01
4.875000000000000000e+00 2.670585446861011292e+00 5.738323051396118091e-01
5.025000000000897415e+00 2.693197761351831421e+00 5.708203210478119960e-01
5.175000000000743228e+00 2.493542002651513378e+00 5.476992011648329495e-01
5.324999999999196376e+00 2.194049753740901387e+00 4.966543986959934820e-01
5.474999999999057287e+00 1.891348173234458585e+00 4.605154882991412957e-01
5.625000000000000000e+00 1.609003341942397025e+00 4.183650419402853426e-01
5.775000000000969358e+00 1.375120405616490293e+00 3.877550067997584948e-01
5.925000000001017675e+00 1.204689491615021479e+00 3.511083352293467019e-01
6.074999999998936140e+00 1.064443872265383284e+00 3.245000885356632003e-01
6.224999999998995115e+00 9.578255897061792590e-01 3.116856941897485633e-01
6.375000000000000000e+00 8.775903227911407978e-01 2.940580597373194660e-01
6.525000000001025313e+00 8.214272747062077995e-01 2.805704163462972023e-01
6.675000000001229949e+00 7.768281926092542866e-01 2.658632235458012749e-01
6.824999999998733635e+00 7.502508549790030123e-01 2.612034880156196004e-01
6.974999999999387690e+00 7.329899988060125660e-01 2.565279849430618930e-01
7.125000000000000000e+00 7.292474081982026624e-01 2.546398601111991566e-01
7.275000000000346745e+00 7.408306891396155835e-01 2.543523839503528117e-01
7.425000000001398703e+00 7.462149601139183019e-01 2.488824161755253395e-01
7.574999999998571099e+00 7.780961491181573875e-01 2.528249183747269258e-01
7.725000000000012079e+00 8.119613023552246789e-01 2.549516919134272586e-01
7.875000000000000000e+00 8.605712992408791617e-01 2.629481618961928557e-01
8.024999999999771205e+00 9.239373894257190134e-01 2.651508806861233025e-01
8.175000000001539036e+00 9.922438967679908517e-01 2.721766004812448125e-01
8.324999999998437872e+00 1.069580190895747185e+00 2.850908030831055262e-01
8.475000000000525446e+00 1.153887101840925355e+00 2.953660990896039285e-01
8.625000000000000000e+00 1.236638937328592647e+00 3.022046661932732969e-01
8.774999999999291589e+00 1.306110929091666373e+00 3.024457875170789012e-01
8.925000000001652722e+00 1.373015323742215799e+00 3.147427417755554457e-01
9.074999999998325961e+00 1.425614957043140452e+00 3.158149263489445913e-01
9.225000000000957101e+00 1.475243531432224531e+00 3.166069009556193303e-01
9.375000000000000000e+00 1.500803781130218617e+00 3.164264707285442402e-01
9.524999999998890132e+00 1.520510806943561555e+00 3.205875039931715409e-01
9.675000000001750422e+00 1.514835169840835327e+00 3.182650737063604796e-01
9.824999999998231814e+00 1.489398443155979246e+00 3.122621157285469518e-01
9.975000000001321254e+00 1.450712799917481810e+00 3.079500536558409385e-01
1.012500000000000000e+01 1.401719866014199178e+00 3.004815446010554725e-01
1.027499999999854730e+01 1.339329167619088601e+00 2.906840988337894283e-01
1.042500000000183391e+01 1.281386747291164419e+00 2.791544343464435474e-01
1.057499999999815010e+01 1.221498081858260365e+00 2.697297806299655543e-01
1.072500000000163745e+01 1.169860197537680113e+00 2.605767973436169949e-01
1.087500000000000000e+01 1.114531730494040751e+00 2.543811209469326040e-01
1.102499999999824887e+01 1.062139778823001590e+00 2.456627052238391506e-01
1.117500000000190674e+01 1.033444556793372771e+00 2.370172760507554544e-01
1.132499999999808082e+01 1.002540175926611932e+00 2.381080572711566645e-01
1.147500000000190923e+01 9.873755213018811094e-01 2.313707333718077186e-01
1.162500000000000000e+01 9.662870000240980639e-01 2.291291763473947418e-01
1.177499999999798952e+01 9.711765923477727602e-01 2.266769335942311336e-01
1.192500000000196891e+01 9.710887338495697296e-01 2.244074326886947301e-01
1.207499999999801865e+01 9.852397237697785304e-01 2.280071567078720829e-01
1.222500000000215081e+01 1.003357162524555646e+00 2.286388608759795105e-01
1.237500000000000000e+01 1.025195232178853333e+00 2.274520595012123059e-01
1.252499999999776215e+01 1.049576441986963093e+00 2.292090300698430561e-01
1.267500000000202398e+01 1.082589360275787893e+00 2.313535369672509168e-01
1.282499999999796536e+01 1.119035065988638777e+00 2.346177420741361319e-01
1.297500000000236220e+01 1.147788261021565726e+00 2.400656065123318583e-01
1.312500000000000000e+01 1.171813646932850617e+00 2.388137143618869751e-01
1.327499999999756142e+01 1.201039424116460808e+00 2.429486465535504180e-01
1.342500000000173088e+01 1.224335589776950783e+00 2.400035096565301673e-01
1.357499999999841833e+01 1.241542181450540516e+00 2.426515961469584148e-01
1.372500000000255049e+01 1.246442864395342021e+00 2.446810694453838142e-01
1.387500000000000000e+01 1.254195723619548009e+00 2.401820853996725069e-01
1.402499999999738023e+01 1.250103639363107311e+00 2.384062556803250577e-01
1.417500000000102034e+01 1.242071908803455305e+00 2.388465966679682306e-01
1.432499999999911111e+01 1.229337961724033645e+00 2.383140164795521931e-01
1.447500000000271925e+01 1.212026269536699896e+00 2.360070476551215657e-01
1.462500000000000000e+01 1.192203082676976056e+00 2.273628841472432049e-01
1.477499999999721680e+01 1.165886454786257964e+00 2.278098030931383911e-01
1.492500000000038618e+01 1.146845424579800099e+00 2.275369630040025570e-01
1.507499999999973639e+01 1.123400939152877642e+00 2.221632120980224223e-01
1.522500000000287201e+01 1.099506039684075231e+00 2.170774108135428426e-01
1.537500000000000000e+01 1.078840947032589481e+00 2.145882925486846116e-01
1.552499999999706937e+01 1.058421332471497500e+00 2.107678652579895173e-01
1.567499999999980886e+01 1.040854585529952692e+00 2.056618061837841849e-01
1.582500000000029772e+01 1.028192473001538376e+00 2.035522816491127929e-01
1.597500000000300879e+01 1.016704574175691933e+00 2.000369590907152273e-01
1.612500000000000000e+01 1.007028570948291124e+00 1.993167109276945403e-01
1.627499999999693969e+01 1.005741630470202708e+00 2.017084746975151832e-01
1.642499999999928662e+01 1.007979693158385315e+00 1.973401879973306627e-01
1.657500000000081286e+01 1.009858708022804530e+00 1.980872696849986792e-01
1.672500000000313847e+01 1.013774749013087062e+00 1.964808963395171526e-01
1.687500000000000000e+01 1.018682718360159223e+00 1.953923200791903847e-01
1.702499999999681535e+01 1.028672876081587750e+00 1.983796205699548398e-01
1.717499999999880700e+01 1.037877369155899565e+00 1.959334891185721128e-01
1.732500000000128182e+01 1.051939973008437557e+00 1.966310713153280321e-01
1.747500000000325215e+01 1.061520486467881552e+00 1.970297051996971749e-01
1.762500000000000000e+01 1.074604008574322922e+00 1.987494395120456281e-01
1.777499999999670521e+01 1.083145558288145516e+00 1.981737758522545412e-01
1.792499999999837357e+01 1.088496969014727478e+00 1.999938326870759342e-01
1.807500000000171170e+01 1.095828637120509486e+00 2.004438206848747628e-01
1.822500000000335874e+01 1.098400956137602247e+00 1.981166385893715076e-01
1.837500000000000000e+01 1.097945036181519951e+00 1.972347321983842217e-01
1.852499999999660218e+01 1.099505137120926346e+00 1.988930666541715575e-01
1.867499999999797211e+01 1.092393651493468898e+00 1.951523393410850293e-01
1.882500000000210960e+01 1.090210186742533338e+00 1.936264804712998500e-01
1.897500000000345466e+01 1.079167172044212197e+00 1.935827638878111767e-01
1.912500000000000000e+01 1.067833981391538734e+00 1.904375896774486432e-01
1.927499999999650626e+01 1.060365313578297997e+00 1.908811805840299747e-01
1.942499999999759908e+01 1.048831382717550165e+00 1.894938974738232806e-01
1.957500000000247198e+01 1.038398976598747137e+00 1.872050388399899568e-01
1.972500000000354348e+01 1.032529053838073807e+00 1.864510098866695165e-01
1.987500000000000000e+01 1.020214002345881221e+00 1.801365702531787794e-01
2.002499999999642100e+01 1.013777254434024888e+00 1.805204166226329343e-01
2.017499999999725446e+01 1.005962599624658393e+00 1.781733711307928458e-01
2.032500000000281304e+01 9.976540708172594307e-01 1.765670876902303288e-01
2.047500000000362874e+01 9.979215877225245945e-01 1.757821881423472232e-01
2.062500000000000000e+01 9.911911941869792075e-01 1.729156079628992870e-01
2.077499999999633928e+01 9.879435241946959989e-01 1.773943146656760395e-01
2.092499999999693472e+01 9.890649000361598775e-01 1.743003857057203176e-01
2.107500000000312212e+01 9.915303020960645197e-01 1.746026567276507402e-01
2.122500000000370690e+01 9.916598850657440956e-01 1.711301302748389486e-01
2.137500000000000000e+01 9.951663677368062233e-01 1.743312470989247798e-01
2.152499999999626468e+01 1.000025618559828855e+00 1.730485565812374116e-01
2.167499999999663984e+01 1.002663007635651748e+00 1.722492261238583455e-01
2.182500000000341700e+01 1.009347902627969695e+00 1.727933523196947818e-01
2.197500000000377796e+01 1.009065412689565511e+00 1.715736274656128046e-01
2.212500000000000000e+01 1.016008302078928338e+00 1.721979979588575682e-01
2.227499999999619718e+01 1.017992966857645509e+00 1.705185837296692986e-01
2.242499999999636273e+01 1.021666447985844828e+00 1.709998400916483141e-01
2.257500000000369056e+01 1.024544929471466137e+00 1.722804444657315415e-01
2.272500000000384546e+01 1.025416100709960920e+00 1.700051891718122321e-01
2.287500000000000000e+01 1.026910576670987174e+00 1.706339355742491071e-01
2.302499999999612967e+01 1.025101573578196090e+00 1.686293840318082160e-01
2.317499999999610338e+01 1.021073015962499664e+00 1.678475865066896555e-01
2.332500000000394635e+01 1.019729030975024875e+00 1.684749046526668181e-01
2.347500000000390941e+01 1.016378017473900774e+00 1.654172876114393398e-01
2.362500000000000000e+01 1.013596339179168915e+00 1.657525730451752388e-01
2.377499999999606928e+01 1.005001823864125177e+00 1.645031976795399420e-01
2.392499999999586180e+01 1.004590959601665334e+00 1.635666866011399323e-01
2.407500000000418439e+01 9.976347451972986669e-01 1.638885262148313260e-01
2.422500000000396625e+01 9.953727267734678863e-01 1.626865844353775625e-01
2.437500000000000000e+01 9.915707255167419687e-01 1.625282148058194154e-01
2.452499999999600888e+01 9.866747482070995501e-01 1.596796060591486877e-01
2.467499999999563087e+01 9.830737393354601616e-01 1.597472237354965463e-01
2.482500000000441176e+01 9.798302044406059785e-01 1.567867811182654669e-01
2.497500000000402309e+01 9.769729364429741159e-01 1.580943468803749086e-01
2.512500000000000000e+01 9.744800070403935033e-01 1.558714053187643389e-01
2.527499999999595559e+01 9.768709687499970151e-01 1.568623399412306940e-01
2.542499999999541771e+01 9.777108660120408246e-01 1.549329348480583401e-01
2.557500000000462137e+01 9.751837425269748172e-01 1.550278565345808990e-01
2.572500000000407638e+01 9.766491764408140597e-01 1.542747069001886850e-01
2.587500000000000000e+01 9.773567232643021185e-01 1.538245707750031110e-01
2.602499999999590585e+01 9.802249348367103599e-01 1.527380918921409925e-01
2.617499999999521521e+01 9.817851679978923940e-01 1.548735257065238791e-01
2.632500000000482032e+01 9.815273365700425412e-01 1.543005279687305331e-01
2.647500000000383480e+01 9.829224380836286690e-01 1.548466091763087138e-01
2.662500000000000000e+01 9.886621101134639433e-01 1.564612522939154982e-01
2.677499999999647073e+01 9.845553717402781846e-01 1.528167368881174493e-01
2.692499999999502691e+01 9.860620260001798920e-01 1.519160345218409369e-01
2.707500000000501217e+01 9.891515029905587619e-01 1.504446663340217871e-01
2.722500000000308873e+01 9.863612713947631505e-01 1.499122368833322727e-01
2.737500000000000000e+01 9.896310814061816119e-01 1.503948149230678877e-01
2.752499999999719549e+01 9.885447741738030425e-01 1.513779064921902395e-01
2.767499999999484928e+01 9.881084426052116898e-01 1.524949838067858610e-01
2.782500000000518625e+01 9.862943497930266590e-01 1.505465336311219982e-01
2.797500000000238529e+01 9.823360248112031901e-01 1.501965404103662860e-01
2.812500000000000000e+01 9.806949845032126856e-01 1.477181250702563897e-01
2.827499999999788827e+01 9.766616458657850774e-01 1.466477725655678799e-01
2.842499999999467164e+01 9.760518749336082323e-01 1.468949196679625313e-01
2.857500000000536033e+01 9.751515542284523441e-01 1.466559346561428223e-01
2.872500000000171028e+01 9.721425024415810690e-01 1.451696962123043277e-01
2.887500000000000000e+01 9.728652528351100504e-01 1.450064683386345643e-01
2.902499999999854552e+01 9.716033964936465761e-01 1.436140235671135301e-01
2.917499999999451177e+01 9.681096261497860178e-01 1.454060250141154809e-01
2.932500000000552021e+01 9.659912129724265162e-01 1.443690594024464591e-01
2.947500000000107434e+01 9.665791493215366570e-01 1.423274649569458150e-01
2.962500000000000000e+01 9.649354903267328698e-01 1.459837859993055320e-01
2.977499999999917080e+01 9.636545946048036271e-01 1.428790285288120687e-01
2.992499999999435900e+01 9.641907915366451087e-01 1.423698809880280802e-01
3.007500000000566942e+01 9.636369644105534649e-01 1.417127503890665274e-01
3.022500000000047393e+01 9.668796750718340327e-01 1.413241308023893139e-01
3.037500000000000000e+01 9.651757901496769154e-01 1.405696139001728628e-01
3.052499999999976410e+01 9.677510369175174043e-01 1.407114250581198989e-01
3.067499999999420623e+01 9.659017777676925931e-01 1.415497265514293057e-01
3.082500000000581508e+01 9.663114690259281270e-01 1.423739117252878494e-01
3.097499999999989839e+01 9.698442033846108590e-01 1.389949554065058324e-01
3.112500000000000000e+01 9.699764980314787843e-01 1.387363889595531474e-01
3.127500000000032898e+01 9.706541740754192071e-01 1.382340604413999363e-01
3.142499999999406768e+01 9.702112964926737915e-01 1.389344252978907124e-01
3.157500000000595364e+01 9.708117456550737767e-01 1.391279410156332219e-01
3.172499999999935127e+01 9.703148551436359126e-01 1.383846936947318029e-01
3.187500000000000000e+01 9.713843968815372154e-01 1.395186060173475573e-01
3.202500000000086544e+01 9.702594593818300028e-01 1.374271031126019227e-01
3.217499999999394333e+01 9.703620584650478609e-01 1.367194628256927502e-01
3.232500000000609219e+01 9.678503478285783723e-01 1.363490893067448861e-01
3.247499999999882903e+01 9.672740953813526721e-01 1.355554886593285657e-01
3.262500000000000000e+01 9.672445114416088341e-01 1.346506131328148170e-01
3.277500000000137703e+01 9.679266891149744811e-01 1.348359964677861844e-01
3.292499999999381544e+01 9.637709010567013790e-01 1.360454036166436342e-01
3.307500000000621299e+01 9.637100978640286142e-01 1.346998634787122673e-01
3.322499999999832454e+01 9.613115902870807972e-01 1.351926871539464725e-01
3.337500000000000000e+01 9.629799456918912703e-01 1.339436808755652686e-01
3.352500000000186731e+01 9.602143220124952361e-01 1.325300131576978846e-01
3.367499999999368754e+01 9.597635450589850903e-01 1.337374697252415034e-01
3.382500000000633378e+01 9.624274490233374335e-01 1.343291168970008054e-01
3.397499999999784848e+01 9.584835760622155698e-01 1.335404196734703564e-01
3.412500000000000000e+01 9.583244776007813215e-01 1.337680411347499376e-01
3.427500000000233626e+01 9.586875812723313350e-01 1.335128128676424941e-01
3.442499999999357385e+01 9.587188683620515572e-01 1.298137607880378575e-01
3.457500000000644746e+01 9.600696973541098522e-01 1.318230195695624385e-01
3.472499999999739373e+01 9.602648906445190313e-01 1.313709026857979578e-01
3.487500000000000000e+01 9.595752843723630576e-01 1.299876494452009701e-01
3.502500000000278391e+01 9.585847136431527860e-01 1.313711910660173843e-01
3.517499999999346016e+01 9.601453718637782409e-01 1.305179853994068440e-01
3.532500000000656115e+01 9.621945464780885526e-01 1.313383923969657918e-01
3.547499999999695319e+01 9.598712975784452484e-01 1.292229847646585716e-01
3.562500000000000000e+01 9.635681462019615173e-01 1.308497048705636878e-01
3.577500000000321734e+01 9.641628521298676313e-01 1.295379085651647832e-01
3.592499999999336069e+01 9.646913554696994186e-01 1.285090486017530509e-01
3.607500000000666773e+01 9.610129508581701785e-01 1.286991877692652830e-01
3.622499999999653397e+01 9.623951242242556603e-01 1.291880666475841433e-01
3.637500000000000000e+01 9.626962875196606317e-01 1.277699230512589490e-01
3.652500000000362235e+01 9.627781476720634890e-01 1.284722670578631321e-01
3.667499999999325411e+01 9.618601747934518720e-01 1.291607871053146728e-01
3.682500000000676721e+01 9.606253788232651525e-01 1.277604074009914270e-01
3.697499999999613607e+01 9.621714801842117248e-01 1.273351868463293290e-01
3.712500000000000000e+01 9.597416408957991640e-01 1.287598216554406982e-01
3.727500000000402736e+01 9.617779833253546906e-01 1.263853795437799576e-01
3.742499999999315463e+01 9.615525301250598122e-01 1.258604569499049419e-01
3.757500000000686668e+01 9.619628609733910096e-01 1.262455738907215796e-01
3.772499999999575238e+01 9.601839663940039404e-01 1.268053757256135672e-01
3.787500000000000000e+01 9.623207201857816306e-01 1.267336555393038522e-01
3.802500000000440394e+01 9.618173290207797654e-01 1.258476036814533960e-01
3.817499999999306226e+01 9.595133409471596764e-01 1.248845855477928729e-01
3.832500000000695906e+01 9.574979955329073755e-01 1.247262725992079185e-01
3.847499999999537579e+01 9.612063432915571859e-01 1.262811202504166563e-01
3.862500000000000000e+01 9.621878126731260306e-01 1.247124518439702845e-01
3.877500000000476632e+01 9.614385525008924960e-01 1.249487780343704196e-01
3.892499999999297700e+01 9.616461638739943751e-01 1.248673896172797643e-01
3.907500000000705143e+01 9.638065899879710852e-01 1.251628844205721347e-01
3.922499999999502052e+01 9.604686292976510886e-01 1.225485781118528378e-01
3.937500000000000000e+01 9.631231114781998448e-01 1.220082713180643680e-01
3.952500000000512159e+01 9.650784077698993935e-01 1.256036990561042732e-01
3.967499999999288463e+01 9.644302699617657293e-01 1.238005896565139846e-01
3.982500000000712959e+01 9.644167457377575969e-01 1.226528845212167956e-01
3.997499999999467946e+01 9.648687390326573521e-01 1.235189782132638942e-01
4.012500000000000000e+01 9.637634112438187017e-01 1.212730595919991050e-01
4.027500000000545555e+01 9.635574418590237000e-01 1.219929819938592314e-01
4.042499999999279936e+01 9.653774136824020413e-01 1.213020598707507253e-01
4.057500000000721485e+01 9.637743591851334335e-01 1.209869864251056637e-01
4.072499999999434550e+01 9.665848751980073983e-01 1.208196378947611893e-01
4.087500000000000000e+01 9.668328944757620391e-01 1.235683762071342340e-01
4.102500000000578240e+01 9.667650178553448548e-01 1.209222766133778298e-01
4.117499999999272120e+01 9.659557436689953924e-01 1.198430136520828027e-01
4.132500000000730012e+01 9.644739846534258199e-01 1.204162076765261102e-01
4.147499999999402576e+01 9.656853524014795687e-01 1.213409534871687651e-01
4.162500000000000000e+01 9.654806472147205998e-01 1.224203999763796707e-01
4.177500000000609504e+01 9.655346990248890870e-01 1.205377441509369874e-01
4.192499999999264304e+01 9.670845844294169158e-01 1.191575685141645635e-01
4.207500000000737828e+01 9.646347753818356185e-01 1.193348375063697508e-01
4.222499999999372022e+01 9.675820534564395503e-01 1.189553818974733029e-01
4.237500000000000000e+01 9.647132209529133418e-01 1.197704057956451157e-01
4.252500000000640057e+01 9.649375259414310069e-01 1.192194701915493260e-01
4.267499999999256488e+01 9.689661514591654257e-01 1.187173274036445320e-01
4.282500000000744933e+01 9.661343580196025682e-01 1.182335645807820607e-01
4.297499999999342180e+01 9.679528885295831664e-01 1.188060118178382724e-01
4.312500000000000000e+01 9.668466805671350750e-01 1.175366001321254128e-01
4.327500000000669900e+01 9.699936509341106072e-01 1.175436776195685762e-01
4.342499999999249383e+01 9.671062467170568056e-01 1.173398494155551280e-01
4.357500000000752038e+01 9.699061064829849199e-01 1.165998418814085807e-01
4.372499999999313758e+01 9.691217527744611093e-01 1.183336657947430259e-01
4.387500000000000000e+01 9.691464433967095227e-01 1.165762212093197497e-01
4.402500000000697611e+01 9.688697198425342272e-01 1.176753794068044756e-01
4.417499999999242277e+01 9.680442295515863105e-01 1.167646546710908589e-01
4.432500000000759144e+01 9.688947807903084408e-01 1.177167605393760891e-01
4.447499999999286047e+01 9.702879397196034761e-01 1.167625015585221082e-01
4.462500000000000000e+01 9.704604144724454651e-01 1.169340724931529629e-01
4.477500000000724611e+01 9.705250454885768763e-01 1.175832842925688820e-01
4.492499999999235882e+01 9.713713440640173724e-01 1.175992275270176940e-01
4.507500000000766249e+01 9.709207510880784042e-01 1.175277173089250699e-01
4.522499999999259757e+01 9.731680140593323980e-01 1.166317840927384303e-01
4.537500000000000000e+01 9.729180894123544698e-01 1.161977833679647548e-01
4.552500000000750902e+01 9.715984161123251139e-01 1.160916350554849347e-01
4.567499999999228777e+01 9.713029947306769385e-01 1.165863795886000615e-01
4.582500000000772644e+01 9.738021373278136217e-01 1.163638122744644621e-01
4.597499999999233466e+01 9.728506900180290407e-01 1.156980942527003758e-01
4.612500000000000000e+01 9.744305225593475894e-01 1.156712491307827217e-01
4.627500000000776481e+01 9.722974216781403722e-01 1.136196873720465017e-01
4.642499999999223093e+01 9.752701180895817501e-01 1.152024707779851082e-01
4.657500000000779039e+01 9.748430731402989435e-01 1.138712871593454551e-01
4.672499999999207887e+01 9.728838900522576161e-01 1.139547441582701298e-01
4.687500000000000000e+01 9.727233262688272930e-01 1.142758263061209451e-01
4.702500000000801350e+01 9.741236271449917883e-01 1.154574043746891682e-01
4.717499999999216698e+01 9.761425712913948116e-01 1.151115578947734114e-01
4.732500000000784723e+01 9.743050479183771317e-01 1.136905434000000104e-01
4.747499999999183729e+01 9.758181497731122089e-01 1.134733339150640202e-01
4.762500000000000000e+01 9.754832601277282356e-01 1.133725327437196256e-01
4.777500000000825509e+01 9.727783726880107062e-01 1.146531750922149540e-01
4.792499999999211013e+01 9.747751780561680901e-01 1.126364885701186813e-01
4.807500000000790408e+01 9.762457024515309723e-01 1.143363052235402549e-01
4.822499999999160281e+01 9.749426430449358305e-01 1.147909889376940579e-01
4.837500000000000000e+01 9.742336592846057020e-01 1.126459544300480037e-01
4.852500000000848956e+01 9.769952989569216095e-01 1.131234782615318651e-01
4.867499999999204618e+01 9.767660197250933596e-01 1.123185068554481275e-01
4.882500000000796092e+01 9.764557590261012665e-01 1.129922636435504585e-01
4.897499999999137543e+01 9.773807508335574656e-01 1.126601272140146937e-01
4.912500000000000000e+01 9.779648685108573991e-01 1.128791018087261094e-01
4.927500000000870983e+01 9.777481855162637459e-01 1.126130793084178100e-01
4.942499999999198934e+01 9.777197605475091979e-01 1.114977063741879881e-01
4.957500000000802487e+01 9.774734336271686530e-01 1.112378730863996523e-01
4.972499999999115516e+01 9.778353355122342272e-01 1.129662525154433439e-01
4.987500000000000000e+01 9.774628578597639450e-01 1.122307157466230082e-01
5.002500000000893010e+01 9.786707361771191938e-01 1.118001995003366361e-01
5.017499999999193960e+01 9.793778245712941866e-01 1.091844839257219563e-01
5.032500000000807461e+01 9.784370445993627596e-01 1.104648848172017361e-01
5.047499999999094200e+01 9.796785793245856855e-01 1.104701294308655102e-01
5.062500000000000000e+01 9.778237175137025616e-01 1.104677051072046473e-01
5.077500000000914326e+01 9.802023171625727782e-01 1.108183224978302600e-01
5.092499999999188276e+01 9.775866607481081827e-01 1.103404340004386225e-01
5.107500000000812435e+01 9.784924507428718332e-01 1.104529284946126760e-01
5.122499999999072884e+01 9.800911175534910980e-01 1.099718525755724596e-01
5.137500000000000000e+01 9.795577631735570279e-01 1.105497293197929276e-01
5.152500000000934932e+01 9.810622880131371071e-01 1.106561142090346644e-01
5.167499999999183302e+01 9.789224161295499993e-01 1.110525788318369317e-01
5.182500000000818119e+01 9.795783688351615837e-01 1.103731253023584880e-01
5.197499999999052989e+01 9.796186161334733411e-01 1.098935548913272248e-01
5.212500000000000000e+01 9.807499228694543936e-01 1.086554237973314518e-01
5.227500000000954827e+01 9.815428785274520340e-01 1.088686753376217897e-01
5.242499999999178328e+01 9.810987799529067299e-01 1.088132049978061677e-01
5.257500000000806040e+01 9.818862155869320096e-01 1.089063539088473143e-01
5.272499999999033804e+01 9.802253161791018021e-01 1.086724154187526381e-01
5.287500000000000000e+01 9.825180872260227405e-01 1.088036070901119146e-01
5.302500000000974723e+01 9.823737853456123714e-01 1.080279625437045449e-01
5.317499999999255778e+01 9.832019309277639785e-01 1.083777669270351435e-01
5.332500000000729301e+01 9.812283369538795652e-01 1.080075637456926196e-01
5.347499999999015330e+01 9.813897707256903358e-01 1.081688061377887311e-01
5.362500000000000000e+01 9.845778783474575802e-01 1.078311475684740200e-01
5.377500000000993197e+01 9.824603362355436298e-01 1.082992890283613341e-01
5.392499999999331095e+01 9.838024067086447166e-01 1.069548293465678729e-01
5.407500000000654694e+01 9.834318458888264836e-01 1.069648318314111168e-01
5.422499999998996145e+01 9.842479834774199299e-01 1.078623107724045460e-01
5.437500000000000000e+01 9.858213888908081701e-01 1.061913809779940487e-01
5.452500000001011671e+01 9.842644379443957758e-01 1.074338033075470100e-01
5.467499999999403570e+01 9.866994172911869310e-01 1.070403171349160881e-01
5.482500000000581508e+01 9.852712550198593489e-01 1.061113625181799996e-01
5.497499999998977671e+01 9.863650762064208877e-01 1.059871488886361957e-01
5.512500000000000000e+01 9.860607333248719852e-01 1.067515645977958061e-01
5.527500000001029434e+01 9.857660021322296462e-01 1.056126180783503316e-01
5.542499999999475335e+01 9.856407057096809865e-01 1.056032849041702304e-01
5.557500000000510454e+01 9.884102881049054989e-01 1.066845301235334609e-01
5.572499999998960618e+01 9.844559419456129223e-01 1.054799795653598438e-01
5.587500000000000000e+01 9.850652428239157210e-01 1.064587152529212905e-01
5.602500000001046487e+01 9.849846749590490669e-01 1.060065939760065773e-01
5.617499999999544258e+01 9.880050359487805300e-01 1.056390638746096122e-01
5.632500000000441531e+01 9.866504878240501819e-01 1.047043377028355898e-01
5.647499999998942855e+01 9.880877758240058650e-01 1.054247467391116189e-01
5.662500000000000000e+01 9.874938869076685943e-01 1.044079700226644980e-01
5.677500000001062830e+01 9.865588326878979020e-01 1.045845211937509178e-01
5.692499999999611759e+01 9.864016237066407511e-01 1.054460414796300760e-01
5.707500000000374030e+01 9.867859625869932483e-01 1.046787179729450623e-01
5.722499999998926512e+01 9.905029657702176804e-01 1.046720891196790543e-01
5.737500000000000000e+01 9.898426044144779112e-01 1.042885632541761393e-01
5.752500000001079172e+01 9.889256359882033776e-01 1.030820639563720387e-01
5.767499999999677129e+01 9.893680701261909904e-01 1.037215108447327588e-01
5.782500000000310081e+01 9.884755686501068839e-01 1.037324503910505430e-01
5.797499999998910170e+01 9.893917442231116022e-01 1.038758845634879385e-01
5.812500000000000000e+01 9.924118665810033324e-01 1.037927966996630702e-01
5.827500000001095515e+01 9.905487711505872594e-01 1.039297771555188765e-01
5.842499999999741078e+01 9.911524138316364363e-01 1.032861846552409896e-01
5.857500000000246132e+01 9.895510366801522073e-01 1.029933973679868497e-01
5.872499999998893827e+01 9.911645295091258134e-01 1.034874758816892309e-01
5.887500000000000000e+01 9.931797578042611541e-01 1.025128510860246062e-01
5.902500000001111857e+01 9.933456897144423703e-01 1.035144738817176530e-01
5.917499999999803606e+01 9.947843392225778070e-01 1.034799750783915034e-01
5.932500000000184315e+01 9.914861123365751316e-01 1.022457480110186834e-01
5.947499999998878906e+01 9.921063251221615698e-01 1.035423470366413495e-01
5.962500000000000000e+01 9.933242929232445340e-01 1.041776667746172613e-01
5.977500000001126779e+01 9.936928270376089722e-01 1.023465753630051350e-01
5.992499999999864002e+01 9.947717126577801938e-01 1.023813791206652501e-01
6.007500000000123919e+01 9.918160197994793092e-01 1.020095890010553619e-01
6.022499999998863984e+01 9.947811526700774953e-01 1.007141526586618624e-01
6.037500000000000000e+01 9.955671623612344368e-01 1.021114169997125176e-01
6.052500000001142411e+01 9.934414975598834241e-01 1.009875313055717955e-01
6.067499999999923688e+01 9.969193018397555228e-01 1.017440148536291195e-01
6.082500000000064944e+01 9.965523493639507624e-01 1.018947571854066647e-01
6.097499999998849773e+01 9.958810463417775427e-01 1.014807738811691201e-01
6.112500000000000000e+01 9.960449315802927250e-01 1.015263713997470729e-01
6.127500000001155911e+01 9.966532035225174058e-01 1.026995169978811434e-01
6.142499999999980531e+01 9.972492951746404488e-01 1.005634655060205773e-01
6.157500000000007390e+01 9.981262604375344960e-01 1.011708290088337570e-01
6.172499999998834852e+01 9.974979848929139692e-01 1.009840987577397403e-01
6.187500000000000000e+01 9.982410843603560791e-01 1.006129390399990997e-01
6.202500000001170122e+01 9.979216099945624752e-01 9.944732156558817870e-02
6.217500000000037375e+01 9.974196873470847491e-01 9.981518263032188032e-02
6.232499999999951967e+01 9.963907183111607724e-01 1.000835805252230370e-01
6.247499999998820641e+01 9.963023432216259190e-01 9.960961907955093175e-02
6.262500000000000000e+01 9.983441763366295296e-01 9.964718500460280348e-02
6.277500000001184333e+01 9.977238863346631348e-01 1.002382144376226941e-01
6.292500000000092086e+01 9.978766928457063479e-01 1.006905775537065562e-01
6.307499999999897256e+01 9.997597071437214211e-01 9.902871084815317859e-02
6.322499999998807851e+01 1.000725139086599880e+00 9.969573004218512668e-02
6.337500000000000000e+01 9.999940056567414581e-01 9.868893350248175711e-02
6.352500000001197833e+01 1.001668707242216794e+00 9.844864725694142671e-02
6.367500000000146798e+01 1.001060211250450749e+00 1.011563368473181457e-01
6.382499999999843254e+01 1.000604264738757632e+00 9.904414405752437478e-02
6.397499999998793641e+01 1.001073013698464909e+00 9.797075700040511204e-02
6.412500000000000000e+01 1.002538384319219045e+00 9.881848635552806237e-02
6.427500000001211333e+01 1.001144370847960152e+00 9.991571088873625606e-02
6.442500000000200089e+01 1.003112028840872361e+00 9.893369126033658978e-02
6.457499999999791385e+01 1.003121878024431757e+00 9.901807987885018203e-02
6.472499999998781561e+01 1.003376399928941565e+00 9.926782195459642189e-02
6.487500000000000000e+01 1.000977008031219695e+00 9.869231277490528309e-02
6.502500000001224123e+01 1.003697295692190350e+00 9.921944750347111430e-02
6.517500000000251248e+01 1.004106897477727856e+00 9.914330725188100213e-02
6.532499999999740226e+01 1.002989554649573067e+00 9.744944946119861451e-02
6.547499999998768772e+01 1.005006869063349573e+00 9.799637124444125769e-02
6.562500000000000000e+01 1.004908788639115036e+00 9.849193751848028811e-02
6.577500000001236913e+01 1.005132237969604381e+00 9.873296220162533499e-02
6.592500000000300986e+01 1.004573812839615554e+00 9.819914987301676945e-02
6.607499999999690488e+01 1.006528308009105199e+00 9.725714363350261571e-02
6.622499999998755982e+01 1.005464324416890376e+00 9.839369991240309865e-02
6.637500000000000000e+01 1.006528243516634724e+00 9.733673002602313828e-02
6.652500000001249703e+01 1.005365127003281511e+00 9.766652409194885587e-02
6.667500000000349303e+01 1.006705407841700595e+00 9.796137093927942407e-02
6.682499999999640750e+01 1.006181071138087857e+00 9.788945979537595765e-02
6.697499999998743192e+01 1.005622482337632739e+00 9.645945342384575072e-02
6.712500000000000000e+01 1.007550615687931694e+00 9.780692832127287073e-02
6.727500000001261071e+01 1.007312861944141824e+00 9.638128646875061822e-02
6.742500000000397620e+01 1.006684634811557011e+00 9.626737841471615098e-02
6.757499999999593854e+01 1.006869355574932623e+00 9.528229409904628855e-02
6.772499999998731823e+01 1.006583645641178304e+00 9.629928810213259083e-02
6.787500000000000000e+01 1.008653184085011922e+00 9.568514081636542157e-02
6.802500000001272440e+01 1.005736959399548214e+00 9.656680095107249284e-02
6.817500000000444516e+01 1.006379432624986858e+00 9.557165370485225242e-02
6.832499999999546958e+01 1.006059589792817510e+00 9.502214461355523722e-02
6.847499999998720455e+01 1.006926186290943770e+00 9.578239415146236335e-02
6.862500000000000000e+01 1.007809144545239066e+00 9.495253557025624958e-02
6.877500000001283809e+01 1.007622622258535383e+00 9.560461049333379702e-02
6.892500000000489990e+01 1.008021458701794382e+00 9.618063463917418676e-02
6.907499999999501483e+01 1.006857089943016259e+00 9.527023076735435803e-02
6.922499999998709086e+01 1.009013701351667569e+00 9.473222776168799264e-02
6.937500000000000000e+01 1.007423677503847648e+00 9.527774598248915650e-02
6.952500000001295177e+01 1.006838596474873393e+00 9.526653306500287854e-02
6.967500000000535465e+01 1.006559144721806076e+00 9.503140899115339324e-02
6.982499999999456008e+01 1.007638358149388402e+00 9.478591901978571099e-02
6.997499999998697717e+01 1.008754264030041758e+00 9.434324930331831893e-02
7.012500000000000000e+01 1.009066770942231406e+00 9.560798994016134200e-02
7.027500000001306546e+01 1.008500526373277140e+00 9.459759683959735599e-02
7.042500000000579519e+01 1.008327611633323295e+00 9.387548490853118988e-02
7.057499999999413376e+01 1.007817891009517686e+00 9.505589574207290449e-02
7.072499999998686349e+01 1.008019531367860822e+00 9.451166238583956491e-02
7.087500000000000000e+01 1.008834011145904208e+00 9.455243470582844201e-02
7.102500000001316494e+01 1.009425578969412207e+00 9.362007245476987316e-02
7.117500000000620730e+01 1.008082427298285788e+00 9.431209566703777081e-02
7.132499999999369322e+01 1.008762093219613742e+00 9.416099881239944902e-02
7.147499999998676401e+01 1.007812905279819482e+00 9.445043952970262613e-02
7.162500000000000000e+01 1.007379306516272166e+00 9.453799952028300868e-02
7.177500000001327862e+01 1.007506228953170879e+00 9.364249211674247064e-02
7.192500000000663363e+01 1.010108360645836312e+00 9.406185229581615070e-02
7.207499999999328111e+01 1.008211967535122655e+00 9.295203920593236857e-02
7.222499999998666453e+01 1.009076093460595125e+00 9.336973553027376471e-02
7.237500000000000000e+01 1.010099907882585857e+00 9.302995934198117489e-02
7.252500000001337810e+01 1.007596501388832388e+00 9.416809582404633838e-02
7.267500000000704574e+01 1.007932433102750380e+00 9.405038844218280292e-02
7.282499999999286899e+01 1.008960044645253351e+00 9.362940337927662393e-02
7.297499999998655085e+01 1.009368449968077952e+00 9.253516639520244225e-02
7.312500000000000000e+01 1.008685267698741006e+00 9.322787186781203439e-02
7.327500000001347757e+01 1.008813780857653164e+00 9.302954536397917140e-02
7.342500000000745786e+01 1.007929073432245692e+00 9.264172881682607164e-02
7.357499999999247109e+01 1.009709956336433789e+00 9.330597458309550229e-02
7.372499999998646558e+01 1.008651398897027374e+00 9.316929207736297791e-02
7.387500000000000000e+01 1.008436054306838692e+00 9.131020165649686438e-02
7.402500000001359126e+01 1.007970248356648391e+00 9.306312636725212750e-02
7.417500000000785576e+01 1.008720628403921626e+00 9.257814158579906472e-02
7.432499999999207319e+01 1.009725064684298346e+00 9.240391131268817226e-02
7.447499999998635190e+01 1.009327838737436922e+00 9.231264331068132767e-02
7.462500000000000000e+01 1.009648985437062496e+00 9.148677948876805799e-02
7.477500000001367653e+01 1.010106699635714644e+00 9.120902640491300450e-02
7.492500000000823945e+01 1.010342788764508226e+00 9.182936052402596028e-02
7.507499999999168949e+01 1.009115300506129298e+00 9.255877813540072663e-02
7.522499999998626663e+01 1.007911089761092116e+00 9.177202786759301734e-02
7.537500000000000000e+01 1.008775559158366697e+00 9.199438011821887973e-02
7.552500000001377600e+01 1.009017409903627094e+00 9.121066124843320300e-02
7.567500000000862315e+01 1.010049021670792690e+00 9.158553350709487673e-02
7.582499999999130580e+01 1.008757992949476545e+00 9.084440723323360112e-02
7.597499999998616715e+01 1.010069810149247571e+00 9.121306866242499811e-02
7.612500000000000000e+01 1.008555115418270365e+00 9.129763869480843341e-02
7.627500000001386127e+01 1.008737337793911948e+00 9.136461873787933563e-02
7.642500000000899263e+01 1.009364605730133313e+00 9.146454784773079549e-02
7.657499999999093632e+01 1.009852338264742855e+00 9.038317133415939286e-02
7.672499999998608189e+01 1.008793931722727244e+00 9.145741979222286877e-02
7.687500000000000000e+01 1.009894091479503375e+00 9.061823748168865156e-02
7.702500000001396074e+01 1.007146462683383481e+00 9.102928077368613313e-02
7.717500000000934790e+01 1.007234007925232433e+00 8.986675014550360441e-02
7.732499999999058105e+01 1.008863217496890785e+00 9.133385044617481352e-02
7.747499999998598241e+01 1.009842764875314325e+00 9.095957852293874712e-02
7.762500000000000000e+01 1.007592590100164553e+00 8.965610102028111206e-02
7.777500000001404601e+01 1.007576771220295431e+00 9.075308219282092470e-02
7.792500000000971738e+01 1.008577336411716541e+00 8.969296574490794038e-02
7.807499999999021156e+01 1.006662169360740045e+00 9.052221901124110626e-02
7.822499999998589715e+01 1.008802442041030201e+00 8.975507931074361290e-02
7.837500000000000000e+01 1.007507685412527554e+00 8.976452977405632860e-02
7.852500000001413127e+01 1.008514344898463255e+00 8.934592774883841348e-02
7.867500000001005844e+01 1.008278046484937240e+00 8.872057449839171328e-02
7.882499999998987050e+01 1.006370507753663324e+00 8.932410479630008282e-02
7.897499999998581188e+01 1.009164324744787455e+00 9.082597739064311726e-02
7.912500000000000000e+01 1.007628544104239410e+00 8.821579900147999420e-02
7.927500000001423075e+01 1.007620885208029060e+00 8.998733058015030706e-02
7.942500000001041371e+01 1.006566269628477617e+00 8.925971284554806706e-02
7.957499999998951523e+01 1.007878952724845067e+00 8.977517542300007813e-02
7.972499999998572662e+01 1.006224698286170227e+00 8.899514351895455866e-02
7.987500000000000000e+01 1.007993437202686415e+00 8.904835108379512143e-02
8.002500000001430180e+01 1.007110187183619443e+00 8.894318305003420799e-02
8.017500000001075477e+01 1.007033026811703591e+00 8.934247119087769529e-02
8.032499999998918838e+01 1.006185386774063106e+00 8.897796718329809007e-02
8.047499999998564135e+01 1.005855616525331619e+00 8.842432814444607658e-02
8.062500000000000000e+01 1.005060876248472956e+00 8.780754718633734801e-02
8.077500000001438707e+01 1.007429138827373505e+00 8.868303108879191377e-02
8.092500000001108162e+01 1.007602977668158317e+00 8.768929440847313128e-02
8.107499999998886153e+01 1.006004688825510529e+00 8.898588808735354017e-02
8.122499999998557030e+01 1.005963068528378912e+00 8.794312665878345481e-02
8.137500000000000000e+01 1.005600279699408128e+00 8.788677497760413737e-02
8.152500000001447233e+01 1.006586511870112499e+00 8.842460881032170039e-02
8.167500000001139426e+01 1.005212693725452633e+00 8.767577611072197019e-02
8.182499999998853468e+01 1.005404815016924358e+00 8.747292405322633357e-02
8.197499999998548503e+01 1.006303948159117612e+00 8.760307195656040491e-02
8.212500000000000000e+01 1.006024212094441372e+00 8.706264191021681476e-02
8.227500000001455760e+01 1.006171021343984284e+00 8.708984604300711030e-02
8.242500000001172111e+01 1.004122622720749369e+00 8.729357100198539832e-02
8.257499999998822204e+01 1.005188818138052165e+00 8.718371760739268561e-02
8.272499999998539977e+01 1.003306908278861709e+00 8.635945054705641832e-02
8.287500000000000000e+01 1.005418110105797513e+00 8.806327064949338868e-02
8.302500000001462865e+01 1.005410248348632685e+00 8.752270628469835390e-02
8.317500000001203375e+01 1.002034292146454453e+00 8.669940250512520041e-02
8.332499999998789519e+01 1.004330246712167751e+00 8.803781930245820064e-02
8.347499999998531450e+01 1.003278497224005417e+00 8.670948352471115339e-02
8.362500000000000000e+01 1.003955503163270091e+00 8.755335144491385724e-02
8.377500000001469971e+01 1.003439389584467545e+00 8.576748429593754330e-02
8.392500000001234639e+01 1.005113522167635720e+00 8.715737445369413361e-02
8.407499999998758256e+01 1.003474283985780202e+00 8.734763922522437163e-02
8.422499999998524345e+01 1.003755818211969908e+00 8.660219813024103153e-02
8.437500000000000000e+01 1.002758025520591900e+00 8.667505546270291850e-02
8.452500000001478497e+01 1.002815257403804283e+00 8.658467044177174665e-02
8.467500000001264482e+01 1.004320525244816631e+00 8.719174795219500340e-02
8.482499999998728413e+01 1.002698665049101656e+00 8.678690796052455914e-02
8.497499999998517239e+01 1.001379144508510510e+00 8.627670780259436012e-02
8.512500000000000000e+01 1.002771920224756919e+00 8.618946736039170831e-02
8.527500000001485603e+01 1.001120803115224112e+00 8.589071417777036088e-02
8.542500000001294325e+01 1.002958708123972809e+00 8.660538935085686230e-02
8.557499999998699991e+01 1.001916810064394703e+00 8.626361127080955926e-02
8.572499999998510134e+01 1.001437267067689652e+00 8.629437327157639392e-02
8.587500000000000000e+01 1.001391971747885412e+00 8.596415356349601522e-02
8.602500000001494129e+01 1.002714623859112919e+00 8.563805400754288810e-02
8.617500000001324167e+01 1.000298949853496655e+00 8.511464620734573994e-02
8.632499999998670148e+01 1.000326496017340805e+00 8.611661418211306873e-02
8.647499999998503029e+01 1.001989369388357476e+00 8.491967579750110684e-02
8.662500000000000000e+01 1.000482885583040771e+00 8.486092189802778296e-02
8.677500000001501235e+01 1.001834791860333640e+00 8.493594120761616129e-02
8.692500000001352589e+01 1.001053973413210452e+00 8.522014971803300309e-02
8.707499999998641727e+01 1.001150722588247666e+00 8.516065190619581671e-02
8.722499999998494502e+01 1.000135245891452973e+00 8.426141779955056976e-02
8.737500000000000000e+01 9.999584416525014730e-01 8.568137089592066380e-02
8.752500000001508340e+01 9.999215615777813371e-01 8.426443227267411962e-02
8.767500000001381011e+01 9.989549803937476380e-01 8.558925503046103944e-02
8.782499999998613305e+01 9.990451844544440130e-01 8.463827894700223786e-02
8.797499999998487397e+01 9.999059848482437785e-01 8.404577011035001266e-02
8.812500000000000000e+01 9.984935948358346636e-01 8.357875169266812398e-02
8.827500000001514024e+01 9.995610328917935439e-01 8.451535483946714944e-02
8.842500000001409433e+01 9.993837480496085002e-01 8.556745158675753415e-02
8.857499999998586304e+01 9.990871375845649105e-01 8.341629466153804850e-02
8.872499999998480291e+01 9.990231840470351621e-01 8.417690103896424691e-02
8.887500000000000000e+01 9.982147369613690868e-01 8.360180350383243641e-02
8.902500000001521130e+01 1.000046054208314272e+00 8.382296077264758671e-02
8.917500000001436433e+01 9.985866226679981361e-01 8.463369661353985218e-02
8.932499999998557882e+01 9.978631991112658639e-01 8.432028547474076929e-02
8.947499999998473186e+01 9.987881209332908350e-01 8.367340302254955287e-02
8.962500000000000000e+01 9.984384749947150528e-01 8.452406847799587286e-02
8.977500000001528235e+01 9.966827232284932725e-01 8.327650448709324194e-02
8.992500000001462013e+01 9.989470053357855095e-01 8.377532841401812147e-02
9.007499999998532303e+01 9.984348575056024577e-01 8.342278461462022954e-02
9.022499999998467501e+01 9.983584220905725726e-01 8.348895919993630510e-02
9.037500000000000000e+01 9.969886323014816032e-01 8.260632471456640091e-02
9.052500000001533920e+01 9.975827976314423085e-01 8.486605775912609007e-02
9.067500000001489013e+01 9.981569742870111117e-01 8.415117510493168307e-02
9.082499999998505302e+01 9.972462076009852572e-01 8.376791867710292605e-02
9.097499999998460396e+01 9.980940245467404548e-01 8.319973601437540001e-02
9.112500000000000000e+01 9.979623444396945597e-01 8.255642283642344870e-02
9.127500000001541025e+01 9.979681346036048950e-01 8.279917885105061992e-02
9.142500000001514593e+01 9.956281534918646203e-01 8.247302731598676884e-02
9.157499999998479723e+01 9.974593861244472892e-01 8.150644886485269858e-02
9.172499999998454712e+01 9.971034720226165105e-01 8.373834604204223597e-02
9.187500000000000000e+01 9.956698418486324975e-01 8.190742683956388215e-02
9.202500000001548131e+01 9.968288411889918432e-01 8.237130136313609852e-02
9.217500000001541594e+01 9.945868092654868153e-01 8.334224366608886103e-02
9.232499999998454143e+01 9.970522974406411665e-01 8.238816056405977306e-02
9.247499999998447606e+01 9.961820030255816860e-01 8.259505699573894966e-02
9.262500000000000000e+01 9.955330345736637110e-01 8.288500008855750889e-02
9.277500000001553815e+01 9.945928086110265021e-01 8.109161215804225331e-02
9.292500000001565752e+01 9.941791540028636076e-01 8.128829250187837030e-02
9.307499999998428564e+01 9.954118949218498935e-01 8.139983443971826604e-02
9.322499999998441922e+01 9.947568805226300048e-01 8.253283230345173638e-02
9.337500000000000000e+01 9.938690436023885910e-01 8.153147537716083637e-02
9.352500000001559499e+01 9.942959227486245499e-01 8.220028067091410262e-02
9.367500000001591332e+01 9.951602605739268137e-01 8.230263363029606538e-02
9.382499999998402984e+01 9.923701295974101111e-01 8.175834572788572008e-02
9.397499999998436238e+01 9.942634663138563145e-01 8.283733176891740213e-02
9.412500000000000000e+01 9.946342411729555133e-01 8.078861717742404081e-02
9.427500000001566605e+01 9.943624543720323006e-01 8.079979262128517137e-02
9.442500000001615490e+01 9.940895340979379879e-01 8.180540678251167763e-02
9.457499999998380247e+01 9.939045424321643063e-01 8.157648113289230063e-02
9.472499999998429132e+01 9.935515950141278196e-01 8.135060198517359009e-02
9.487500000000000000e+01 9.929493383927971983e-01 8.062001678700222995e-02
9.502500000001572289e+01 9.935316644313303414e-01 8.020859214319210617e-02
9.517500000001639648e+01 9.922966812879314702e-01 8.027466956359767536e-02
9.532499999998356088e+01 9.919557385892782131e-01 8.152534323442163500e-02
9.547499999998423448e+01 9.928825080549739113e-01 8.107727396965572209e-02
9.562500000000000000e+01 9.906657688242664905e-01 8.074118340863498111e-02
9.577500000001577973e+01 9.915870617187245717e-01 8.073217060298876202e-02
9.592500000001662386e+01 9.914275889198512770e-01 8.060168623486256567e-02
9.607499999998331930e+01 9.907805616008193983e-01 7.987338147614404804e-02
9.622499999998417763e+01 9.914439231558843657e-01 8.117684488128654174e-02
9.637500000000000000e+01 9.910225854533567524e-01 7.975961392697199226e-02
9.652500000001585079e+01 9.915409016630312156e-01 8.075665307697230122e-02
9.667500000001686544e+01 9.909490772879920861e-01 8.089486264815441696e-02
9.682499999998309193e+01 9.907310542885655602e-01 7.897444680141148254e-02
9.697499999998412079e+01 9.884927611280405202e-01 8.078052983107308904e-02
9.712500000000000000e+01 9.912075730445636390e-01 8.075573265643010146e-02
9.727500000001590763e+01 9.906470516081410382e-01 8.051375355044416982e-02
9.742500000001709282e+01 9.907301907431750321e-01 8.074984966329190605e-02
9.757499999998287876e+01 9.905360817758122050e-01 8.028880266200892624e-02
9.772499999998406395e+01 9.894897122425769798e-01 8.054853533749185834e-02
9.787500000000000000e+01 9.916748597616105165e-01 8.146934540378499012e-02
9.802500000001595026e+01 9.898572902512403626e-01 8.103397942228852957e-02
9.817500000001732019e+01 9.905799521653576578e-01 8.022704388144433207e-02
9.832499999998263718e+01 9.902494739311826777e-01 7.994852522458995026e-02
9.847499999998402131e+01 9.903246728131201992e-01 7.892359117106455269e-02
9.862500000000000000e+01 9.902613465737813980e-01 8.066644838242871540e-02
9.877500000001600711e+01 9.886919895393192492e-01 7.951797490459963647e-02
9.892500000001753335e+01 9.892228677093843903e-01 8.054111882498654618e-02
9.907499999998242401e+01 9.892198634931035350e-01 7.968759505779197949e-02
9.922499999998395026e+01 9.898642611837420446e-01 7.934150155000406490e-02
9.937500000000000000e+01 9.906123411253596744e-01 8.002082031077477342e-02
9.952500000001606395e+01 9.901032815621257921e-01 7.932625684067527716e-02
9.967500000001776073e+01 9.891568586973989996e-01 7.957661161238359371e-02
9.982499999998221085e+01 9.905713169739899238e-01 7.938893237226267441e-02
9.997499999998389342e+01 9.900136852256885556e-01 7.993533740768930806e-02
1.001250000000000000e+02 9.887897846847663041e-01 7.984584113064566169e-02
1.002750000000161208e+02 9.901953103374259157e-01 7.973651310476514986e-02
1.004250000000179597e+02 9.913744472083039216e-01 7.920106505379044537e-02
1.005749999999819835e+02 9.885522361586415174e-01 8.008996117801381320e-02
1.007249999999838508e+02 9.911930186042394730e-01 7.944102339030885418e-02
1.008750000000000000e+02 9.903914455764680769e-01 7.924934030809398233e-02
1.010250000000161776e+02 9.901497174044205929e-01 8.025607865772738103e-02
1.011750000000181871e+02 9.876094678024253115e-01 7.930358222636835208e-02
1.013249999999817845e+02 9.695251128993497280e-01 7.856278489497785233e-02
1.014749999999837939e+02 9.506908461726684134e-01 7.685991008609859010e-02
1.016250000000000000e+02 9.368867494048579436e-01 7.684999754498723912e-02
1.017750000000162345e+02 9.279386556138430331e-01 7.554519573886532557e-02
1.019250000000184002e+02 9.196539258975895414e-01 7.533543252385814515e-02
1.020749999999815714e+02 9.127728704945025084e-01 7.584944780454223878e-02
1.022249999999837513e+02 9.036941847548242146e-01 7.536461702442837085e-02
1.023750000000000000e+02 8.976505356284854020e-01 7.386220557040279466e-02
1.025250000000162771e+02 8.907117133662804109e-01 7.459235022572333063e-02
1.026750000000185992e+02 8.864897823994462023e-01 7.372929511600470609e-02
1.028249999999813582e+02 8.808913436838530231e-01 7.363075552144394964e-02
1.029749999999836945e+02 8.761509407028905683e-01 7.373213357830707415e-02
1.031250000000000000e+02 8.701724137704682782e-01 7.362413478446414028e-02
1.032750000000163340e+02 8.657887845979985730e-01 7.331604474907350844e-02
1.034250000000187981e+02 8.619186425078788627e-01 7.284161473328380765e-02
1.035749999999811592e+02 8.568860573481277276e-01 7.267847429654697433e-02
1.037249999999836376e+02 8.535399125510149121e-01 7.244139587689261972e-02
1.038750000000000000e+02 8.493671836964924449e-01 7.212382530061570152e-02
1.040250000000163766e+02 8.454560345562376344e-01 7.117418029624614229e-02
1.041750000000189971e+02 8.414885726049747827e-01 7.254361028531143563e-02
1.043249999999809603e+02 8.359780959160889591e-01 7.099449262001376881e-02
1.044749999999835950e+02 8.345389951787293148e-01 7.057662509156284458e-02
1.046250000000000000e+02 8.305333593059767150e-01 7.037393766260503780e-02
1.047750000000164334e+02 8.271114993417454375e-01 7.109061058510171560e-02
1.049250000000191818e+02 8.224462219284908171e-01 7.045495521649838833e-02
1.050749999999807613e+02 8.203281945537879150e-01 7.000370616157085280e-02
1.052249999999839503e+02 8.165221590204900792e-01 6.927694592080720082e-02
1.053750000000000000e+02 8.140362467003127156e-01 6.914455654391038486e-02
1.055250000000157229e+02 8.106889607758394067e-01 6.978847497550491608e-02
1.056750000000193808e+02 8.080000965818924241e-01 6.898907141883912908e-02
1.058249999999805766e+02 8.043275525773090351e-01 6.972892786379172869e-02
1.059749999999847319e+02 8.024115185301371467e-01 6.903214184943533283e-02
1.061250000000000000e+02 7.988312891872041410e-01 6.831579642086077486e-02
1.062750000000149555e+02 7.964197874009445455e-01 6.809168809035140435e-02
1.064250000000195797e+02 7.925586604398994206e-01 6.919354849176262423e-02
1.065749999999803919e+02 7.909919920687313866e-01 6.810349548915481388e-02
1.067249999999854850e+02 7.890351369468280307e-01 6.809920377981545925e-02
1.068750000000000000e+02 7.844031483788203030e-01 6.834246928156403889e-02
1.070250000000141881e+02 7.833906936301187063e-01 6.787321800949402961e-02
1.071750000000197645e+02 7.812972793407164662e-01 6.745901291431034841e-02
1.073249999999802071e+02 7.784887830937422537e-01 6.797023580257911812e-02
1.074749999999862524e+02 7.754834353641322231e-01 6.743373703298287392e-02
1.076250000000000000e+02 7.736235445415324818e-01 6.720020967083588370e-02
1.077750000000134492e+02 7.718143207347430979e-01 6.790204620230341770e-02
1.079250000000199492e+02 7.680981303110386849e-01 6.746970125364944171e-02
1.080749999999800224e+02 7.662620497508757511e-01 6.705793731446073325e-02
1.082249999999869914e+02 7.633955308227097225e-01 6.628868033530055381e-02
1.083750000000000000e+02 7.617531536546139348e-01 6.651635201532563046e-02
1.085250000000127244e+02 7.600568201036947968e-01 6.641207650547653607e-02
1.086750000000201481e+02 7.567971985557583325e-01 6.592368653731403572e-02
1.088249999999798376e+02 7.543626782812050680e-01 6.568150234066739979e-02
1.089749999999877161e+02 7.537038484831655172e-01 6.622210393765055880e-02
1.091250000000000000e+02 7.515573235590017331e-01 6.505824847458903382e-02
1.092750000000119854e+02 7.483974409882060419e-01 6.490739706146744781e-02
1.094250000000203045e+02 7.475501776629182027e-01 6.672697945842749612e-02
1.095749999999796529e+02 7.442983115939331151e-01 6.503419239300138599e-02
1.097249999999884409e+02 7.423447968456006185e-01 6.504552401613632184e-02
1.098750000000000000e+02 7.404715553757629243e-01 6.591803372470064759e-02
1.100250000000112749e+02 7.389598984139432725e-01 6.497846864555181789e-02
1.101750000000204892e+02 7.381694750889100654e-01 6.536254320879837654e-02
1.103249999999794682e+02 7.337663053135532465e-01 6.475595096648488480e-02
1.104749999999891372e+02 7.326448480565889154e-01 6.421066658754429057e-02
1.106250000000000000e+02 7.317644988384199856e-01 6.423063422292248081e-02
1.107750000000105643e+02 7.289357811208492244e-01 6.324848054075106474e-02
1.109250000000206740e+02 7.279987979448370172e-01 6.399105864498680352e-02
1.110749999999792976e+02 7.256009884386042108e-01 6.383677375980713331e-02
1.112249999999898620e+02 7.241782509194006900e-01 6.465194070440351271e-02
1.113750000000000000e+02 7.218321146976032221e-01 6.344209820314904158e-02
1.115250000000098822e+02 7.197656323101856435e-01 6.445802176220238877e-02
1.116750000000208445e+02 7.174863207515550512e-01 6.396115695815311752e-02
1.118249999999791129e+02 7.168414737565174111e-01 6.362373972985997661e-02
1.119749999999905299e+02 7.141663455789679649e-01 6.339394794930000576e-02
1.121250000000000000e+02 7.127361299820588192e-01 6.326553390254553710e-02
1.122750000000091859e+02 7.110790865811685846e-01 6.241292444028565672e-02
1.124250000000210008e+02 7.099458517135698310e-01 6.187218380544729640e-02
1.125749999999789566e+02 7.091573388227390140e-01 6.249763399460550595e-02
1.127249999999912120e+02 7.053900285797399805e-01 6.312359439071765776e-02
1.128750000000000000e+02 7.047355143643735387e-01 6.274748147674638621e-02
1.130250000000085180e+02 7.025206140908332175e-01 6.205210455606699482e-02
1.131750000000211855e+02 7.004843071184905234e-01 6.211455760418675698e-02
1.133249999999787860e+02 6.995266220778131316e-01 6.225580102563459811e-02
1.134749999999919083e+02 6.976829999491771517e-01 6.266053327860196531e-02
1.136250000000000000e+02 6.963902312717337173e-01 6.199423311445544094e-02
1.137750000000078359e+02 6.939694582498475706e-01 6.115198549438915360e-02
1.139250000000213561e+02 6.922237450222694655e-01 6.228218241935529892e-02
1.140749999999786297e+02 6.924871423706624451e-01 6.173576679223741204e-02
1.142249999999925620e+02 6.899951894006860487e-01 6.132345936127807373e-02
1.143750000000000000e+02 6.877834484581227814e-01 6.111552376115016172e-02
1.145250000000071680e+02 6.863639745040449602e-01 6.132576584334833991e-02
1.146750000000215124e+02 6.853642310605166932e-01 6.117604437238868126e-02
1.148249999999784308e+02 6.825771146187981087e-01 6.087638434454961667e-02
1.149749999999932157e+02 6.827744999833443851e-01 6.121918524195948258e-02
1.151250000000000000e+02 6.797850924900654679e-01 6.093394133467636142e-02
1.152750000000065285e+02 6.779337870644674968e-01 5.989231199872294825e-02
1.154250000000216829e+02 6.771186721110892259e-01 6.079488973165430438e-02
1.155749999999783029e+02 6.760854162219629426e-01 6.087471033436464563e-02
1.157249999999938694e+02 6.742944444450726937e-01 6.053039043642084033e-02
1.158750000000000000e+02 6.729746042775028858e-01 6.072917889654520091e-02
1.160250000000058748e+02 6.720633941803046962e-01 6.035862585033248406e-02
1.161750000000218392e+02 6.709375820507391674e-01 6.070200776820811051e-02
1.163249999999781323e+02 6.684643701977041053e-01 6.017161243224190825e-02
1.164749999999945089e+02 6.675009698308260742e-01 6.023794676361333283e-02
1.166250000000000000e+02 6.656518622365018567e-01 6.030052340723499049e-02
1.167750000000052495e+02 6.648797093949737613e-01 5.951332702101281430e-02
1.169250000000220098e+02 6.629166817103208098e-01 5.961389703468607942e-02
1.170749999999779760e+02 6.608475508898028483e-01 5.968199141628777876e-02
1.172249999999951484e+02 6.607611801602031321e-01 5.951085118931110501e-02
1.173750000000000000e+02 6.596982714112582524e-01 5.977006705894347821e-02
1.175250000000046242e+02 6.580267763624555455e-01 5.933453867951399285e-02
1.176750000000221377e+02 6.568375965752412116e-01 5.863105665508419606e-02
1.178249999999778055e+02 6.542873912168597483e-01 5.974391501346056760e-02
1.179749999999957453e+02 6.532402504914534003e-01 5.879130456474885441e-02
1.181250000000000000e+02 6.528071563119288712e-01 5.900201137140224927e-02
1.182750000000039989e+02 6.512729772023818642e-01 5.906655538503481628e-02
1.184250000000223082e+02 6.493892012276603065e-01 5.796056997803940986e-02
1.185749999999776634e+02 6.471110377950958226e-01 5.887810937226177488e-02
1.187249999999963705e+02 6.470118778710828300e-01 5.867747970817993597e-02
1.188750000000000000e+02 6.462483337547380025e-01 5.786912514667218871e-02
1.190250000000033879e+02 6.451329003861261402e-01 5.831257136368830918e-02
1.191750000000224645e+02 6.427497308388896435e-01 5.812600255256588494e-02
1.193249999999775071e+02 6.428461829111490333e-01 5.775124688537370404e-02
1.194749999999969816e+02 6.398626547930068575e-01 5.770593371647693426e-02
1.196250000000000000e+02 6.387324498920827764e-01 5.798507313500178562e-02
1.197750000000027910e+02 6.386394044211901599e-01 5.783623146362099066e-02
1.199250000000226066e+02 6.377132454506300174e-01 5.772517487952502635e-02
1.200749999999773650e+02 6.351886523916046023e-01 5.770037602180639463e-02
1.202249999999975927e+02 6.344970547089034962e-01 5.711736885646911260e-02
1.203750000000000000e+02 6.339220553562014970e-01 5.740390451694216828e-02
1.205250000000021799e+02 6.318116032428561235e-01 5.788753921618509241e-02
1.206750000000227772e+02 6.314715913884261234e-01 5.694394083876179458e-02
1.208249999999772086e+02 6.293506938729082067e-01 5.728312973533544045e-02
1.209749999999981753e+02 6.294255548931562139e-01 5.646065590246526072e-02
1.211250000000000000e+02 6.270737388259568501e-01 5.679369064146195384e-02
1.212750000000015973e+02 6.259622901527741590e-01 5.707430106765539607e-02
1.214250000000229193e+02 6.255674165898122974e-01 5.709559094075353225e-02
1.215749999999770665e+02 6.245582827872868670e-01 5.666786305830027320e-02
1.217249999999987580e+02 6.232165140155552230e-01 5.644920787355722086e-02
1.218750000000000000e+02 6.211462253877123585e-01 5.686254164260539506e-02
1.220250000000010147e+02 6.211718065463170957e-01 5.600433818730504026e-02
1.221750000000230472e+02 6.194774687480896214e-01 5.622853242926160316e-02
1.223249999999769244e+02 6.196376026493704003e-01 5.627737506741657680e-02
1.224749999999993406e+02 6.180873461679610159e-01 5.605067069313080658e-02
1.226250000000000000e+02 6.162000186912941491e-01 5.646187613762047863e-02
1.227750000000004320e+02 6.149690161428219559e-01 5.556479754412407823e-02
1.229250000000231893e+02 6.134843322197539583e-01 5.590852876964677587e-02
1.230749999999767681e+02 6.125926183143572956e-01 5.565232385324744152e-02
1.232249999999999233e+02 6.107323909401717321e-01 5.614266061018808457e-02
1.233750000000000000e+02 6.102430612652445241e-01 5.557491944739303968e-02
1.235249999999998494e+02 6.086812626941506821e-01 5.608013207192288907e-02
1.236750000000233314e+02 6.092201896683527851e-01 5.567432913512809084e-02
1.238249999999766402e+02 6.078410774068119249e-01 5.552457148275691257e-02
1.239750000000004775e+02 6.065048480172963163e-01 5.603212364107339194e-02
1.241250000000000000e+02 6.054093416558458118e-01 5.506676590216864203e-02
1.242749999999992951e+02 6.045309269480877434e-01 5.506219982415710978e-02
1.244250000000234735e+02 6.037859722284256714e-01 5.530773135297938070e-02
1.245749999999764839e+02 6.024681250977277358e-01 5.483877786778871416e-02
1.247250000000010317e+02 6.015253604165377022e-01 5.507645000906691984e-02
1.248750000000000000e+02 5.996974698721488917e-01 5.479119119662231169e-02
1.250249999999987551e+02 5.986280715484104675e-01 5.449138816057180063e-02
1.251750000000236156e+02 5.974251576078675185e-01 5.440892157218905900e-02
1.253249999999763702e+02 5.964648564256659347e-01 5.466758743820996497e-02
1.254750000000015859e+02 5.957107315574473594e-01 5.408426346208723007e-02
1.256250000000000000e+02 5.950279543310261765e-01 5.336199337174334784e-02
1.257749999999982009e+02 5.945262121900523056e-01 5.355814185116132553e-02
1.259250000000237577e+02 5.930523339609274913e-01 5.481243708208455995e-02
1.260749999999762281e+02 5.915410817408731647e-01 5.403626332543162714e-02
1.262250000000021259e+02 5.914550914149488969e-01 5.423397364301688062e-02
1.263750000000000000e+02 5.897682810037853107e-01 5.414685939540552634e-02
1.265249999999976609e+02 5.861997034942753038e-01 5.383331432135519262e-02
1.266750000000238856e+02 5.624814007931134840e-01 5.278227848505756548e-02
1.268249999999760860e+02 5.473187805465723477e-01 5.196531419908765465e-02
1.269750000000026660e+02 5.368362314664072432e-01 5.102403009457322919e-02
1.271250000000000000e+02 5.269925052954952394e-01 5.129256954199922641e-02
1.272749999999971209e+02 5.180900487791441078e-01 5.110757001532741095e-02
1.274250000000240277e+02 5.107228860811166005e-01 5.064472178876962272e-02
1.275749999999759439e+02 5.041199636144081397e-01 4.992551888344023969e-02
1.277250000000031918e+02 4.986461949747429401e-01 4.998748527758847815e-02
1.278750000000000000e+02 4.915091413948005639e-01 4.956550109567980228e-02
1.280249999999965951e+02 4.841467702993123567e-01 4.921936058309356321e-02
1.281750000000241414e+02 4.794889260851871171e-01 4.862391471923876302e-02
1.283249999999758018e+02 4.738897822194825249e-01 4.853074276043847085e-02
1.284750000000037176e+02 4.688863943265785261e-01 4.736276228409524308e-02
1.286250000000000000e+02 4.635355061517042463e-01 4.719073695415353792e-02
1.287749999999960835e+02 4.588345389084695913e-01 4.709130791150524520e-02
1.289250000000242835e+02 4.545954753497115641e-01 4.728931180737777629e-02
1.290749999999756881e+02 4.498252484634563397e-01 4.637301666552894053e-02
1.292250000000042292e+02 4.451234907463618717e-01 4.626996357028565626e-02
1.293750000000000000e+02 4.407970110093921146e-01 4.540338341530193722e-02
1.295249999999955719e+02 4.369925131567832244e-01 4.591731414939423384e-02
1.296750000000243972e+02 4.322041311666050545e-01 4.589853677172878177e-02
1.298249999999755460e+02 4.273609698103912335e-01 4.520027549006744999e-02
1.299750000000047692e+02 4.239662197709583302e-01 4.511730989056962626e-02
1.301250000000000000e+02 4.202353763143641396e-01 4.544770324875310047e-02
1.302749999999950319e+02 4.157488800574578591e-01 4.545766060318955776e-02
1.304250000000245393e+02 4.134529211286517292e-01 4.446293116513517357e-02
1.305749999999754323e+02 4.086851127032510300e-01 4.446952597279074659e-02
1.307250000000052523e+02 4.046287956610380987e-01 4.433917889804025320e-02
1.308750000000000000e+02 4.012214904246866332e-01 4.404878657535540865e-02
1.310249999999945487e+02 3.979774145726681644e-01 4.409190578948128658e-02
1.311750000000246530e+02 3.947972997122595196e-01 4.298624661874625441e-02
1.313249999999753186e+02 3.900038428080149222e-01 4.298319360414273871e-02
1.314750000000057639e+02 3.880118402028459035e-01 4.325118723308360447e-02
1.316250000000000000e+02 3.829853835154740649e-01 4.252737626515533387e-02
1.317749999999940655e+02 3.799312569971345921e-01 4.219283568159045567e-02
1.319250000000247951e+02 3.762527885891932544e-01 4.267258980416740316e-02
1.320749999999751765e+02 3.732917694771995532e-01 4.231749461135643486e-02
1.322250000000062471e+02 3.695626283436830306e-01 4.174415434467545344e-02
1.323750000000000000e+02 3.669981335172524672e-01 4.132050619645198652e-02
1.325249999999935540e+02 3.634216263022274074e-01 4.169089202480173034e-02
1.326750000000249088e+02 3.596300700246548576e-01 4.077440396576424708e-02
1.328249999999750628e+02 3.567636943583832876e-01 4.112040331476670557e-02
1.329750000000067303e+02 3.538995312882166067e-01 4.067393878378309374e-02
1.331250000000000000e+02 3.512977270732420831e-01 4.021340377884845274e-02
1.332749999999930424e+02 3.476745977715477998e-01 3.997529419133463713e-02
1.334250000000250225e+02 3.449245301674858655e-01 4.003451656890606031e-02
1.335749999999749491e+02 3.410771811491408179e-01 3.955902792846582167e-02
1.337250000000072134e+02 3.398593500387976363e-01 3.948820325148241772e-02
1.338750000000000000e+02 3.368596660832620659e-01 3.977486562047838348e-02
1.340249999999925876e+02 3.323795680090355642e-01 3.891426612590800221e-02
1.341750000000251362e+02 3.300962278654706039e-01 3.892281115848391509e-02
1.343249999999748354e+02 3.275957203778681603e-01 3.906382550035145118e-02
1.344750000000077250e+02 3.259514746079665293e-01 3.867822657379957341e-02
1.346250000000000000e+02 3.222458488654409980e-01 3.886683482931066469e-02
1.347749999999921044e+02 3.193380326343441267e-01 3.823291264618844387e-02
1.349250000000252783e+02 3.174867066604979415e-01 3.817265996051384669e-02
1.350749999999746933e+02 3.145250218132060738e-01 3.792297200902490506e-02
1.352250000000081798e+02 3.116224317489560414e-01 3.791782247227136471e-02
1.353750000000000000e+02 3.081640055007591750e-01 3.762498776825504848e-02
1.355249999999916213e+02 3.067181865617255587e-01 3.748486146338644853e-02
1.356750000000253920e+02 3.030652826082364526e-01 3.728707628700407561e-02
1.358249999999746080e+02 3.011576582203296382e-01 3.706587223996723329e-02
1.359750000000086345e+02 2.983066255068032580e-01 3.666572280084222368e-02
1.361250000000000000e+02 2.955117442911696091e-01 3.661141570790773375e-02
1.362749999999911665e+02 2.928037318728216598e-01 3.653867279206035601e-02
1.364250000000255056e+02 2.906029459164510276e-01 3.689015408469069335e-02
1.365749999999744659e+02 2.883209327795627219e-01 3.628006882091466129e-02
1.367250000000091177e+02 2.859110687129162720e-01 3.609276067059560833e-02
1.368750000000000000e+02 2.830908989793670671e-01 3.567016959257995889e-02
1.370249999999907118e+02 2.803750676300169609e-01 3.557682358219229485e-02
1.371750000000256193e+02 2.783497392414099325e-01 3.538661503828845895e-02
1.373249999999743522e+02 2.763887951278236610e-01 3.555100781884857480e-02
1.374750000000095724e+02 2.734546182881197329e-01 3.506503975171824938e-02
1.376250000000000000e+02 2.709634524754923612e-01 3.474104680753252461e-02
1.377749999999902286e+02 2.685032590138703434e-01 3.489618710221160242e-02
1.379250000000257330e+02 2.666084927331394128e-01 3.475779561422040476e-02
1.380749999999742386e+02 2.641825024485544016e-01 3.474038420848028774e-02
1.382250000000100272e+02 2.614180032634905171e-01 3.443405711583678863e-02
1.383750000000000000e+02 2.596133907745165614e-01 3.401916384379082003e-02
1.385249999999898023e+02 2.575154848257810714e-01 3.441637020797973234e-02
1.386750000000258467e+02 2.552462554905645109e-01 3.382155009370348131e-02
1.388249999999741249e+02 2.524675917920779500e-01 3.366622991351769789e-02
1.389750000000104535e+02 2.504153984188035587e-01 3.313685689713651711e-02
1.391250000000000000e+02 2.475986902285631508e-01 3.310542431156168752e-02
1.392749999999893475e+02 2.455733105238366298e-01 3.329062682355841268e-02
1.394250000000259604e+02 2.439756032074003878e-01 3.292540156712450011e-02
1.395749999999740112e+02 2.408038255220381896e-01 3.263799581091188229e-02
1.397250000000109367e+02 2.390450768369664358e-01 3.267125526331338126e-02
1.398750000000000000e+02 2.370456464105538397e-01 3.278235680879235808e-02
1.400249999999889212e+02 2.348296496058120686e-01 3.231414972464277668e-02
1.401750000000260741e+02 2.328564968922865186e-01 3.200320841390949522e-02
1.403249999999738975e+02 2.303513991360275071e-01 3.153051404690550286e-02
1.404750000000113346e+02 2.285496645188497267e-01 3.146882994719811533e-02
1.406250000000000000e+02 2.264974493220976159e-01 3.145789103624957450e-02
1.407749999999884665e+02 2.245161346551510506e-01 3.136583594351605858e-02
1.409250000000261593e+02 2.228258258258813962e-01 3.101541871427096475e-02
1.410749999999738122e+02 2.199308032965323900e-01 3.125068023152502428e-02
1.412250000000117893e+02 2.184412248173911442e-01 3.101644616361731374e-02
1.413750000000000000e+02 2.162741308907802640e-01 3.080262340844033483e-02
1.415249999999880401e+02 2.145042369347947286e-01 3.049886835302701923e-02
1.416750000000263014e+02 2.119417309770818270e-01 3.022532940328864423e-02
1.418249999999736986e+02 2.104722220549183342e-01 3.018715268826286866e-02
1.419750000000122441e+02 2.075895665384685784e-01 3.012130595723627388e-02
1.421250000000000000e+02 2.066279372847512619e-01 3.002344960619500111e-02
1.422749999999876138e+02 2.041185591720764692e-01 2.994347725342209887e-02
1.424250000000264151e+02 2.018677834049761866e-01 2.939347822280293648e-02
1.425749999999735849e+02 2.002918415878910396e-01 2.967539484378385606e-02
1.427250000000126420e+02 1.984008099084221821e-01 2.948424462891034367e-02
1.428750000000000000e+02 1.966444075889072496e-01 2.939733614006344656e-02
1.430249999999871875e+02 1.941213039696383924e-01 2.930382687356812912e-02
1.431750000000265004e+02 1.930451842868730894e-01 2.870541681070584716e-02
1.433249999999734712e+02 1.907148799293975350e-01 2.864004659235454275e-02
1.434750000000130683e+02 1.888770406450591688e-01 2.860595587264747747e-02
1.436250000000000000e+02 1.867822121296838223e-01 2.873071303747302269e-02
1.437749999999867612e+02 1.855892737008349724e-01 2.829274435154625900e-02
1.439250000000266141e+02 1.835415429166202261e-01 2.849934453194085879e-02
1.440749999999733575e+02 1.811748043282103149e-01 2.809438060755320085e-02
1.442250000000134946e+02 1.795961399613259513e-01 2.773274045732896514e-02
1.443750000000000000e+02 1.781356903332368125e-01 2.745066925268050545e-02
1.445249999999863348e+02 1.759415419744984610e-01 2.762841527887735515e-02
1.446750000000266994e+02 1.737953889111297501e-01 2.744918672964414066e-02
1.448249999999732722e+02 1.722204918286993347e-01 2.677765424031040842e-02
1.449750000000139210e+02 1.710113063438479519e-01 2.724599445963195657e-02
1.451250000000000000e+02 1.688214660895336339e-01 2.715039737797088695e-02
1.452749999999859369e+02 1.669022341463357317e-01 2.670340884191900813e-02
1.454250000000268130e+02 1.652959945686088561e-01 2.682151470618212435e-02
1.455749999999731870e+02 1.634137106811017481e-01 2.652348833203361372e-02
1.457250000000142904e+02 1.615974125129194250e-01 2.597954703628175752e-02
1.458750000000000000e+02 1.600110621247124443e-01 2.620830987653210639e-02
1.460249999999855390e+02 1.577650958656162949e-01 2.619225276778992459e-02
1.461750000000269267e+02 1.564323218310446351e-01 2.604870164265240401e-02
1.463249999999730733e+02 1.544845790890996273e-01 2.563839109092063209e-02
1.464750000000146883e+02 1.529128690473228191e-01 2.545522615116016171e-02
1.466250000000000000e+02 1.511107458774255119e-01 2.562511604975872478e-02
1.467749999999851411e+02 1.502094664140537494e-01 2.519514488245746739e-02
1.469250000000270120e+02 1.477823477606297620e-01 2.503065413441257422e-02
1.470749999999729596e+02 1.459516534315172809e-01 2.505337776866508118e-02
1.472250000000150862e+02 1.441370704694100446e-01 2.459242403713831834e-02
1.473750000000000000e+02 1.426571416868321340e-01 2.468652376536203605e-02
1.475249999999847432e+02 1.407533086212923168e-01 2.405831312272860983e-02
1.476750000000270973e+02 1.387797093694022044e-01 2.389543789772461194e-02
1.478249999999728743e+02 1.374798006883818646e-01 2.414330446778765668e-02
1.479750000000154841e+02 1.354417355028805225e-01 2.363012867092676578e-02
1.481250000000000000e+02 1.339496749308278223e-01 2.397199116675965622e-02
1.482749999999843453e+02 1.319519452978523688e-01 2.356085222188369563e-02
1.484250000000272109e+02 1.305379951465344968e-01 2.330326285484604285e-02
1.485749999999727606e+02 1.286636595700544061e-01 2.352369345895420974e-02
1.487250000000158821e+02 1.271523351677710523e-01 2.301629285396883037e-02
1.488750000000000000e+02 1.253700496608989023e-01 2.283847080739224988e-02
1.490249999999839474e+02 1.236719107241545795e-01 2.264011901241113831e-02
1.491750000000273246e+02 1.222679177108898646e-01 2.272324829049212833e-02
1.493249999999726754e+02 1.205561021195136195e-01 2.257869862829649243e-02
1.494750000000162800e+02 1.190491433215829231e-01 2.257533317802490336e-02
1.496250000000000000e+02 1.169352471324488774e-01 2.202965127783066204e-02
1.497749999999835779e+02 1.154685059660718327e-01 2.177696656271944226e-02
1.499250000000274099e+02 1.137879520092017899e-01 2.194959519936030140e-02
1.500749999999725617e+02 1.122447805990534897e-01 2.127729871469019596e-02
1.502250000000166494e+02 1.108846046508663030e-01 2.168556761859933776e-02
1.503750000000000000e+02 1.092796941502706121e-01 2.152930752512285592e-02
1.505249999999831800e+02 1.074654390635361861e-01 2.118852908221370568e-02
1.506750000000274952e+02 1.059764223216372314e-01 2.089587477641343879e-02
1.508249999999724764e+02 1.043799313325868838e-01 2.083207645632661684e-02
1.509750000000170473e+02 1.029681306408415653e-01 2.061568792111159384e-02
1.511250000000000000e+02 1.014106518349456171e-01 2.062931212301220146e-02
1.512749999999828106e+02 9.972454826205649769e-02 2.043563423583052985e-02
1.514250000000275804e+02 9.813933091643776974e-02 2.041182291729022255e-02
1.515749999999723912e+02 9.680149613431114630e-02 1.996912768527064896e-02
1.517250000000174168e+02 9.502759723480357079e-02 1.975280153900497646e-02
1.518750000000000000e+02 9.353531519554944551e-02 1.967929442948597105e-02
1.520249999999824411e+02 9.175366875855310578e-02 1.944152651118685737e-02
1.521750000000276941e+02 9.077518504208072214e-02 1.922877927164401771e-02
1.523249999999722775e+02 8.874475658566466363e-02 1.913952111831172115e-02
1.524750000000177863e+02 8.737789085173019998e-02 1.914820306099989169e-02
1.526250000000000000e+02 8.574643758596339760e-02 1.882499940222096685e-02
1.527749999999820716e+02 8.417866675519407316e-02 1.854494434060347668e-02
1.529250000000277794e+02 8.271179349767866784e-02 1.855290442008835500e-02
1.530749999999721922e+02 8.110982872610170147e-02 1.842466444270387735e-02
1.532250000000181558e+02 7.983958033871527138e-02 1.805084445681782307e-02
1.533750000000000000e+02 7.812594227351626897e-02 1.783852382533224548e-02
1.535249999999817021e+02 7.676979288350715969e-02 1.788056196378854171e-02
1.536750000000278646e+02 7.556803397018832524e-02 1.756500138050996057e-02
1.538249999999721069e+02 7.386153125581894352e-02 1.728571667756106586e-02
1.539750000000185253e+02 7.192199753929431894e-02 1.713308210792038877e-02
1.541250000000000000e+02 7.101271369818921986e-02 1.695981173848873369e-02
1.542749999999813326e+02 6.965907293316958571e-02 1.677690789982730010e-02
1.544250000000279783e+02 6.787539489821164951e-02 1.661522221833852328e-02
1.545749999999720217e+02 6.649611528095381030e-02 1.628607294559952443e-02
1.547250000000188948e+02 6.496026576536233221e-02 1.627299898899659328e-02
1.548750000000000000e+02 6.388599249280917103e-02 1.624828046569537499e-02
1.550249999999809631e+02 6.236577685552375377e-02 1.605633687544096369e-02
1.551750000000280636e+02 6.094287857662714081e-02 1.573331618328886392e-02
1.553249999999719080e+02 5.937583476921872577e-02 1.539514303200835432e-02
1.554750000000192358e+02 5.786881754279693535e-02 1.547495540456548038e-02
1.556250000000000000e+02 5.639984348608193671e-02 1.499331086499538536e-02
1.557749999999806221e+02 5.509832524446993396e-02 1.488062740764380804e-02
1.559250000000281489e+02 5.368523132001786630e-02 1.468681359495378758e-02
1.560749999999718511e+02 5.225069029172090679e-02 1.459602166960878925e-02
1.562250000000196053e+02 5.097822858944991292e-02 1.445364267718520640e-02
1.563750000000000000e+02 4.998675860074921345e-02 1.426428011330872075e-02
1.565249999999802810e+02 4.842134663262708666e-02 1.404909010343584168e-02
1.566750000000282341e+02 4.681440121314871250e-02 1.363533747619728211e-02
1.568249999999717659e+02 4.535722095592668174e-02 1.359612236251413371e-02
1.569750000000199748e+02 4.420874069500403680e-02 1.333549880995002490e-02
1.571250000000000000e+02 4.301965000283155399e-02 1.325174865813630136e-02
1.572749999999799115e+02 4.154188323570570662e-02 1.291053218191954427e-02
1.574250000000283194e+02 4.019310125848921111e-02 1.272042630830743856e-02
1.575749999999716522e+02 3.868453982361539506e-02 1.254002632203230286e-02
1.577250000000202874e+02 3.734263472132986345e-02 1.225643972672050067e-02
1.578750000000000000e+02 3.620075195810245478e-02 1.220663332533329128e-02
1.580249999999795705e+02 3.461237280847195841e-02 1.170136764243339712e-02
1.581750000000284047e+02 3.336278788178741184e-02 1.156151323348527001e-02
1.583249999999715669e+02 3.209532380339053664e-02 1.129912056848731208e-02
1.584750000000206569e+02 3.067557631950445715e-02 1.099503058059816962e-02
1.586250000000000000e+02 2.926089142181414679e-02 1.076120023131552951e-02
1.587749999999792294e+02 2.815211830374088342e-02 1.056659273291686400e-02
1.589250000000284899e+02 2.676700659200698801e-02 1.017554149852470911e-02
1.590749999999715101e+02 2.552754286056000549e-02 9.923932231526693543e-03
1.592250000000209980e+02 2.422014817536729051e-02 9.778372683221816380e-03
1.593750000000000000e+02 2.273419279277110253e-02 9.579322255466806921e-03
1.595249999999788884e+02 2.168602101112207178e-02 9.301494464147486499e-03
1.596750000000285752e+02 2.029105194985828323e-02 8.998608734408075974e-03
1.598249999999713964e+02 1.898050196197915637e-02 8.662658706160033389e-03
1.599750000000213390e+02 1.781621234566119552e-02 8.364804339294214242e-03
1.601250000000000000e+02 1.630082210951619773e-02 7.959394955265985949e-03
1.602749999999785473e+02 1.531377366116584010e-02 7.702052798125423420e-03
1.604250000000286605e+02 1.405195919819809264e-02 7.401170684580599124e-03
1.605749999999713395e+02 1.254942074663052340e-02 6.919782034261425484e-03
1.607250000000216517e+02 1.138913572930998555e-02 6.642606105034889324e-03
1.608750000000000000e+02 1.015404542871894966e-02 6.274628317721094202e-03
1.610249999999782062e+02 8.848652652563139195e-03 5.843143523636860730e-03
1.611750000000287457e+02 7.549979405279834931e-03 5.332966471634744028e-03
1.613249999999712543e+02 6.309046596609822755e-03 4.926119042087572647e-03
1.614750000000219927e+02 5.102338090264989592e-03 4.441085553652457212e-03
1.616250000000000000e+02 3.885424854456481433e-03 3.868059117274049059e-03
1.617749999999778652e+02 2.582183022242347335e-03 3.187426074381597384e-03
1.619250000000288310e+02 1.351226675757666480e-03 2.308804017810527597e-03
1.620749999999711406e+02 2.315242008009931710e-04 9.463124941885496088e-04
