# Radius RDF_mean RDF_std
7.500000000000896228e-02 5.002868514644791542e-01 1.157805415138037253e+00
2.249999999999577616e-01 4.865616379977486528e-01 6.678937076085226243e-01
3.750000000000000000e-01 5.023306325186869259e-01 5.172831346883481896e-01
5.249999999999700462e-01 5.010915711908436876e-01 4.428332737138522823e-01
6.750000000001169509e-01 5.130578055612821098e-01 3.899507281813192061e-01
8.249999999998777200e-01 5.321729979389874243e-01 3.527119519797149994e-01
9.750000000001839418e-01 5.370969472812120449e-01 3.302789090518272186e-01
1.125000000000000000e+00 5.535774122980822165e-01 3.131358847108342558e-01
1.274999999999773648e+00 5.666351058030725252e-01 3.009258441852371568e-01
1.424999999999764455e+00 5.887565377106666054e-01 2.885308163710668117e-01
1.575000000000282396e+00 5.972317582130963753e-01 2.745095737932468638e-01
1.725000000000170397e+00 6.164024623616626286e-01 2.658312708362579602e-01
1.875000000000000000e+00 6.339240590647465812e-01 2.586074749183165933e-01
2.025000000000070521e+00 6.574967427161553246e-01 2.556058939542377173e-01
2.174999999999594813e+00 6.860829024133583420e-01 2.470169949305986989e-01
2.325000000000426059e+00 7.006222534024021398e-01 2.456551115460177126e-01
2.474999999999678124e+00 7.247278573887979691e-01 2.421039548179122758e-01
2.625000000000000000e+00 7.429941844296616971e-01 2.343091363580398767e-01
2.775000000000444444e+00 7.702553553519785323e-01 2.367150505035274521e-01
2.924999999999512212e+00 7.872327349699561605e-01 2.313710832334689160e-01
3.075000000000499334e+00 8.135817482412196489e-01 2.282108772841064948e-01
3.224999999999414779e+00 8.248016162685503083e-01 2.268836195110512932e-01
3.375000000000000000e+00 8.507671506071706746e-01 2.234019821837640030e-01
3.525000000000659384e+00 8.686744361002636250e-01 2.185044463574440932e-01
3.674999999999857714e+00 8.879822270459044598e-01 2.166124815027235528e-01
3.825000000000022382e+00 8.975515280779905458e-01 2.128306330955808956e-01
3.974999999999250466e+00 9.187335591621014208e-01 2.126330758333941917e-01
4.125000000000000000e+00 9.339521336581045885e-01 2.125987748323440174e-01
4.275000000000798828e+00 9.496966324940375737e-01 2.078017420683342109e-01
4.425000000000374634e+00 9.585686590745492452e-01 2.077147306347546241e-01
4.574999999999541878e+00 9.700463222019349852e-01 2.065494907702656313e-01
4.724999999999138112e+00 9.739245692627168660e-01 2.033351727551799826e-01
4.875000000000000000e+00 9.851697069916237615e-01 2.013637092434746312e-01
5.025000000000897415e+00 9.961482119152046399e-01 1.967383174876410346e-01
5.175000000000743228e+00 1.002875702454509854e+00 1.948997315223416626e-01
5.324999999999196376e+00 1.005595244506188646e+00 1.933663360767484130e-01
5.474999999999057287e+00 1.006781089950200103e+00 1.918722788705853610e-01
5.625000000000000000e+00 1.017775952550755703e+00 1.908108147611110583e-01
5.775000000000969358e+00 1.019811841438871935e+00 1.877118697551216908e-01
5.925000000001017675e+00 1.019461824773840508e+00 1.836236162269988814e-01
6.074999999998936140e+00 1.026799969940312751e+00 1.826655781211782292e-01
6.224999999998995115e+00 1.027540863969587770e+00 1.819808236439183768e-01
6.375000000000000000e+00 1.029842017643081586e+00 1.780761544409568409e-01
6.525000000001025313e+00 1.035332639745865535e+00 1.772623891026357257e-01
6.675000000001229949e+00 1.035911818533141293e+00 1.763725060258289068e-01
6.824999999998733635e+00 1.037139810498623138e+00 1.725404554114234046e-01
6.974999999999387690e+00 1.037629643057049522e+00 1.687722465115552017e-01
7.125000000000000000e+00 1.038569241255095532e+00 1.687408006748622180e-01
7.275000000000346745e+00 1.038905278398994492e+00 1.685800283513663733e-01
7.425000000001398703e+00 1.036712381246429615e+00 1.660954574904308922e-01
7.574999999998571099e+00 1.034967306142704269e+00 1.648588052042805896e-01
7.725000000000012079e+00 1.034530347214410506e+00 1.627986774626234423e-01
7.875000000000000000e+00 1.030778396130730190e+00 1.596760144445635021e-01
8.024999999999771205e+00 1.028638657266934375e+00 1.568029261834725241e-01
8.175000000001539036e+00 1.024219374844947295e+00 1.584209677402563798e-01
8.324999999998437872e+00 1.016139648441179544e+00 1.547251851960098623e-01
8.475000000000525446e+00 1.012905475552600798e+00 1.532972807721788844e-01
8.625000000000000000e+00 1.005818550658932553e+00 1.504524982694043778e-01
8.774999999999291589e+00 1.002595427884219959e+00 1.497713487194759496e-01
8.925000000001652722e+00 9.998143736727150843e-01 1.470282401500480896e-01
9.074999999998325961e+00 9.916859024273168011e-01 1.481657579578034289e-01
9.225000000000957101e+00 9.884199817906608176e-01 1.458286375541669733e-01
9.375000000000000000e+00 9.831591673022102018e-01 1.432746743428149061e-01
9.524999999998890132e+00 9.788263228536351335e-01 1.410120824745098589e-01
9.675000000001750422e+00 9.761910974822920473e-01 1.408707246904472854e-01
9.824999999998231814e+00 9.728047205363663519e-01 1.410438592321308360e-01
9.975000000001321254e+00 9.711940712683156951e-01 1.394345847642017577e-01
1.012500000000000000e+01 9.678720603008126311e-01 1.371996881941990876e-01
1.027499999999854730e+01 9.745654993180429271e-01 1.385827938642970880e-01
1.042500000000183391e+01 9.717152944423282923e-01 1.360726963798232492e-01
1.057499999999815010e+01 9.726519314772631430e-01 1.355210023707784373e-01
1.072500000000163745e+01 9.734462316002840954e-01 1.340953633027254788e-01
1.087500000000000000e+01 9.799752720412010509e-01 1.325608371952893549e-01
1.102499999999824887e+01 9.807942620948357781e-01 1.325582546085387614e-01
1.117500000000190674e+01 9.850257074896716647e-01 1.307924091161811186e-01
1.132499999999808082e+01 9.878862144028659475e-01 1.291819932652374936e-01
1.147500000000190923e+01 9.901195119295916891e-01 1.307513180482469672e-01
1.162500000000000000e+01 9.935006537230302026e-01 1.299811286221155271e-01
1.177499999999798952e+01 9.954257039446734456e-01 1.299477326971636704e-01
1.192500000000196891e+01 9.992320268019074803e-01 1.300303593561917270e-01
1.207499999999801865e+01 1.001625120205300368e+00 1.302081534067510149e-01
1.222500000000215081e+01 1.002018549851179552e+00 1.279470389963266730e-01
1.237500000000000000e+01 1.002045479065840627e+00 1.259334633942968962e-01
1.252499999999776215e+01 1.002588656350184459e+00 1.255003411395394786e-01
1.267500000000202398e+01 1.004103081475035797e+00 1.256460671832091425e-01
1.282499999999796536e+01 1.004343998365721857e+00 1.243110157515537190e-01
1.297500000000236220e+01 1.002684503220369283e+00 1.227582698648941734e-01
1.312500000000000000e+01 9.988667498535496181e-01 1.203350000600448416e-01
1.327499999999756142e+01 9.975605870720786195e-01 1.207829680924471100e-01
1.342500000000173088e+01 1.000340527842407345e+00 1.208151470560573371e-01
1.357499999999841833e+01 9.947173036539179725e-01 1.185404377742548393e-01
1.372500000000255049e+01 9.895205555351447302e-01 1.200655599268400098e-01
1.387500000000000000e+01 9.928388785540828154e-01 1.185636908122415928e-01
1.402499999999738023e+01 9.894499729100940666e-01 1.188569740468051056e-01
1.417500000000102034e+01 9.889638972742290646e-01 1.183239883303260770e-01
1.432499999999911111e+01 9.859989532891978437e-01 1.171389946795432790e-01
1.447500000000271925e+01 9.876442661784596844e-01 1.157987753755642946e-01
1.462500000000000000e+01 9.848345004916521095e-01 1.157000630926872664e-01
1.477499999999721680e+01 9.860353254757502350e-01 1.139019386101926268e-01
1.492500000000038618e+01 9.880849400405001814e-01 1.146829981025973000e-01
1.507499999999973639e+01 9.872545860889898606e-01 1.128639379654216568e-01
1.522500000000287201e+01 9.889119888299449102e-01 1.139036163019525455e-01
1.537500000000000000e+01 9.894476280968783621e-01 1.122327598656029518e-01
1.552499999999706937e+01 9.920439044948051732e-01 1.122207965678599650e-01
1.567499999999980886e+01 9.934159935665759500e-01 1.114462296448652939e-01
1.582500000000029772e+01 9.927069785427025117e-01 1.109768858824361770e-01
1.597500000000300879e+01 9.960343140715799404e-01 1.120513023316211249e-01
1.612500000000000000e+01 9.975971175773039601e-01 1.093674994565945607e-01
1.627499999999693969e+01 9.991873233310302194e-01 1.104368338480108402e-01
1.642499999999928662e+01 9.990269412765916401e-01 1.116392436278040023e-01
1.657500000000081286e+01 1.000501260474190746e+00 1.097562194244516565e-01
1.672500000000313847e+01 1.002711343257290277e+00 1.078313916219550000e-01
1.687500000000000000e+01 1.002538432029951077e+00 1.082722267547194528e-01
1.702499999999681535e+01 1.003154850385000740e+00 1.082958975780955874e-01
1.717499999999880700e+01 1.003310691065969928e+00 1.079051981347987771e-01
1.732500000000128182e+01 1.003847236831367118e+00 1.068096867558850499e-01
1.747500000000325215e+01 1.001699383024166501e+00 1.058480282974401665e-01
1.762500000000000000e+01 1.001495025061147848e+00 1.046982306514471495e-01
1.777499999999670521e+01 9.993815239441252718e-01 1.039574682630326485e-01
1.792499999999837357e+01 9.982846498210701247e-01 1.042953122459390619e-01
1.807500000000171170e+01 9.988868079280932566e-01 1.047209750891543167e-01
1.822500000000335874e+01 9.962210688550003912e-01 1.048876011491120391e-01
1.837500000000000000e+01 9.946369876238344565e-01 1.032603278332489688e-01
1.852499999999660218e+01 9.936157640508745947e-01 1.037097055571626902e-01
1.867499999999797211e+01 9.941714949061298823e-01 1.026055835846657327e-01
1.882500000000210960e+01 9.917440834165782704e-01 1.005354302318917231e-01
1.897500000000345466e+01 9.905781599431858764e-01 1.010442575434951501e-01
1.912500000000000000e+01 9.900626807245811456e-01 1.008678761932247925e-01
1.927499999999650626e+01 9.888682327041996567e-01 1.005636123670785448e-01
1.942499999999759908e+01 9.892032520580540389e-01 1.001076770709479341e-01
1.957500000000247198e+01 9.902521380554931696e-01 1.004237333015038508e-01
1.972500000000354348e+01 9.917893564153501540e-01 1.007229377825056282e-01
1.987500000000000000e+01 9.911176199202460513e-01 9.951865934585482631e-02
2.002499999999642100e+01 9.936992545717182601e-01 9.929252458966811301e-02
2.017499999999725446e+01 9.936836859697920632e-01 9.813686452563899487e-02
2.032500000000281304e+01 9.929184459425206555e-01 9.801715759061033206e-02
2.047500000000362874e+01 9.964954790214365365e-01 9.750702672784559988e-02
2.062500000000000000e+01 9.973867058401586494e-01 9.745941322618384417e-02
2.077499999999633928e+01 9.984978781983960827e-01 9.756182488160533572e-02
2.092499999999693472e+01 1.000711079677161441e+00 9.746967197950739958e-02
2.107500000000312212e+01 1.002416382698031683e+00 9.750678694591066731e-02
2.122500000000370690e+01 1.001854731988010228e+00 9.625914965187648553e-02
2.137500000000000000e+01 1.005782517434608225e+00 9.570188662201391250e-02
2.152499999999626468e+01 1.004969907879329494e+00 9.631677196348928383e-02
2.167499999999663984e+01 1.006350428763238547e+00 9.517595695085484531e-02
2.182500000000341700e+01 1.004514126180005018e+00 9.519552392012937958e-02
2.197500000000377796e+01 1.006601844219829456e+00 9.451677056494152407e-02
2.212500000000000000e+01 1.005537285526260760e+00 9.419435674432596883e-02
2.227499999999619718e+01 1.004754255968937970e+00 9.290261106171406047e-02
2.242499999999636273e+01 1.005543287334751179e+00 9.501400482945104864e-02
2.257500000000369056e+01 1.006485392559450798e+00 9.439834163753477170e-02
2.272500000000384546e+01 1.005060050398273175e+00 9.318296374638390667e-02
2.287500000000000000e+01 1.001093261981532034e+00 9.442817655076701788e-02
2.302499999999612967e+01 1.001528593668452372e+00 9.169415725442033038e-02
2.317499999999610338e+01 1.001737168452894622e+00 9.107421172565055567e-02
2.332500000000394635e+01 9.990104622441575710e-01 9.192014631373546241e-02
2.347500000000390941e+01 9.982896479102597587e-01 9.099151721285730909e-02
2.362500000000000000e+01 9.979297086506870862e-01 9.101094474919615984e-02
2.377499999999606928e+01 9.961341799432876787e-01 9.093140014506280455e-02
2.392499999999586180e+01 9.969328601956460867e-01 9.080896177707624417e-02
2.407500000000418439e+01 9.957917403218169428e-01 9.096416144770248791e-02
2.422500000000396625e+01 9.939930289895920756e-01 8.891358917266523054e-02
2.437500000000000000e+01 9.950479587243206137e-01 8.995239282700064065e-02
2.452499999999600888e+01 9.941666087263065776e-01 8.941321650620200068e-02
2.467499999999563087e+01 9.959425380359114843e-01 8.837282068740204277e-02
2.482500000000441176e+01 9.959611551798005502e-01 8.852609579800997663e-02
2.497500000000402309e+01 9.954582028195518850e-01 8.860499974928930100e-02
2.512500000000000000e+01 9.952436076521723463e-01 8.926519670890889491e-02
2.527499999999595559e+01 9.982986948124172866e-01 8.885059867501884923e-02
2.542499999999541771e+01 9.953107845690675193e-01 8.765838254560774645e-02
2.557500000000462137e+01 9.974720621544815868e-01 8.758864321305699641e-02
2.572500000000407638e+01 9.973741112718789159e-01 8.641564143395336073e-02
2.587500000000000000e+01 9.993014493964653688e-01 8.737076947307152730e-02
2.602499999999590585e+01 1.000185457546328260e+00 8.725149078244244516e-02
2.617499999999521521e+01 9.993170792883711018e-01 8.602403476110799529e-02
2.632500000000482032e+01 1.000574413027072396e+00 8.638812096306923427e-02
2.647500000000383480e+01 9.998190004488261007e-01 8.616832738729240937e-02
2.662500000000000000e+01 1.001408320575330579e+00 8.615266363124091109e-02
2.677499999999647073e+01 9.988976939670843880e-01 8.537987951078682136e-02
2.692499999999502691e+01 9.987092621985389496e-01 8.524523328930951049e-02
2.707500000000501217e+01 1.000635199863164626e+00 8.521726142506078072e-02
2.722500000000308873e+01 1.002237345405311730e+00 8.585053216287491518e-02
2.737500000000000000e+01 9.986619185008195343e-01 8.470963854164728635e-02
2.752499999999719549e+01 9.978987470624240963e-01 8.499814961610273334e-02
2.767499999999484928e+01 9.978486669140754772e-01 8.505853870217605639e-02
2.782500000000518625e+01 9.965292208877227775e-01 8.487746688948107077e-02
2.797500000000238529e+01 9.983792705161596004e-01 8.354345666175647112e-02
2.812500000000000000e+01 9.965745085787914848e-01 8.399334329125807130e-02
2.827499999999788827e+01 9.953289315183649899e-01 8.323593896417319504e-02
2.842499999999467164e+01 9.961193082685286804e-01 8.365574071617797036e-02
2.857500000000536033e+01 9.961674012856452931e-01 8.211900935326992002e-02
2.872500000000171028e+01 9.971206810307269297e-01 8.285112498146314508e-02
2.887500000000000000e+01 9.969715713237650156e-01 8.276216640791904389e-02
2.902499999999854552e+01 9.953004049369792439e-01 8.241035251924595795e-02
2.917499999999451177e+01 9.972094560399049623e-01 8.193735486675662871e-02
2.932500000000552021e+01 9.968581660101308861e-01 8.139107840908564595e-02
2.947500000000107434e+01 9.969172081533537177e-01 8.206269202429714027e-02
2.962500000000000000e+01 9.969124497970325294e-01 8.159231754982715357e-02
2.977499999999917080e+01 1.000468882579749641e+00 8.133681483580582072e-02
2.992499999999435900e+01 9.994871162397994668e-01 8.100641537342334608e-02
3.007500000000566942e+01 1.000409429228593661e+00 8.051838221413264163e-02
3.022500000000047393e+01 1.000875588939168059e+00 7.999428984222230199e-02
3.037500000000000000e+01 1.000092825179064615e+00 8.087684413177100018e-02
3.052499999999976410e+01 1.001206055649547899e+00 8.053160096156411485e-02
3.067499999999420623e+01 1.000100120990347730e+00 8.027658054082929817e-02
3.082500000000581508e+01 1.002810663554845272e+00 7.969705705587616651e-02
3.097499999999989839e+01 1.001486940012581650e+00 7.948038399950099753e-02
3.112500000000000000e+01 1.002407618016060153e+00 7.926825492785063987e-02
3.127500000000032898e+01 1.001842039002486029e+00 7.947089335678296507e-02
3.142499999999406768e+01 1.003190633335123039e+00 7.849375543998590721e-02
3.157500000000595364e+01 1.003250161904149840e+00 7.763211438186864988e-02
3.172499999999935127e+01 1.003382613756839126e+00 7.815196733598629708e-02
3.187500000000000000e+01 1.001638305874527735e+00 7.903203024282610956e-02
3.202500000000086544e+01 1.001384965979718933e+00 7.816247176839585808e-02
3.217499999999394333e+01 1.002752007148109969e+00 7.946560364592183956e-02
3.232500000000609219e+01 1.000916989293170634e+00 7.692033218896128510e-02
3.247499999999882903e+01 1.001925497108462570e+00 7.734407367308529513e-02
3.262500000000000000e+01 1.001842303915287280e+00 7.726628522780579211e-02
3.277500000000137703e+01 1.002481584077818733e+00 7.759947283405753404e-02
3.292499999999381544e+01 1.000428272685296882e+00 7.733358148160651702e-02
3.307500000000621299e+01 9.996610847934331856e-01 7.717834884631129266e-02
3.322499999999832454e+01 1.000678651136678532e+00 7.746486911595988623e-02
3.337500000000000000e+01 9.997738102705705510e-01 7.648357983366081692e-02
3.352500000000186731e+01 1.001988719475612299e+00 7.617190220837230519e-02
3.367499999999368754e+01 9.996903550558556839e-01 7.578418483152805918e-02
3.382500000000633378e+01 1.002110437190937731e+00 7.677836689963152272e-02
3.397499999999784848e+01 1.001453787011315599e+00 7.503505369297676364e-02
3.412500000000000000e+01 1.001241398651731895e+00 7.606577524007086810e-02
3.427500000000233626e+01 1.001934198485219918e+00 7.578177372903756315e-02
3.442499999999357385e+01 1.001002578042529567e+00 7.550274172179261001e-02
3.457500000000644746e+01 1.002711874565436867e+00 7.597240369890100042e-02
3.472499999999739373e+01 1.002642772857824438e+00 7.579765680344563439e-02
3.487500000000000000e+01 1.002512382394623369e+00 7.511239638375423466e-02
3.502500000000278391e+01 1.003530818417668558e+00 7.565802989037902215e-02
3.517499999999346016e+01 1.005836731370564952e+00 7.539581960935527738e-02
3.532500000000656115e+01 1.003545109706869942e+00 7.524138897596213682e-02
3.547499999999695319e+01 1.005257115527604883e+00 7.441039284568271017e-02
3.562500000000000000e+01 1.005937718175558659e+00 7.452993013933874311e-02
3.577500000000321734e+01 1.005911828237783467e+00 7.418218087710679032e-02
3.592499999999336069e+01 1.005130741819054485e+00 7.533411321362160074e-02
3.607500000000666773e+01 1.004532381881847014e+00 7.373471224972549809e-02
3.622499999999653397e+01 1.005413448494490769e+00 7.347011272299572293e-02
3.637500000000000000e+01 1.005190755775678735e+00 7.477001301684788048e-02
3.652500000000362235e+01 1.004779511025097216e+00 7.232940451257821590e-02
3.667499999999325411e+01 1.005947531472282996e+00 7.370456494878029063e-02
3.682500000000676721e+01 1.004524148535327788e+00 7.362675869155874131e-02
3.697499999999613607e+01 1.004063637892429028e+00 7.376243270729761214e-02
3.712500000000000000e+01 1.003912702271624546e+00 7.393062611762137026e-02
3.727500000000402736e+01 1.004915411204146292e+00 7.297348989810037434e-02
3.742499999999315463e+01 1.006416083979692733e+00 7.355851601884248747e-02
3.757500000000686668e+01 1.004782075101365191e+00 7.329620132555927925e-02
3.772499999999575238e+01 1.004658655036289261e+00 7.271531191123363491e-02
3.787500000000000000e+01 1.002163515200457766e+00 7.161532993644978418e-02
3.802500000000440394e+01 1.002706488767806992e+00 7.143276317955778165e-02
3.817499999999306226e+01 1.002204148617723778e+00 7.163141750484143533e-02
3.832500000000695906e+01 1.002322760928438194e+00 7.137413114407903381e-02
3.847499999999537579e+01 1.001575621266394212e+00 7.141165953405199940e-02
3.862500000000000000e+01 1.001422887094663539e+00 7.219844174638835599e-02
3.877500000000476632e+01 1.001115241518928611e+00 7.123303709638455217e-02
3.892499999999297700e+01 1.000739053996801076e+00 7.127895310472165402e-02
3.907500000000705143e+01 1.000628033374656889e+00 7.080284057962021871e-02
3.922499999999502052e+01 1.000103558568123052e+00 7.070263387104444575e-02
3.937500000000000000e+01 1.000625414343039088e+00 7.005957047625911704e-02
3.952500000000512159e+01 1.002571517576761329e+00 7.079684287006822452e-02
3.967499999999288463e+01 1.000772712746650361e+00 7.047180558089784219e-02
3.982500000000712959e+01 9.998808023231708919e-01 7.066300752842172295e-02
3.997499999999467946e+01 1.001030336880642135e+00 7.070427165335253783e-02
4.012500000000000000e+01 1.000801308989746508e+00 6.993954312095569670e-02
4.027500000000545555e+01 1.001727201239952514e+00 7.060235310446229262e-02
4.042499999999279936e+01 1.000627263021647284e+00 7.037051468096108819e-02
4.057500000000721485e+01 1.001084754402173038e+00 6.947618554119262824e-02
4.072499999999434550e+01 1.000781693884979173e+00 7.005983355185227412e-02
4.087500000000000000e+01 1.002469206803660029e+00 7.018564363476578749e-02
4.102500000000578240e+01 1.001874288618319397e+00 6.948813476823430257e-02
4.117499999999272120e+01 1.001954193654267744e+00 6.874737798959944246e-02
4.132500000000730012e+01 1.002072948007610931e+00 6.931025301714156817e-02
4.147499999999402576e+01 1.002643839206283305e+00 6.888090804981446269e-02
4.162500000000000000e+01 1.000955753288818695e+00 6.868132751339509068e-02
4.177500000000609504e+01 1.002113490500876170e+00 6.850415308615287469e-02
4.192499999999264304e+01 1.002059063899137570e+00 6.859540082449253062e-02
4.207500000000737828e+01 1.002408419702090825e+00 6.799970367614144307e-02
4.222499999999372022e+01 1.001392778152839780e+00 6.811778341742572018e-02
4.237500000000000000e+01 1.002180453667820714e+00 6.927023192395943829e-02
4.252500000000640057e+01 1.001446760645864353e+00 6.839522304160243482e-02
4.267499999999256488e+01 1.002251070434931668e+00 6.785927718482910598e-02
4.282500000000744933e+01 9.994699035006070487e-01 6.792903111070043576e-02
4.297499999999342180e+01 1.001533025296914348e+00 6.752666180034395949e-02
4.312500000000000000e+01 1.000777941478335986e+00 6.725336714215188194e-02
4.327500000000669900e+01 1.001045478438589598e+00 6.750488554415515208e-02
4.342499999999249383e+01 1.001141928841415396e+00 6.722006424710658123e-02
4.357500000000752038e+01 1.002007785153880670e+00 6.697644413237224814e-02
4.372499999999313758e+01 1.000838225302144835e+00 6.683860887704297371e-02
4.387500000000000000e+01 1.001890977983476150e+00 6.669377442994631200e-02
4.402500000000697611e+01 1.000021783663046726e+00 6.723478819719068411e-02
4.417499999999242277e+01 1.001164109251918344e+00 6.688366245131940890e-02
4.432500000000759144e+01 1.001681000267555577e+00 6.674540467733869331e-02
4.447499999999286047e+01 1.001851722001175782e+00 6.629257913134949110e-02
4.462500000000000000e+01 1.004109227569193408e+00 6.605364334897596834e-02
4.477500000000724611e+01 1.001641514786668186e+00 6.615094822884594328e-02
4.492499999999235882e+01 1.002576429959864068e+00 6.640136758788749149e-02
4.507500000000766249e+01 1.002402040546089390e+00 6.651281948973632174e-02
4.522499999999259757e+01 1.002346634148910898e+00 6.530098247070591222e-02
4.537500000000000000e+01 1.002409478820614375e+00 6.654010236825959324e-02
4.552500000000750902e+01 1.002683091651907388e+00 6.651906918717645500e-02
4.567499999999228777e+01 1.002195418778377478e+00 6.562505286845590757e-02
4.582500000000772644e+01 1.002642731209241633e+00 6.533382562789229187e-02
4.597499999999233466e+01 1.003042936129846963e+00 6.473362127254174425e-02
4.612500000000000000e+01 1.002308561986002156e+00 6.548132901616549040e-02
4.627500000000776481e+01 1.003538488119759320e+00 6.482647145262973587e-02
4.642499999999223093e+01 1.001408363995541118e+00 6.515679565281892738e-02
4.657500000000779039e+01 1.003018916886882828e+00 6.573470315199446412e-02
4.672499999999207887e+01 1.002277404516597414e+00 6.543840229568986810e-02
4.687500000000000000e+01 1.000829347275433268e+00 6.431370952386787632e-02
4.702500000000801350e+01 1.002116080793713726e+00 6.501136812482330440e-02
4.717499999999216698e+01 1.001981518332682564e+00 6.515789008195795040e-02
4.732500000000784723e+01 1.001074243784667361e+00 6.434332716252288975e-02
4.747499999999183729e+01 1.001643067331579262e+00 6.512083651951205976e-02
4.762500000000000000e+01 1.001586782313079960e+00 6.508307402580805479e-02
4.777500000000825509e+01 1.000150671660056556e+00 6.342199513820019618e-02
4.792499999999211013e+01 1.001958130132130087e+00 6.409670452609690650e-02
4.807500000000790408e+01 1.001333533555639255e+00 6.499528727246302318e-02
4.822499999999160281e+01 1.001766400900726328e+00 6.421093106392614103e-02
4.837500000000000000e+01 1.001542055062670578e+00 6.400585956433230139e-02
4.852500000000848956e+01 1.001616446859414422e+00 6.386008111347442340e-02
4.867499999999204618e+01 1.002230393263961572e+00 6.383348194846326373e-02
4.882500000000796092e+01 1.003087195014429556e+00 6.386498408127717907e-02
4.897499999999137543e+01 1.001270817372083011e+00 6.383921350210121359e-02
4.912500000000000000e+01 1.002433402604084423e+00 6.375798815412223042e-02
4.927500000000870983e+01 1.001938116957645342e+00 6.308676941083112000e-02
4.942499999999198934e+01 1.003675978204275454e+00 6.298095295553211848e-02
4.957500000000802487e+01 1.002739879057330752e+00 6.446259998451953077e-02
4.972499999999115516e+01 1.003718723649253297e+00 6.281630180762227955e-02
4.987500000000000000e+01 1.002731090781138201e+00 6.301732088641726071e-02
5.002500000000893010e+01 1.004224692704657418e+00 6.329132455785074773e-02
5.017499999999193960e+01 1.003494740945250818e+00 6.383351268470142947e-02
5.032500000000807461e+01 1.003981337674606733e+00 6.334373935056282490e-02
5.047499999999094200e+01 1.004467388750969414e+00 6.286375556393539177e-02
5.062500000000000000e+01 1.002459703902147670e+00 6.190305228874647819e-02
5.077500000000914326e+01 1.004624626933790621e+00 6.231693085121267628e-02
5.092499999999188276e+01 1.002974634126356124e+00 6.305207110034652396e-02
5.107500000000812435e+01 1.004355057168793364e+00 6.215689187655646514e-02
5.122499999999072884e+01 1.001825092134548623e+00 6.219597258300502141e-02
5.137500000000000000e+01 1.002512415149247937e+00 6.258423755046685355e-02
5.152500000000934932e+01 1.002649451169354222e+00 6.200157369534733953e-02
5.167499999999183302e+01 1.001550397242765733e+00 6.188331835344667436e-02
5.182500000000818119e+01 1.002598257130150161e+00 6.223841917244948840e-02
5.197499999999052989e+01 1.002897700100443990e+00 6.167210211623113530e-02
5.212500000000000000e+01 1.003020363622510791e+00 6.126482472637915372e-02
5.227500000000954827e+01 1.002157022637832684e+00 6.190224097887684490e-02
5.242499999999178328e+01 1.002205150870641992e+00 6.148803645884119012e-02
5.257500000000806040e+01 1.001585871817312734e+00 6.096190869929352107e-02
5.272499999999033804e+01 1.001723507174144601e+00 6.137068393505821368e-02
5.287500000000000000e+01 1.001955586287495370e+00 6.122295517492718636e-02
5.302500000000974723e+01 1.001207274744556397e+00 6.082188744320169566e-02
5.317499999999255778e+01 1.002079910700752974e+00 6.038175661706887687e-02
5.332500000000729301e+01 1.002129003408484431e+00 6.176046067178533189e-02
5.347499999999015330e+01 1.001994105601296203e+00 6.097905036900089226e-02
5.362500000000000000e+01 1.001291049646304776e+00 6.076105557725341305e-02
5.377500000000993197e+01 1.000845976145045668e+00 6.030477679521097090e-02
5.392499999999331095e+01 1.001013397127757942e+00 6.073229724493924009e-02
5.407500000000654694e+01 1.002510516121913664e+00 6.103126853911107486e-02
5.422499999998996145e+01 1.001543024021958717e+00 6.031635053842455269e-02
5.437500000000000000e+01 1.001591182058656271e+00 5.971013380668472453e-02
5.452500000001011671e+01 1.001173798498273371e+00 6.090232038682725363e-02
5.467499999999403570e+01 1.001607577251603320e+00 6.019868249671266741e-02
5.482500000000581508e+01 1.000910706610458112e+00 6.000247870538142486e-02
5.497499999998977671e+01 1.001412500536565942e+00 6.047491671100193450e-02
5.512500000000000000e+01 1.001797200322675829e+00 6.031105667740158105e-02
5.527500000001029434e+01 1.002576574911169693e+00 5.958516312734477710e-02
5.542499999999475335e+01 1.001826441741696661e+00 5.917054445628228826e-02
5.557500000000510454e+01 1.001604118699762624e+00 5.952053778134151762e-02
5.572499999998960618e+01 1.001624248461230327e+00 5.959184920396199542e-02
5.587500000000000000e+01 1.001089151722919901e+00 5.975560456524199593e-02
5.602500000001046487e+01 1.002222164821143124e+00 5.928568445741679016e-02
5.617499999999544258e+01 1.000955187279694680e+00 6.058742424018751654e-02
5.632500000000441531e+01 1.002856597431347030e+00 5.893177729937653514e-02
5.647499999998942855e+01 1.000106384355939237e+00 5.886805431809385980e-02
5.662500000000000000e+01 1.001761391887524555e+00 5.916724225798231096e-02
5.677500000001062830e+01 1.000725105523203595e+00 5.916078776525045962e-02
5.692499999999611759e+01 1.002557824170860812e+00 5.932761147445715644e-02
5.707500000000374030e+01 1.001347462816638334e+00 5.957701225979274845e-02
5.722499999998926512e+01 1.002984598967352259e+00 5.854705821196180826e-02
5.737500000000000000e+01 1.000935653120940572e+00 5.829775456622218049e-02
5.752500000001079172e+01 1.001060527995627503e+00 5.870640537155725341e-02
5.767499999999677129e+01 1.001988253957981634e+00 5.831807444475473751e-02
5.782500000000310081e+01 1.002918137919116548e+00 5.833793904683019782e-02
5.797499999998910170e+01 1.001435360515338768e+00 5.889430258930699463e-02
5.812500000000000000e+01 1.001881987125273321e+00 5.907958495514267078e-02
5.827500000001095515e+01 1.002844875128593438e+00 5.872875434292208069e-02
5.842499999999741078e+01 1.001825954496383453e+00 5.808041109920927120e-02
5.857500000000246132e+01 1.001527631609214097e+00 5.788310867017533445e-02
5.872499999998893827e+01 1.001335682994718645e+00 5.804723204501188727e-02
5.887500000000000000e+01 1.002131719353574590e+00 5.754905959027362822e-02
5.902500000001111857e+01 1.001990331878626295e+00 5.819981285157763834e-02
5.917499999999803606e+01 1.001628708627555042e+00 5.783947079826377846e-02
5.932500000000184315e+01 1.002093540958489459e+00 5.718994380318499771e-02
5.947499999998878906e+01 1.002643054529511524e+00 5.778508634645020126e-02
5.962500000000000000e+01 1.002581813214240558e+00 5.787292921901463633e-02
5.977500000001126779e+01 1.002481741938581639e+00 5.739115438802692287e-02
5.992499999999864002e+01 1.001997761385033714e+00 5.823932788732621990e-02
6.007500000000123919e+01 1.002719651209323271e+00 5.705214771656302863e-02
6.022499999998863984e+01 1.002480663285580942e+00 5.725108831790861469e-02
6.037500000000000000e+01 1.001708252263984411e+00 5.673690741282476357e-02
6.052500000001142411e+01 1.001950889078219387e+00 5.713477069198492214e-02
6.067499999999923688e+01 1.003150725836959412e+00 5.725836743400671697e-02
6.082500000000064944e+01 1.002347102028897874e+00 5.680027164838438031e-02
6.097499999998849773e+01 1.001742024606707027e+00 5.647206221602729670e-02
6.112500000000000000e+01 1.002467722539080563e+00 5.748711440221970781e-02
6.127500000001155911e+01 1.003164416260477809e+00 5.665165919402808531e-02
6.142499999999980531e+01 1.002172491595558323e+00 5.647547964886739935e-02
6.157500000000007390e+01 1.002895408949263656e+00 5.657887505635812025e-02
6.172499999998834852e+01 1.001824128060250230e+00 5.615072083703794015e-02
6.187500000000000000e+01 1.001950304899808186e+00 5.687217912093650574e-02
6.202500000001170122e+01 1.002101756233347185e+00 5.624831467270316465e-02
6.217500000000037375e+01 1.001680196062888273e+00 5.629138169833641098e-02
6.232499999999951967e+01 1.002279600293661144e+00 5.592057273129874551e-02
6.247499999998820641e+01 1.003357699312760420e+00 5.629838095696156758e-02
6.262500000000000000e+01 1.001872442281559250e+00 5.588031710895863258e-02
6.277500000001184333e+01 1.001964191887119160e+00 5.606849533276316022e-02
6.292500000000092086e+01 1.003939791248874558e+00 5.612598696667967652e-02
6.307499999999897256e+01 1.003215207879607940e+00 5.631122921271281695e-02
6.322499999998807851e+01 1.002548555803939534e+00 5.673652805009497119e-02
6.337500000000000000e+01 1.003223901637890991e+00 5.548685034338613625e-02
6.352500000001197833e+01 1.002908279073493114e+00 5.551337883566836301e-02
6.367500000000146798e+01 1.003001623375666673e+00 5.568345503499248783e-02
6.382499999999843254e+01 1.002991791963175228e+00 5.580858590207751768e-02
6.397499999998793641e+01 1.002233029407203935e+00 5.583041665985528229e-02
6.412500000000000000e+01 1.003311488457976575e+00 5.475482364503405502e-02
6.427500000001211333e+01 1.002969935566947024e+00 5.560603281499091471e-02
6.442500000000200089e+01 1.002281856997920384e+00 5.488859401629736512e-02
6.457499999999791385e+01 1.002900981172018868e+00 5.555788537690406481e-02
6.472499999998781561e+01 1.002337585990087376e+00 5.649802173990026849e-02
6.487500000000000000e+01 1.003518277111912438e+00 5.560368492177304028e-02
6.502500000001224123e+01 1.002645055366106153e+00 5.523722134803904504e-02
6.517500000000251248e+01 1.002088347189931117e+00 5.477091295304431506e-02
6.532499999999740226e+01 1.001472333244249890e+00 5.562305977248307304e-02
6.547499999998768772e+01 1.001377823624922225e+00 5.518785976083405431e-02
6.562500000000000000e+01 1.001467973248039378e+00 5.510289275920282615e-02
6.577500000001236913e+01 1.000808153680566859e+00 5.506413343676313382e-02
6.592500000000300986e+01 1.001022081481542703e+00 5.453239606434519271e-02
6.607499999999690488e+01 1.001140506476514869e+00 5.434365553905108615e-02
6.622499999998755982e+01 1.000982651888712605e+00 5.423666712241262400e-02
6.637500000000000000e+01 1.000023200373452159e+00 5.444471705756741275e-02
6.652500000001249703e+01 1.000465547576368630e+00 5.510722776363947278e-02
6.667500000000349303e+01 1.001166518958199081e+00 5.431770999752703888e-02
6.682499999999640750e+01 1.001057992736153590e+00 5.440615326219341852e-02
6.697499999998743192e+01 1.000063343384867132e+00 5.427699647166148861e-02
6.712500000000000000e+01 1.000732215865082653e+00 5.448536623732055939e-02
6.727500000001261071e+01 9.995785523921776328e-01 5.439746171228005550e-02
6.742500000000397620e+01 9.999153536933900188e-01 5.432776955762781690e-02
6.757499999999593854e+01 1.000919965347318641e+00 5.415498548280016367e-02
6.772499999998731823e+01 9.998839862417729929e-01 5.346773964678266933e-02
6.787500000000000000e+01 1.000458011115394896e+00 5.404438809718722925e-02
6.802500000001272440e+01 1.000081736023193724e+00 5.446646963324557750e-02
6.817500000000444516e+01 1.001285660938956656e+00 5.430154342428127057e-02
6.832499999999546958e+01 1.000917257504216451e+00 5.417118161722031533e-02
6.847499999998720455e+01 1.000209124389713988e+00 5.401699790703547860e-02
6.862500000000000000e+01 1.000377314618579483e+00 5.361306906382677651e-02
6.877500000001283809e+01 9.998333904314813392e-01 5.410948931202447243e-02
6.892500000000489990e+01 1.001092331047566786e+00 5.291907076757659811e-02
6.907499999999501483e+01 1.001691276054310853e+00 5.433172488550292584e-02
6.922499999998709086e+01 1.000870449764492909e+00 5.401704050322573419e-02
6.937500000000000000e+01 1.000280243339812358e+00 5.397076142916332198e-02
6.952500000001295177e+01 1.000110526312591119e+00 5.333878684192393943e-02
6.967500000000535465e+01 1.001545806174708675e+00 5.333093793835744917e-02
6.982499999999456008e+01 1.001260629766006494e+00 5.318303409685552069e-02
6.997499999998697717e+01 1.001613740914121031e+00 5.282858587537817008e-02
7.012500000000000000e+01 1.001548511763800109e+00 5.280581774206691281e-02
7.027500000001306546e+01 1.000980523278064194e+00 5.348822859299987020e-02
7.042500000000579519e+01 1.001530937395322729e+00 5.352753749918673365e-02
7.057499999999413376e+01 1.001130328523750945e+00 5.294590538799489460e-02
7.072499999998686349e+01 1.001676723029757410e+00 5.215059331266073267e-02
7.087500000000000000e+01 1.001072753397905579e+00 5.256669164044713849e-02
7.102500000001316494e+01 1.000931884574548292e+00 5.242960862347130491e-02
7.117500000000620730e+01 1.001767704979527718e+00 5.161123259832699900e-02
7.132499999999369322e+01 1.001471657735634180e+00 5.290767559719745938e-02
7.147499999998676401e+01 1.001742840551766989e+00 5.284283642108970891e-02
7.162500000000000000e+01 1.001979434176336614e+00 5.237852575874147459e-02
7.177500000001327862e+01 1.001487205386309975e+00 5.246287743540221926e-02
7.192500000000663363e+01 1.001035390372565503e+00 5.215677344026778406e-02
7.207499999999328111e+01 1.001235750393421498e+00 5.320504565579311368e-02
7.222499999998666453e+01 1.000001567733320051e+00 5.232589408589725238e-02
7.237500000000000000e+01 1.001858237960138842e+00 5.213917649080240801e-02
7.252500000001337810e+01 1.001259614896140793e+00 5.147075505874528639e-02
7.267500000000704574e+01 1.001040351432206599e+00 5.244372073003582962e-02
7.282499999999286899e+01 1.001678313218183680e+00 5.218938514720817407e-02
7.297499999998655085e+01 1.001237582704374685e+00 5.251284170850691740e-02
7.312500000000000000e+01 1.000616457958930505e+00 5.187024382657171723e-02
7.327500000001347757e+01 1.001620180594265497e+00 5.144414319492586485e-02
7.342500000000745786e+01 1.000795783335487021e+00 5.200906082243651057e-02
7.357499999999247109e+01 1.000577364248765200e+00 5.256404170111279861e-02
7.372499999998646558e+01 1.001073206297425022e+00 5.191832079480891010e-02
7.387500000000000000e+01 1.000445694220597481e+00 5.191526743337047251e-02
7.402500000001359126e+01 1.000329615484609969e+00 5.208706587337798288e-02
7.417500000000785576e+01 1.000492864844612306e+00 5.094131892466155498e-02
7.432499999999207319e+01 1.000461942830332518e+00 5.173934700028176570e-02
7.447499999998635190e+01 1.000203228239814113e+00 5.134819132448332352e-02
7.462500000000000000e+01 1.000583945999070634e+00 5.136210693496387480e-02
7.477500000001367653e+01 1.000454606499696641e+00 5.180361093155191193e-02
7.492500000000823945e+01 9.993559324881015060e-01 5.157600861980273649e-02
7.507499999999168949e+01 1.000353650008212636e+00 5.160303063682994407e-02
7.522499999998626663e+01 9.998735387448992595e-01 5.135167482159377905e-02
7.537500000000000000e+01 1.000919915728512910e+00 5.094784412754033154e-02
7.552500000001377600e+01 9.998019808033969946e-01 5.159777137999987245e-02
7.567500000000862315e+01 1.000138001177462987e+00 5.121117378567545397e-02
7.582499999999130580e+01 9.993630859348310302e-01 5.112062279359857325e-02
7.597499999998616715e+01 9.998645740029504791e-01 5.090449278071682709e-02
7.612500000000000000e+01 9.991243666042098903e-01 5.184241059110961114e-02
7.627500000001386127e+01 1.000073509091195634e+00 5.100374172343324214e-02
7.642500000000899263e+01 1.000225736751529926e+00 5.088250099814401600e-02
7.657499999999093632e+01 9.997800261124778487e-01 5.036859515418335570e-02
7.672499999998608189e+01 9.993818507315557209e-01 5.134090632285604611e-02
7.687500000000000000e+01 1.000174919126086914e+00 5.029781544207348465e-02
7.702500000001396074e+01 9.998182369743452425e-01 4.995212107315196576e-02
7.717500000000934790e+01 9.991630855680261325e-01 5.077538368434489358e-02
7.732499999999058105e+01 1.000343852480557905e+00 5.058443659355737337e-02
7.747499999998598241e+01 9.997127570023749410e-01 5.056983877519379694e-02
7.762500000000000000e+01 1.000146238633819795e+00 4.994579258846215675e-02
7.777500000001404601e+01 1.000243333882145702e+00 5.057633337761563430e-02
7.792500000000971738e+01 9.998892423667379292e-01 4.956744840212604086e-02
7.807499999999021156e+01 1.000192932647309130e+00 5.037333299829979683e-02
7.822499999998589715e+01 1.000767684335417185e+00 5.032028863446005862e-02
7.837500000000000000e+01 9.998459220276487702e-01 4.999646367498445515e-02
7.852500000001413127e+01 1.000948933790349660e+00 5.022298852247060463e-02
7.867500000001005844e+01 1.000203384416683772e+00 5.010268818702865584e-02
7.882499999998987050e+01 1.000620090948615371e+00 5.022683559224532662e-02
7.897499999998581188e+01 1.000324472865518288e+00 5.008459521750341370e-02
7.912500000000000000e+01 1.000233075065619204e+00 5.060938486791091706e-02
7.927500000001423075e+01 1.000347094406530690e+00 4.936353138573865151e-02
7.942500000001041371e+01 9.996498860865495883e-01 4.998502021250059157e-02
7.957499999998951523e+01 1.000727852306392940e+00 4.968078288877505327e-02
7.972499999998572662e+01 1.000242768821181905e+00 4.929371715039507912e-02
7.987500000000000000e+01 9.990185174919150590e-01 4.913302944917715548e-02
8.002500000001430180e+01 9.995031346567461172e-01 4.953244321732316879e-02
8.017500000001075477e+01 1.000483610844755011e+00 4.949154644490763588e-02
8.032499999998918838e+01 1.000696160639043208e+00 4.988125629860867827e-02
8.047499999998564135e+01 1.000579141951638773e+00 4.963565626280295323e-02
8.062500000000000000e+01 9.748897075576057336e-01 4.924686208699309564e-02
8.077500000001438707e+01 9.534816572550368630e-01 4.804928938002669264e-02
8.092500000001108162e+01 9.396059151214124494e-01 4.812170305018378252e-02
8.107499999998886153e+01 9.274126503702285751e-01 4.751409184175176686e-02
8.122499999998557030e+01 9.184417825294854953e-01 4.752558546904740028e-02
8.137500000000000000e+01 9.096103207140180391e-01 4.647742059806094644e-02
8.152500000001447233e+01 9.027400817996606985e-01 4.663285624838642979e-02
8.167500000001139426e+01 8.939499501056142883e-01 4.575234321724316877e-02
8.182499999998853468e+01 8.881298913642244885e-01 4.665042482123311213e-02
8.197499999998548503e+01 8.816254157549607839e-01 4.555642772345237790e-02
8.212500000000000000e+01 8.753266165433819523e-01 4.559984026611790114e-02
8.227500000001455760e+01 8.715945518949155257e-01 4.600557699038618914e-02
8.242500000001172111e+01 8.646394233145437980e-01 4.567113222809441458e-02
8.257499999998822204e+01 8.598552261899075067e-01 4.474170571479083730e-02
8.272499999998539977e+01 8.534004367899095111e-01 4.544407119640971049e-02
8.287500000000000000e+01 8.491363804804450410e-01 4.517061158736621063e-02
8.302500000001462865e+01 8.451633247033968344e-01 4.496309057596666048e-02
8.317500000001203375e+01 8.411982485997107073e-01 4.450226172351103016e-02
8.332499999998789519e+01 8.355509686785397294e-01 4.438546838489537683e-02
8.347499999998531450e+01 8.308564770187922832e-01 4.451650159124700967e-02
8.362500000000000000e+01 8.276437997240843059e-01 4.362244054841998148e-02
8.377500000001469971e+01 8.232753456557350136e-01 4.457004523678283203e-02
8.392500000001234639e+01 8.184476799098434618e-01 4.372620348332256074e-02
8.407499999998758256e+01 8.159123588484094025e-01 4.426685330472873020e-02
8.422499999998524345e+01 8.112303699194779449e-01 4.376912635692863790e-02
8.437500000000000000e+01 8.085628106312553465e-01 4.414254404070649257e-02
8.452500000001478497e+01 8.046604774514403147e-01 4.308025476131744497e-02
8.467500000001264482e+01 8.014382907413111212e-01 4.328145304147910238e-02
8.482499999998728413e+01 7.969748457062363345e-01 4.289705882412033627e-02
8.497499999998517239e+01 7.944276436135186970e-01 4.282738569524256050e-02
8.512500000000000000e+01 7.920119239247263021e-01 4.332327951247279263e-02
8.527500000001485603e+01 7.866419536125242029e-01 4.235702673191292511e-02
8.542500000001294325e+01 7.848804157610849153e-01 4.209642814745430395e-02
8.557499999998699991e+01 7.812865973697407096e-01 4.245257180741348474e-02
8.572499999998510134e+01 7.789443592386483539e-01 4.217426725837755686e-02
8.587500000000000000e+01 7.758129558794255587e-01 4.239376697207595385e-02
8.602500000001494129e+01 7.728014989403210189e-01 4.206293159166761553e-02
8.617500000001324167e+01 7.698512074488751411e-01 4.190842694008115737e-02
8.632499999998670148e+01 7.662881692164826841e-01 4.186244255607344394e-02
8.647499999998503029e+01 7.641828971471912313e-01 4.163506164390964881e-02
8.662500000000000000e+01 7.605053147632738764e-01 4.178416681854308506e-02
8.677500000001501235e+01 7.580400971408918220e-01 4.141292686851056476e-02
8.692500000001352589e+01 7.561752859784001135e-01 4.101255391363455016e-02
8.707499999998641727e+01 7.526954211365773917e-01 4.071144634489095443e-02
8.722499999998494502e+01 7.501589434567471626e-01 4.158814225527272118e-02
8.737500000000000000e+01 7.470418374459293354e-01 4.128863823715701181e-02
8.752500000001508340e+01 7.444200297019816226e-01 4.101952826768525545e-02
8.767500000001381011e+01 7.419603855555516603e-01 4.035497079583731661e-02
8.782499999998613305e+01 7.394401954979150648e-01 4.050071292244381699e-02
8.797499999998487397e+01 7.376590107675126129e-01 4.076983146745567083e-02
8.812500000000000000e+01 7.345908170457223774e-01 4.036780706397277707e-02
8.827500000001514024e+01 7.321567310737765455e-01 4.021175507312028247e-02
8.842500000001409433e+01 7.299576367422884182e-01 4.039745986741707234e-02
8.857499999998586304e+01 7.275105998555829734e-01 4.043691395395154070e-02
8.872499999998480291e+01 7.251625580634062374e-01 4.008502475663716647e-02
8.887500000000000000e+01 7.221233092878577287e-01 4.035597704313020895e-02
8.902500000001521130e+01 7.201719900485940018e-01 3.984796850542459551e-02
8.917500000001436433e+01 7.179839630457683919e-01 3.975779899840851950e-02
8.932499999998557882e+01 7.155290885519626221e-01 4.001066684114550770e-02
8.947499999998473186e+01 7.136810652786547138e-01 3.932441990530521209e-02
8.962500000000000000e+01 7.114083761026809283e-01 3.938838599172900246e-02
8.977500000001528235e+01 7.097635088470529707e-01 3.934763031459998645e-02
8.992500000001462013e+01 7.063437134749317448e-01 3.868006683718719363e-02
9.007499999998532303e+01 7.045760732709416274e-01 3.937596615789702714e-02
9.022499999998467501e+01 7.022444731328503220e-01 3.923779655041493425e-02
9.037500000000000000e+01 6.998077261053697873e-01 3.911972900336943559e-02
9.052500000001533920e+01 6.980529180479946305e-01 3.893599979097599195e-02
9.067500000001489013e+01 6.960409686829077680e-01 3.926695260116858793e-02
9.082499999998505302e+01 6.943862578415954667e-01 3.871667853529573572e-02
9.097499999998460396e+01 6.920427177322039380e-01 3.854935324009427233e-02
9.112500000000000000e+01 6.897841554405340636e-01 3.849712488475139777e-02
9.127500000001541025e+01 6.867969334430199524e-01 3.802856323787685150e-02
9.142500000001514593e+01 6.858212492830058071e-01 3.858273411496861149e-02
9.157499999998479723e+01 6.829465970481760628e-01 3.880648048333628503e-02
9.172499999998454712e+01 6.812538446077140986e-01 3.803728471788588722e-02
9.187500000000000000e+01 6.799532524781883858e-01 3.763290859689361056e-02
9.202500000001548131e+01 6.773448558501825589e-01 3.815064008468464773e-02
9.217500000001541594e+01 6.752006092944927707e-01 3.801244723632728889e-02
9.232499999998454143e+01 6.739325397971024367e-01 3.777724376825222774e-02
9.247499999998447606e+01 6.717551983099474544e-01 3.767682783398785401e-02
9.262500000000000000e+01 6.703292827919987706e-01 3.812249172102559480e-02
9.277500000001553815e+01 6.685358988977259109e-01 3.754162164598574131e-02
9.292500000001565752e+01 6.668430379238877714e-01 3.806723132215475425e-02
9.307499999998428564e+01 6.652443346536878188e-01 3.737271130942954045e-02
9.322499999998441922e+01 6.634565239187856234e-01 3.768694783261486436e-02
9.337500000000000000e+01 6.616542723568934470e-01 3.775566430193137007e-02
9.352500000001559499e+01 6.600144665050696746e-01 3.721467702487484680e-02
9.367500000001591332e+01 6.582247985450108141e-01 3.733005046410890759e-02
9.382499999998402984e+01 6.567993080007406004e-01 3.723270258878878108e-02
9.397499999998436238e+01 6.553068941152569993e-01 3.691040658962384258e-02
9.412500000000000000e+01 6.539231912543495007e-01 3.626756099995009919e-02
9.427500000001566605e+01 6.519676308684512200e-01 3.659176083275601787e-02
9.442500000001615490e+01 6.497127797045488817e-01 3.651537478531401149e-02
9.457499999998380247e+01 6.484746936932047623e-01 3.691339836485466042e-02
9.472499999998429132e+01 6.461224224273598438e-01 3.662669013386635891e-02
9.487500000000000000e+01 6.456116362737247538e-01 3.652735160556328659e-02
9.502500000001572289e+01 6.437104651619571793e-01 3.677768713022505631e-02
9.517500000001639648e+01 6.422040516396542165e-01 3.645239172960830498e-02
9.532499999998356088e+01 6.405457240707778110e-01 3.613748342453966533e-02
9.547499999998423448e+01 6.385122294220533234e-01 3.614966144105240947e-02
9.562500000000000000e+01 6.372216060106649094e-01 3.648643960987279361e-02
9.577500000001577973e+01 6.359815042822688502e-01 3.566761272768901453e-02
9.592500000001662386e+01 6.344762590210502040e-01 3.634560044426393688e-02
9.607499999998331930e+01 6.332983103785171375e-01 3.614567631700243283e-02
9.622499999998417763e+01 6.308853826301424883e-01 3.605230633317848404e-02
9.637500000000000000e+01 6.301620629725031009e-01 3.572404735684728272e-02
9.652500000001585079e+01 6.284228616273356272e-01 3.619646616302699127e-02
9.667500000001686544e+01 6.270487672348252772e-01 3.572115637467263710e-02
9.682499999998309193e+01 6.251498808685842512e-01 3.570855499029857577e-02
9.697499999998412079e+01 6.229032282640123430e-01 3.569945644693674897e-02
9.712500000000000000e+01 6.227512399231101003e-01 3.568407136838462612e-02
9.727500000001590763e+01 6.204896846454096559e-01 3.499520361493014403e-02
9.742500000001709282e+01 6.193413792950001051e-01 3.519971259657409673e-02
9.757499999998287876e+01 6.179675250792117103e-01 3.528422770892546134e-02
9.772499999998406395e+01 6.157569537799761905e-01 3.493914666004618863e-02
9.787500000000000000e+01 6.149690334969054595e-01 3.520603044041397539e-02
9.802500000001595026e+01 6.135488758805152099e-01 3.533868996617589575e-02
9.817500000001732019e+01 6.117428768451976806e-01 3.490459303651412964e-02
9.832499999998263718e+01 6.107796626544250707e-01 3.484320683760028237e-02
9.847499999998402131e+01 6.086955588018798657e-01 3.505654295865766323e-02
9.862500000000000000e+01 6.076432082566032289e-01 3.495350904859184649e-02
9.877500000001600711e+01 6.068855934318541090e-01 3.497202058789660589e-02
9.892500000001753335e+01 6.039026055474137067e-01 3.458317181899472903e-02
9.907499999998242401e+01 6.031343863918799952e-01 3.468739609772977101e-02
9.922499999998395026e+01 6.026531226933599106e-01 3.505022242797255910e-02
9.937500000000000000e+01 5.999705057031459177e-01 3.442011246062536001e-02
9.952500000001606395e+01 5.999081190517905338e-01 3.399780131223636981e-02
9.967500000001776073e+01 5.973071036026856850e-01 3.431054300908931848e-02
9.982499999998221085e+01 5.967893532601665774e-01 3.437042533176672132e-02
9.997499999998389342e+01 5.955551182689102774e-01 3.453037954566144652e-02
1.001250000000000000e+02 5.939653945920745359e-01 3.405555862357908387e-02
1.002750000000161208e+02 5.927181161378369811e-01 3.349933185804531560e-02
1.004250000000179597e+02 5.917301623805073518e-01 3.360570838112948017e-02
1.005749999999819835e+02 5.894758674949508448e-01 3.357119717794805613e-02
1.007249999999838508e+02 5.733124878813633529e-01 3.328043623068520362e-02
1.008750000000000000e+02 5.490960118928923661e-01 3.274593707801035786e-02
1.010250000000161776e+02 5.338035120493181962e-01 3.242417890749414028e-02
1.011750000000181871e+02 5.224546081930649954e-01 3.176760664074936708e-02
1.013249999999817845e+02 5.122046966193473105e-01 3.160769233284309310e-02
1.014749999999837939e+02 5.036717881030430277e-01 3.113372226037911319e-02
1.016250000000000000e+02 4.944598161133920700e-01 3.051021358088823465e-02
1.017750000000162345e+02 4.871729747079093231e-01 3.125334414901635716e-02
1.019250000000184002e+02 4.788500085999968792e-01 3.050438021266840827e-02
1.020749999999815714e+02 4.731067042812287515e-01 3.037805518638627203e-02
1.022249999999837513e+02 4.659826363507735270e-01 3.044154448625028056e-02
1.023750000000000000e+02 4.598488205821519847e-01 2.971669927277927406e-02
1.025250000000162771e+02 4.539627673497582117e-01 2.937227043852311953e-02
1.026750000000185992e+02 4.473712548667305167e-01 2.961971447343328054e-02
1.028249999999813582e+02 4.419441527326654628e-01 2.889231239388602782e-02
1.029749999999836945e+02 4.373231437086675943e-01 2.858668584558141795e-02
1.031250000000000000e+02 4.313414604989862511e-01 2.853348657291943091e-02
1.032750000000163340e+02 4.257669745081305579e-01 2.855365628956511859e-02
1.034250000000187981e+02 4.209289159811175351e-01 2.872971623297296273e-02
1.035749999999811592e+02 4.157931736808123113e-01 2.795932585343434765e-02
1.037249999999836376e+02 4.109857016780394945e-01 2.804707272458644221e-02
1.038750000000000000e+02 4.063915551277662019e-01 2.775635270290102707e-02
1.040250000000163766e+02 4.017130340583833226e-01 2.732992874584586410e-02
1.041750000000189971e+02 3.975150719881849759e-01 2.739308092127489686e-02
1.043249999999809603e+02 3.930405637970957322e-01 2.733921172143971914e-02
1.044749999999835950e+02 3.878950351421884268e-01 2.708469936799380931e-02
1.046250000000000000e+02 3.831125028415033884e-01 2.741493761047087904e-02
1.047750000000164334e+02 3.795892016552216974e-01 2.668206458977083820e-02
1.049250000000191818e+02 3.753621002795470285e-01 2.642465429533798205e-02
1.050749999999807613e+02 3.715153776089227811e-01 2.674120626094556377e-02
1.052249999999839503e+02 3.670959701556822941e-01 2.612683716179910534e-02
1.053750000000000000e+02 3.633376624408709010e-01 2.601169121142932195e-02
1.055250000000157229e+02 3.588920334157876257e-01 2.627066995867407065e-02
1.056750000000193808e+02 3.553470893415884846e-01 2.569321505818902146e-02
1.058249999999805766e+02 3.513733899028880781e-01 2.571364191120141182e-02
1.059749999999847319e+02 3.473851125747320356e-01 2.545166877254426141e-02
1.061250000000000000e+02 3.433725884293264419e-01 2.533384871954933240e-02
1.062750000000149555e+02 3.400086184642902576e-01 2.540978875281739435e-02
1.064250000000195797e+02 3.365282961514115545e-01 2.486868403509693431e-02
1.065749999999803919e+02 3.321018250736803012e-01 2.463182113214698599e-02
1.067249999999854850e+02 3.288956319781677906e-01 2.474129403069260172e-02
1.068750000000000000e+02 3.252887711436481255e-01 2.433256590860088941e-02
1.070250000000141881e+02 3.215365422462876377e-01 2.414065983521649153e-02
1.071750000000197645e+02 3.176817459705882918e-01 2.403907512988542883e-02
1.073249999999802071e+02 3.147315847802120703e-01 2.399626060361244664e-02
1.074749999999862524e+02 3.111912905302170462e-01 2.358137862908404880e-02
1.076250000000000000e+02 3.077793710102266211e-01 2.364230946895558641e-02
1.077750000000134492e+02 3.042130699735975941e-01 2.347321566662925393e-02
1.079250000000199492e+02 3.013701898357202258e-01 2.342172822173203828e-02
1.080749999999800224e+02 2.978011084893501526e-01 2.324244158762465984e-02
1.082249999999869914e+02 2.939606235803836620e-01 2.334279196590428179e-02
1.083750000000000000e+02 2.906384239969643790e-01 2.324943460946878732e-02
1.085250000000127244e+02 2.876750632964356069e-01 2.288696553555823535e-02
1.086750000000201481e+02 2.847790724219934622e-01 2.274900188390895431e-02
1.088249999999798376e+02 2.817621026167220766e-01 2.268377568982335793e-02
1.089749999999877161e+02 2.785348206580791075e-01 2.233251103027321730e-02
1.091250000000000000e+02 2.753162991960911854e-01 2.209194956926018721e-02
1.092750000000119854e+02 2.723404613092532123e-01 2.225623502325678460e-02
1.094250000000203045e+02 2.694494346595740497e-01 2.187302830466814063e-02
1.095749999999796529e+02 2.662185062412053549e-01 2.206022431876807771e-02
1.097249999999884409e+02 2.635711909603686842e-01 2.170926140063276361e-02
1.098750000000000000e+02 2.604761801371386354e-01 2.143976760876241047e-02
1.100250000000112749e+02 2.578275994523810399e-01 2.146427571461142700e-02
1.101750000000204892e+02 2.544647067724864486e-01 2.147679115634861316e-02
1.103249999999794682e+02 2.519695607167760087e-01 2.128921370459932114e-02
1.104749999999891372e+02 2.488705079302736267e-01 2.088343496750370842e-02
1.106250000000000000e+02 2.462265044014213256e-01 2.101373971774061003e-02
1.107750000000105643e+02 2.432664812444602087e-01 2.082360604909457014e-02
1.109250000000206740e+02 2.409764368456039640e-01 2.072153906089822806e-02
1.110749999999792976e+02 2.383413128285088167e-01 2.059331259593491503e-02
1.112249999999898620e+02 2.354534386658297951e-01 2.028151046000363500e-02
1.113750000000000000e+02 2.323270959287175585e-01 2.020705503763849803e-02
1.115250000000098822e+02 2.300938938659666533e-01 1.994340747253158658e-02
1.116750000000208445e+02 2.273720547632590849e-01 2.000449246431962660e-02
1.118249999999791129e+02 2.248053415426505830e-01 1.986617833628200394e-02
1.119749999999905299e+02 2.219937913556862819e-01 1.971729351619937176e-02
1.121250000000000000e+02 2.193533202669593896e-01 1.941694366425674584e-02
1.122750000000091859e+02 2.170032124147175390e-01 1.935719846912960576e-02
1.124250000000210008e+02 2.143758948689116761e-01 1.943980890883773016e-02
1.125749999999789566e+02 2.116060706351602927e-01 1.934406953902307810e-02
1.127249999999912120e+02 2.093463954899107138e-01 1.916112391382206528e-02
1.128750000000000000e+02 2.066085227786623457e-01 1.905617190408166739e-02
1.130250000000085180e+02 2.043531042983664781e-01 1.911285911239761146e-02
1.131750000000211855e+02 2.016484371533198705e-01 1.888859096716794320e-02
1.133249999999787860e+02 1.990962757881681588e-01 1.861564301432304738e-02
1.134749999999919083e+02 1.967593405643084103e-01 1.855201589650663438e-02
1.136250000000000000e+02 1.943947930295877868e-01 1.830160005169011520e-02
1.137750000000078359e+02 1.920467659110200731e-01 1.826186617642963292e-02
1.139250000000213561e+02 1.895211486572063175e-01 1.835280871874718500e-02
1.140749999999786297e+02 1.870116171550774142e-01 1.793978160960008061e-02
1.142249999999925620e+02 1.847201859274547886e-01 1.789173892054697276e-02
1.143750000000000000e+02 1.825699624781732811e-01 1.792632890590052652e-02
1.145250000000071680e+02 1.800733245716605313e-01 1.746998328956023486e-02
1.146750000000215124e+02 1.777751374825968511e-01 1.761006015833713537e-02
1.148249999999784308e+02 1.753372374640884968e-01 1.746108865991936876e-02
1.149749999999932157e+02 1.732295171454802385e-01 1.718656181947077893e-02
1.151250000000000000e+02 1.705667066825271028e-01 1.711383211835407550e-02
1.152750000000065285e+02 1.685129619993844530e-01 1.710947905854807993e-02
1.154250000000216829e+02 1.664045352904995334e-01 1.674297762287718649e-02
1.155749999999783029e+02 1.638146358165571415e-01 1.673478216009670339e-02
1.157249999999938694e+02 1.616178760468922615e-01 1.663819780590081870e-02
1.158750000000000000e+02 1.596544459364996338e-01 1.660238294350960264e-02
1.160250000000058748e+02 1.573704337919550333e-01 1.649809794140179656e-02
1.161750000000218392e+02 1.549898838899196329e-01 1.613850258566439794e-02
1.163249999999781323e+02 1.527061317908890992e-01 1.600503295636288015e-02
1.164749999999945089e+02 1.507530609900268048e-01 1.606146824851962737e-02
1.166250000000000000e+02 1.484794533644488157e-01 1.555890466445524270e-02
1.167750000000052495e+02 1.461486146357531546e-01 1.581007694723629217e-02
1.169250000000220098e+02 1.441210280102335206e-01 1.560838578335859046e-02
1.170749999999779760e+02 1.417577477671488617e-01 1.548234198462306553e-02
1.172249999999951484e+02 1.398115754425524604e-01 1.534238105364568207e-02
1.173750000000000000e+02 1.374618314809770980e-01 1.516143145639341043e-02
1.175250000000046242e+02 1.357088180952146506e-01 1.498102231658588433e-02
1.176750000000221377e+02 1.332887102685506309e-01 1.497502936265767033e-02
1.178249999999778055e+02 1.311556417259088503e-01 1.466225851188259453e-02
1.179749999999957453e+02 1.291776551546919283e-01 1.467509002100282102e-02
1.181250000000000000e+02 1.271994985137372136e-01 1.455663513008175793e-02
1.182750000000039989e+02 1.250810199752919183e-01 1.445766293401215541e-02
1.184250000000223082e+02 1.230449441215061279e-01 1.417138659328556760e-02
1.185749999999776634e+02 1.210467860493282949e-01 1.427618152686922770e-02
1.187249999999963705e+02 1.190975643651537019e-01 1.397345472684427548e-02
1.188750000000000000e+02 1.169255329381001934e-01 1.385445006237611895e-02
1.190250000000033879e+02 1.150746523725126175e-01 1.365486875264877720e-02
1.191750000000224645e+02 1.131515079952704617e-01 1.350787924926938506e-02
1.193249999999775071e+02 1.112371511428203869e-01 1.367226255312728109e-02
1.194749999999969816e+02 1.090274561268278625e-01 1.360646732517067914e-02
1.196250000000000000e+02 1.070251285042767980e-01 1.337902891139321551e-02
1.197750000000027910e+02 1.050956751376422443e-01 1.295165998006854273e-02
1.199250000000226066e+02 1.035035540914018282e-01 1.313010211429729499e-02
1.200749999999773650e+02 1.013102484733948982e-01 1.294670143395924324e-02
1.202249999999975927e+02 9.944396177232321665e-02 1.277011149322587746e-02
1.203750000000000000e+02 9.747736562183904885e-02 1.248864651312115402e-02
1.205250000000021799e+02 9.569248656843659662e-02 1.241224140087507886e-02
1.206750000000227772e+02 9.361829587315614876e-02 1.230042198430549363e-02
1.208249999999772086e+02 9.180846112120856495e-02 1.221115581807168463e-02
1.209749999999981753e+02 8.976639020517064582e-02 1.217569522475210782e-02
1.211250000000000000e+02 8.793505120901969063e-02 1.212662969875086608e-02
1.212750000000015973e+02 8.620173228130463550e-02 1.184404651612137524e-02
1.214250000000229193e+02 8.429343621516584284e-02 1.171287187550646390e-02
1.215749999999770665e+02 8.225305100518114088e-02 1.143872190081159264e-02
1.217249999999987580e+02 8.044345125056838464e-02 1.142189559584554613e-02
1.218750000000000000e+02 7.871720484098822246e-02 1.124167025097303277e-02
1.220250000000010147e+02 7.673941095213207553e-02 1.111158420322620743e-02
1.221750000000230472e+02 7.494993870576729944e-02 1.100021623490530197e-02
1.223249999999769244e+02 7.299622035612665649e-02 1.092212861326648937e-02
1.224749999999993406e+02 7.131318669817091060e-02 1.063314141030574124e-02
1.226250000000000000e+02 6.951818511529701816e-02 1.053881764247692650e-02
1.227750000000004320e+02 6.772947417910619994e-02 1.035618017778800956e-02
1.229250000000231893e+02 6.611729899807029798e-02 1.014971581156469578e-02
1.230749999999767681e+02 6.409307203115546803e-02 1.013580424344962677e-02
1.232249999999999233e+02 6.229701430633600295e-02 9.938232727185435100e-03
1.233750000000000000e+02 6.073216014593079554e-02 9.847109927356760550e-03
1.235249999999998494e+02 5.895070025851503748e-02 9.736562677502618932e-03
1.236750000000233314e+02 5.720745550513491734e-02 9.508426286442009379e-03
1.238249999999766402e+02 5.546600214204411988e-02 9.375637243162874418e-03
1.239750000000004775e+02 5.353944506165800310e-02 9.349568573988971745e-03
1.241250000000000000e+02 5.201737415455062047e-02 9.052899576020021280e-03
1.242749999999992951e+02 5.044094888211620581e-02 8.985616702401289999e-03
1.244250000000234735e+02 4.840940518906590440e-02 8.739738652263876958e-03
1.245749999999764839e+02 4.695406335263278136e-02 8.604289618015960664e-03
1.247250000000010317e+02 4.515373621148336541e-02 8.467196491276817588e-03
1.248750000000000000e+02 4.334962829726830835e-02 8.311491823865715944e-03
1.250249999999987551e+02 4.176080660866391542e-02 8.139283924220848052e-03
1.251750000000236156e+02 4.014440906082681476e-02 7.958425368171618067e-03
1.253249999999763702e+02 3.850177947384907789e-02 7.788681335824212612e-03
1.254750000000015859e+02 3.687953780527812586e-02 7.615218007994068936e-03
1.256250000000000000e+02 3.507013904797157827e-02 7.498200170729913717e-03
1.257749999999982009e+02 3.346381025083802058e-02 7.272672540464685149e-03
1.259250000000237577e+02 3.185500508350985749e-02 7.009284204276000803e-03
1.260749999999762281e+02 3.027050803528244169e-02 6.887226360117325481e-03
1.262250000000021259e+02 2.865760982861243616e-02 6.700377388622376883e-03
1.263750000000000000e+02 2.689375568520822879e-02 6.426376884612652364e-03
1.265249999999976609e+02 2.538066221057494118e-02 6.354229811860326663e-03
1.266750000000238856e+02 2.372320550381033441e-02 6.117275552232639968e-03
1.268249999999760860e+02 2.210054892731142667e-02 5.869138436062274269e-03
1.269750000000026660e+02 2.052045919662214696e-02 5.657392565668310606e-03
1.271250000000000000e+02 1.896037748214220511e-02 5.354163082630683003e-03
1.272749999999971209e+02 1.734014194752867694e-02 5.208497858117253770e-03
1.274250000000240277e+02 1.572834121931029894e-02 4.905569581188547190e-03
1.275749999999759439e+02 1.416569907168661012e-02 4.697898213069410904e-03
1.277250000000031918e+02 1.253352360931633651e-02 4.413109403331725786e-03
1.278750000000000000e+02 1.102777291846121846e-02 4.114852738338546992e-03
1.280249999999965951e+02 9.504118419289137032e-03 3.834161825161826014e-03
1.281750000000241414e+02 7.876499054209675291e-03 3.501857374428369966e-03
1.283249999999758018e+02 6.292949516665063969e-03 3.073815978347056721e-03
1.284750000000037176e+02 4.821183512307660422e-03 2.762445086875169042e-03
1.286250000000000000e+02 3.246594685733223025e-03 2.211286226163014339e-03
1.287749999999960835e+02 1.716384079149219566e-03 1.633503461495070148e-03
1.289250000000242835e+02 2.843040657826944304e-04 6.700567404000541292e-04
