# Radius RDF_mean RDF_std
7.500000000000896228e-02 1.743346846516467394e+03 8.380633131168611916e-02
2.249999999999577616e-01 8.380633131171664205e-04 4.838076913987460898e-02
3.750000000000000000e-01 6.704506504937329412e-04 3.351750376762438477e-02
5.249999999999700462e-01 7.183399826718568854e-04 2.931877454634667854e-02
6.750000000001169509e-01 2.234835501645777555e-03 4.743087729539190861e-02
8.249999999998777200e-01 1.752314200154074780e-03 3.649806263433780229e-02
9.750000000001839418e-01 2.643122756754139741e-03 4.119600239793815705e-02
1.125000000000000000e+00 2.905286152139505400e-03 4.018620151371176535e-02
1.274999999999773648e+00 4.880486352858784578e-03 4.880979306382378369e-02
1.424999999999764455e+00 6.086986168956275145e-03 5.221045585570430192e-02
1.575000000000282396e+00 8.420540907986745482e-03 5.818460795495165871e-02
1.725000000000170397e+00 1.082194799981729856e-02 6.271169775304950844e-02
1.875000000000000000e+00 1.511866216863357211e-02 7.148301006494837961e-02
2.025000000000070521e+00 1.912025929185821524e-02 7.853161158583935042e-02
2.174999999999594813e+00 2.583546903195707567e-02 8.832702497250537188e-02
2.325000000000426059e+00 3.425245863611221103e-02 9.613777345285666465e-02
2.474999999999678124e+00 4.258885382113710566e-02 1.039668957484807393e-01
2.625000000000000000e+00 5.926304857042923729e-02 1.197891362473426091e-01
2.775000000000444444e+00 7.805313991896238590e-02 1.324798072231188895e-01
2.924999999999512212e+00 9.687152347518829254e-02 1.461311151739639880e-01
3.075000000000499334e+00 1.325979685900225136e-01 1.634215854470647822e-01
3.224999999999414779e+00 1.695226673835726894e-01 1.798785715229774262e-01
3.375000000000000000e+00 2.244147316235842737e-01 2.040320532370616946e-01
3.525000000000659384e+00 2.932151727850828560e-01 2.268818914665497732e-01
3.674999999999857714e+00 3.914952905561746022e-01 2.564032976322190849e-01
3.825000000000022382e+00 5.446261252282486032e-01 2.951261046658499865e-01
3.974999999999250466e+00 7.659898681890736638e-01 3.464042730235317169e-01
4.125000000000000000e+00 1.016083198338046945e+00 3.915294607849413855e-01
4.275000000000798828e+00 1.225351483833386323e+00 4.258976491685032562e-01
4.425000000000374634e+00 1.330972381396485993e+00 4.227203908907515850e-01
4.574999999999541878e+00 1.347440942578350676e+00 4.224556326147433372e-01
4.724999999999138112e+00 1.306833362179571578e+00 4.101620725771625842e-01
4.875000000000000000e+00 1.256398732461818657e+00 4.008386726233005293e-01
5.025000000000897415e+00 1.218769208610261279e+00 3.897151431425629475e-01
5.175000000000743228e+00 1.162867503252962731e+00 3.705973986446045032e-01
5.324999999999196376e+00 1.145325652606779210e+00 3.656735612439879768e-01
5.474999999999057287e+00 1.137768530271089595e+00 3.514471670676830306e-01
5.625000000000000000e+00 1.137441876917612893e+00 3.532321198890984726e-01
5.775000000000969358e+00 1.145110119952799321e+00 3.490072368801009350e-01
5.925000000001017675e+00 1.166000670058848554e+00 3.514438816823228229e-01
6.074999999998936140e+00 1.195968080121502908e+00 3.498174696316315724e-01
6.224999999998995115e+00 1.240131760446403941e+00 3.517892417872925392e-01
6.375000000000000000e+00 1.279348015531136973e+00 3.546052142833581167e-01
6.525000000001025313e+00 1.328677136109926993e+00 3.566400778913822456e-01
6.675000000001229949e+00 1.371730731179982010e+00 3.558331648113197687e-01
6.824999999998733635e+00 1.407237235541149767e+00 3.617865975483516294e-01
6.974999999999387690e+00 1.442694453514247632e+00 3.542637524057221654e-01
7.125000000000000000e+00 1.449964214040819321e+00 3.545054712967366517e-01
7.275000000000346745e+00 1.448562197325111711e+00 3.484617822637195994e-01
7.425000000001398703e+00 1.439945147083123045e+00 3.470365809265367751e-01
7.574999999998571099e+00 1.433096563086923014e+00 3.440632082811938552e-01
7.725000000000012079e+00 1.408898340868221410e+00 3.349122379529931859e-01
7.875000000000000000e+00 1.396836040971493054e+00 3.316194597391728949e-01
8.024999999999771205e+00 1.388106979381465989e+00 3.286793217087251584e-01
8.175000000001539036e+00 1.384734318859805136e+00 3.270005510555882844e-01
8.324999999998437872e+00 1.385983067137086522e+00 3.249633970600687705e-01
8.475000000000525446e+00 1.393039222148675149e+00 3.211353851497743550e-01
8.625000000000000000e+00 1.392759201301717598e+00 3.161581369586300982e-01
8.774999999999291589e+00 1.390196614841079148e+00 3.174384316713510512e-01
8.925000000001652722e+00 1.380966361393551223e+00 3.109038982485179958e-01
9.074999999998325961e+00 1.369513198065881010e+00 3.079111629607808598e-01
9.225000000000957101e+00 1.360094994914528677e+00 3.026696100205931717e-01
9.375000000000000000e+00 1.341846636404661064e+00 3.019305218840696026e-01
9.524999999998890132e+00 1.316419293966487158e+00 2.968372707615327122e-01
9.675000000001750422e+00 1.296958198274888341e+00 2.934181199751539904e-01
9.824999999998231814e+00 1.272627929402824654e+00 2.840332607270618648e-01
9.975000000001321254e+00 1.248871867242540512e+00 2.810064056509385955e-01
1.012500000000000000e+01 1.228669103670090301e+00 2.826276359444341857e-01
1.027499999999854730e+01 1.215467080290641322e+00 2.735645431283967310e-01
1.042500000000183391e+01 1.196682060341647702e+00 2.686432187681218053e-01
1.057499999999815010e+01 1.189021642547125612e+00 2.666634420589580334e-01
1.072500000000163745e+01 1.178785864851499721e+00 2.654303934038831358e-01
1.087500000000000000e+01 1.170335187653668063e+00 2.600331898557622368e-01
1.102499999999824887e+01 1.159030159819095740e+00 2.583065419883819880e-01
1.117500000000190674e+01 1.158270993759876299e+00 2.586286416412280631e-01
1.132499999999808082e+01 1.151765396454946577e+00 2.518732224584101509e-01
1.147500000000190923e+01 1.142559650216405931e+00 2.527998272377245392e-01
1.162500000000000000e+01 1.136824773953302170e+00 2.499354886503991902e-01
1.177499999999798952e+01 1.127750306362767629e+00 2.479444716380795610e-01
1.192500000000196891e+01 1.123974673851302564e+00 2.451149314019526460e-01
1.207499999999801865e+01 1.123301545221995879e+00 2.449786700931682049e-01
1.222500000000215081e+01 1.117138396385197963e+00 2.398694722807218904e-01
1.237500000000000000e+01 1.112602696151142601e+00 2.384171754269630294e-01
1.252499999999776215e+01 1.111989576269804436e+00 2.365641588848378107e-01
1.267500000000202398e+01 1.111108307694365305e+00 2.367331333303893115e-01
1.282499999999796536e+01 1.111992393585424121e+00 2.345665452328278278e-01
1.297500000000236220e+01 1.112923858336575034e+00 2.353209161859815823e-01
1.312500000000000000e+01 1.111233641727541022e+00 2.355169839955368882e-01
1.327499999999756142e+01 1.115287081382754675e+00 2.308672223468193896e-01
1.342500000000173088e+01 1.109928242741595961e+00 2.282349591422556390e-01
1.357499999999841833e+01 1.109364317364607277e+00 2.293685175145613042e-01
1.372500000000255049e+01 1.107942597845602117e+00 2.261134166758833330e-01
1.387500000000000000e+01 1.106130321515584658e+00 2.248863574757756500e-01
1.402499999999738023e+01 1.103272257931793288e+00 2.227542594165444478e-01
1.417500000000102034e+01 1.102430163530047080e+00 2.244270066813716935e-01
1.432499999999911111e+01 1.099490801383326666e+00 2.239365226855118129e-01
1.447500000000271925e+01 1.102313794566661453e+00 2.220690776030221636e-01
1.462500000000000000e+01 1.099637915303050217e+00 2.202560905907802180e-01
1.477499999999721680e+01 1.094157594266113476e+00 2.201340545677578642e-01
1.492500000000038618e+01 1.098338825381385497e+00 2.140531643870852152e-01
1.507499999999973639e+01 1.095131937844742387e+00 2.155259185945947176e-01
1.522500000000287201e+01 1.092723093755749053e+00 2.175949249893141257e-01
1.537500000000000000e+01 1.092074171152395357e+00 2.137897761362438087e-01
1.552499999999706937e+01 1.090603773418203470e+00 2.150123187081163234e-01
1.567499999999980886e+01 1.088953003907181305e+00 2.126622764853162428e-01
1.582500000000029772e+01 1.089867577864488180e+00 2.112235577385457308e-01
1.597500000000300879e+01 1.081609233392501146e+00 2.097310144642507979e-01
1.612500000000000000e+01 1.085521970651735613e+00 2.097551298876040582e-01
1.627499999999693969e+01 1.082457250985232822e+00 2.078473712721482791e-01
1.642499999999928662e+01 1.079968949077841689e+00 2.074356609501078197e-01
1.657500000000081286e+01 1.075049415786600848e+00 2.065309346703884663e-01
1.672500000000313847e+01 1.075802708578098343e+00 2.036171982595941787e-01
1.687500000000000000e+01 1.069260770488242862e+00 2.006843213336949594e-01
1.702499999999681535e+01 1.066127291551069112e+00 2.002318355544306372e-01
1.717499999999880700e+01 1.063059524865761496e+00 1.985893953391610622e-01
1.732500000000128182e+01 1.060407677652664749e+00 2.004419119568489338e-01
1.747500000000325215e+01 1.060880249258714159e+00 1.985115994014667040e-01
1.762500000000000000e+01 1.057511083213604541e+00 1.955911085262807825e-01
1.777499999999670521e+01 1.053438512324018861e+00 1.972887486689185177e-01
1.792499999999837357e+01 1.048427724332761990e+00 1.963668075677292291e-01
1.807500000000171170e+01 1.046414198616811619e+00 1.931146524363534234e-01
1.822500000000335874e+01 1.042636982023234404e+00 1.940480679833627986e-01
1.837500000000000000e+01 1.037549746971738740e+00 1.902462520704542581e-01
1.852499999999660218e+01 1.034397457301472256e+00 1.911663983887651186e-01
1.867499999999797211e+01 1.032726236172424983e+00 1.904501562944863613e-01
1.882500000000210960e+01 1.030397174028683027e+00 1.876475247140207414e-01
1.897500000000345466e+01 1.028177810072634646e+00 1.872026930367737541e-01
1.912500000000000000e+01 1.025483848635349471e+00 1.872851217347255570e-01
1.927499999999650626e+01 1.024902517741134833e+00 1.855173557464540601e-01
1.942499999999759908e+01 1.025734487238669335e+00 1.856201964350858991e-01
1.957500000000247198e+01 1.018500592110677783e+00 1.812081581217327153e-01
1.972500000000354348e+01 1.020126991424955554e+00 1.831752181052459516e-01
1.987500000000000000e+01 1.020321527450195109e+00 1.826944263918150735e-01
2.002499999999642100e+01 1.017672522492353515e+00 1.826375504580522724e-01
2.017499999999725446e+01 1.017845028904323268e+00 1.816700375878738671e-01
2.032500000000281304e+01 1.016335769985311721e+00 1.821456618695863894e-01
2.047500000000362874e+01 1.019259969002663357e+00 1.789631881552318227e-01
2.062500000000000000e+01 1.014151081463427362e+00 1.794877335642016125e-01
2.077499999999633928e+01 1.015375726577483873e+00 1.785481197846748580e-01
2.092499999999693472e+01 1.012245310743417281e+00 1.789843439148649240e-01
2.107500000000312212e+01 1.009353314050475570e+00 1.750138955564951859e-01
2.122500000000370690e+01 1.007568281242649411e+00 1.732837860036058331e-01
2.137500000000000000e+01 1.010566148686961707e+00 1.771920289989170894e-01
2.152499999999626468e+01 1.008978587612150646e+00 1.750591833953537291e-01
2.167499999999663984e+01 1.007830581421033989e+00 1.741588340132043666e-01
2.182500000000341700e+01 1.006649396358587190e+00 1.746387988801886282e-01
2.197500000000377796e+01 1.005432851571274044e+00 1.733289125136840969e-01
2.212500000000000000e+01 1.002951559749823529e+00 1.715647360447404290e-01
2.227499999999619718e+01 1.000382350234194417e+00 1.696914503019752163e-01
2.242499999999636273e+01 1.001283851286892457e+00 1.698073484129746513e-01
2.257500000000369056e+01 9.996396924753472302e-01 1.688044477210011995e-01
2.272500000000384546e+01 9.980089410740579092e-01 1.667688217768966974e-01
2.287500000000000000e+01 9.982680456023546034e-01 1.699944780082962292e-01
2.302499999999612967e+01 9.983790922358423137e-01 1.669814724368658410e-01
2.317499999999610338e+01 9.964111722531969750e-01 1.639425870791728912e-01
2.332500000000394635e+01 9.970123951886057379e-01 1.668928270003068592e-01
2.347500000000390941e+01 9.950649696387179333e-01 1.682772006383250751e-01
2.362500000000000000e+01 9.986043176889645157e-01 1.650412596089701756e-01
2.377499999999606928e+01 9.912068258583017766e-01 1.623361181027231648e-01
2.392499999999586180e+01 9.931470605673728969e-01 1.634896435888342769e-01
2.407500000000418439e+01 9.888912123760281725e-01 1.583290811115570795e-01
2.422500000000396625e+01 9.901653178897836804e-01 1.605330538189380374e-01
2.437500000000000000e+01 9.878961402207696585e-01 1.588884276234045212e-01
2.452499999999600888e+01 9.864799689661374327e-01 1.609344752545022739e-01
2.467499999999563087e+01 9.897451308766607170e-01 1.601291925313455267e-01
2.482500000000441176e+01 9.871600935387028208e-01 1.613173128171187520e-01
2.497500000000402309e+01 9.841279334375376830e-01 1.582811933347340327e-01
2.512500000000000000e+01 9.858701630541938377e-01 1.589836136481080908e-01
2.527499999999595559e+01 9.856793374593741941e-01 1.566689800705942937e-01
2.542499999999541771e+01 9.826230542219609454e-01 1.574078297581140429e-01
2.557500000000462137e+01 9.853388088313740356e-01 1.571920591308343662e-01
2.572500000000407638e+01 9.827941596259159862e-01 1.553052367966687719e-01
2.587500000000000000e+01 9.820523069867908017e-01 1.544852375757251595e-01
2.602499999999590585e+01 9.844055907301041408e-01 1.551132223738700411e-01
2.617499999999521521e+01 9.801882851806387187e-01 1.529326103747055410e-01
2.632500000000482032e+01 9.780222740525074121e-01 1.548558676541436918e-01
2.647500000000383480e+01 9.766808844003912471e-01 1.518198626223976333e-01
2.662500000000000000e+01 9.803239703333797017e-01 1.504046357055076333e-01
2.677499999999647073e+01 9.793227579449288456e-01 1.529233390481828381e-01
2.692499999999502691e+01 9.765235115227526297e-01 1.494466638360466282e-01
2.707500000000501217e+01 9.751249696446970816e-01 1.502574981738788451e-01
2.722500000000308873e+01 9.784308375640282662e-01 1.507864967854360139e-01
2.737500000000000000e+01 9.742107164448240431e-01 1.498946649366358908e-01
2.752499999999719549e+01 9.734801864990545450e-01 1.478891375604932945e-01
2.767499999999484928e+01 9.731209634635822336e-01 1.477755679792548127e-01
2.782500000000518625e+01 9.742113291411076403e-01 1.500728177638198935e-01
2.797500000000238529e+01 9.737958675641336104e-01 1.495490364686768991e-01
2.812500000000000000e+01 9.717109457865976685e-01 1.481354353667334589e-01
2.827499999999788827e+01 9.720534091334460669e-01 1.478431137802755646e-01
2.842499999999467164e+01 9.689891461154173102e-01 1.477774426559815835e-01
2.857500000000536033e+01 9.707060792788206882e-01 1.462928436164986912e-01
2.872500000000171028e+01 9.726961056223073498e-01 1.466645785326034512e-01
2.887500000000000000e+01 9.690732884417408988e-01 1.444410349416546113e-01
2.902499999999854552e+01 9.665468646173448475e-01 1.454899918350226751e-01
2.917499999999451177e+01 9.716062244973238116e-01 1.448906535521555239e-01
2.932500000000552021e+01 9.706637910353325127e-01 1.445636651498049818e-01
2.947500000000107434e+01 9.660652224552279677e-01 1.434009690921843605e-01
2.962500000000000000e+01 9.701993766048182533e-01 1.432743236081703841e-01
2.977499999999917080e+01 9.694429311402397165e-01 1.425761327967868808e-01
2.992499999999435900e+01 9.702861793428226855e-01 1.426139607946740051e-01
3.007500000000566942e+01 9.695410264044643789e-01 1.426161246828872575e-01
3.022500000000047393e+01 9.676636697841105583e-01 1.410652202928786847e-01
3.037500000000000000e+01 9.681452243578764216e-01 1.422927397985985221e-01
3.052499999999976410e+01 9.690688760339679630e-01 1.427499974512884406e-01
3.067499999999420623e+01 9.658485023492530130e-01 1.388195861631943973e-01
3.082500000000581508e+01 9.650431590970717233e-01 1.380227897159666817e-01
3.097499999999989839e+01 9.635110421249525325e-01 1.392129331754734245e-01
3.112500000000000000e+01 9.653560429461551795e-01 1.375471497150065892e-01
3.127500000000032898e+01 9.689298135894348629e-01 1.371012218704686370e-01
3.142499999999406768e+01 9.658309655720851428e-01 1.391418184956597637e-01
3.157500000000595364e+01 9.654608806060051007e-01 1.369794253765392045e-01
3.172499999999935127e+01 9.647990909268037152e-01 1.377351966354759816e-01
3.187500000000000000e+01 9.667681469615203582e-01 1.374229631278132691e-01
3.202500000000086544e+01 9.635981317829487303e-01 1.360041860806077418e-01
3.217499999999394333e+01 9.640736533253674301e-01 1.379842342304631875e-01
3.232500000000609219e+01 9.639692007915012795e-01 1.350522998502276806e-01
3.247499999999882903e+01 9.639508743452712691e-01 1.344262427440550411e-01
3.262500000000000000e+01 9.637535442614491021e-01 1.358028836955692542e-01
3.277500000000137703e+01 9.629328290066033746e-01 1.348815168835280909e-01
3.292499999999381544e+01 9.628927481545745959e-01 1.349755032810548983e-01
3.307500000000621299e+01 9.633756326869179487e-01 1.342609678497124204e-01
3.322499999999832454e+01 9.640887391440936538e-01 1.348720770284703163e-01
3.337500000000000000e+01 9.644959928088833179e-01 1.330962783970845442e-01
3.352500000000186731e+01 9.620254387025876097e-01 1.340159873563803172e-01
3.367499999999368754e+01 9.632091238474356221e-01 1.334681879983933561e-01
3.382500000000633378e+01 9.630852636859635885e-01 1.328439602322605828e-01
3.397499999999784848e+01 9.609219147966272523e-01 1.325554761078166222e-01
3.412500000000000000e+01 9.618056636706546758e-01 1.328017388366278251e-01
3.427500000000233626e+01 9.629952633784836236e-01 1.326755156146255665e-01
3.442499999999357385e+01 9.660532917363273686e-01 1.339485239944177564e-01
3.457500000000644746e+01 9.621421315774392191e-01 1.299732443547781113e-01
3.472499999999739373e+01 9.612912014405017302e-01 1.296779892155872360e-01
3.487500000000000000e+01 9.605016597335316320e-01 1.300403925323200538e-01
3.502500000000278391e+01 9.612873332353499833e-01 1.314920785588441221e-01
3.517499999999346016e+01 9.656294151643295409e-01 1.313330279202925832e-01
3.532500000000656115e+01 9.635468354759030296e-01 1.313160288197313397e-01
3.547499999999695319e+01 9.641165400694088339e-01 1.285856217359415132e-01
3.562500000000000000e+01 9.621143268966835249e-01 1.303663025001309816e-01
3.577500000000321734e+01 9.620580306432530149e-01 1.311135363517100250e-01
3.592499999999336069e+01 9.625568309561233216e-01 1.305564140315723654e-01
3.607500000000666773e+01 9.614973200911152151e-01 1.286029356195082241e-01
3.622499999999653397e+01 9.617253676220547387e-01 1.285427551343174823e-01
3.637500000000000000e+01 9.638298329493649730e-01 1.281581420920880343e-01
3.652500000000362235e+01 9.639965230841558430e-01 1.284407455072341109e-01
3.667499999999325411e+01 9.618327534989550287e-01 1.266366324386933029e-01
3.682500000000676721e+01 9.611852255986265137e-01 1.285466969226805312e-01
3.697499999999613607e+01 9.638255077778471458e-01 1.265337775460983472e-01
3.712500000000000000e+01 9.635070001046261989e-01 1.271240712149332708e-01
3.727500000000402736e+01 9.648739274760268492e-01 1.270927345609702830e-01
3.742499999999315463e+01 9.632555285208536100e-01 1.258118242645041851e-01
3.757500000000686668e+01 9.644619958831601725e-01 1.276642310434523697e-01
3.772499999999575238e+01 9.641027037945015810e-01 1.259486553426556743e-01
3.787500000000000000e+01 9.638624247756485408e-01 1.271026579663544487e-01
3.802500000000440394e+01 9.640224107953281329e-01 1.248510617548254376e-01
3.817499999999306226e+01 9.644923261315788698e-01 1.246616253272762598e-01
3.832500000000695906e+01 9.644862299305375641e-01 1.260559850745500698e-01
3.847499999999537579e+01 9.658818544068428213e-01 1.252335537772582275e-01
3.862500000000000000e+01 9.663748746239003706e-01 1.240232257507266622e-01
3.877500000000476632e+01 9.677653631606526474e-01 1.250623462759673787e-01
3.892499999999297700e+01 9.638406302372540813e-01 1.232582104722358268e-01
3.907500000000705143e+01 9.649502809968537598e-01 1.240554747126617063e-01
3.922499999999502052e+01 9.661956623398740840e-01 1.248164007616958254e-01
3.937500000000000000e+01 9.668153789891347216e-01 1.254337451434788531e-01
3.952500000000512159e+01 9.664333032969825155e-01 1.230209733843522224e-01
3.967499999999288463e+01 9.653158604949116928e-01 1.237925435594207091e-01
3.982500000000712959e+01 9.663280351392361522e-01 1.260148747917669287e-01
3.997499999999467946e+01 9.655558566083238814e-01 1.215490164741589024e-01
4.012500000000000000e+01 9.656713759454549351e-01 1.226439120138257399e-01
4.027500000000545555e+01 9.676244679185806996e-01 1.220093524899040910e-01
4.042499999999279936e+01 9.676055115074356783e-01 1.230715433551365923e-01
4.057500000000721485e+01 9.657541094885776500e-01 1.222126996369613389e-01
4.072499999999434550e+01 9.693552686548190245e-01 1.224684018010730041e-01
4.087500000000000000e+01 9.677432311388139974e-01 1.220739994878012463e-01
4.102500000000578240e+01 9.670944211685412739e-01 1.231476136198170201e-01
4.117499999999272120e+01 9.681234119834302154e-01 1.221055249997106129e-01
4.132500000000730012e+01 9.701168428960160739e-01 1.210524581653535797e-01
4.147499999999402576e+01 9.693194859003150254e-01 1.203272746940885762e-01
4.162500000000000000e+01 9.667566174842443516e-01 1.195319223454691104e-01
4.177500000000609504e+01 9.701794053939922780e-01 1.202235853100968588e-01
4.192499999999264304e+01 9.704728189332525456e-01 1.201889491441797825e-01
4.207500000000737828e+01 9.704832920856804046e-01 1.198231704441778400e-01
4.222499999999372022e+01 9.693206999035425264e-01 1.184455862674098497e-01
4.237500000000000000e+01 9.685757286827457735e-01 1.187009759030905193e-01
4.252500000000640057e+01 9.713360728241110520e-01 1.201778184819229794e-01
4.267499999999256488e+01 9.688453760783644064e-01 1.202205649120371839e-01
4.282500000000744933e+01 9.718158695521382784e-01 1.179335793288605466e-01
4.297499999999342180e+01 9.731465409290198654e-01 1.190273967196537469e-01
4.312500000000000000e+01 9.721549007173525547e-01 1.201693811545608975e-01
4.327500000000669900e+01 9.714373856537535934e-01 1.195319079760039510e-01
4.342499999999249383e+01 9.720188320101782464e-01 1.179298853373403344e-01
4.357500000000752038e+01 9.730968053618410663e-01 1.191927897513296863e-01
4.372499999999313758e+01 9.718573179285953101e-01 1.173978131574319322e-01
4.387500000000000000e+01 9.724084436770009665e-01 1.168738178665941208e-01
4.402500000000697611e+01 9.725817549602562284e-01 1.174625370045430939e-01
4.417499999999242277e+01 9.733899067457886245e-01 1.173703613806302282e-01
4.432500000000759144e+01 9.732198114248389320e-01 1.192409895816136239e-01
4.447499999999286047e+01 9.721746421192851706e-01 1.181959941360497257e-01
4.462500000000000000e+01 9.740492973662616683e-01 1.160339143340916035e-01
4.477500000000724611e+01 9.741482304318858088e-01 1.171347868081132754e-01
4.492499999999235882e+01 9.740912022955701133e-01 1.172206172140796143e-01
4.507500000000766249e+01 9.745825718206023724e-01 1.172186256724134790e-01
4.522499999999259757e+01 9.757183393985865427e-01 1.174585842159982657e-01
4.537500000000000000e+01 9.768369011690608561e-01 1.163934686230048005e-01
4.552500000000750902e+01 9.746455425242731563e-01 1.171322059425333323e-01
4.567499999999228777e+01 9.758015644689054247e-01 1.170842102426416509e-01
4.582500000000772644e+01 9.757731634832147449e-01 1.165315185329093978e-01
4.597499999999233466e+01 9.772146347088448426e-01 1.151414190576169755e-01
4.612500000000000000e+01 9.749919568439123774e-01 1.150061738829511043e-01
4.627500000000776481e+01 9.765230537155925594e-01 1.144233694680802244e-01
4.642499999999223093e+01 9.738322776396154401e-01 1.152445188952843230e-01
4.657500000000779039e+01 9.760590071904049481e-01 1.151699860578240392e-01
4.672499999999207887e+01 9.758527596061085108e-01 1.151946287586009671e-01
4.687500000000000000e+01 9.768841430057967345e-01 1.140302838639510319e-01
4.702500000000801350e+01 9.758919808343874402e-01 1.163541514099452473e-01
4.717499999999216698e+01 9.766515382001600409e-01 1.130513697253593547e-01
4.732500000000784723e+01 9.774155776795830919e-01 1.144495211665252782e-01
4.747499999999183729e+01 9.774611775323209795e-01 1.135173534407731416e-01
4.762500000000000000e+01 9.755386910870238459e-01 1.148440324981653132e-01
4.777500000000825509e+01 9.788540027978582803e-01 1.137750601994671068e-01
4.792499999999211013e+01 9.751306008384095225e-01 1.133568996271756141e-01
4.807500000000790408e+01 9.779296736641657217e-01 1.119915770156328372e-01
4.822499999999160281e+01 9.777931010010596502e-01 1.126629405821717722e-01
4.837500000000000000e+01 9.767751350062426896e-01 1.120966774626341311e-01
4.852500000000848956e+01 9.769914130373900107e-01 1.132964134459989447e-01
4.867499999999204618e+01 9.775175649457898963e-01 1.118453995488364328e-01
4.882500000000796092e+01 9.785399748539659326e-01 1.126672198577612083e-01
4.897499999999137543e+01 9.780314370506303367e-01 1.129045974235758504e-01
4.912500000000000000e+01 9.788234035995627691e-01 1.116314637629518963e-01
4.927500000000870983e+01 9.784727212268423679e-01 1.117177449501398495e-01
4.942499999999198934e+01 9.790957613135063964e-01 1.146324028647883186e-01
4.957500000000802487e+01 9.771311082193901987e-01 1.125348031980856478e-01
4.972499999999115516e+01 9.770174969547895660e-01 1.116138829967365936e-01
4.987500000000000000e+01 9.788466075105985986e-01 1.116477959388962465e-01
5.002500000000893010e+01 9.786757620440679206e-01 1.110897792751813079e-01
5.017499999999193960e+01 9.798764033435275467e-01 1.105911772886088440e-01
5.032500000000807461e+01 9.804503949134384388e-01 1.127886899156964884e-01
5.047499999999094200e+01 9.800770641094281865e-01 1.106773211892991687e-01
5.062500000000000000e+01 9.787524158221642123e-01 1.096225063083496182e-01
5.077500000000914326e+01 9.820133756959446014e-01 1.094173167525206158e-01
5.092499999999188276e+01 9.798441243706240700e-01 1.115173785955487218e-01
5.107500000000812435e+01 9.803211762689897357e-01 1.096505479125527288e-01
5.122499999999072884e+01 9.808322452857308749e-01 1.114967467238218712e-01
5.137500000000000000e+01 9.823056320805073627e-01 1.099467649239599248e-01
5.152500000000934932e+01 9.827701317371023704e-01 1.108494908917771332e-01
5.167499999999183302e+01 9.819863950638675343e-01 1.088252989982422675e-01
5.182500000000818119e+01 9.804321988965757351e-01 1.098274576382169132e-01
5.197499999999052989e+01 9.812983707394234978e-01 1.087737104781892755e-01
5.212500000000000000e+01 9.798093626043785642e-01 1.099831255067089675e-01
5.227500000000954827e+01 9.824747279789048937e-01 1.078751507065098397e-01
5.242499999999178328e+01 9.832436944982193561e-01 1.088636727068354182e-01
5.257500000000806040e+01 9.823560570734659603e-01 1.082458405240211141e-01
5.272499999999033804e+01 9.844418594771013886e-01 1.087330768834320061e-01
5.287500000000000000e+01 9.808906990336017095e-01 1.085379095134916955e-01
5.302500000000974723e+01 9.827068769877472798e-01 1.090814746931581536e-01
5.317499999999255778e+01 9.832716710342135347e-01 1.099476673314584707e-01
5.332500000000729301e+01 9.811234317008923345e-01 1.086495718465500387e-01
5.347499999999015330e+01 9.814038755780829515e-01 1.059780553570702361e-01
5.362500000000000000e+01 9.835862677699811485e-01 1.070870043620524015e-01
5.377500000000993197e+01 9.821915014210086392e-01 1.071795788500880808e-01
5.392499999999331095e+01 9.864634617070415779e-01 1.061993537010518796e-01
5.407500000000654694e+01 9.836712925497141935e-01 1.060717482663021266e-01
5.422499999998996145e+01 9.841911852722409204e-01 1.080163846142862538e-01
5.437500000000000000e+01 9.828968369153784357e-01 1.074293744672210893e-01
5.452500000001011671e+01 9.828442261125416302e-01 1.081063804127900124e-01
5.467499999999403570e+01 9.857245507760689085e-01 1.070599506884993835e-01
5.482500000000581508e+01 9.843323030999636680e-01 1.075159009110595865e-01
5.497499999998977671e+01 9.853840962300898232e-01 1.068760141126098018e-01
5.512500000000000000e+01 9.848680609092083094e-01 1.058644641021910388e-01
5.527500000001029434e+01 9.858092129950487559e-01 1.075831419302026859e-01
5.542499999999475335e+01 9.859763846551337085e-01 1.050909711992604051e-01
5.557500000000510454e+01 9.835323298465087349e-01 1.059116062465090963e-01
5.572499999998960618e+01 9.851597797752011942e-01 1.057443154127190171e-01
5.587500000000000000e+01 9.846040267724042172e-01 1.054484237572605732e-01
5.602500000001046487e+01 9.859214659449334617e-01 1.057180689705122800e-01
5.617499999999544258e+01 9.837397524379613012e-01 1.052042639752620856e-01
5.632500000000441531e+01 9.868814853018372801e-01 1.046944958338091591e-01
5.647499999998942855e+01 9.845006867693267827e-01 1.043655657712408702e-01
5.662500000000000000e+01 9.872874236278821325e-01 1.048689620601914313e-01
5.677500000001062830e+01 9.863927699442188723e-01 1.041541482706918736e-01
5.692499999999611759e+01 9.864524154225862151e-01 1.042135785842662199e-01
5.707500000000374030e+01 9.869731777817775109e-01 1.036292732647451365e-01
5.722499999998926512e+01 9.862972718961345864e-01 1.048732549854857060e-01
5.737500000000000000e+01 9.878005782502315979e-01 1.042717142084782916e-01
5.752500000001079172e+01 9.862661234665315302e-01 1.040294696299783328e-01
5.767499999999677129e+01 9.869258075973216249e-01 1.036142805585540394e-01
5.782500000000310081e+01 9.884157846264670644e-01 1.039823500204397344e-01
5.797499999998910170e+01 9.883693720313072584e-01 1.026736169244644864e-01
5.812500000000000000e+01 9.884161969784652779e-01 1.048217933239317390e-01
5.827500000001095515e+01 9.879935948458581363e-01 1.033684336751836269e-01
5.842499999999741078e+01 9.897204982093568137e-01 1.031879330641337633e-01
5.857500000000246132e+01 9.899770432554499955e-01 1.030326370958310062e-01
5.872499999998893827e+01 9.879043240790434943e-01 1.042322338295531281e-01
5.887500000000000000e+01 9.884353586150999016e-01 1.030964460576631186e-01
5.902500000001111857e+01 9.906951946873171488e-01 1.025864837972791516e-01
5.917499999999803606e+01 9.901649002507795228e-01 1.038208223567107791e-01
5.932500000000184315e+01 9.912816291261717927e-01 1.015002287810558568e-01
5.947499999998878906e+01 9.909480434182865727e-01 1.024988447738340441e-01
5.962500000000000000e+01 9.917841539289504738e-01 1.022207349018163930e-01
5.977500000001126779e+01 9.937569699009682900e-01 1.041204773116392313e-01
5.992499999999864002e+01 9.924536651959708911e-01 1.016651892499116500e-01
6.007500000000123919e+01 9.912573109240706559e-01 1.014851908761819216e-01
6.022499999998863984e+01 9.934181256626901657e-01 1.028250021876132292e-01
6.037500000000000000e+01 9.924970397396408739e-01 1.019895272666877517e-01
6.052500000001142411e+01 9.930022153028202903e-01 1.012984351693771851e-01
6.067499999999923688e+01 9.924378903532985463e-01 1.009576504139550746e-01
6.082500000000064944e+01 9.922669627307819651e-01 1.019809136029533325e-01
6.097499999998849773e+01 9.931338892329771850e-01 1.011558078508652675e-01
6.112500000000000000e+01 9.916520402015985836e-01 1.005124791469788198e-01
6.127500000001155911e+01 9.929111533802257306e-01 1.009802127985986869e-01
6.142499999999980531e+01 9.952702787551427344e-01 1.015405926182627594e-01
6.157500000000007390e+01 9.942983220402245026e-01 1.006208133686292833e-01
6.172499999998834852e+01 9.935021641873650333e-01 9.990182427461415104e-02
6.187500000000000000e+01 9.941584462325769866e-01 1.005145194503306444e-01
6.202500000001170122e+01 9.971544831166510026e-01 1.009029409137845584e-01
6.217500000000037375e+01 9.965391648552581749e-01 1.017342792318540468e-01
6.232499999999951967e+01 9.939723358504427564e-01 1.001492684091737917e-01
6.247499999998820641e+01 9.979905427887502123e-01 1.000744256054210413e-01
6.262500000000000000e+01 9.960347347995245348e-01 9.946576752557649559e-02
6.277500000001184333e+01 9.978340260771246806e-01 9.899715647813030206e-02
6.292500000000092086e+01 9.981403981075234189e-01 1.002988329790400895e-01
6.307499999999897256e+01 9.973800457980306344e-01 9.980570875506676598e-02
6.322499999998807851e+01 9.992269642196154322e-01 9.891513167850997379e-02
6.337500000000000000e+01 9.990964348894401104e-01 9.841502239320730483e-02
6.352500000001197833e+01 9.990120366451469280e-01 1.012544177549955238e-01
6.367500000000146798e+01 9.974295906784239607e-01 9.973827270866716943e-02
6.382499999999843254e+01 9.983628639154220608e-01 9.810465448687841206e-02
6.397499999998793641e+01 9.983161489193231874e-01 9.943893728583887148e-02
6.412500000000000000e+01 9.994792081785863758e-01 9.891724484446501320e-02
6.427500000001211333e+01 9.989802703672967521e-01 9.913854692447890415e-02
6.442500000000200089e+01 1.000976382051100844e+00 9.909936740627504903e-02
6.457499999999791385e+01 9.995739793295234099e-01 9.799691359984973038e-02
6.472499999998781561e+01 1.000401906385403716e+00 9.873096948181871169e-02
6.487500000000000000e+01 1.001982684006961000e+00 9.790756349141327419e-02
6.502500000001224123e+01 1.002721005096741669e+00 9.923886254362826453e-02
6.517500000000251248e+01 1.000813472605119436e+00 9.745351888256956197e-02
6.532499999999740226e+01 1.003244533728765431e+00 9.790510416989693654e-02
6.547499999998768772e+01 1.002639556199492077e+00 9.857555345721845386e-02
6.562500000000000000e+01 1.003156996868034723e+00 9.850689281692455446e-02
6.577500000001236913e+01 1.002984043753076593e+00 9.726494542304353619e-02
6.592500000000300986e+01 1.004316387248556319e+00 9.748293113203491955e-02
6.607499999999690488e+01 1.004331840143058985e+00 9.852938799478370979e-02
6.622499999998755982e+01 1.004236177274006492e+00 9.849298966015400392e-02
6.637500000000000000e+01 1.004704390475887221e+00 9.745419044980938028e-02
6.652500000001249703e+01 1.003871352371894954e+00 9.771453461308529653e-02
6.667500000000349303e+01 1.005611871910075061e+00 9.685549515441221891e-02
6.682499999999640750e+01 1.006294882205301722e+00 9.761749129993381457e-02
6.697499999998743192e+01 1.006675457743366975e+00 9.734806693181971560e-02
6.712500000000000000e+01 1.006410100475220393e+00 9.674190828286068078e-02
6.727500000001261071e+01 1.005174258907662654e+00 9.575662157495777593e-02
6.742500000000397620e+01 1.005508176634529294e+00 9.642748199223200034e-02
6.757499999999593854e+01 1.005348563658236216e+00 9.677622921460228567e-02
6.772499999998731823e+01 1.006360904561290459e+00 9.617526019403423165e-02
6.787500000000000000e+01 1.006665909090589839e+00 9.496213238732459372e-02
6.802500000001272440e+01 1.005527212572564499e+00 9.787833884833697928e-02
6.817500000000444516e+01 1.008792206761867538e+00 9.666257790636513525e-02
6.832499999999546958e+01 1.008709010585111532e+00 9.735183556796760118e-02
6.847499999998720455e+01 1.008561924323770453e+00 9.520945886105393330e-02
6.862500000000000000e+01 1.005250990628808294e+00 9.584331022039417614e-02
6.877500000001283809e+01 1.008854584468001248e+00 9.532100986820769839e-02
6.892500000000489990e+01 1.007641184053726935e+00 9.670755689919541265e-02
6.907499999999501483e+01 1.007919910735332714e+00 9.619412384554625051e-02
6.922499999998709086e+01 1.006505867255421460e+00 9.604582744683651252e-02
6.937500000000000000e+01 1.006520381154469401e+00 9.575896240190333308e-02
6.952500000001295177e+01 1.007997600970462759e+00 9.432826387188775197e-02
6.967500000000535465e+01 1.008618669526803791e+00 9.440017346085741168e-02
6.982499999999456008e+01 1.006289895374899990e+00 9.647670142435021967e-02
6.997499999998697717e+01 1.007308986569372067e+00 9.420227850434971517e-02
7.012500000000000000e+01 1.008584548415539128e+00 9.378183362795886047e-02
7.027500000001306546e+01 1.007881593809051290e+00 9.474052671033804385e-02
7.042500000000579519e+01 1.010168851904854614e+00 9.522019087602512366e-02
7.057499999999413376e+01 1.008427958352227316e+00 9.473245559512030733e-02
7.072499999998686349e+01 1.010708799220980447e+00 9.469480457549900310e-02
7.087500000000000000e+01 1.007693535568473520e+00 9.543782171296842642e-02
7.102500000001316494e+01 1.009605227176971542e+00 9.519266276234042423e-02
7.117500000000620730e+01 1.009010566963285838e+00 9.414994957766931183e-02
7.132499999999369322e+01 1.009406282790479725e+00 9.414065919850396480e-02
7.147499999998676401e+01 1.009591921106090195e+00 9.523485631720986222e-02
7.162500000000000000e+01 1.008608758559913943e+00 9.484657650066664891e-02
7.177500000001327862e+01 1.008460762925269316e+00 9.291620353960039491e-02
7.192500000000663363e+01 1.008477676451594807e+00 9.375483362854152014e-02
7.207499999999328111e+01 1.008316616439982605e+00 9.354358950484960300e-02
7.222499999998666453e+01 1.009608694444627863e+00 9.403149862205087417e-02
7.237500000000000000e+01 1.009344348211700382e+00 9.354415079037216307e-02
7.252500000001337810e+01 1.009196361653584395e+00 9.309353780619673835e-02
7.267500000000704574e+01 1.008199679298573903e+00 9.343249075842982587e-02
7.282499999999286899e+01 1.007353828552862485e+00 9.252840674546235211e-02
7.297499999998655085e+01 1.009445968671240923e+00 9.325611362635007062e-02
7.312500000000000000e+01 1.010555653103194729e+00 9.272752121078177423e-02
7.327500000001347757e+01 1.010648599104079670e+00 9.287818757793697699e-02
7.342500000000745786e+01 1.009086439723700712e+00 9.395548725751227959e-02
7.357499999999247109e+01 1.009234968362846319e+00 9.235205103005650340e-02
7.372499999998646558e+01 1.009679582371718176e+00 9.376681137237133368e-02
7.387500000000000000e+01 1.007118976125409793e+00 9.252713523637769166e-02
7.402500000001359126e+01 1.008061102231523121e+00 9.250516906599549893e-02
7.417500000000785576e+01 1.010521320557992819e+00 9.228426682699698846e-02
7.432499999999207319e+01 1.010379616656405188e+00 9.301504968771877324e-02
7.447499999998635190e+01 1.008763222064251286e+00 9.269719174342930246e-02
7.462500000000000000e+01 1.008449586283416632e+00 9.277521670561833522e-02
7.477500000001367653e+01 1.009156838508511678e+00 9.093204692706657877e-02
7.492500000000823945e+01 1.011140584771287987e+00 9.189952651440076725e-02
7.507499999999168949e+01 1.009482005532248428e+00 9.151025080906687037e-02
7.522499999998626663e+01 1.009266362636340508e+00 9.202793432880722324e-02
7.537500000000000000e+01 1.009074927048325687e+00 9.205049809938538330e-02
7.552500000001377600e+01 1.009221308127771000e+00 9.071769156592812688e-02
7.567500000000862315e+01 1.008460937374772382e+00 9.039518403432247884e-02
7.582499999999130580e+01 1.008806071754775324e+00 9.115270985453813313e-02
7.597499999998616715e+01 1.007760792669577965e+00 9.119282251407488660e-02
7.612500000000000000e+01 1.008663279254744305e+00 9.038811590305655119e-02
7.627500000001386127e+01 1.010403575767484963e+00 9.186730440821433419e-02
7.642500000000899263e+01 1.010585924689878068e+00 9.245612566282450373e-02
7.657499999999093632e+01 1.008168824204794367e+00 9.047415543421505335e-02
7.672499999998608189e+01 1.009180604140903492e+00 9.159582158538577545e-02
7.687500000000000000e+01 1.009654528015361263e+00 9.137835020580600820e-02
7.702500000001396074e+01 1.008272584759436707e+00 9.027103188178187132e-02
7.717500000000934790e+01 1.009289665653425150e+00 9.115505582879078472e-02
7.732499999999058105e+01 1.010019923699184474e+00 9.177509903661007495e-02
7.747499999998598241e+01 1.010310879620396340e+00 9.067303886150915315e-02
7.762500000000000000e+01 1.009205558331785824e+00 9.056566161232219858e-02
7.777500000001404601e+01 1.007963072342444200e+00 9.048940159766626079e-02
7.792500000000971738e+01 1.007569079297766734e+00 9.068058835026258924e-02
7.807499999999021156e+01 1.009077337410072994e+00 8.953007554097110188e-02
7.822499999998589715e+01 1.008676290612310122e+00 8.962596273970616090e-02
7.837500000000000000e+01 1.007425884017370210e+00 9.005250916771899428e-02
7.852500000001413127e+01 1.006389970463875017e+00 9.025542383104206978e-02
7.867500000001005844e+01 1.006020308712900491e+00 8.947850701487465586e-02
7.882499999998987050e+01 1.007946162469863349e+00 8.914905322487866324e-02
7.897499999998581188e+01 1.009073594243650174e+00 8.982952901938286161e-02
7.912500000000000000e+01 1.006284465312017318e+00 8.873525620176296591e-02
7.927500000001423075e+01 1.007067462130871505e+00 8.969616900285842798e-02
7.942500000001041371e+01 1.006216483052084776e+00 8.855372895454938220e-02
7.957499999998951523e+01 1.007652256993585294e+00 8.967424083268735191e-02
7.972499999998572662e+01 1.006756864548034924e+00 8.856546373597765087e-02
7.987500000000000000e+01 1.007192358843301383e+00 8.891920453622090270e-02
8.002500000001430180e+01 1.007500550320096444e+00 8.765590394506389549e-02
8.017500000001075477e+01 1.008457499253174516e+00 8.953109141959944561e-02
8.032499999998918838e+01 1.006941287017262932e+00 8.701822143788820463e-02
8.047499999998564135e+01 1.006810055825077654e+00 8.871908952359354450e-02
8.062500000000000000e+01 1.004161225026764193e+00 8.736148511532339234e-02
8.077500000001438707e+01 1.006586406637865583e+00 8.816993949091812832e-02
8.092500000001108162e+01 1.005479469699616102e+00 8.915124446074594589e-02
8.107499999998886153e+01 1.006050429561378134e+00 8.800821178748129137e-02
8.122499999998557030e+01 1.005971580713464819e+00 8.835190342834722821e-02
8.137500000000000000e+01 1.005519949206720831e+00 8.842350627823748754e-02
8.152500000001447233e+01 1.005583457251564061e+00 8.829549849572745912e-02
8.167500000001139426e+01 1.005950712749586806e+00 8.812815457864404955e-02
8.182499999998853468e+01 1.005086796491141854e+00 8.760871054377998568e-02
8.197499999998548503e+01 1.004906920385564284e+00 8.838877707598633005e-02
8.212500000000000000e+01 1.005170076334232609e+00 8.714558477764727806e-02
8.227500000001455760e+01 1.006745518710857157e+00 8.747274594922704871e-02
8.242500000001172111e+01 1.004212605860826057e+00 8.691226200638502153e-02
8.257499999998822204e+01 1.003592615805988686e+00 8.809755469448306286e-02
8.272499999998539977e+01 1.004217912732555007e+00 8.612189872382970679e-02
8.287500000000000000e+01 1.003989989545978956e+00 8.737862228710056856e-02
8.302500000001462865e+01 1.003678856481334591e+00 8.692947286930099993e-02
8.317500000001203375e+01 1.005508967632216200e+00 8.819146351914204651e-02
8.332499999998789519e+01 1.005215832967428558e+00 8.699982238482331653e-02
8.347499999998531450e+01 1.003852265637841468e+00 8.721091765560300135e-02
8.362500000000000000e+01 1.003104662203220698e+00 8.717231972461507439e-02
8.377500000001469971e+01 1.004093634176265626e+00 8.701099166620711312e-02
8.392500000001234639e+01 1.002541663885918810e+00 8.753872370880125264e-02
8.407499999998758256e+01 1.004937343668008687e+00 8.587788912770569216e-02
8.422499999998524345e+01 1.003022232961037874e+00 8.665254970554074621e-02
8.437500000000000000e+01 1.003144652062372355e+00 8.556138152389664020e-02
8.452500000001478497e+01 1.003085936237853026e+00 8.724082594657880940e-02
8.467500000001264482e+01 1.003270162456455949e+00 8.583280197857581784e-02
8.482499999998728413e+01 1.003026925038240424e+00 8.561468932243603003e-02
8.497499999998517239e+01 1.002172826710607367e+00 8.589874976743692991e-02
8.512500000000000000e+01 1.002691436611424125e+00 8.603315129789435023e-02
8.527500000001485603e+01 1.004016064939249997e+00 8.654480957828043775e-02
8.542500000001294325e+01 1.003281719357044022e+00 8.550631758078063027e-02
8.557499999998699991e+01 1.001603179008566213e+00 8.552956930392675849e-02
8.572499999998510134e+01 1.003421343467775451e+00 8.508890513826654345e-02
8.587500000000000000e+01 1.001334149038939136e+00 8.619385852634303680e-02
8.602500000001494129e+01 1.002792073476530321e+00 8.527286822660379295e-02
8.617500000001324167e+01 1.001813153019755598e+00 8.590935406246208439e-02
8.632499999998670148e+01 1.001584683163359690e+00 8.593711803225775880e-02
8.647499999998503029e+01 1.003039674234372347e+00 8.666985436942853394e-02
8.662500000000000000e+01 1.003011587441233088e+00 8.661959198676907890e-02
8.677500000001501235e+01 1.002924201733218723e+00 8.556240975861294229e-02
8.692500000001352589e+01 1.002027254879524598e+00 8.452589722319006627e-02
8.707499999998641727e+01 1.002810968600455155e+00 8.508194070546318266e-02
8.722499999998494502e+01 1.002004494588121242e+00 8.514566957285694959e-02
8.737500000000000000e+01 1.001981303486394026e+00 8.451552089532615719e-02
8.752500000001508340e+01 9.993858330160152459e-01 8.500679450375603352e-02
8.767500000001381011e+01 1.001656999749726440e+00 8.507157319665095696e-02
8.782499999998613305e+01 9.993901430513002504e-01 8.386081036672760058e-02
8.797499999998487397e+01 1.002347299716890516e+00 8.477016273011275804e-02
8.812500000000000000e+01 9.999942631003384541e-01 8.554708993827825347e-02
8.827500000001514024e+01 1.000060880339379787e+00 8.463960809132817231e-02
8.842500000001409433e+01 1.000843783711309332e+00 8.458164123719612293e-02
8.857499999998586304e+01 9.996725755467302799e-01 8.398519218933327146e-02
8.872499999998480291e+01 1.001602548817164706e+00 8.373546416573320050e-02
8.887500000000000000e+01 9.991185723319621070e-01 8.410207502798486279e-02
8.902500000001521130e+01 9.988076691609670821e-01 8.498298651730849806e-02
8.917500000001436433e+01 9.997439817597858491e-01 8.372688911328547701e-02
8.932499999998557882e+01 9.970476530324205999e-01 8.388666309585700309e-02
8.947499999998473186e+01 9.979711321376915079e-01 8.427119242808628341e-02
8.962500000000000000e+01 1.001148329925159786e+00 8.341886686082183866e-02
8.977500000001528235e+01 9.991948127585355000e-01 8.320877265732913586e-02
8.992500000001462013e+01 9.991986340202879679e-01 8.318549461667701372e-02
9.007499999998532303e+01 9.985423194125246926e-01 8.465050193053903771e-02
9.022499999998467501e+01 9.983709616912663787e-01 8.352387171694730661e-02
9.037500000000000000e+01 9.977251543335010631e-01 8.271377358517047196e-02
9.052500000001533920e+01 9.967384852961065356e-01 8.246109539749400807e-02
9.067500000001489013e+01 9.974603211607234732e-01 8.341751899686553062e-02
9.082499999998505302e+01 9.977721598040951712e-01 8.320554829145192233e-02
9.097499999998460396e+01 9.974438863953392076e-01 8.401363319327000145e-02
9.112500000000000000e+01 9.976409143953282044e-01 8.281279730265668493e-02
9.127500000001541025e+01 9.978448697449009419e-01 8.220854429534729668e-02
9.142500000001514593e+01 9.977030305049806591e-01 8.270975319544431048e-02
9.157499999998479723e+01 9.973996715394795043e-01 8.208029043073294950e-02
9.172499999998454712e+01 9.956103077059474948e-01 8.231401744178602764e-02
9.187500000000000000e+01 9.975929406022473467e-01 8.285250299382258821e-02
9.202500000001548131e+01 9.990800691270769196e-01 8.194079346722452084e-02
9.217500000001541594e+01 9.954882899001052943e-01 8.199066222331369280e-02
9.232499999998454143e+01 9.960031865019610686e-01 8.174968523811236565e-02
9.247499999998447606e+01 9.964416463229197607e-01 8.282538247121545849e-02
9.262500000000000000e+01 9.962272360063072485e-01 8.152519706056618465e-02
9.277500000001553815e+01 9.970616062771532340e-01 8.275716620430605130e-02
9.292500000001565752e+01 9.960602307371465569e-01 8.184983761017665393e-02
9.307499999998428564e+01 9.956995782186977006e-01 8.220687224892611611e-02
9.322499999998441922e+01 9.957554096994036819e-01 8.172343193725403743e-02
9.337500000000000000e+01 9.946330611609409678e-01 8.135696396286823395e-02
9.352500000001559499e+01 9.956844061527171386e-01 8.230239036373501738e-02
9.367500000001591332e+01 9.956816178151511876e-01 8.153210521638255825e-02
9.382499999998402984e+01 9.959608724897437426e-01 8.162169595767157504e-02
9.397499999998436238e+01 9.953008455625727002e-01 8.150047465021280357e-02
9.412500000000000000e+01 9.950035232543527064e-01 8.182622315050232242e-02
9.427500000001566605e+01 9.937790769663221724e-01 8.016963965217180355e-02
9.442500000001615490e+01 9.939610621206209640e-01 8.183569662121481514e-02
9.457499999998380247e+01 9.942069364111230101e-01 8.190873489846960120e-02
9.472499999998429132e+01 9.950313109193149597e-01 8.122414631787563954e-02
9.487500000000000000e+01 9.952482156232437260e-01 8.208124487411902481e-02
9.502500000001572289e+01 9.936593252201464388e-01 8.132141122743107020e-02
9.517500000001639648e+01 9.943756594673565097e-01 8.120162801930533303e-02
9.532499999998356088e+01 9.932276694555262075e-01 8.143501103366482252e-02
9.547499999998423448e+01 9.940490816534346408e-01 8.053816930354801285e-02
9.562500000000000000e+01 9.935697403672831829e-01 8.061428808124877776e-02
9.577500000001577973e+01 9.923358716171302163e-01 8.156612768048865370e-02
9.592500000001662386e+01 9.922774467127438713e-01 8.007338747812089985e-02
9.607499999998331930e+01 9.940353352017283761e-01 8.068447239080371591e-02
9.622499999998417763e+01 9.919214167505030488e-01 8.066500844474265575e-02
9.637500000000000000e+01 9.922421795354802176e-01 8.044072538329857802e-02
9.652500000001585079e+01 9.926225047423556935e-01 8.105660073913570352e-02
9.667500000001686544e+01 9.920309526588448890e-01 8.035959626380861920e-02
9.682499999998309193e+01 9.911043202878194736e-01 8.062536061416226973e-02
9.697499999998412079e+01 9.920303864667728844e-01 8.042891631023479926e-02
9.712500000000000000e+01 9.922805529466099950e-01 7.995607108076827063e-02
9.727500000001590763e+01 9.918308079609842176e-01 8.012806018136185704e-02
9.742500000001709282e+01 9.918566407390932982e-01 7.972232938950729597e-02
9.757499999998287876e+01 9.912685014430000496e-01 7.996391856830428746e-02
9.772499999998406395e+01 9.911124549432704933e-01 8.048719315409957886e-02
9.787500000000000000e+01 9.916440344443496757e-01 7.896759258588760544e-02
9.802500000001595026e+01 9.913551601054385598e-01 8.074493303830615476e-02
9.817500000001732019e+01 9.898539294021252433e-01 8.041261997041994347e-02
9.832499999998263718e+01 9.908311959868185692e-01 7.999510682389245064e-02
9.847499999998402131e+01 9.906310478247702944e-01 7.875866129116561309e-02
9.862500000000000000e+01 9.906647641229882062e-01 7.970826769119133959e-02
9.877500000001600711e+01 9.909764597702200861e-01 7.974238206166596454e-02
9.892500000001753335e+01 9.905819408153404559e-01 7.886946465180641463e-02
9.907499999998242401e+01 9.908833018027179973e-01 7.926326651175280569e-02
9.922499999998395026e+01 9.905946368451359341e-01 8.056648393370539896e-02
9.937500000000000000e+01 9.890108495715339565e-01 8.032890268567446923e-02
9.952500000001606395e+01 9.904556849748794578e-01 7.935426952277173374e-02
9.967500000001776073e+01 9.896916048896622353e-01 7.980819982657258449e-02
9.982499999998221085e+01 9.893472785962995619e-01 7.969816607529257857e-02
9.997499999998389342e+01 9.889241400481703081e-01 7.906558762923465711e-02
1.001250000000000000e+02 9.875480699032271881e-01 7.889842703356889086e-02
1.002750000000161208e+02 9.891867509725646990e-01 7.950939320751357342e-02
1.004250000000179597e+02 9.884177548325240314e-01 7.952467512849915876e-02
1.005749999999819835e+02 9.894840425716563415e-01 7.900820963393558050e-02
1.007249999999838508e+02 9.888523071466734926e-01 7.991454536720792035e-02
1.008750000000000000e+02 9.898076051865828395e-01 7.968776746276522160e-02
1.010250000000161776e+02 9.889246642020943501e-01 7.802028680880293554e-02
1.011750000000181871e+02 9.897782439522325726e-01 7.989163893738050748e-02
1.013249999999817845e+02 9.679538217282722679e-01 7.780784097664959764e-02
1.014749999999837939e+02 9.489088002363466057e-01 7.793438932205849767e-02
1.016250000000000000e+02 9.364352466605172509e-01 7.594219488571408994e-02
1.017750000000162345e+02 9.257530210780172686e-01 7.561996263495945891e-02
1.019250000000184002e+02 9.170238007832025584e-01 7.559165631405417862e-02
1.020749999999815714e+02 9.115013049239026888e-01 7.523220664196569873e-02
1.022249999999837513e+02 9.037741174259251720e-01 7.375205456020833550e-02
1.023750000000000000e+02 8.973054868504857229e-01 7.500846444273311098e-02
1.025250000000162771e+02 8.918201394600012710e-01 7.420593132424876948e-02
1.026750000000185992e+02 8.862749100671553082e-01 7.397338900335136136e-02
1.028249999999813582e+02 8.811817011409902589e-01 7.256563905976821938e-02
1.029749999999836945e+02 8.753556045798058793e-01 7.321090474211582044e-02
1.031250000000000000e+02 8.709732975475139582e-01 7.317608231788527706e-02
1.032750000000163340e+02 8.663590571647313832e-01 7.302013956403970163e-02
1.034250000000187981e+02 8.612568216609000071e-01 7.283190415477652779e-02
1.035749999999811592e+02 8.564855346930511093e-01 7.203845517344549532e-02
1.037249999999836376e+02 8.537295827006919913e-01 7.121466698042631938e-02
1.038750000000000000e+02 8.486241210621904285e-01 7.294095122551420840e-02
1.040250000000163766e+02 8.438439560274781925e-01 7.266644808497410568e-02
1.041750000000189971e+02 8.408785783576380179e-01 7.189480627428643245e-02
1.043249999999809603e+02 8.374716681326386247e-01 7.088117572953094025e-02
1.044749999999835950e+02 8.328087223226425806e-01 7.144529524438489321e-02
1.046250000000000000e+02 8.290915299500732916e-01 6.993318740080275986e-02
1.047750000000164334e+02 8.262542391596120472e-01 6.969730058376367998e-02
1.049250000000191818e+02 8.223042483722305951e-01 7.091110807202120891e-02
1.050749999999807613e+02 8.200500364948296594e-01 7.028548989195483598e-02
1.052249999999839503e+02 8.164588413361085761e-01 7.066830190897165076e-02
1.053750000000000000e+02 8.140881410122304818e-01 6.949521716105000468e-02
1.055250000000157229e+02 8.080758948521410412e-01 6.962684980300931636e-02
1.056750000000193808e+02 8.068473877807427197e-01 6.896833228873765209e-02
1.058249999999805766e+02 8.054827851386213711e-01 6.834875917354094055e-02
1.059749999999847319e+02 8.005544935949878704e-01 6.908058604123813728e-02
1.061250000000000000e+02 7.979523591824922990e-01 6.901827720370504182e-02
1.062750000000149555e+02 7.957798547934704647e-01 6.910696216991873975e-02
1.064250000000195797e+02 7.929088870393863342e-01 6.881738821503440018e-02
1.065749999999803919e+02 7.898555050846570724e-01 6.852079363094226716e-02
1.067249999999854850e+02 7.871705491398467425e-01 6.830590083474286089e-02
1.068750000000000000e+02 7.858422648189592463e-01 6.819669257538620022e-02
1.070250000000141881e+02 7.812370999586377707e-01 6.705369792906788751e-02
1.071750000000197645e+02 7.809324960091862389e-01 6.770564598016590163e-02
1.073249999999802071e+02 7.763517509277285678e-01 6.771693504911405204e-02
1.074749999999862524e+02 7.750857500515583309e-01 6.746870463248985650e-02
1.076250000000000000e+02 7.720373564171904013e-01 6.679652817160580680e-02
1.077750000000134492e+02 7.698401771613971878e-01 6.669158689222216829e-02
1.079250000000199492e+02 7.687288617690695158e-01 6.608140403003172347e-02
1.080749999999800224e+02 7.655152952095539698e-01 6.645905515530570185e-02
1.082249999999869914e+02 7.632857636943785051e-01 6.709942693600633168e-02
1.083750000000000000e+02 7.613935693957007977e-01 6.642743237300595405e-02
1.085250000000127244e+02 7.587496266705934245e-01 6.623410286390804536e-02
1.086750000000201481e+02 7.579527889626657133e-01 6.570535524022040608e-02
1.088249999999798376e+02 7.529932447075280422e-01 6.583643477511677555e-02
1.089749999999877161e+02 7.530693889894070070e-01 6.581275912614963086e-02
1.091250000000000000e+02 7.504514255788033994e-01 6.531324486594634882e-02
1.092750000000119854e+02 7.479884752945703541e-01 6.524953273664382825e-02
1.094250000000203045e+02 7.452973440001078309e-01 6.579915794268821616e-02
1.095749999999796529e+02 7.438939073258047374e-01 6.536604428020074964e-02
1.097249999999884409e+02 7.433289340786385369e-01 6.551076770365270308e-02
1.098750000000000000e+02 7.393789267559290890e-01 6.451720828381665718e-02
1.100250000000112749e+02 7.368176097812252356e-01 6.467797659259402754e-02
1.101750000000204892e+02 7.367124201524271054e-01 6.498683004690945786e-02
1.103249999999794682e+02 7.340226809022077914e-01 6.426405030746423774e-02
1.104749999999891372e+02 7.324047511671545330e-01 6.393839726613553820e-02
1.106250000000000000e+02 7.298162147023659063e-01 6.297934193756804522e-02
1.107750000000105643e+02 7.283734786541590234e-01 6.425270505568918267e-02
1.109250000000206740e+02 7.271227696269983998e-01 6.363950377433327810e-02
1.110749999999792976e+02 7.234546183193236724e-01 6.288340003823771063e-02
1.112249999999898620e+02 7.224563501000719201e-01 6.291075333574898398e-02
1.113750000000000000e+02 7.202208885973058194e-01 6.396380695257426752e-02
1.115250000000098822e+02 7.182461846355614465e-01 6.442093135700832640e-02
1.116750000000208445e+02 7.168176711773529552e-01 6.362861479326632763e-02
1.118249999999791129e+02 7.159365227611307336e-01 6.269890265783417682e-02
1.119749999999905299e+02 7.136976363583014127e-01 6.323190606361329957e-02
1.121250000000000000e+02 7.108744522142573796e-01 6.257506599714422746e-02
1.122750000000091859e+02 7.107930142010719932e-01 6.277585539645889889e-02
1.124250000000210008e+02 7.089713724909106896e-01 6.287673928977845217e-02
1.125749999999789566e+02 7.064672728383272204e-01 6.273655149957045596e-02
1.127249999999912120e+02 7.064516869617579742e-01 6.255972925461635026e-02
1.128750000000000000e+02 7.033428257623098867e-01 6.232999867046828957e-02
1.130250000000085180e+02 7.017520649874958716e-01 6.232339603570629522e-02
1.131750000000211855e+02 6.990008961779098362e-01 6.148349826527396700e-02
1.133249999999787860e+02 6.984134565785237170e-01 6.204379422799730787e-02
1.134749999999919083e+02 6.968632156111689291e-01 6.192913328069928058e-02
1.136250000000000000e+02 6.945780230778239028e-01 6.191407283863890193e-02
1.137750000000078359e+02 6.925911009879959224e-01 6.137284463975244131e-02
1.139250000000213561e+02 6.917669205171573799e-01 6.217188899720360595e-02
1.140749999999786297e+02 6.902523068690111785e-01 6.149451265704275471e-02
1.142249999999925620e+02 6.884203127085400942e-01 6.080507282465580365e-02
1.143750000000000000e+02 6.874267906940478845e-01 6.119470645902883033e-02
1.145250000000071680e+02 6.861389542300606603e-01 6.121336325880017554e-02
1.146750000000215124e+02 6.841128912672905793e-01 6.145861705463361024e-02
1.148249999999784308e+02 6.827320276936588161e-01 6.050097119732100737e-02
1.149749999999932157e+02 6.819561172177037722e-01 6.044782930295833356e-02
1.151250000000000000e+02 6.807121488455479819e-01 6.031195405344039195e-02
1.152750000000065285e+02 6.784730483635398324e-01 5.959330402781834457e-02
1.154250000000216829e+02 6.754452682376590467e-01 6.030730865261888646e-02
1.155749999999783029e+02 6.755219940335190909e-01 6.113111619124282636e-02
1.157249999999938694e+02 6.746632357539563696e-01 6.105425939190792933e-02
1.158750000000000000e+02 6.730261356786323423e-01 6.088529669191124205e-02
1.160250000000058748e+02 6.694663188583412916e-01 5.950986251917140396e-02
1.161750000000218392e+02 6.702780603085287670e-01 6.077928033455568674e-02
1.163249999999781323e+02 6.675382318877837173e-01 5.965065288643482677e-02
1.164749999999945089e+02 6.663542315562779317e-01 6.002730718096977586e-02
1.166250000000000000e+02 6.662484770838505987e-01 5.906681891625228248e-02
1.167750000000052495e+02 6.657441472118470482e-01 5.943307399169652644e-02
1.169250000000220098e+02 6.618092984999184303e-01 5.946500292769515972e-02
1.170749999999779760e+02 6.626111882912072426e-01 5.948544883799711941e-02
1.172249999999951484e+02 6.606405376487218817e-01 5.966716747481595057e-02
1.173750000000000000e+02 6.592189955868267282e-01 5.917186534246812041e-02
1.175250000000046242e+02 6.577171154445877743e-01 5.922272896516408286e-02
1.176750000000221377e+02 6.560427984809674706e-01 5.853395867191359125e-02
1.178249999999778055e+02 6.548837978267036952e-01 5.932703140755343080e-02
1.179749999999957453e+02 6.531587351151608711e-01 5.894266867242278080e-02
1.181250000000000000e+02 6.533275537215972317e-01 5.834785448233232447e-02
1.182750000000039989e+02 6.502887709526119497e-01 5.935009757004199721e-02
1.184250000000223082e+02 6.499868321906574486e-01 5.852671579147884773e-02
1.185749999999776634e+02 6.482528394247305537e-01 5.832002046081723873e-02
1.187249999999963705e+02 6.472215260530066461e-01 5.865071088370038543e-02
1.188750000000000000e+02 6.462261263988009485e-01 5.831887914545353518e-02
1.190250000000033879e+02 6.453177284639989297e-01 5.825314633018530142e-02
1.191750000000224645e+02 6.434501386927748978e-01 5.783377604601197541e-02
1.193249999999775071e+02 6.432333460382049228e-01 5.892507333616386206e-02
1.194749999999969816e+02 6.406254870616914232e-01 5.881926428975906701e-02
1.196250000000000000e+02 6.386168549523431048e-01 5.739215886546182588e-02
1.197750000000027910e+02 6.385229046995185564e-01 5.746272515944059189e-02
1.199250000000226066e+02 6.359406812699101019e-01 5.645368378205130322e-02
1.200749999999773650e+02 6.360042068212345967e-01 5.749584117888896506e-02
1.202249999999975927e+02 6.345707708206651532e-01 5.771752552957715859e-02
1.203750000000000000e+02 6.337445216948545124e-01 5.699931397478300715e-02
1.205250000000021799e+02 6.334121112129612596e-01 5.749298983153769416e-02
1.206750000000227772e+02 6.309142714723166012e-01 5.718726688878651709e-02
1.208249999999772086e+02 6.304863190824284702e-01 5.709077508908834420e-02
1.209749999999981753e+02 6.284970867341090894e-01 5.695893533448373458e-02
1.211250000000000000e+02 6.276995619563733309e-01 5.703272971028174737e-02
1.212750000000015973e+02 6.264360006464002595e-01 5.658417532484227158e-02
1.214250000000229193e+02 6.258790374140870139e-01 5.685288249325546467e-02
1.215749999999770665e+02 6.240940132899509551e-01 5.634808446468819731e-02
1.217249999999987580e+02 6.221651912148722374e-01 5.625781606852086475e-02
1.218750000000000000e+02 6.221462283194867382e-01 5.605754952570779492e-02
1.220250000000010147e+02 6.222519655921724402e-01 5.626443193395976733e-02
1.221750000000230472e+02 6.187556745011252302e-01 5.646376016267923986e-02
1.223249999999769244e+02 6.182420294069277400e-01 5.597673683587013616e-02
1.224749999999993406e+02 6.169972993357181190e-01 5.622135858160469402e-02
1.226250000000000000e+02 6.152717418349940015e-01 5.603125366602601520e-02
1.227750000000004320e+02 6.151702127720539703e-01 5.537636238370993724e-02
1.229250000000231893e+02 6.135794388556576884e-01 5.576900027010325139e-02
1.230749999999767681e+02 6.127162083946575688e-01 5.596434775644146958e-02
1.232249999999999233e+02 6.115265872752426723e-01 5.613054368338119687e-02
1.233750000000000000e+02 6.110795961954205158e-01 5.579264786098342421e-02
1.235249999999998494e+02 6.093875358444855728e-01 5.499994369121816162e-02
1.236750000000233314e+02 6.084375228992841000e-01 5.490158756670682899e-02
1.238249999999766402e+02 6.077750881695594964e-01 5.505296484776171090e-02
1.239750000000004775e+02 6.073200965396758910e-01 5.536660780453929454e-02
1.241250000000000000e+02 6.038699383495758077e-01 5.492799484850845876e-02
1.242749999999992951e+02 6.033934469292617786e-01 5.560488997873517386e-02
1.244250000000234735e+02 6.011707499427050294e-01 5.516032618966779100e-02
1.245749999999764839e+02 6.010079473565109742e-01 5.440998617988989511e-02
1.247250000000010317e+02 6.008016929976340847e-01 5.492793740233635480e-02
1.248750000000000000e+02 5.995776746357990294e-01 5.420287808023203924e-02
1.250249999999987551e+02 5.985843333910956243e-01 5.452549515184011014e-02
1.251750000000236156e+02 5.974653284077772186e-01 5.420561350256294930e-02
1.253249999999763702e+02 5.960375494581177103e-01 5.384905150719459382e-02
1.254750000000015859e+02 5.951376625615111271e-01 5.485659674917459094e-02
1.256250000000000000e+02 5.942769495352169251e-01 5.458167368355081039e-02
1.257749999999982009e+02 5.933348329780824271e-01 5.394767469234177520e-02
1.259250000000237577e+02 5.923006226151532605e-01 5.362247288993927941e-02
1.260749999999762281e+02 5.912235051016948573e-01 5.400884414916284904e-02
1.262250000000021259e+02 5.899358215585478460e-01 5.401118835265336648e-02
1.263750000000000000e+02 5.897652968020761222e-01 5.336254298540807350e-02
1.265249999999976609e+02 5.861490322091912342e-01 5.393080456681924317e-02
1.266750000000238856e+02 5.622635737981674930e-01 5.234828684251342096e-02
1.268249999999760860e+02 5.473252233751176865e-01 5.123969268089906964e-02
1.269750000000026660e+02 5.359551016983287175e-01 5.152120688721360808e-02
1.271250000000000000e+02 5.267838547243247627e-01 5.151348033426290940e-02
1.272749999999971209e+02 5.180347375881786398e-01 4.974812083823276776e-02
1.274250000000240277e+02 5.103455356193545844e-01 4.985940226826746091e-02
1.275749999999759439e+02 5.040578848504733145e-01 4.966939523869939865e-02
1.277250000000031918e+02 4.967023605139015974e-01 4.929129964073329651e-02
1.278750000000000000e+02 4.900463399755448091e-01 4.937981679777570659e-02
1.280249999999965951e+02 4.844776752044314683e-01 4.872805910579797173e-02
1.281750000000241414e+02 4.797434344874733636e-01 4.862371757210121742e-02
1.283249999999758018e+02 4.734842203122573978e-01 4.760734570052758963e-02
1.284750000000037176e+02 4.687068442764237286e-01 4.777643650828826416e-02
1.286250000000000000e+02 4.639889888074311131e-01 4.814610788059581203e-02
1.287749999999960835e+02 4.580086780314811534e-01 4.706721400364231173e-02
1.289250000000242835e+02 4.539748502202186620e-01 4.717346125918570054e-02
1.290749999999756881e+02 4.488732358096824693e-01 4.667574264805034179e-02
1.292250000000042292e+02 4.444984696451673156e-01 4.607898858772362799e-02
1.293750000000000000e+02 4.402606504889956529e-01 4.591932357007187659e-02
1.295249999999955719e+02 4.366237070664712450e-01 4.588782254019971307e-02
1.296750000000243972e+02 4.314504073656229566e-01 4.594542402853581120e-02
1.298249999999755460e+02 4.277962204854326433e-01 4.560517244133658471e-02
1.299750000000047692e+02 4.233148226083676691e-01 4.498066315222126743e-02
1.301250000000000000e+02 4.196484904783772119e-01 4.446798987924318464e-02
1.302749999999950319e+02 4.165444853558621929e-01 4.461991735558071964e-02
1.304250000000245393e+02 4.120630564966617504e-01 4.461248767627656181e-02
1.305749999999754323e+02 4.083948472363881921e-01 4.395519110394598833e-02
1.307250000000052523e+02 4.041931758321898882e-01 4.358220730624812189e-02
1.308750000000000000e+02 4.010289039555981483e-01 4.375334156805390368e-02
1.310249999999945487e+02 3.980196295535248785e-01 4.356034298860362447e-02
1.311750000000246530e+02 3.934690484235445762e-01 4.371151387803828142e-02
1.313249999999753186e+02 3.897712335731903233e-01 4.313047478169122761e-02
1.314750000000057639e+02 3.869935430796652698e-01 4.229287987699444779e-02
1.316250000000000000e+02 3.833101032037482536e-01 4.262680653965743305e-02
1.317749999999940655e+02 3.798930981667134610e-01 4.249339835002796661e-02
1.319250000000247951e+02 3.773038219426524398e-01 4.181204673394232907e-02
1.320749999999751765e+02 3.734107449617429242e-01 4.158002859661397849e-02
1.322250000000062471e+02 3.702547555041458827e-01 4.155434730734380161e-02
1.323750000000000000e+02 3.667027933581821775e-01 4.142058171039337405e-02
1.325249999999935540e+02 3.639490323034647035e-01 4.151865308793034615e-02
1.326750000000249088e+02 3.603530121477837578e-01 4.125976969117611109e-02
1.328249999999750628e+02 3.579282758454420676e-01 4.064407529868130364e-02
1.329750000000067303e+02 3.541363444409927896e-01 4.046941572203818088e-02
1.331250000000000000e+02 3.518534456757997919e-01 4.027607907192536779e-02
1.332749999999930424e+02 3.481358391447758049e-01 4.035568718879584127e-02
1.334250000000250225e+02 3.449118108254655701e-01 3.989524460711918463e-02
1.335749999999749491e+02 3.425796719738372631e-01 3.961445264696452501e-02
1.337250000000072134e+02 3.393578281346499304e-01 3.935392510809643252e-02
1.338750000000000000e+02 3.363103472729844223e-01 3.956438045070630183e-02
1.340249999999925876e+02 3.339023388975055351e-01 3.951819000578916941e-02
1.341750000000251362e+02 3.308851035609935987e-01 3.881190280623077887e-02
1.343249999999748354e+02 3.278755427459564831e-01 3.884467903923631560e-02
1.344750000000077250e+02 3.256378435521357639e-01 3.916939920764372224e-02
1.346250000000000000e+02 3.225675344491411578e-01 3.860777255599168178e-02
1.347749999999921044e+02 3.194662838369625169e-01 3.812725270811669065e-02
1.349250000000252783e+02 3.162494102960521913e-01 3.818428325830963699e-02
1.350749999999746933e+02 3.150173432930953310e-01 3.738328875201780283e-02
1.352250000000081798e+02 3.108685001383759139e-01 3.750522030375814247e-02
1.353750000000000000e+02 3.091785031955865959e-01 3.762546722801355520e-02
1.355249999999916213e+02 3.059510826768935821e-01 3.680156030896435809e-02
1.356750000000253920e+02 3.038139339703126995e-01 3.718385454945453278e-02
1.358249999999746080e+02 3.009424735485469182e-01 3.708897904581665711e-02
1.359750000000086345e+02 2.989394488248700577e-01 3.670064952968617178e-02
1.361250000000000000e+02 2.960492129944575779e-01 3.634203019973814702e-02
1.362749999999911665e+02 2.939734228811119454e-01 3.631718160510084142e-02
1.364250000000255056e+02 2.909065653355503711e-01 3.641216104595051961e-02
1.365749999999744659e+02 2.891346043542964983e-01 3.640454483163501481e-02
1.367250000000091177e+02 2.856527079987224993e-01 3.604583059964336367e-02
1.368750000000000000e+02 2.834729640075936419e-01 3.598030113103815181e-02
1.370249999999907118e+02 2.804924974100683754e-01 3.528692836592935839e-02
1.371750000000256193e+02 2.787195134861817358e-01 3.558364269795132734e-02
1.373249999999743522e+02 2.766835590675543743e-01 3.517186258256532055e-02
1.374750000000095724e+02 2.737536326944381981e-01 3.514537910714492924e-02
1.376250000000000000e+02 2.715297731884431243e-01 3.485237500020427204e-02
1.377749999999902286e+02 2.684927661144674849e-01 3.492331661986176894e-02
1.379250000000257330e+02 2.672428506079964072e-01 3.452895092596715287e-02
1.380749999999742386e+02 2.644679265101088639e-01 3.441458329287426510e-02
1.382250000000100272e+02 2.610924181673473510e-01 3.416892742086864027e-02
1.383750000000000000e+02 2.591655152044709531e-01 3.440779352839458405e-02
1.385249999999898023e+02 2.568693547998588955e-01 3.415107127542180848e-02
1.386750000000258467e+02 2.553767921234365024e-01 3.361088485541776499e-02
1.388249999999741249e+02 2.530163398933735763e-01 3.356066894766512182e-02
1.389750000000104535e+02 2.511299909901604788e-01 3.338940158438342964e-02
1.391250000000000000e+02 2.490163951754979788e-01 3.356540627041650071e-02
1.392749999999893475e+02 2.462552241835668787e-01 3.279711237869761126e-02
1.394250000000259604e+02 2.443380577010794696e-01 3.309917645242515388e-02
1.395749999999740112e+02 2.420219669846843391e-01 3.273908150725306221e-02
1.397250000000109367e+02 2.393914583458752465e-01 3.283944801291378834e-02
1.398750000000000000e+02 2.373992956477787575e-01 3.241021817355906054e-02
1.400249999999889212e+02 2.356304556854063592e-01 3.233905373946693862e-02
1.401750000000260741e+02 2.333335966061202971e-01 3.202877649915826519e-02
1.403249999999738975e+02 2.311576599396672760e-01 3.241288325107636453e-02
1.404750000000113346e+02 2.292803411821275339e-01 3.152278231192374991e-02
1.406250000000000000e+02 2.267844022005096050e-01 3.157078958363960380e-02
1.407749999999884665e+02 2.248706483848353366e-01 3.137991229878036442e-02
1.409250000000261593e+02 2.225604465436531176e-01 3.078786520564501597e-02
1.410749999999738122e+02 2.213351496883163294e-01 3.083472680109793779e-02
1.412250000000117893e+02 2.182738791956529145e-01 3.133931501750374798e-02
1.413750000000000000e+02 2.165702317748850192e-01 3.071337819980863096e-02
1.415249999999880401e+02 2.145402110356756376e-01 3.030781399026397441e-02
1.416750000000263014e+02 2.127092532278465065e-01 3.068523748778704402e-02
1.418249999999736986e+02 2.107642811365384172e-01 3.040936663172733728e-02
1.419750000000122441e+02 2.088012830139054365e-01 3.017651513772445435e-02
1.421250000000000000e+02 2.068238539326203440e-01 3.031062225823678499e-02
1.422749999999876138e+02 2.044225062250155933e-01 2.976345335468515499e-02
1.424250000000264151e+02 2.029035572838000789e-01 2.952138433754174229e-02
1.425749999999735849e+02 2.003747221259589428e-01 2.958117126260745300e-02
1.427250000000126420e+02 1.984576202959120184e-01 2.945611829968187295e-02
1.428750000000000000e+02 1.967750662786673377e-01 2.931080873427058253e-02
1.430249999999871875e+02 1.947928093406104677e-01 2.918793384284320419e-02
1.431750000000265004e+02 1.931689841057845913e-01 2.868700087643685781e-02
1.433249999999734712e+02 1.911722844482784678e-01 2.864600755338051613e-02
1.434750000000130683e+02 1.893843471356961017e-01 2.860052405486671057e-02
1.436250000000000000e+02 1.874404091129358296e-01 2.829630169872981299e-02
1.437749999999867612e+02 1.852836887994948611e-01 2.833568235699729376e-02
1.439250000000266141e+02 1.836384944828073906e-01 2.813204135556707924e-02
1.440749999999733575e+02 1.819133994292545797e-01 2.812716318832059539e-02
1.442250000000134946e+02 1.797996633972205605e-01 2.794749667069537646e-02
1.443750000000000000e+02 1.779733019613979617e-01 2.756499679922760557e-02
1.445249999999863348e+02 1.763751429725157471e-01 2.731304615167243210e-02
1.446750000000266994e+02 1.742446151764292239e-01 2.734345301086545457e-02
1.448249999999732722e+02 1.725303712722841276e-01 2.740703272465683585e-02
1.449750000000139210e+02 1.710988846104026795e-01 2.712692745456052670e-02
1.451250000000000000e+02 1.689609267545580662e-01 2.693156996055723687e-02
1.452749999999859369e+02 1.672193742643100500e-01 2.678338141685466037e-02
1.454250000000268130e+02 1.653137153503704271e-01 2.685253328036354969e-02
1.455749999999731870e+02 1.636002348187958755e-01 2.651028283527376642e-02
1.457250000000142904e+02 1.617720988957352390e-01 2.624534469932179870e-02
1.458750000000000000e+02 1.600407929054865896e-01 2.562289478682529958e-02
1.460249999999855390e+02 1.581998385190566681e-01 2.586076758622991856e-02
1.461750000000269267e+02 1.568150187775168292e-01 2.576802949837325718e-02
1.463249999999730733e+02 1.546362122769669722e-01 2.577931689295777720e-02
1.464750000000146883e+02 1.527583873306191109e-01 2.563212169147863900e-02
1.466250000000000000e+02 1.510558752359532075e-01 2.538674419323614165e-02
1.467749999999851411e+02 1.494600485305805637e-01 2.503037645061046215e-02
1.469250000000270120e+02 1.475911204502865781e-01 2.501217656069635448e-02
1.470749999999729596e+02 1.458174607337510975e-01 2.465686965645433326e-02
1.472250000000150862e+02 1.443919475952032128e-01 2.468425455327191709e-02
1.473750000000000000e+02 1.423944205667909968e-01 2.470548209032389156e-02
1.475249999999847432e+02 1.414908213793017178e-01 2.428896902564336643e-02
1.476750000000270973e+02 1.387490640882729220e-01 2.438501369456401793e-02
1.478249999999728743e+02 1.373624463127251505e-01 2.437578847388099587e-02
1.479750000000154841e+02 1.359969046616454624e-01 2.400236294430129619e-02
1.481250000000000000e+02 1.337566021169193653e-01 2.360527621332333612e-02
1.482749999999843453e+02 1.322592775699875933e-01 2.360230790932606182e-02
1.484250000000272109e+02 1.302394430314524065e-01 2.351504832846267046e-02
1.485749999999727606e+02 1.287838059511376698e-01 2.285224594109029964e-02
1.487250000000158821e+02 1.269879344472454319e-01 2.280471657111202838e-02
1.488750000000000000e+02 1.257360954505571671e-01 2.283778978339875629e-02
1.490249999999839474e+02 1.243450607230142668e-01 2.287430615095225467e-02
1.491750000000273246e+02 1.220526083328091899e-01 2.268244463868496208e-02
1.493249999999726754e+02 1.206474430230524281e-01 2.231279348889830816e-02
1.494750000000162800e+02 1.190634404378128758e-01 2.218606331934671119e-02
1.496250000000000000e+02 1.170860565206238019e-01 2.201873909994548489e-02
1.497749999999835779e+02 1.160350485162512379e-01 2.193136620030772255e-02
1.499250000000274099e+02 1.139799645141582468e-01 2.165766984463299988e-02
1.500749999999725617e+02 1.125563843496572985e-01 2.141659784952636494e-02
1.502250000000166494e+02 1.109992473606985913e-01 2.173351020240693598e-02
1.503750000000000000e+02 1.092617207226086878e-01 2.111386210741788075e-02
1.505249999999831800e+02 1.080074451325072349e-01 2.111762478036186691e-02
1.506750000000274952e+02 1.062217091449887130e-01 2.113275785865905906e-02
1.508249999999724764e+02 1.044903673236240449e-01 2.086625343676883765e-02
1.509750000000170473e+02 1.029860326390851788e-01 2.065894664730918984e-02
1.511250000000000000e+02 1.016568719249534708e-01 2.031029910473958894e-02
1.512749999999828106e+02 1.000228771955308932e-01 2.007766105211243254e-02
1.514250000000275804e+02 9.812687826691179893e-02 2.010005934270478467e-02
1.515749999999723912e+02 9.626200065169544795e-02 2.005524530660276680e-02
1.517250000000174168e+02 9.520117535057004421e-02 1.977194039229529521e-02
1.518750000000000000e+02 9.331183164538454922e-02 1.946862056173115363e-02
1.520249999999824411e+02 9.239699708376802878e-02 1.971244202206209190e-02
1.521750000000276941e+02 9.052777256078116397e-02 1.938903515700190344e-02
1.523249999999722775e+02 8.901296985672625672e-02 1.894995188539976352e-02
1.524750000000177863e+02 8.757782233567557029e-02 1.904902968442387032e-02
1.526250000000000000e+02 8.597252935937967078e-02 1.878655792722855669e-02
1.527749999999820716e+02 8.461394951674418297e-02 1.856246173859612061e-02
1.529250000000277794e+02 8.300320442901754081e-02 1.859348332044405763e-02
1.530749999999721922e+02 8.153727797105729536e-02 1.825033720821953032e-02
1.532250000000181558e+02 7.989331812335426219e-02 1.802521032964494313e-02
1.533750000000000000e+02 7.845379100236389569e-02 1.787421197261260600e-02
1.535249999999817021e+02 7.724389025360511862e-02 1.767709934285102355e-02
1.536750000000278646e+02 7.559666473247179941e-02 1.743167672762857903e-02
1.538249999999721069e+02 7.410138652875866705e-02 1.734787392928715741e-02
1.539750000000185253e+02 7.253309387623377291e-02 1.704892114015059065e-02
1.541250000000000000e+02 7.108979105399379494e-02 1.686865296217992388e-02
1.542749999999813326e+02 6.955355110618993697e-02 1.659643984371007158e-02
1.544250000000279783e+02 6.798814066690224422e-02 1.655136644091141293e-02
1.545749999999720217e+02 6.647375066075916772e-02 1.631424277695490629e-02
1.547250000000188948e+02 6.534334560262326785e-02 1.631293301135405827e-02
1.548750000000000000e+02 6.393915776836305020e-02 1.605313936969306882e-02
1.550249999999809631e+02 6.271567943860058281e-02 1.589931894226728759e-02
1.551750000000280636e+02 6.066419923422744498e-02 1.580849921944103842e-02
1.553249999999719080e+02 5.969106959341922980e-02 1.562314597114840102e-02
1.554750000000192358e+02 5.809238194808124395e-02 1.543330929386435568e-02
1.556250000000000000e+02 5.659007376101097414e-02 1.501232741199514352e-02
1.557749999999806221e+02 5.522905827935226108e-02 1.499973852596251690e-02
1.559250000000281489e+02 5.392911217833228771e-02 1.485796231154282339e-02
1.560749999999718511e+02 5.279235062624408614e-02 1.450676233531248208e-02
1.562250000000196053e+02 5.124980455505443594e-02 1.430570084944064041e-02
1.563750000000000000e+02 4.953255642145806131e-02 1.406597823801378211e-02
1.565249999999802810e+02 4.822578514077838913e-02 1.389945643544310445e-02
1.566750000000282341e+02 4.686494979019670964e-02 1.357784955631930607e-02
1.568249999999717659e+02 4.543056652565417852e-02 1.350888292111337985e-02
1.569750000000199748e+02 4.397610104621250959e-02 1.319099128341841634e-02
1.571250000000000000e+02 4.283403598026032377e-02 1.306341629842270625e-02
1.572749999999799115e+02 4.140440408467444683e-02 1.273118097240799607e-02
1.574250000000283194e+02 4.008889233770595445e-02 1.269436014573546885e-02
1.575749999999716522e+02 3.847911259550703539e-02 1.240417997306109826e-02
1.577250000000202874e+02 3.743628421185902361e-02 1.219888141188299989e-02
1.578750000000000000e+02 3.586791541189526811e-02 1.189470801209298843e-02
1.580249999999795705e+02 3.453640219014951496e-02 1.176697921153353060e-02
1.581750000000284047e+02 3.337311962486058659e-02 1.149214760492167989e-02
1.583249999999715669e+02 3.176263926696597933e-02 1.122354095952904363e-02
1.584750000000206569e+02 3.062084241642335988e-02 1.100593713355495565e-02
1.586250000000000000e+02 2.930566738133290328e-02 1.062632675241613305e-02
1.587749999999792294e+02 2.787104841601616145e-02 1.047862260102170283e-02
1.589250000000284899e+02 2.668632470627037984e-02 1.014065000113840292e-02
1.590749999999715101e+02 2.529836948875043359e-02 9.976024447718521981e-03
1.592250000000209980e+02 2.391776640530240625e-02 9.581305383101541839e-03
1.593750000000000000e+02 2.271013544590063868e-02 9.295978854243103218e-03
1.595249999999788884e+02 2.129043306266446486e-02 9.050389723560002542e-03
1.596750000000285752e+02 2.015445825814779143e-02 8.918861291810114417e-03
1.598249999999713964e+02 1.903438026976759026e-02 8.637342322163166913e-03
1.599750000000213390e+02 1.766848060363955183e-02 8.313471921196561101e-03
1.601250000000000000e+02 1.642368572403871824e-02 7.994348873770183023e-03
1.602749999999785473e+02 1.500513733574549910e-02 7.646411387180730712e-03
1.604250000000286605e+02 1.383686019917913616e-02 7.264079540911660623e-03
1.605749999999713395e+02 1.250127418543789913e-02 6.840501809280140864e-03
1.607250000000216517e+02 1.125187010966274131e-02 6.561160997434859442e-03
1.608750000000000000e+02 1.000049816435757445e-02 6.233139654624420163e-03
1.610249999999782062e+02 8.760435461708763680e-03 5.786200797841868984e-03
1.611750000000287457e+02 7.452094858238275839e-03 5.387232105296460398e-03
1.613249999999712543e+02 6.231123461963894959e-03 4.836179496336146140e-03
1.614750000000219927e+02 4.984783459256425867e-03 4.315190718285700014e-03
1.616250000000000000e+02 3.748923590927837838e-03 3.760593220950886068e-03
1.617749999999778652e+02 2.623755935781308963e-03 3.187342008972330817e-03
1.619250000000288310e+02 1.361319147337581529e-03 2.317219114804446034e-03
1.620749999999711406e+02 2.004991822681981804e-04 8.760832955245951865e-04
