# Radius RDF_mean RDF_std
7.500000000000896228e-02 1.676126626234332190e-03 8.379375941907440950e-02
2.249999999999577616e-01 3.491930471321525939e-03 6.975475275088090232e-02
3.750000000000000000e-01 4.776960884767849497e-03 6.309498117910256054e-02
5.249999999999700462e-01 3.352253252468666983e-03 4.467300850627344000e-02
6.750000000001169509e-01 4.888702659850131110e-03 4.791473800928204574e-02
8.249999999998777200e-01 5.371223961341847764e-03 4.587520113858173376e-02
9.750000000001839418e-01 6.188775235326735187e-03 4.539435482100494940e-02
1.125000000000000000e+00 7.849859699530795099e-03 4.717147635330300876e-02
1.274999999999773648e+00 9.662377021821426382e-03 4.958512610823644778e-02
1.424999999999764455e+00 1.239451531504851163e-02 5.193186319609644636e-02
1.575000000000282396e+00 1.462620020273525979e-02 5.410963289276752436e-02
1.725000000000170397e+00 1.761754834313727577e-02 5.631915879592074708e-02
1.875000000000000000e+00 2.343225023475645902e-02 6.286524686421836317e-02
2.025000000000070521e+00 2.722153798532438163e-02 6.589126755215757303e-02
2.174999999999594813e+00 3.287231098864627082e-02 6.953315478651664328e-02
2.325000000000426059e+00 4.210592290903081292e-02 7.539475257744833459e-02
2.474999999999678124e+00 5.115995588710994801e-02 8.015075807835470023e-02
2.625000000000000000e+00 6.311813981076845603e-02 8.556148408083991130e-02
2.775000000000444444e+00 7.889120323207866881e-02 9.508211521720130732e-02
2.924999999999512212e+00 9.665663544617242309e-02 1.018448319116101453e-01
3.075000000000499334e+00 1.211614704512605500e-01 1.108581909658969689e-01
3.224999999999414779e+00 1.518453784301318499e-01 1.216051991055633053e-01
3.375000000000000000e+00 1.863852808372474246e-01 1.328297467416489630e-01
3.525000000000659384e+00 2.398020099246031545e-01 1.455998092993530391e-01
3.674999999999857714e+00 3.065344842722932950e-01 1.625110413667219533e-01
3.825000000000022382e+00 4.131816459807349795e-01 1.834169307700728446e-01
3.974999999999250466e+00 5.766903407743187993e-01 2.126569986655320044e-01
4.125000000000000000e+00 7.482762572527531519e-01 2.384739536591130027e-01
4.275000000000798828e+00 8.715637913441542928e-01 2.516134866227186517e-01
4.425000000000374634e+00 9.007973236660270500e-01 2.519355248488954757e-01
4.574999999999541878e+00 8.704111831292192791e-01 2.458805865403044244e-01
4.724999999999138112e+00 8.122828892945561652e-01 2.294937121519598777e-01
4.875000000000000000e+00 7.543472347776634113e-01 2.178189206538247158e-01
5.025000000000897415e+00 7.031726449283243197e-01 2.073322085063659115e-01
5.175000000000743228e+00 6.640680088843258222e-01 2.029931499009304807e-01
5.324999999999196376e+00 6.372763273738626388e-01 1.943278894095364639e-01
5.474999999999057287e+00 6.105004228074563111e-01 1.881476661791729732e-01
5.625000000000000000e+00 5.997963261091920906e-01 1.828846430217673791e-01
5.775000000000969358e+00 6.006954846006119508e-01 1.828392643131035722e-01
5.925000000001017675e+00 6.049438029178190179e-01 1.800627509883428734e-01
6.074999999998936140e+00 6.188838905854019412e-01 1.795100495288279030e-01
6.224999999998995115e+00 6.329447929446583299e-01 1.806629312319249780e-01
6.375000000000000000e+00 6.496617505442479068e-01 1.826140470985404551e-01
6.525000000001025313e+00 6.751515113765045317e-01 1.823355889901130955e-01
6.675000000001229949e+00 6.988647633850219032e-01 1.813583335774062999e-01
6.824999999998733635e+00 7.199838760937529170e-01 1.843694295456859145e-01
6.974999999999387690e+00 7.380183786847283045e-01 1.843625891499345304e-01
7.125000000000000000e+00 7.489021983205867983e-01 1.833278337903048172e-01
7.275000000000346745e+00 7.576394744558058170e-01 1.825912490258671528e-01
7.425000000001398703e+00 7.567669391018038150e-01 1.793836408465444843e-01
7.574999999998571099e+00 7.596214167750595658e-01 1.789536063972732571e-01
7.725000000000012079e+00 7.644439261551719822e-01 1.771022800153167764e-01
7.875000000000000000e+00 7.640703041242714599e-01 1.780157752612377409e-01
8.024999999999771205e+00 7.687625262530597414e-01 1.761288101148584806e-01
8.175000000001539036e+00 7.825666067494846390e-01 1.766388798298820506e-01
8.324999999998437872e+00 7.855899795480350001e-01 1.743290386292353500e-01
8.475000000000525446e+00 7.923295306363159485e-01 1.740422815602778173e-01
8.625000000000000000e+00 8.000006636874910093e-01 1.717040528222920914e-01
8.774999999999291589e+00 8.041396562716641716e-01 1.693992956339727129e-01
8.925000000001652722e+00 8.067767898522694159e-01 1.697140261485031443e-01
9.074999999998325961e+00 8.020265906531300892e-01 1.692191895481807984e-01
9.225000000000957101e+00 7.989570985996740093e-01 1.679334009806984773e-01
9.375000000000000000e+00 7.950974831802670728e-01 1.653603304996072998e-01
9.524999999998890132e+00 7.917454674890702648e-01 1.614147011340158477e-01
9.675000000001750422e+00 7.868180153352392070e-01 1.589919572354889787e-01
9.824999999998231814e+00 7.815708086402061161e-01 1.590993349703203052e-01
9.975000000001321254e+00 7.826597666466158509e-01 1.597421927599433078e-01
1.012500000000000000e+01 7.803642059781491502e-01 1.580638734050222316e-01
1.027499999999854730e+01 7.821547025315227497e-01 1.569370462900865348e-01
1.042500000000183391e+01 7.875895935073444765e-01 1.566673997929674544e-01
1.057499999999815010e+01 7.912238951099026529e-01 1.531511767765759702e-01
1.072500000000163745e+01 7.972091917483616896e-01 1.572382780150844428e-01
1.087500000000000000e+01 8.049164641466317605e-01 1.548886856949598378e-01
1.102499999999824887e+01 8.138022353690707034e-01 1.549225324533257120e-01
1.117500000000190674e+01 8.216648326514309764e-01 1.540649194482493212e-01
1.132499999999808082e+01 8.294412511507349706e-01 1.528497886345958623e-01
1.147500000000190923e+01 8.349904143024228231e-01 1.530472413810934351e-01
1.162500000000000000e+01 8.416805025137878982e-01 1.519028836377357972e-01
1.177499999999798952e+01 8.498869452098768429e-01 1.532025105789620034e-01
1.192500000000196891e+01 8.554228195432740378e-01 1.527797800474947898e-01
1.207499999999801865e+01 8.584917570446586321e-01 1.494572678992665271e-01
1.222500000000215081e+01 8.637527814852049568e-01 1.511202588831599969e-01
1.237500000000000000e+01 8.680558213835929404e-01 1.516177925381591851e-01
1.252499999999776215e+01 8.720901891327095257e-01 1.527776589340979485e-01
1.267500000000202398e+01 8.743157501027117862e-01 1.504922520969186883e-01
1.282499999999796536e+01 8.758545774881899559e-01 1.503683811559460848e-01
1.297500000000236220e+01 8.826792848732941676e-01 1.507819896176169350e-01
1.312500000000000000e+01 8.827751881053038652e-01 1.459837651078564613e-01
1.327499999999756142e+01 8.835483708429217042e-01 1.465034438158465957e-01
1.342500000000173088e+01 8.870057424114097255e-01 1.470145594380548593e-01
1.357499999999841833e+01 8.867659040509908719e-01 1.466675793774068481e-01
1.372500000000255049e+01 8.879051823429122692e-01 1.464525994011401933e-01
1.387500000000000000e+01 8.927752572478298010e-01 1.456513894948462950e-01
1.402499999999738023e+01 8.894607949700246152e-01 1.418163031281476638e-01
1.417500000000102034e+01 8.941049172590870286e-01 1.459465101724531089e-01
1.432499999999911111e+01 8.931319707678249120e-01 1.438214897089093447e-01
1.447500000000271925e+01 8.955119018867744307e-01 1.430332611540879595e-01
1.462500000000000000e+01 8.956726448129516127e-01 1.427878845074545822e-01
1.477499999999721680e+01 8.996375689245654783e-01 1.405098187789688424e-01
1.492500000000038618e+01 9.046788180763900566e-01 1.414428424096317860e-01
1.507499999999973639e+01 9.049353451939473603e-01 1.408812547661707493e-01
1.522500000000287201e+01 9.120874226533538520e-01 1.420409749706766922e-01
1.537500000000000000e+01 9.095869067495608862e-01 1.385565880712836262e-01
1.552499999999706937e+01 9.151772837690462792e-01 1.397524292645634936e-01
1.567499999999980886e+01 9.191649855547336934e-01 1.386152623750039892e-01
1.582500000000029772e+01 9.208349738456276246e-01 1.382231087654946233e-01
1.597500000000300879e+01 9.253537057611341821e-01 1.385685223580360170e-01
1.612500000000000000e+01 9.289249681346697374e-01 1.371684298502144073e-01
1.627499999999693969e+01 9.304240694913418208e-01 1.383789200145565113e-01
1.642499999999928662e+01 9.357397835996327240e-01 1.383811520864886291e-01
1.657500000000081286e+01 9.372790121793541651e-01 1.381840460998773334e-01
1.672500000000313847e+01 9.391119515166623799e-01 1.378046220218760998e-01
1.687500000000000000e+01 9.428882723218583450e-01 1.359038671837893841e-01
1.702499999999681535e+01 9.427916919858700950e-01 1.356926418459389605e-01
1.717499999999880700e+01 9.498788914461043786e-01 1.348190513660672274e-01
1.732500000000128182e+01 9.470804754368891132e-01 1.334635016315513512e-01
1.747500000000325215e+01 9.493602792020805481e-01 1.330669986995685061e-01
1.762500000000000000e+01 9.493545548722890359e-01 1.326961099491987539e-01
1.777499999999670521e+01 9.521654563914488945e-01 1.330853449104519304e-01
1.792499999999837357e+01 9.543980725633054440e-01 1.310678400329097215e-01
1.807500000000171170e+01 9.561919884142274784e-01 1.317701408101736305e-01
1.822500000000335874e+01 9.561871300139653806e-01 1.317961485702488500e-01
1.837500000000000000e+01 9.580243798900764940e-01 1.311283752845451289e-01
1.852499999999660218e+01 9.587257688772053976e-01 1.320336190859200676e-01
1.867499999999797211e+01 9.600234023304776709e-01 1.290242516771249459e-01
1.882500000000210960e+01 9.632135447264034145e-01 1.291683414594082813e-01
1.897500000000345466e+01 9.654671554786385945e-01 1.310027821834042483e-01
1.912500000000000000e+01 9.643528813583349679e-01 1.276659299943167236e-01
1.927499999999650626e+01 9.662918914441968044e-01 1.287644282359124703e-01
1.942499999999759908e+01 9.699806265566244257e-01 1.298223744241309707e-01
1.957500000000247198e+01 9.690404072692927473e-01 1.269822068453018704e-01
1.972500000000354348e+01 9.727620747475007601e-01 1.276951130438511162e-01
1.987500000000000000e+01 9.742739015232517730e-01 1.276371584306900397e-01
2.002499999999642100e+01 9.767376809268127902e-01 1.281877170444518654e-01
2.017499999999725446e+01 9.773235772981337943e-01 1.265050864953574938e-01
2.032500000000281304e+01 9.814448130471146170e-01 1.263322340305054192e-01
2.047500000000362874e+01 9.812907891921078818e-01 1.254019830663617996e-01
2.062500000000000000e+01 9.843449787945638407e-01 1.254096795120035468e-01
2.077499999999633928e+01 9.851373735704476164e-01 1.253715042142918568e-01
2.092499999999693472e+01 9.851043750241870178e-01 1.233935505759936324e-01
2.107500000000312212e+01 9.878127009579787954e-01 1.253926479461243415e-01
2.122500000000370690e+01 9.885815571011242753e-01 1.238460809203677376e-01
2.137500000000000000e+01 9.909392940083731061e-01 1.233150327198854063e-01
2.152499999999626468e+01 9.906229569980200544e-01 1.216470958034935740e-01
2.167499999999663984e+01 9.963325847549138192e-01 1.251385953203317525e-01
2.182500000000341700e+01 9.936651748905640513e-01 1.226599107375581088e-01
2.197500000000377796e+01 9.952817024304636551e-01 1.209390805971401889e-01
2.212500000000000000e+01 9.958805781011971225e-01 1.206492691924440086e-01
2.227499999999619718e+01 9.972798229184637320e-01 1.207474469348627372e-01
2.242499999999636273e+01 9.976527107446121478e-01 1.190086204196784264e-01
2.257500000000369056e+01 9.987334147065101142e-01 1.210334764973374777e-01
2.272500000000384546e+01 9.986354141447579824e-01 1.197065397947579268e-01
2.287500000000000000e+01 9.999867623313969389e-01 1.203352775693311283e-01
2.302499999999612967e+01 1.003037577720639062e+00 1.185627537316519264e-01
2.317499999999610338e+01 1.003222809828898443e+00 1.170476887486747303e-01
2.332500000000394635e+01 1.003460901646127112e+00 1.179812491169178884e-01
2.347500000000390941e+01 1.007041510212457025e+00 1.181466119690056105e-01
2.362500000000000000e+01 1.006273262133601687e+00 1.176132565399408414e-01
2.377499999999606928e+01 1.006979336035140893e+00 1.165350521889071400e-01
2.392499999999586180e+01 1.009058441306859955e+00 1.180376888225698750e-01
2.407500000000418439e+01 1.008323315925950592e+00 1.162092699725761069e-01
2.422500000000396625e+01 1.009534180528845360e+00 1.165098640005288594e-01
2.437500000000000000e+01 1.010102239362029142e+00 1.153382803939072832e-01
2.452499999999600888e+01 1.011275878918459714e+00 1.163421807449149664e-01
2.467499999999563087e+01 1.013619746080891115e+00 1.151793599356571718e-01
2.482500000000441176e+01 1.013375524185287535e+00 1.143949634625066603e-01
2.497500000000402309e+01 1.015064549883513578e+00 1.155367620578071075e-01
2.512500000000000000e+01 1.012473044462209648e+00 1.127133393814660905e-01
2.527499999999595559e+01 1.016749850913637232e+00 1.139960524065283670e-01
2.542499999999541771e+01 1.015285273965042867e+00 1.130695624755060635e-01
2.557500000000462137e+01 1.018149847722201962e+00 1.137402517225983289e-01
2.572500000000407638e+01 1.018592657095698684e+00 1.122323347917658087e-01
2.587500000000000000e+01 1.019693495590871413e+00 1.113156934905471379e-01
2.602499999999590585e+01 1.021821374150363448e+00 1.117398348586952361e-01
2.617499999999521521e+01 1.019403164650161120e+00 1.103432734136983173e-01
2.632500000000482032e+01 1.018269608062650988e+00 1.100351199024671711e-01
2.647500000000383480e+01 1.019013765239461300e+00 1.100346063174831163e-01
2.662500000000000000e+01 1.021520093841969956e+00 1.120998844224619789e-01
2.677499999999647073e+01 1.020866753609453115e+00 1.103067531365306553e-01
2.692499999999502691e+01 1.023399030540558252e+00 1.083909026138258069e-01
2.707500000000501217e+01 1.023640942357099792e+00 1.091962444296067092e-01
2.722500000000308873e+01 1.022617321723119366e+00 1.086619193193420763e-01
2.737500000000000000e+01 1.020842625644150514e+00 1.082903836567724182e-01
2.752499999999719549e+01 1.023960370694644961e+00 1.092230225454707271e-01
2.767499999999484928e+01 1.024193995316468486e+00 1.074326884698722784e-01
2.782500000000518625e+01 1.022296058830242327e+00 1.076365100854088652e-01
2.797500000000238529e+01 1.023015797775398639e+00 1.066208598984187822e-01
2.812500000000000000e+01 1.023942403713306026e+00 1.062717200079080354e-01
2.827499999999788827e+01 1.024409024917358302e+00 1.081005191487154349e-01
2.842499999999467164e+01 1.025342822988238867e+00 1.076930538780386803e-01
2.857500000000536033e+01 1.025152699115916333e+00 1.050607271547490118e-01
2.872500000000171028e+01 1.025959077257415641e+00 1.053988595331615263e-01
2.887500000000000000e+01 1.026462122693730050e+00 1.048990738947298135e-01
2.902499999999854552e+01 1.025828474944400881e+00 1.040978576440089870e-01
2.917499999999451177e+01 1.028612842226720669e+00 1.053785594620768179e-01
2.932500000000552021e+01 1.027543855413436402e+00 1.050292482471589378e-01
2.947500000000107434e+01 1.027239579359557453e+00 1.029166728671040004e-01
2.962500000000000000e+01 1.027492142872560743e+00 1.038335570072178582e-01
2.977499999999917080e+01 1.029657885737241818e+00 1.044321956016570213e-01
2.992499999999435900e+01 1.027748126933310857e+00 1.049978641891498726e-01
3.007500000000566942e+01 1.028538802707793964e+00 1.027991222285488809e-01
3.022500000000047393e+01 1.030078590995617382e+00 1.034119581308573232e-01
3.037500000000000000e+01 1.030434021443791037e+00 1.028105143476685107e-01
3.052499999999976410e+01 1.028823613908682821e+00 1.027958530564615780e-01
3.067499999999420623e+01 1.030419334023104261e+00 1.022819810055225070e-01
3.082500000000581508e+01 1.028928664283494943e+00 1.023577699917593981e-01
3.097499999999989839e+01 1.030013293769332261e+00 1.033151983496585075e-01
3.112500000000000000e+01 1.031274266239574633e+00 1.019030709330052131e-01
3.127500000000032898e+01 1.029873295380716591e+00 1.015569992398052956e-01
3.142499999999406768e+01 1.029751794595011649e+00 1.019075723672912548e-01
3.157500000000595364e+01 1.031665891693136272e+00 1.012226668411038005e-01
3.172499999999935127e+01 1.030804997092662711e+00 1.013307505017062987e-01
3.187500000000000000e+01 1.030643360773609407e+00 9.950172236261499437e-02
3.202500000000086544e+01 1.030278138808339072e+00 1.015740433688915867e-01
3.217499999999394333e+01 1.030808107496453685e+00 9.961186143635245016e-02
3.232500000000609219e+01 1.032456084742676916e+00 1.002233691817042832e-01
3.247499999999882903e+01 1.032395292224632000e+00 9.954621104254500474e-02
3.262500000000000000e+01 1.030773563740548848e+00 9.997999098464178946e-02
3.277500000000137703e+01 1.031797853058601167e+00 9.840929704750228657e-02
3.292499999999381544e+01 1.032004336066011385e+00 9.863932543688096188e-02
3.307500000000621299e+01 1.032641280460500743e+00 9.832328954964444923e-02
3.322499999999832454e+01 1.033539216163277707e+00 9.880464512039825731e-02
3.337500000000000000e+01 1.031276455845902662e+00 9.879879113476727759e-02
3.352500000000186731e+01 1.032246519976625088e+00 9.897453829808124104e-02
3.367499999999368754e+01 1.032199093066650697e+00 9.824587774933955797e-02
3.382500000000633378e+01 1.032623148989314066e+00 9.838303223683846077e-02
3.397499999999784848e+01 1.033143362075808147e+00 9.864934878931852502e-02
3.412500000000000000e+01 1.031468985861999421e+00 9.643329080789560248e-02
3.427500000000233626e+01 1.031854909715228086e+00 9.463978582710973197e-02
3.442499999999357385e+01 1.032488524222357151e+00 9.735917321368796340e-02
3.457500000000644746e+01 1.030861505328286354e+00 9.634141459011881514e-02
3.472499999999739373e+01 1.029663049229626592e+00 9.622521419481104565e-02
3.487500000000000000e+01 1.032297552510586192e+00 9.597533698564930660e-02
3.502500000000278391e+01 1.031205501848524664e+00 9.520886247757484599e-02
3.517499999999346016e+01 1.032134831769018435e+00 9.554566641207690170e-02
3.532500000000656115e+01 1.032290268746870021e+00 9.625118480497771301e-02
3.547499999999695319e+01 1.032222915741530800e+00 9.411727610049434867e-02
3.562500000000000000e+01 1.031168097381805815e+00 9.536225360099595538e-02
3.577500000000321734e+01 1.031543493893680941e+00 9.495660598212918302e-02
3.592499999999336069e+01 1.032553488509082795e+00 9.578823113009218848e-02
3.607500000000666773e+01 1.031183765561874965e+00 9.531072264830012242e-02
3.622499999999653397e+01 1.032116613001331507e+00 9.392548710136770784e-02
3.637500000000000000e+01 1.031690497759116587e+00 9.332858091401442791e-02
3.652500000000362235e+01 1.031791026681488255e+00 9.338839171225225833e-02
3.667499999999325411e+01 1.032322618669737402e+00 9.366762872321947320e-02
3.682500000000676721e+01 1.031265923239401694e+00 9.315890121621396569e-02
3.697499999999613607e+01 1.031293854297744783e+00 9.391527258615656182e-02
3.712500000000000000e+01 1.031440920183053445e+00 9.218639494270457202e-02
3.727500000000402736e+01 1.033096834022799504e+00 9.308067762185182059e-02
3.742499999999315463e+01 1.032023745793143821e+00 9.290500217202564415e-02
3.757500000000686668e+01 1.030917405607422621e+00 9.320262006425707180e-02
3.772499999999575238e+01 1.029584105982314091e+00 9.148792838255440096e-02
3.787500000000000000e+01 1.031387094374515589e+00 9.202718271303819697e-02
3.802500000000440394e+01 1.032922124833519195e+00 9.202576781318591581e-02
3.817499999999306226e+01 1.030290998395007041e+00 9.223310050963676177e-02
3.832500000000695906e+01 1.031013860586000197e+00 9.138307360061964646e-02
3.847499999999537579e+01 1.031113566088674771e+00 9.091608674796725076e-02
3.862500000000000000e+01 1.031216565448107358e+00 9.091147601408691714e-02
3.877500000000476632e+01 1.029322491369425441e+00 9.240166486551168457e-02
3.892499999999297700e+01 1.028602416818887644e+00 9.151906117730281010e-02
3.907500000000705143e+01 1.030016808857857624e+00 9.040151246001566776e-02
3.922499999999502052e+01 1.028916609128351256e+00 9.017991101319201841e-02
3.937500000000000000e+01 1.030304661124257004e+00 9.136430419813625081e-02
3.952500000000512159e+01 1.028578003831403631e+00 8.988914714947596196e-02
3.967499999999288463e+01 1.030341018693191391e+00 8.931493661892149494e-02
3.982500000000712959e+01 1.027724458761783088e+00 9.025187961410284510e-02
3.997499999999467946e+01 1.029083571504906480e+00 8.992351813801006954e-02
4.012500000000000000e+01 1.028735248639174538e+00 8.951820719382019842e-02
4.027500000000545555e+01 1.029512400345615974e+00 8.982736395123896989e-02
4.042499999999279936e+01 1.028528360795402108e+00 9.031322001192820803e-02
4.057500000000721485e+01 1.026507503288011769e+00 8.793155873168338743e-02
4.072499999999434550e+01 1.028145487239700895e+00 8.867984787881198760e-02
4.087500000000000000e+01 1.029512341642674800e+00 8.839130610233025820e-02
4.102500000000578240e+01 1.027886951700855311e+00 8.817563373191901477e-02
4.117499999999272120e+01 1.026132963826369870e+00 8.943630583215304852e-02
4.132500000000730012e+01 1.027898342412644217e+00 8.783034563539227069e-02
4.147499999999402576e+01 1.026595733379427555e+00 8.719500261954593601e-02
4.162500000000000000e+01 1.027208917803763111e+00 8.791085556364909570e-02
4.177500000000609504e+01 1.026405629773772699e+00 8.850333087427827983e-02
4.192499999999264304e+01 1.026812712091192292e+00 8.800677022125862059e-02
4.207500000000737828e+01 1.027088418697047700e+00 8.721736406377487982e-02
4.222499999999372022e+01 1.025357066494374525e+00 8.768707290273827781e-02
4.237500000000000000e+01 1.025506185356647171e+00 8.672127461906517509e-02
4.252500000000640057e+01 1.022746157756812879e+00 8.654783745398138273e-02
4.267499999999256488e+01 1.025526587871598228e+00 8.637973980116096795e-02
4.282500000000744933e+01 1.023488857351186221e+00 8.658726166532951241e-02
4.297499999999342180e+01 1.024807366957407151e+00 8.575296687722930300e-02
4.312500000000000000e+01 1.024409970166952233e+00 8.703818421748504841e-02
4.327500000000669900e+01 1.024920204279840874e+00 8.609621186162665085e-02
4.342499999999249383e+01 1.024104684035258783e+00 8.673505743067821960e-02
4.357500000000752038e+01 1.024053506963955362e+00 8.613867545441129814e-02
4.372499999999313758e+01 1.022495460809434764e+00 8.475126583122456758e-02
4.387500000000000000e+01 1.023111990414011130e+00 8.481884769734569784e-02
4.402500000000697611e+01 1.022069607755694998e+00 8.628574366635356763e-02
4.417499999999242277e+01 1.023774017015966376e+00 8.540351305563116668e-02
4.432500000000759144e+01 1.022576210200389468e+00 8.432830913275989049e-02
4.447499999999286047e+01 1.023337488765939884e+00 8.482565422479834694e-02
4.462500000000000000e+01 1.023662645502793511e+00 8.505009404466602752e-02
4.477500000000724611e+01 1.021932579086592519e+00 8.561499157089567935e-02
4.492499999999235882e+01 1.021607573314011530e+00 8.505892697409074554e-02
4.507500000000766249e+01 1.021660534406583887e+00 8.458974996215821995e-02
4.522499999999259757e+01 1.021313570048298702e+00 8.326814583072250642e-02
4.537500000000000000e+01 1.019328788987023282e+00 8.501243897766111446e-02
4.552500000000750902e+01 1.021043461254043105e+00 8.435747188259665186e-02
4.567499999999228777e+01 1.019920987868241813e+00 8.374000526907303399e-02
4.582500000000772644e+01 1.020564972899178580e+00 8.399315774412713376e-02
4.597499999999233466e+01 1.020846562288737713e+00 8.491551747337772182e-02
4.612500000000000000e+01 1.021061591735309193e+00 8.377408570610990479e-02
4.627500000000776481e+01 1.021031414565214623e+00 8.351320747018650681e-02
4.642499999999223093e+01 1.020371192542816052e+00 8.344731378879705064e-02
4.657500000000779039e+01 1.019141669361021574e+00 8.437359541068356616e-02
4.672499999999207887e+01 1.020276841231075871e+00 8.360999548909969770e-02
4.687500000000000000e+01 1.019009898277613679e+00 8.370621056548854799e-02
4.702500000000801350e+01 1.018955336212399088e+00 8.304990423992496262e-02
4.717499999999216698e+01 1.019043018966113490e+00 8.310388539361955595e-02
4.732500000000784723e+01 1.017973990396396688e+00 8.369000599094163217e-02
4.747499999999183729e+01 1.017955655407516868e+00 8.368047980981371814e-02
4.762500000000000000e+01 1.019224885933450064e+00 8.240735942382024226e-02
4.777500000000825509e+01 1.017371366355918738e+00 8.234057733258112743e-02
4.792499999999211013e+01 1.019214173783876243e+00 8.179134570205022492e-02
4.807500000000790408e+01 1.018608430127025288e+00 8.253704629033573048e-02
4.822499999999160281e+01 1.018631417937151840e+00 8.274430017665485027e-02
4.837500000000000000e+01 1.019498823115174480e+00 8.280564495609492315e-02
4.852500000000848956e+01 1.018830461020904465e+00 8.264746576963796776e-02
4.867499999999204618e+01 1.017106694458179028e+00 8.162723394779430874e-02
4.882500000000796092e+01 1.017857502776502887e+00 8.114262880387000665e-02
4.897499999999137543e+01 1.017388327647962276e+00 8.073743022850067563e-02
4.912500000000000000e+01 1.016948886916548389e+00 8.082292859331420554e-02
4.927500000000870983e+01 1.017153743916291431e+00 8.153353126517856597e-02
4.942499999999198934e+01 1.017173593971092416e+00 8.133198965880097941e-02
4.957500000000802487e+01 1.016904249115734737e+00 8.157186280139493151e-02
4.972499999999115516e+01 1.017015111412277850e+00 8.123495572939050391e-02
4.987500000000000000e+01 1.014919246973766009e+00 8.040927347164443517e-02
5.002500000000893010e+01 1.016599697546064274e+00 8.010029446719039992e-02
5.017499999999193960e+01 1.017410741189972878e+00 8.108679318827330396e-02
5.032500000000807461e+01 1.014034127292587906e+00 8.063377363225184002e-02
5.047499999999094200e+01 1.016513516623323232e+00 8.104282561789963313e-02
5.062500000000000000e+01 1.015210653093323812e+00 8.026824021801810816e-02
5.077500000000914326e+01 1.014538773805978567e+00 8.013381602047954522e-02
5.092499999999188276e+01 1.015072405788853604e+00 7.963876456079740929e-02
5.107500000000812435e+01 1.014234435815588142e+00 7.958004531038694040e-02
5.122499999999072884e+01 1.014222871798514225e+00 7.993607222599848072e-02
5.137500000000000000e+01 1.013511561855716892e+00 7.867315773927903433e-02
5.152500000000934932e+01 1.015444841841666168e+00 7.922338336591272512e-02
5.167499999999183302e+01 1.015122737310018675e+00 7.933072950355109232e-02
5.182500000000818119e+01 1.014021436894811057e+00 7.933690917740145176e-02
5.197499999999052989e+01 1.013234266804065031e+00 7.792643615393489431e-02
5.212500000000000000e+01 1.014886231259432670e+00 7.918470377129538385e-02
5.227500000000954827e+01 1.013803506536888888e+00 7.873931300072070649e-02
5.242499999999178328e+01 1.014080587793453558e+00 7.878921435008973129e-02
5.257500000000806040e+01 1.014821745134820929e+00 7.921160083513809069e-02
5.272499999999033804e+01 1.013458162523013240e+00 7.903754387627023870e-02
5.287500000000000000e+01 1.014601052839753992e+00 7.846865178706952104e-02
5.302500000000974723e+01 1.012109623027653615e+00 7.847092184534791570e-02
5.317499999999255778e+01 1.013627529911733882e+00 7.814591884531908728e-02
5.332500000000729301e+01 1.013805543491041572e+00 7.814309146156303565e-02
5.347499999999015330e+01 1.012928808382379975e+00 7.792097372031345226e-02
5.362500000000000000e+01 1.012579742054258158e+00 7.745644212429603215e-02
5.377500000000993197e+01 1.011665147869491799e+00 7.799403863962010852e-02
5.392499999999331095e+01 1.012226040814403483e+00 7.824701214251829351e-02
5.407500000000654694e+01 1.013194717128809375e+00 7.773397116371007221e-02
5.422499999998996145e+01 1.012606515919192374e+00 7.761396596041301998e-02
5.437500000000000000e+01 1.012942273652673864e+00 7.737092534191732096e-02
5.452500000001011671e+01 1.011813896112944589e+00 7.797127134793542524e-02
5.467499999999403570e+01 1.010991182500825536e+00 7.632095927697363225e-02
5.482500000000581508e+01 1.011397391560178605e+00 7.626933253593230766e-02
5.497499999998977671e+01 1.012429645577686887e+00 7.740443040259761820e-02
5.512500000000000000e+01 1.010777329839763983e+00 7.802949910033987746e-02
5.527500000001029434e+01 1.011891517218886927e+00 7.693847688140417751e-02
5.542499999999475335e+01 1.011977894321111959e+00 7.651573954219105522e-02
5.557500000000510454e+01 1.011662869327629055e+00 7.655958583567164244e-02
5.572499999998960618e+01 1.010014053132617162e+00 7.656402334435059853e-02
5.587500000000000000e+01 1.010014781376429527e+00 7.573418818739889591e-02
5.602500000001046487e+01 1.011925549617064490e+00 7.622076061225571686e-02
5.617499999999544258e+01 1.010364207091705158e+00 7.710111969628460904e-02
5.632500000000441531e+01 1.012684015163212159e+00 7.593368655449410365e-02
5.647499999998942855e+01 1.008833459962785284e+00 7.562159920225065834e-02
5.662500000000000000e+01 1.010546178106579207e+00 7.543683761418568112e-02
5.677500000001062830e+01 1.009994714161315033e+00 7.600517336888854003e-02
5.692499999999611759e+01 1.009976709079976276e+00 7.495600289176224118e-02
5.707500000000374030e+01 1.009761672050273118e+00 7.465295415640109400e-02
5.722499999998926512e+01 1.010335849404950137e+00 7.563259378051143123e-02
5.737500000000000000e+01 1.010204256400432321e+00 7.519705173435571599e-02
5.752500000001079172e+01 1.007956338367030025e+00 7.481850096447106857e-02
5.767499999999677129e+01 1.008704555645869361e+00 7.369546941048252253e-02
5.782500000000310081e+01 1.007758633727535269e+00 7.466282474127511337e-02
5.797499999998910170e+01 1.009158329378024854e+00 7.483061453080705472e-02
5.812500000000000000e+01 1.007646235555439418e+00 7.475107672858224972e-02
5.827500000001095515e+01 1.007210267970838125e+00 7.389094495585690758e-02
5.842499999999741078e+01 1.008645775196125749e+00 7.462830286512353584e-02
5.857500000000246132e+01 1.008497062104469988e+00 7.333554796983102197e-02
5.872499999998893827e+01 1.007943456109481994e+00 7.374819106342646313e-02
5.887500000000000000e+01 1.007647292820439633e+00 7.424219815471058692e-02
5.902500000001111857e+01 1.006820725501203606e+00 7.363483310194361697e-02
5.917499999999803606e+01 1.006225656050529604e+00 7.358605175201245185e-02
5.932500000000184315e+01 1.006895988262793695e+00 7.285864324178177587e-02
5.947499999998878906e+01 1.006328566025400439e+00 7.310906427743091296e-02
5.962500000000000000e+01 1.005243239904073160e+00 7.308642602616785555e-02
5.977500000001126779e+01 1.006475132726762034e+00 7.353036257789039021e-02
5.992499999999864002e+01 1.005559548922378976e+00 7.278438361726576045e-02
6.007500000000123919e+01 1.005260606033580029e+00 7.237795805250624159e-02
6.022499999998863984e+01 1.004316079729402622e+00 7.285867212631155776e-02
6.037500000000000000e+01 1.006334974594260023e+00 7.296776463106605104e-02
6.052500000001142411e+01 1.005871731545459058e+00 7.320600530360567293e-02
6.067499999999923688e+01 1.003983274314591556e+00 7.280214564488049489e-02
6.082500000000064944e+01 1.001739868268822997e+00 7.248680995261734539e-02
6.097499999998849773e+01 1.003037571005150896e+00 7.178176351505047292e-02
6.112500000000000000e+01 1.004194197539129529e+00 7.158450884351731658e-02
6.127500000001155911e+01 1.002627866640314336e+00 7.252093623662735078e-02
6.142499999999980531e+01 1.002727916637924155e+00 7.259138547691706966e-02
6.157500000000007390e+01 1.002898423639511760e+00 7.283911692413304328e-02
6.172499999998834852e+01 1.002026378031954712e+00 7.273781389023901978e-02
6.187500000000000000e+01 1.003502090298101113e+00 7.204772491904108678e-02
6.202500000001170122e+01 1.002368817793374278e+00 7.201687274218424029e-02
6.217500000000037375e+01 1.002070483815109547e+00 7.134617556145812778e-02
6.232499999999951967e+01 1.002687790906958476e+00 7.062961844955623070e-02
6.247499999998820641e+01 1.001447931234753508e+00 7.122685096101358249e-02
6.262500000000000000e+01 1.001064118346864706e+00 6.996811302467398352e-02
6.277500000001184333e+01 1.001787041561215563e+00 7.150186637137023737e-02
6.292500000000092086e+01 1.000633112050172580e+00 7.143593697570746470e-02
6.307499999999897256e+01 1.000340173112673092e+00 7.122513992311589603e-02
6.322499999998807851e+01 1.000626221767906054e+00 7.128374302924833650e-02
6.337500000000000000e+01 9.996250594407991574e-01 7.066079855663884302e-02
6.352500000001197833e+01 1.000968177341779120e+00 7.070654261933008444e-02
6.367500000000146798e+01 9.985978450142161122e-01 7.076931801481986528e-02
6.382499999999843254e+01 9.996898795610494881e-01 6.992798356620903710e-02
6.397499999998793641e+01 1.000120981634660788e+00 7.039266503959494548e-02
6.412500000000000000e+01 9.981985886246823592e-01 7.020245487887374902e-02
6.427500000001211333e+01 9.988238058047612666e-01 6.931070647538281615e-02
6.442500000000200089e+01 9.979909644281156345e-01 7.058307431355931305e-02
6.457499999999791385e+01 9.973717514016222641e-01 6.917475060414902954e-02
6.472499999998781561e+01 9.986699412417778809e-01 6.921872228792212700e-02
6.487500000000000000e+01 9.993972829074734276e-01 6.963866558100974269e-02
6.502500000001224123e+01 9.976520269952925402e-01 6.993087760090557770e-02
6.517500000000251248e+01 9.980176779621634520e-01 6.914171729477042172e-02
6.532499999999740226e+01 9.967459348576633849e-01 6.918191543808030475e-02
6.547499999998768772e+01 9.962787228515780358e-01 6.963130376175213909e-02
6.562500000000000000e+01 9.977229943457901484e-01 7.013920646956416094e-02
6.577500000001236913e+01 9.970559642058522964e-01 6.925434565409485654e-02
6.592500000000300986e+01 9.966718006221909620e-01 6.868669251455260250e-02
6.607499999999690488e+01 9.959307548424984891e-01 7.005048840657016052e-02
6.622499999998755982e+01 9.962764740175427125e-01 6.837989803334910965e-02
6.637500000000000000e+01 9.966158957990758349e-01 6.963858754518507943e-02
6.652500000001249703e+01 9.957136988820838308e-01 6.906826401383965586e-02
6.667500000000349303e+01 9.963554673302366105e-01 6.909461465359874321e-02
6.682499999999640750e+01 9.944406600557731402e-01 6.903408822000495215e-02
6.697499999998743192e+01 9.945061778092103566e-01 6.857069439337012962e-02
6.712500000000000000e+01 9.953317462210428124e-01 6.839478591321662693e-02
6.727500000001261071e+01 9.950105222836412855e-01 6.896261051649152374e-02
6.742500000000397620e+01 9.950575550864688701e-01 6.759701689021464788e-02
6.757499999999593854e+01 9.941849278268973800e-01 6.812066310642136968e-02
6.772499999998731823e+01 9.945885744447514609e-01 6.868971604669651954e-02
6.787500000000000000e+01 9.938884531851449600e-01 6.819088400421262353e-02
6.802500000001272440e+01 9.939162935068115434e-01 6.720318447012611773e-02
6.817500000000444516e+01 9.940283708272150687e-01 6.859375605262756082e-02
6.832499999999546958e+01 9.946003848972709838e-01 6.764959053274775813e-02
6.847499999998720455e+01 9.946774274188411313e-01 6.717595268573881007e-02
6.862500000000000000e+01 9.934530741957420252e-01 6.786466654151551703e-02
6.877500000001283809e+01 9.928856855911269985e-01 6.771202533310542726e-02
6.892500000000489990e+01 9.930252322028106926e-01 6.779676499136949586e-02
6.907499999999501483e+01 9.922819768943081931e-01 6.767721665786141649e-02
6.922499999998709086e+01 9.926996140510883082e-01 6.713334378001963032e-02
6.937500000000000000e+01 9.932952890662777312e-01 6.642008248255060199e-02
6.952500000001295177e+01 9.914081060452210048e-01 6.686995276351437312e-02
6.967500000000535465e+01 9.924284410224841757e-01 6.744354097157483074e-02
6.982499999999456008e+01 9.939709947948913715e-01 6.726290207308779912e-02
6.997499999998697717e+01 9.921780363984642470e-01 6.724189531425867061e-02
7.012500000000000000e+01 9.915956157558263317e-01 6.630532846170450467e-02
7.027500000001306546e+01 9.930772992960197332e-01 6.703757091482756558e-02
7.042500000000579519e+01 9.930104203876231050e-01 6.692932380396036940e-02
7.057499999999413376e+01 9.909484157221544187e-01 6.701513068071615620e-02
7.072499999998686349e+01 9.922554093657280916e-01 6.569894432333880929e-02
7.087500000000000000e+01 9.920111095393615575e-01 6.667329179778698489e-02
7.102500000001316494e+01 9.919461623600747124e-01 6.705350827656642032e-02
7.117500000000620730e+01 9.907564176336938200e-01 6.695502850623254176e-02
7.132499999999369322e+01 9.908693092979152794e-01 6.576886718027329104e-02
7.147499999998676401e+01 9.913510729714291037e-01 6.620985591188377484e-02
7.162500000000000000e+01 9.907606426501356367e-01 6.577592564289615196e-02
7.177500000001327862e+01 9.927871399595472601e-01 6.633564437239120037e-02
7.192500000000663363e+01 9.919331356341608563e-01 6.645376299895326688e-02
7.207499999999328111e+01 9.920563568096781859e-01 6.567704144913463771e-02
7.222499999998666453e+01 9.916673514921630073e-01 6.577952748536762539e-02
7.237500000000000000e+01 9.915109688301357860e-01 6.567369131006522975e-02
7.252500000001337810e+01 9.920546302470242273e-01 6.547858182091180479e-02
7.267500000000704574e+01 9.917393893344227385e-01 6.564638530961307283e-02
7.282499999999286899e+01 9.913102241286690930e-01 6.626857229320416709e-02
7.297499999998655085e+01 9.925778988623168431e-01 6.587513942103297160e-02
7.312500000000000000e+01 9.909170361325227994e-01 6.483096577234247204e-02
7.327500000001347757e+01 9.914782224887224160e-01 6.450829899879303997e-02
7.342500000000745786e+01 9.907372189712285726e-01 6.496149315717059114e-02
7.357499999999247109e+01 9.911256247222475224e-01 6.577296952321799728e-02
7.372499999998646558e+01 9.913973548168102390e-01 6.469620159248161417e-02
7.387500000000000000e+01 9.906303994994685169e-01 6.520982275538003692e-02
7.402500000001359126e+01 9.910094432102214412e-01 6.411938005894038395e-02
7.417500000000785576e+01 9.910950299076295433e-01 6.548861466423581967e-02
7.432499999999207319e+01 9.909921085990142098e-01 6.483879247264766332e-02
7.447499999998635190e+01 9.906781871144714202e-01 6.575609169008560240e-02
7.462500000000000000e+01 9.913640442667490671e-01 6.504675995623541984e-02
7.477500000001367653e+01 9.908308231414866274e-01 6.443039247410160819e-02
7.492500000000823945e+01 9.909284942461592527e-01 6.518033081286488117e-02
7.507499999999168949e+01 9.909294940566939491e-01 6.428573184089673986e-02
7.522499999998626663e+01 9.924474429656502394e-01 6.464847556300162834e-02
7.537500000000000000e+01 9.929278236020151471e-01 6.455719712593420423e-02
7.552500000001377600e+01 9.913128022654905669e-01 6.536228801640428521e-02
7.567500000000862315e+01 9.921315768833104398e-01 6.502877226346866213e-02
7.582499999999130580e+01 9.928331321104024720e-01 6.393491446096133402e-02
7.597499999998616715e+01 9.917962243050926219e-01 6.405959090827698099e-02
7.612500000000000000e+01 9.915308706680239226e-01 6.420852486032163631e-02
7.627500000001386127e+01 9.918240334968982941e-01 6.424111535572744891e-02
7.642500000000899263e+01 9.918631461588536258e-01 6.374524010272122898e-02
7.657499999999093632e+01 9.937801554023452111e-01 6.376920846564645973e-02
7.672499999998608189e+01 9.927675068991639318e-01 6.397483017979101183e-02
7.687500000000000000e+01 9.935702533854637863e-01 6.360170760171397764e-02
7.702500000001396074e+01 9.923195966973192839e-01 6.280539558356564023e-02
7.717500000000934790e+01 9.939215065797044613e-01 6.381090743393594278e-02
7.732499999999058105e+01 9.920771588668985119e-01 6.314227940425830299e-02
7.747499999998598241e+01 9.933695068183608923e-01 6.440682435394944061e-02
7.762500000000000000e+01 9.928924737542823564e-01 6.329399688730255602e-02
7.777500000001404601e+01 9.936315431590712066e-01 6.344929401629408050e-02
7.792500000000971738e+01 9.932522315824865444e-01 6.291300299601258750e-02
7.807499999999021156e+01 9.933433226247136982e-01 6.367399880673303703e-02
7.822499999998589715e+01 9.928836584093631012e-01 6.287322210129206446e-02
7.837500000000000000e+01 9.938809363361187366e-01 6.318099047736108753e-02
7.852500000001413127e+01 9.939967190054677104e-01 6.352342663649081234e-02
7.867500000001005844e+01 9.939910243415033264e-01 6.268556839327037167e-02
7.882499999998987050e+01 9.941575889109399711e-01 6.304582134056420373e-02
7.897499999998581188e+01 9.947684185646530342e-01 6.270672103882524162e-02
7.912500000000000000e+01 9.935800609834092301e-01 6.274438476823178401e-02
7.927500000001423075e+01 9.936826316480055210e-01 6.218030264983993860e-02
7.942500000001041371e+01 9.947146773931074826e-01 6.227729248778508808e-02
7.957499999998951523e+01 9.945039045806276512e-01 6.358047230839636299e-02
7.972499999998572662e+01 9.939667411908363892e-01 6.198724209131222657e-02
7.987500000000000000e+01 9.941142431321692285e-01 6.292945671956390319e-02
8.002500000001430180e+01 9.936823236399595638e-01 6.272569493356813797e-02
8.017500000001075477e+01 9.942480534624700272e-01 6.203752834373840730e-02
8.032499999998918838e+01 9.954607586340843417e-01 6.201340237754677381e-02
8.047499999998564135e+01 9.951876875763920882e-01 6.336985988332476116e-02
8.062500000000000000e+01 9.946587564466741194e-01 6.151094565068538494e-02
8.077500000001438707e+01 9.936143226440578013e-01 6.292858748511843958e-02
8.092500000001108162e+01 9.954549431465614662e-01 6.260306495805478821e-02
8.107499999998886153e+01 9.952556158963902222e-01 6.231547408489278295e-02
8.122499999998557030e+01 9.959283630686759370e-01 6.229224085884077500e-02
8.137500000000000000e+01 9.951743086390822945e-01 6.234110595354363377e-02
8.152500000001447233e+01 9.957232992833464635e-01 6.270162155149383576e-02
8.167500000001139426e+01 9.942901660825934629e-01 6.222631104746551012e-02
8.182499999998853468e+01 9.957240699174205734e-01 6.190403577079384850e-02
8.197499999998548503e+01 9.965972121001922535e-01 6.183420120541748000e-02
8.212500000000000000e+01 9.949460865915100705e-01 6.245477085002111572e-02
8.227500000001455760e+01 9.943384382763190699e-01 6.046934565758043528e-02
8.242500000001172111e+01 9.961167922450790968e-01 6.227845890498513726e-02
8.257499999998822204e+01 9.950034183262411736e-01 6.216568889640506496e-02
8.272499999998539977e+01 9.955641302259873315e-01 6.146905172235214015e-02
8.287500000000000000e+01 9.963749898216821554e-01 6.156153033242089262e-02
8.302500000001462865e+01 9.965106518921320600e-01 6.179236479224955308e-02
8.317500000001203375e+01 9.974000060619707675e-01 6.186047039046597973e-02
8.332499999998789519e+01 9.945352403027781785e-01 6.146259001605914457e-02
8.347499999998531450e+01 9.968732990451845133e-01 6.054487394357097735e-02
8.362500000000000000e+01 9.954034992380185187e-01 6.137137966857009880e-02
8.377500000001469971e+01 9.961147762502637892e-01 6.192580968068434749e-02
8.392500000001234639e+01 9.976083993251405602e-01 6.147519797834181260e-02
8.407499999998758256e+01 9.965970811157029985e-01 6.120199179395968692e-02
8.422499999998524345e+01 9.974770598104812924e-01 6.134014495852018606e-02
8.437500000000000000e+01 9.969467082711809258e-01 6.133436382606580889e-02
8.452500000001478497e+01 9.967220091449977559e-01 6.147199370326682927e-02
8.467500000001264482e+01 9.973695731951803811e-01 6.059737372931588845e-02
8.482499999998728413e+01 9.979040685260724963e-01 6.188105474132632455e-02
8.497499999998517239e+01 9.969857843599708724e-01 6.195314974723943602e-02
8.512500000000000000e+01 9.980008663941752900e-01 6.109155372202518947e-02
8.527500000001485603e+01 9.983619016367674126e-01 6.152287720924162068e-02
8.542500000001294325e+01 9.989858171150354238e-01 6.089074943517120558e-02
8.557499999998699991e+01 9.977657891931653866e-01 6.109226085771292392e-02
8.572499999998510134e+01 9.991437744662670095e-01 6.100399975872644598e-02
8.587500000000000000e+01 9.990860167540109860e-01 6.017471631798409354e-02
8.602500000001494129e+01 9.989491842042340641e-01 6.145275823955694688e-02
8.617500000001324167e+01 9.977690781375888607e-01 6.019756165719309521e-02
8.632499999998670148e+01 9.989620037073628778e-01 6.039817636207707452e-02
8.647499999998503029e+01 9.983718142197718359e-01 6.121190045751924436e-02
8.662500000000000000e+01 9.990146421942164290e-01 6.082272545847051959e-02
8.677500000001501235e+01 9.988562989100060463e-01 6.011752010648706984e-02
8.692500000001352589e+01 9.980965282443911013e-01 5.999073704584347022e-02
8.707499999998641727e+01 9.992154532148518342e-01 5.996257401082060595e-02
8.722499999998494502e+01 1.000081921140661301e+00 5.996991901289594473e-02
8.737500000000000000e+01 1.000315607691079745e+00 5.966426214269272138e-02
8.752500000001508340e+01 9.995032480560214205e-01 6.060939078113983941e-02
8.767500000001381011e+01 9.996951860146136015e-01 6.036466532478864527e-02
8.782499999998613305e+01 9.995214706498775081e-01 6.004985445255744264e-02
8.797499999998487397e+01 9.996430630245168869e-01 6.032462596383505321e-02
8.812500000000000000e+01 9.996765122867389275e-01 6.014963906940788002e-02
8.827500000001514024e+01 9.989340874820874516e-01 5.978318973602493591e-02
8.842500000001409433e+01 9.988644899917633602e-01 5.958506141045488008e-02
8.857499999998586304e+01 1.000719267660915124e+00 6.022101237095917048e-02
8.872499999998480291e+01 9.998718736912588501e-01 5.970171092366158283e-02
8.887500000000000000e+01 1.000804600128148980e+00 5.971428729139283131e-02
8.902500000001521130e+01 1.001113931850352134e+00 5.892766336671023675e-02
8.917500000001436433e+01 1.001166010972743825e+00 5.953004539453421451e-02
8.932499999998557882e+01 1.002503860362320642e+00 5.924999155436621451e-02
8.947499999998473186e+01 1.000696418494135376e+00 5.936930959805102048e-02
8.962500000000000000e+01 1.001931340543651405e+00 5.961213595112523078e-02
8.977500000001528235e+01 1.001640039259011239e+00 5.971194057875488237e-02
8.992500000001462013e+01 1.002412840980553499e+00 5.945603659630687571e-02
9.007499999998532303e+01 1.000775643004233162e+00 5.867083895956610312e-02
9.022499999998467501e+01 1.000368938068672442e+00 5.831940153686402534e-02
9.037500000000000000e+01 1.000598911686028547e+00 5.960163435928697573e-02
9.052500000001533920e+01 1.002157081895602708e+00 5.964567036237790332e-02
9.067500000001489013e+01 1.001880082686302798e+00 5.915081835841978081e-02
9.082499999998505302e+01 1.002211957644973062e+00 5.932336484600259779e-02
9.097499999998460396e+01 1.001889145551654980e+00 5.834029609022304413e-02
9.112500000000000000e+01 1.001752252977908819e+00 5.852111965961487305e-02
9.127500000001541025e+01 1.001535584885940189e+00 5.850436745169196318e-02
9.142500000001514593e+01 1.002179347348052252e+00 5.840014659009351572e-02
9.157499999998479723e+01 1.003733535792920684e+00 5.813552501065930023e-02
9.172499999998454712e+01 1.002296655030347816e+00 5.900848831600744027e-02
9.187500000000000000e+01 1.003412520661856489e+00 5.898888338717018370e-02
9.202500000001548131e+01 1.002576097707505998e+00 5.858809291481430898e-02
9.217500000001541594e+01 1.002945621382827168e+00 5.915078135740480664e-02
9.232499999998454143e+01 1.003255395635167968e+00 5.837628882520400075e-02
9.247499999998447606e+01 1.003262380586596558e+00 5.859419124489953501e-02
9.262500000000000000e+01 1.003257467523637647e+00 5.851769884866090538e-02
9.277500000001553815e+01 1.003853848593766473e+00 5.828440562764199834e-02
9.292500000001565752e+01 1.004182139722012979e+00 5.874256834484175432e-02
9.307499999998428564e+01 1.004227767219261658e+00 5.812647497586216627e-02
9.322499999998441922e+01 1.003626327734276291e+00 5.838626747724500604e-02
9.337500000000000000e+01 1.003925466788181620e+00 5.806260404456114327e-02
9.352500000001559499e+01 1.002848268130382081e+00 5.839204744403717062e-02
9.367500000001591332e+01 1.004159879618904183e+00 5.789849810737168756e-02
9.382499999998402984e+01 1.004906243728782345e+00 5.939862720986260197e-02
9.397499999998436238e+01 1.004205853504190449e+00 5.751577544767192546e-02
9.412500000000000000e+01 1.004075642091286413e+00 5.837831720240239247e-02
9.427500000001566605e+01 1.004428881526450157e+00 5.760029993896453177e-02
9.442500000001615490e+01 1.005294220927193560e+00 5.888151253329673013e-02
9.457499999998380247e+01 1.004587025115265320e+00 5.810518773576787976e-02
9.472499999998429132e+01 1.004995173714135825e+00 5.892600931038775858e-02
9.487500000000000000e+01 1.005716057029483634e+00 5.888022077026183049e-02
9.502500000001572289e+01 1.005127298930614588e+00 5.804987022115063594e-02
9.517500000001639648e+01 1.006563900188579330e+00 5.826372840239843476e-02
9.532499999998356088e+01 1.005729055281672890e+00 5.781220437478659657e-02
9.547499999998423448e+01 1.005345819612136982e+00 5.823102067737285364e-02
9.562500000000000000e+01 1.005234595729010305e+00 5.777808160682256639e-02
9.577500000001577973e+01 1.006682701756517195e+00 5.800770967960316993e-02
9.592500000001662386e+01 1.006617896000651546e+00 5.795478057157235630e-02
9.607499999998331930e+01 1.005014226293902579e+00 5.719656487465401423e-02
9.622499999998417763e+01 1.006982061161157294e+00 5.826714371691215505e-02
9.637500000000000000e+01 1.006160552426716315e+00 5.711572049538009288e-02
9.652500000001585079e+01 1.006221661099109044e+00 5.773760576967017916e-02
9.667500000001686544e+01 1.006039418247999473e+00 5.783635670210355434e-02
9.682499999998309193e+01 1.005388398631595015e+00 5.783222063147946262e-02
9.697499999998412079e+01 1.006402556540292315e+00 5.733561384328002969e-02
9.712500000000000000e+01 1.006299184212054110e+00 5.720063767654207793e-02
9.727500000001590763e+01 1.006435208117550939e+00 5.682466700902565754e-02
9.742500000001709282e+01 1.005984039814519448e+00 5.729652251221476617e-02
9.757499999998287876e+01 1.006691829579788866e+00 5.701331965625922732e-02
9.772499999998406395e+01 1.007392622695860052e+00 5.747058572571685925e-02
9.787500000000000000e+01 1.006322986306087408e+00 5.776513046826137893e-02
9.802500000001595026e+01 1.006820217502081283e+00 5.769761344534455466e-02
9.817500000001732019e+01 1.007313688464015922e+00 5.729177913791835136e-02
9.832499999998263718e+01 1.007021927156138696e+00 5.754448561691265923e-02
9.847499999998402131e+01 1.007080832825269834e+00 5.758174089635764714e-02
9.862500000000000000e+01 1.006963024303973997e+00 5.759592962966925134e-02
9.877500000001600711e+01 1.006999250349269515e+00 5.755573290009220050e-02
9.892500000001753335e+01 1.007510311438075679e+00 5.684525466331644822e-02
9.907499999998242401e+01 1.007837430477758645e+00 5.710932519287980486e-02
9.922499999998395026e+01 1.007487028659874273e+00 5.755246901196110071e-02
9.937500000000000000e+01 1.008337854573242209e+00 5.715103155861164796e-02
9.952500000001606395e+01 1.008203428173998883e+00 5.717323868829222999e-02
9.967500000001776073e+01 1.007297555732831640e+00 5.705677822366337498e-02
9.982499999998221085e+01 1.008142941977114848e+00 5.729276539336854157e-02
9.997499999998389342e+01 1.009559170079283641e+00 5.717896121414555582e-02
1.001250000000000000e+02 1.008352128477541854e+00 5.712077320124216151e-02
1.002750000000161208e+02 1.008119648011498004e+00 5.753957175002549773e-02
1.004250000000179597e+02 1.008928399942708110e+00 5.738206863402252333e-02
1.005749999999819835e+02 1.008101734689053508e+00 5.710466983846309436e-02
1.007249999999838508e+02 1.009053813949013945e+00 5.626487350617208338e-02
1.008750000000000000e+02 1.008283629989964458e+00 5.690311330950038188e-02
1.010250000000161776e+02 1.009108488954010729e+00 5.692787115022387989e-02
1.011750000000181871e+02 1.009074201332035958e+00 5.695879264511857082e-02
1.013249999999817845e+02 9.864737182590760378e-01 5.541419586659464963e-02
1.014749999999837939e+02 9.658921254031651582e-01 5.644095970848030108e-02
1.016250000000000000e+02 9.530109638498426294e-01 5.499702290372830704e-02
1.017750000000162345e+02 9.428626054749231766e-01 5.380459245959171716e-02
1.019250000000184002e+02 9.330391968636427835e-01 5.399491666224384007e-02
1.020749999999815714e+02 9.261877333217803931e-01 5.412149418313352139e-02
1.022249999999837513e+02 9.178613284067160816e-01 5.362183625314796698e-02
1.023750000000000000e+02 9.120428148625107090e-01 5.293068345070309211e-02
1.025250000000162771e+02 9.049876038631833319e-01 5.257850929798945500e-02
1.026750000000185992e+02 8.996337249823098681e-01 5.282936907573099194e-02
1.028249999999813582e+02 8.942205848028698112e-01 5.265692184531476500e-02
1.029749999999836945e+02 8.894699214194664583e-01 5.208661978409154236e-02
1.031250000000000000e+02 8.844783069005626164e-01 5.205296284693383679e-02
1.032750000000163340e+02 8.797415954075898936e-01 5.211554751660224527e-02
1.034250000000187981e+02 8.746242049848005351e-01 5.205261788932050160e-02
1.035749999999811592e+02 8.699236766232928408e-01 5.144988714023047277e-02
1.037249999999836376e+02 8.662020614730984169e-01 5.124087494054670872e-02
1.038750000000000000e+02 8.614591968500465713e-01 5.089479140979979305e-02
1.040250000000163766e+02 8.581203373761865372e-01 5.112440132804407095e-02
1.041750000000189971e+02 8.551488839373241335e-01 5.181783194708814572e-02
1.043249999999809603e+02 8.515355875561464449e-01 5.020507038461203414e-02
1.044749999999835950e+02 8.467155798347427709e-01 5.014914469153992221e-02
1.046250000000000000e+02 8.433428116086821857e-01 5.009243462376050671e-02
1.047750000000164334e+02 8.404647214510290176e-01 4.999919025096324215e-02
1.049250000000191818e+02 8.360532191592248141e-01 4.998267014629787647e-02
1.050749999999807613e+02 8.334405056341143148e-01 5.025512087304836312e-02
1.052249999999839503e+02 8.290148576167415406e-01 4.992302819283400001e-02
1.053750000000000000e+02 8.259039389976662315e-01 5.054485850746328474e-02
1.055250000000157229e+02 8.239055825631640406e-01 4.991214455234465469e-02
1.056750000000193808e+02 8.209490372193837260e-01 4.964298878559811334e-02
1.058249999999805766e+02 8.170674810214654249e-01 4.953003473462434109e-02
1.059749999999847319e+02 8.148048320186334070e-01 4.923467852867484396e-02
1.061250000000000000e+02 8.118245280304379197e-01 4.939649611902217213e-02
1.062750000000149555e+02 8.092361825987546275e-01 4.910832819036476532e-02
1.064250000000195797e+02 8.062169072187198582e-01 4.890148700436045687e-02
1.065749999999803919e+02 8.028735005177538575e-01 4.844681219867550542e-02
1.067249999999854850e+02 8.005807400321029998e-01 4.839771606444194518e-02
1.068750000000000000e+02 7.977833437730231791e-01 4.848646681708961015e-02
1.070250000000141881e+02 7.952918386957568142e-01 4.835501873679055179e-02
1.071750000000197645e+02 7.925345999443741407e-01 4.848057142845975387e-02
1.073249999999802071e+02 7.902272331401817285e-01 4.840304456850273718e-02
1.074749999999862524e+02 7.879815735588103776e-01 4.824929003821608331e-02
1.076250000000000000e+02 7.848719894490490123e-01 4.770964537671787409e-02
1.077750000000134492e+02 7.821588913794303988e-01 4.815739261454271558e-02
1.079250000000199492e+02 7.801053237276747154e-01 4.750770079276753904e-02
1.080749999999800224e+02 7.775674715022163896e-01 4.726620561095309231e-02
1.082249999999869914e+02 7.745839374031245894e-01 4.747222465439143030e-02
1.083750000000000000e+02 7.727602018123945760e-01 4.699836151181439187e-02
1.085250000000127244e+02 7.703988225575059134e-01 4.742573329935686338e-02
1.086750000000201481e+02 7.684867069211308577e-01 4.624880563500816111e-02
1.088249999999798376e+02 7.661267537888265533e-01 4.698354220123091701e-02
1.089749999999877161e+02 7.634335732106072303e-01 4.650313676678334562e-02
1.091250000000000000e+02 7.610311829226800162e-01 4.705603460042265263e-02
1.092750000000119854e+02 7.600521004599810615e-01 4.692203112802085380e-02
1.094250000000203045e+02 7.569621628699632065e-01 4.675541324116183617e-02
1.095749999999796529e+02 7.546943694004162317e-01 4.613074396719389625e-02
1.097249999999884409e+02 7.523943961167186556e-01 4.611607842558794468e-02
1.098750000000000000e+02 7.510340134053772321e-01 4.620584765433784213e-02
1.100250000000112749e+02 7.477881270501096633e-01 4.637364727363144784e-02
1.101750000000204892e+02 7.462654291232563297e-01 4.570159520028858197e-02
1.103249999999794682e+02 7.446317876222694476e-01 4.588578686216098629e-02
1.104749999999891372e+02 7.424925186982131997e-01 4.598747929467490031e-02
1.106250000000000000e+02 7.405476864491435940e-01 4.584127556031962480e-02
1.107750000000105643e+02 7.385508128557379814e-01 4.595648093177095300e-02
1.109250000000206740e+02 7.359946812520592463e-01 4.598866432153159156e-02
1.110749999999792976e+02 7.338888177998096340e-01 4.563381030379616565e-02
1.112249999999898620e+02 7.319578858486323059e-01 4.576590219023597000e-02
1.113750000000000000e+02 7.306159776181527787e-01 4.542834390293138541e-02
1.115250000000098822e+02 7.279819779795029255e-01 4.587156907381074317e-02
1.116750000000208445e+02 7.265505186199822107e-01 4.491044275044878825e-02
1.118249999999791129e+02 7.245436746818331164e-01 4.538311727314027488e-02
1.119749999999905299e+02 7.236839494005103957e-01 4.591972282850662057e-02
1.121250000000000000e+02 7.215147731147790733e-01 4.500601721296174085e-02
1.122750000000091859e+02 7.193234014646758823e-01 4.532180354929138399e-02
1.124250000000210008e+02 7.169592508005642184e-01 4.481067775109628254e-02
1.125749999999789566e+02 7.160684298885349186e-01 4.503079533362330106e-02
1.127249999999912120e+02 7.142384828151607801e-01 4.456879758793030888e-02
1.128750000000000000e+02 7.127683929845486377e-01 4.516077913304385877e-02
1.130250000000085180e+02 7.104852741906803049e-01 4.439978859222606933e-02
1.131750000000211855e+02 7.091670651286166027e-01 4.434073038843593106e-02
1.133249999999787860e+02 7.071191096312640090e-01 4.408622975876614475e-02
1.134749999999919083e+02 7.050048372951446263e-01 4.375874302460037307e-02
1.136250000000000000e+02 7.039579706480565413e-01 4.430378472130066386e-02
1.137750000000078359e+02 7.021683360547048558e-01 4.391060641752597693e-02
1.139250000000213561e+02 7.007312738493104431e-01 4.434102197151701397e-02
1.140749999999786297e+02 6.990379212856214775e-01 4.418506451037792354e-02
1.142249999999925620e+02 6.968215810164891666e-01 4.352545028000193161e-02
1.143750000000000000e+02 6.958989238525258303e-01 4.340830272619049940e-02
1.145250000000071680e+02 6.936968912863171743e-01 4.384234309769574622e-02
1.146750000000215124e+02 6.918388045635835981e-01 4.367583516882690697e-02
1.148249999999784308e+02 6.899644976639868199e-01 4.281461145120895456e-02
1.149749999999932157e+02 6.885709678952952606e-01 4.345046410837799522e-02
1.151250000000000000e+02 6.867811467534383763e-01 4.322107416056635704e-02
1.152750000000065285e+02 6.861402098973033992e-01 4.317158617074021848e-02
1.154250000000216829e+02 6.842713437275950161e-01 4.312866001882541267e-02
1.155749999999783029e+02 6.820804784751426375e-01 4.265812471800186495e-02
1.157249999999938694e+02 6.817884033321433002e-01 4.273974054799201810e-02
1.158750000000000000e+02 6.795795738128901364e-01 4.277442741770533935e-02
1.160250000000058748e+02 6.774024588102123268e-01 4.296807617310591243e-02
1.161750000000218392e+02 6.765575837712094476e-01 4.288367358215638969e-02
1.163249999999781323e+02 6.746350233477858005e-01 4.245896258530539730e-02
1.164749999999945089e+02 6.735136558802434781e-01 4.234045055133908719e-02
1.166250000000000000e+02 6.720197960475233767e-01 4.263729459621663082e-02
1.167750000000052495e+02 6.709598398927144602e-01 4.273385901404508358e-02
1.169250000000220098e+02 6.686906637797240816e-01 4.205919934437895441e-02
1.170749999999779760e+02 6.678175425378157781e-01 4.257357837429285446e-02
1.172249999999951484e+02 6.663723974166024799e-01 4.149744132503215693e-02
1.173750000000000000e+02 6.641686564194985154e-01 4.231691975289320062e-02
1.175250000000046242e+02 6.638851972507046062e-01 4.196903086415892242e-02
1.176750000000221377e+02 6.615890256395089430e-01 4.222836650374680451e-02
1.178249999999778055e+02 6.602327862675870795e-01 4.181814396980728515e-02
1.179749999999957453e+02 6.585683192535732866e-01 4.180361938982813524e-02
1.181250000000000000e+02 6.572957169962496682e-01 4.197091909196606213e-02
1.182750000000039989e+02 6.560204969282732446e-01 4.146679672094207708e-02
1.184250000000223082e+02 6.552062841356885992e-01 4.157479327885037212e-02
1.185749999999776634e+02 6.541224631224913377e-01 4.164559088835462219e-02
1.187249999999963705e+02 6.524542599676275145e-01 4.136813434358825592e-02
1.188750000000000000e+02 6.519910502492254345e-01 4.165288206685532207e-02
1.190250000000033879e+02 6.504461795448758243e-01 4.126592238375016014e-02
1.191750000000224645e+02 6.482214034895761312e-01 4.136574589982161543e-02
1.193249999999775071e+02 6.473825759045886974e-01 4.126202145986466313e-02
1.194749999999969816e+02 6.460539593130421032e-01 4.083450789662360081e-02
1.196250000000000000e+02 6.446414530389851238e-01 4.043840526087148779e-02
1.197750000000027910e+02 6.431293666672822651e-01 4.077609938598009132e-02
1.199250000000226066e+02 6.421226429823684301e-01 4.064036873950965106e-02
1.200749999999773650e+02 6.402356151857409028e-01 4.055741908051709727e-02
1.202249999999975927e+02 6.400762141885927292e-01 4.121948562804762795e-02
1.203750000000000000e+02 6.391034274783560232e-01 4.094812841585427493e-02
1.205250000000021799e+02 6.376699630610859204e-01 4.042642895421636601e-02
1.206750000000227772e+02 6.357517562582571946e-01 4.071283479349409318e-02
1.208249999999772086e+02 6.340594027982283665e-01 4.060934755634094950e-02
1.209749999999981753e+02 6.333319275029930528e-01 4.078438998211093847e-02
1.211250000000000000e+02 6.321073079511789761e-01 4.087350335044398486e-02
1.212750000000015973e+02 6.309098179122046846e-01 4.040346101766247033e-02
1.214250000000229193e+02 6.294468887949673519e-01 4.092579197064544899e-02
1.215749999999770665e+02 6.281636094461512387e-01 4.001074354892810575e-02
1.217249999999987580e+02 6.267807358385952821e-01 4.025337019418580298e-02
1.218750000000000000e+02 6.260041560818242479e-01 4.023740525950872393e-02
1.220250000000010147e+02 6.254790501998438446e-01 4.026536464232902124e-02
1.221750000000230472e+02 6.237032833913951357e-01 4.021190375625563473e-02
1.223249999999769244e+02 6.229438677555960702e-01 3.911903454196304780e-02
1.224749999999993406e+02 6.221157466433469008e-01 3.974919657695630271e-02
1.226250000000000000e+02 6.198800649032634169e-01 3.967083109025253129e-02
1.227750000000004320e+02 6.184484891468523537e-01 3.949374892858197039e-02
1.229250000000231893e+02 6.177932764172155977e-01 3.996347090288408094e-02
1.230749999999767681e+02 6.166516842574718549e-01 3.931753797743813006e-02
1.232249999999999233e+02 6.154024388179751837e-01 3.936258102671226500e-02
1.233750000000000000e+02 6.146631447330858089e-01 3.974622303545985447e-02
1.235249999999998494e+02 6.128937139009766888e-01 3.931779282758795374e-02
1.236750000000233314e+02 6.121259671048356887e-01 3.952454693984319006e-02
1.238249999999766402e+02 6.110027232855316237e-01 3.931029673947765424e-02
1.239750000000004775e+02 6.113063474770050743e-01 3.963568250956545080e-02
1.241250000000000000e+02 6.091768286948731070e-01 3.928260206712257813e-02
1.242749999999992951e+02 6.078333617115142529e-01 3.928065833345438518e-02
1.244250000000234735e+02 6.074769364220929946e-01 3.891056351854072642e-02
1.245749999999764839e+02 6.056702736929614472e-01 3.878529834532119108e-02
1.247250000000010317e+02 6.047506191080458393e-01 3.884345543240508292e-02
1.248750000000000000e+02 6.047708987998144936e-01 3.905956528637926500e-02
1.250249999999987551e+02 6.028276887566396125e-01 3.849836183778422571e-02
1.251750000000236156e+02 6.011879062218425940e-01 3.876382874447829169e-02
1.253249999999763702e+02 6.008728387470222421e-01 3.867940187363266141e-02
1.254750000000015859e+02 5.995005510406462568e-01 3.848875081542434129e-02
1.256250000000000000e+02 5.991019427053903001e-01 3.836804643457662062e-02
1.257749999999982009e+02 5.977542801513396897e-01 3.870908533680081365e-02
1.259250000000237577e+02 5.962543447731052382e-01 3.824932131351610476e-02
1.260749999999762281e+02 5.957326446825962352e-01 3.855878302793647877e-02
1.262250000000021259e+02 5.944241659868171324e-01 3.860940234477772126e-02
1.263750000000000000e+02 5.926517659045567044e-01 3.819911715500901722e-02
1.265249999999976609e+02 5.903460552683744700e-01 3.780975614761035442e-02
1.266750000000238856e+02 5.656503121899241204e-01 3.746185286183507934e-02
1.268249999999760860e+02 5.489835083223072454e-01 3.711799614898122351e-02
1.269750000000026660e+02 5.373092199458355811e-01 3.659989773018017256e-02
1.271250000000000000e+02 5.274006594341322796e-01 3.625763116604208136e-02
1.272749999999971209e+02 5.187478568717006633e-01 3.614486821628826174e-02
1.274250000000240277e+02 5.113540232259814466e-01 3.550112399457684698e-02
1.275749999999759439e+02 5.037970062353699374e-01 3.537163759990200051e-02
1.277250000000031918e+02 4.968809964403031465e-01 3.490719452312806420e-02
1.278750000000000000e+02 4.902680212390095882e-01 3.502772964398537942e-02
1.280249999999965951e+02 4.839089017139477922e-01 3.484131980806105117e-02
1.281750000000241414e+02 4.785947140012331569e-01 3.433881425040873764e-02
1.283249999999758018e+02 4.723632922631181841e-01 3.423023783650301632e-02
1.284750000000037176e+02 4.672657961218487088e-01 3.407968196563689045e-02
1.286250000000000000e+02 4.620861208533483255e-01 3.371187887275025469e-02
1.287749999999960835e+02 4.574459016773699815e-01 3.378692622923194083e-02
1.289250000000242835e+02 4.526339001662762485e-01 3.337808111869482175e-02
1.290749999999756881e+02 4.469872281329154706e-01 3.320632604503071655e-02
1.292250000000042292e+02 4.432496434371391847e-01 3.262698912958683639e-02
1.293750000000000000e+02 4.378448418951022547e-01 3.271496835414613308e-02
1.295249999999955719e+02 4.344518759385881390e-01 3.258759757943749391e-02
1.296750000000243972e+02 4.298814016140020122e-01 3.248034448542198860e-02
1.298249999999755460e+02 4.255483129390350561e-01 3.239242738369210034e-02
1.299750000000047692e+02 4.214302682337472405e-01 3.182482294895792874e-02
1.301250000000000000e+02 4.171758414294790551e-01 3.198069337865584727e-02
1.302749999999950319e+02 4.130315671159054958e-01 3.178530138514788078e-02
1.304250000000245393e+02 4.098050083922293862e-01 3.134650733402551820e-02
1.305749999999754323e+02 4.057728306559481024e-01 3.151991189636518115e-02
1.307250000000052523e+02 4.014066032956577490e-01 3.139190572774363391e-02
1.308750000000000000e+02 3.982760220583032029e-01 3.086012506310358353e-02
1.310249999999945487e+02 3.945445690840158059e-01 3.075252732488801752e-02
1.311750000000246530e+02 3.906098581494633626e-01 3.028926199401842101e-02
1.313249999999753186e+02 3.873008373478029065e-01 3.039170212956575703e-02
1.314750000000057639e+02 3.834622512015455897e-01 3.017356386200592891e-02
1.316250000000000000e+02 3.805349436913971206e-01 3.020877772141377510e-02
1.317749999999940655e+02 3.772749254144673881e-01 3.011934328403732125e-02
1.319250000000247951e+02 3.739170265695482831e-01 2.961829958844051577e-02
1.320749999999751765e+02 3.699490342634930706e-01 2.990145192000083496e-02
1.322250000000062471e+02 3.673336556407957865e-01 2.931588228163312451e-02
1.323750000000000000e+02 3.637569889419921543e-01 2.924035881346608023e-02
1.325249999999935540e+02 3.605588361732052771e-01 2.900176245672917569e-02
1.326750000000249088e+02 3.571258288301209505e-01 2.910194146570955695e-02
1.328249999999750628e+02 3.542376740503956900e-01 2.867918919770883965e-02
1.329750000000067303e+02 3.511452194294859552e-01 2.866857646557371964e-02
1.331250000000000000e+02 3.483135134560300661e-01 2.824949622094949028e-02
1.332749999999930424e+02 3.447979702091602539e-01 2.805594416026619201e-02
1.334250000000250225e+02 3.422308561796366666e-01 2.829634834964459000e-02
1.335749999999749491e+02 3.390448423230029706e-01 2.779206437267717211e-02
1.337250000000072134e+02 3.365592701053201630e-01 2.819095447925667672e-02
1.338750000000000000e+02 3.334104604082923640e-01 2.802623688716279066e-02
1.340249999999925876e+02 3.307683948069044533e-01 2.772915612732683097e-02
1.341750000000251362e+02 3.277417805699273656e-01 2.772006889509594577e-02
1.343249999999748354e+02 3.252067018155433420e-01 2.715448153477975635e-02
1.344750000000077250e+02 3.219392406538109097e-01 2.733309484402521999e-02
1.346250000000000000e+02 3.191440808316275413e-01 2.707324498595015463e-02
1.347749999999921044e+02 3.161450440571218490e-01 2.696429023849571810e-02
1.349250000000252783e+02 3.131508121152847823e-01 2.667762158503685435e-02
1.350749999999746933e+02 3.109843090150313238e-01 2.669550621133835733e-02
1.352250000000081798e+02 3.083931223380008690e-01 2.663027095188757673e-02
1.353750000000000000e+02 3.057812127456816520e-01 2.629542662437751518e-02
1.355249999999916213e+02 3.028715362468379912e-01 2.648931552275222284e-02
1.356750000000253920e+02 2.998742488322534983e-01 2.646697044000487220e-02
1.358249999999746080e+02 2.977415437104277141e-01 2.610913136728347864e-02
1.359750000000086345e+02 2.949691643260561880e-01 2.601345028501184792e-02
1.361250000000000000e+02 2.925492020228814272e-01 2.615589323760215620e-02
1.362749999999911665e+02 2.903898604643488368e-01 2.577774863338148231e-02
1.364250000000255056e+02 2.877056610651373969e-01 2.574658310273031034e-02
1.365749999999744659e+02 2.845975109043439311e-01 2.556392189107650412e-02
1.367250000000091177e+02 2.823255092994995108e-01 2.535571600969369760e-02
1.368750000000000000e+02 2.796975461835957133e-01 2.502736253139731595e-02
1.370249999999907118e+02 2.782303686587624392e-01 2.520176680404111885e-02
1.371750000000256193e+02 2.748251995998043928e-01 2.470369896446275235e-02
1.373249999999743522e+02 2.733322212310492771e-01 2.477226325812226584e-02
1.374750000000095724e+02 2.702891347374581921e-01 2.482249918631455193e-02
1.376250000000000000e+02 2.677288021130128093e-01 2.442273461140768293e-02
1.377749999999902286e+02 2.657614187787956106e-01 2.443333571490555189e-02
1.379250000000257330e+02 2.634287283137419777e-01 2.405122500654578374e-02
1.380749999999742386e+02 2.613735564009772583e-01 2.435861665487890765e-02
1.382250000000100272e+02 2.587539805180215646e-01 2.412640708809880852e-02
1.383750000000000000e+02 2.565479868349122006e-01 2.384047323500379859e-02
1.385249999999898023e+02 2.542784822942304457e-01 2.399569088636496414e-02
1.386750000000258467e+02 2.514772368425253757e-01 2.358250823355856340e-02
1.388249999999741249e+02 2.495773826298524622e-01 2.379158909553830137e-02
1.389750000000104535e+02 2.470810099806000915e-01 2.356272184174302772e-02
1.391250000000000000e+02 2.449555153426358212e-01 2.344561110118025329e-02
1.392749999999893475e+02 2.422634794315378370e-01 2.330897302373527782e-02
1.394250000000259604e+02 2.407897003382316881e-01 2.325431938814614269e-02
1.395749999999740112e+02 2.379735042308296356e-01 2.280675653889711538e-02
1.397250000000109367e+02 2.358813091068802659e-01 2.306002517742914218e-02
1.398750000000000000e+02 2.338580849566171682e-01 2.297992664812323685e-02
1.400249999999889212e+02 2.314470967959626202e-01 2.281790476678897256e-02
1.401750000000260741e+02 2.295712797368297253e-01 2.245993219756536180e-02
1.403249999999738975e+02 2.274430372482301455e-01 2.230375663867128350e-02
1.404750000000113346e+02 2.252719107547072330e-01 2.223390480744289605e-02
1.406250000000000000e+02 2.232779452984301749e-01 2.225836873779683117e-02
1.407749999999884665e+02 2.212933637472789261e-01 2.212177769902847618e-02
1.409250000000261593e+02 2.188116854224479435e-01 2.208547636635048786e-02
1.410749999999738122e+02 2.165629560961841726e-01 2.191618488478815074e-02
1.412250000000117893e+02 2.147311367780178892e-01 2.153998029596512070e-02
1.413750000000000000e+02 2.122638756736451304e-01 2.159900337332756187e-02
1.415249999999880401e+02 2.113520618606808399e-01 2.162557406802530224e-02
1.416750000000263014e+02 2.086524766608034709e-01 2.146963681776670185e-02
1.418249999999736986e+02 2.066637095846502181e-01 2.141215845554388791e-02
1.419750000000122441e+02 2.045753277284557692e-01 2.131041994914062779e-02
1.421250000000000000e+02 2.025285030467858793e-01 2.116931400623051421e-02
1.422749999999876138e+02 2.003698052219233527e-01 2.082995653683682516e-02
1.424250000000264151e+02 1.988769697804411707e-01 2.077954785377938637e-02
1.425749999999735849e+02 1.966415710815234419e-01 2.076335126160297820e-02
1.427250000000126420e+02 1.947272917127511604e-01 2.051578508390608860e-02
1.428750000000000000e+02 1.927842571737121702e-01 2.026366949398364023e-02
1.430249999999871875e+02 1.905264650072372445e-01 2.027412179070946924e-02
1.431750000000265004e+02 1.886792651412713129e-01 2.028997415277586716e-02
1.433249999999734712e+02 1.870317429669617892e-01 2.006572589044671936e-02
1.434750000000130683e+02 1.847502469129345404e-01 1.980088433160981029e-02
1.436250000000000000e+02 1.831131140528305390e-01 1.976578641402421468e-02
1.437749999999867612e+02 1.811349038013300716e-01 1.986994554942039110e-02
1.439250000000266141e+02 1.786871954664044637e-01 1.991495851447199275e-02
1.440749999999733575e+02 1.772006566182442178e-01 1.977630310512894229e-02
1.442250000000134946e+02 1.753934028006235712e-01 1.943316889414824916e-02
1.443750000000000000e+02 1.735047919116080584e-01 1.921351336159086640e-02
1.445249999999863348e+02 1.714104767810833707e-01 1.915613512020328951e-02
1.446750000000266994e+02 1.695422936266526570e-01 1.896163519581621493e-02
1.448249999999732722e+02 1.682788600266626189e-01 1.893130513494431857e-02
1.449750000000139210e+02 1.661305522065361917e-01 1.895860182664677734e-02
1.451250000000000000e+02 1.645661833756475179e-01 1.887502205074268954e-02
1.452749999999859369e+02 1.624125165416817895e-01 1.879830426287430398e-02
1.454250000000268130e+02 1.604379070805037888e-01 1.852707835503147535e-02
1.455749999999731870e+02 1.588462440361717021e-01 1.853963589031817558e-02
1.457250000000142904e+02 1.569231499682693098e-01 1.830635777335858777e-02
1.458750000000000000e+02 1.555146046933306436e-01 1.801933111550733588e-02
1.460249999999855390e+02 1.536996063985464900e-01 1.816558272619698058e-02
1.461750000000269267e+02 1.518588783224254224e-01 1.778072243631010838e-02
1.463249999999730733e+02 1.497955482710630615e-01 1.785058217748120360e-02
1.464750000000146883e+02 1.483796888938303526e-01 1.755657840831712987e-02
1.466250000000000000e+02 1.463303555775669063e-01 1.764249376269872924e-02
1.467749999999851411e+02 1.450586102412505241e-01 1.749170362672546747e-02
1.469250000000270120e+02 1.429362113588998895e-01 1.770393540506602983e-02
1.470749999999729596e+02 1.415446626692228871e-01 1.746953696384972651e-02
1.472250000000150862e+02 1.398506946855547217e-01 1.725104257993697113e-02
1.473750000000000000e+02 1.377494599850297985e-01 1.685650329213091853e-02
1.475249999999847432e+02 1.364456120644701453e-01 1.704968586298984470e-02
1.476750000000270973e+02 1.348756282421456065e-01 1.697230691915245157e-02
1.478249999999728743e+02 1.329786651061093672e-01 1.664869104976380437e-02
1.479750000000154841e+02 1.314436255511694240e-01 1.647842925760950941e-02
1.481250000000000000e+02 1.295809251383222838e-01 1.659351383578138231e-02
1.482749999999843453e+02 1.278680292844144861e-01 1.664545123941944815e-02
1.484250000000272109e+02 1.266403020015478553e-01 1.628978993681548526e-02
1.485749999999727606e+02 1.248885672052834489e-01 1.616199358871757766e-02
1.487250000000158821e+02 1.233227281522314561e-01 1.603010712286792594e-02
1.488750000000000000e+02 1.213410127858021575e-01 1.600386312135898201e-02
1.490249999999839474e+02 1.198027744368486414e-01 1.574346087301551483e-02
1.491750000000273246e+02 1.183057616702106324e-01 1.563961312632157485e-02
1.493249999999726754e+02 1.166042400325189160e-01 1.560641037484889089e-02
1.494750000000162800e+02 1.151649532446828855e-01 1.549210034357319243e-02
1.496250000000000000e+02 1.132183628244476103e-01 1.530378795964334668e-02
1.497749999999835779e+02 1.117469509031167457e-01 1.530332147107094434e-02
1.499250000000274099e+02 1.103642181189645605e-01 1.535748180802650603e-02
1.500749999999725617e+02 1.086255281651225396e-01 1.498486248184181281e-02
1.502250000000166494e+02 1.073277518177127438e-01 1.484257912852753915e-02
1.503750000000000000e+02 1.056049641665880029e-01 1.476214786846737591e-02
1.505249999999831800e+02 1.042202925573619265e-01 1.472484337657459924e-02
1.506750000000274952e+02 1.025609701682522606e-01 1.455098609218683468e-02
1.508249999999724764e+02 1.012898072814842898e-01 1.442368079785899711e-02
1.509750000000170473e+02 9.946246142668220547e-02 1.445481508452508938e-02
1.511250000000000000e+02 9.802159034267152182e-02 1.428871603102556051e-02
1.512749999999828106e+02 9.648261023498772015e-02 1.430047232111359215e-02
1.514250000000275804e+02 9.482526578918398785e-02 1.402011036333209414e-02
1.515749999999723912e+02 9.309075414646998670e-02 1.389044821431827115e-02
1.517250000000174168e+02 9.171242093069219281e-02 1.370471857149921195e-02
1.518750000000000000e+02 9.024327834409534566e-02 1.348415942360308394e-02
1.520249999999824411e+02 8.896412106560661059e-02 1.347612722203904434e-02
1.521750000000276941e+02 8.746919255406385152e-02 1.341987128304579675e-02
1.523249999999722775e+02 8.574241849298303020e-02 1.339098454585882676e-02
1.524750000000177863e+02 8.441663762507947699e-02 1.339352500364030321e-02
1.526250000000000000e+02 8.299894894052911587e-02 1.312006182374605978e-02
1.527749999999820716e+02 8.130695250602867907e-02 1.297415966955576226e-02
1.529250000000277794e+02 7.974938970694760154e-02 1.276696256953682024e-02
1.530749999999721922e+02 7.858434689987513211e-02 1.279697483771446639e-02
1.532250000000181558e+02 7.715371663698498972e-02 1.246832374657821756e-02
1.533750000000000000e+02 7.545540947159586065e-02 1.250044400876143720e-02
1.535249999999817021e+02 7.426440527011279880e-02 1.232856909003744207e-02
1.536750000000278646e+02 7.272397674824628011e-02 1.217439307383583365e-02
1.538249999999721069e+02 7.153530285914878883e-02 1.202626177927593881e-02
1.539750000000185253e+02 7.019933451866422480e-02 1.196323831692713835e-02
1.541250000000000000e+02 6.856662914729959313e-02 1.169784096907516488e-02
1.542749999999813326e+02 6.736753812294712929e-02 1.175067159730878476e-02
1.544250000000279783e+02 6.581829340015737939e-02 1.172843018291619757e-02
1.545749999999720217e+02 6.432573054841669857e-02 1.140069122593924747e-02
1.547250000000188948e+02 6.309991145493056008e-02 1.128686620027997446e-02
1.548750000000000000e+02 6.164655745078506666e-02 1.129944888472438590e-02
1.550249999999809631e+02 6.039752414457795482e-02 1.105905430150424043e-02
1.551750000000280636e+02 5.878939205937978862e-02 1.099816664096738873e-02
1.553249999999719080e+02 5.758316433121537375e-02 1.084705499902997861e-02
1.554750000000192358e+02 5.622159662176635236e-02 1.063245504446178567e-02
1.556250000000000000e+02 5.461890845996609373e-02 1.036164161088475033e-02
1.557749999999806221e+02 5.323800222804371540e-02 1.041757429355101398e-02
1.559250000000281489e+02 5.221509331956714073e-02 1.026735403892983962e-02
1.560749999999718511e+02 5.082304279292248345e-02 1.010058571175342923e-02
1.562250000000196053e+02 4.951574172282485753e-02 9.886175081675906140e-03
1.563750000000000000e+02 4.801600348122315315e-02 9.934718087101848671e-03
1.565249999999802810e+02 4.677614040654214794e-02 9.764114058270332089e-03
1.566750000000282341e+02 4.542070473168953459e-02 9.507797173593372439e-03
1.568249999999717659e+02 4.422958292079730985e-02 9.405847128284038072e-03
1.569750000000199748e+02 4.287716900471611609e-02 9.304411138978493923e-03
1.571250000000000000e+02 4.159034202299036198e-02 9.077357301864234437e-03
1.572749999999799115e+02 4.022264289397932402e-02 8.975314682254908680e-03
1.574250000000283194e+02 3.877729730026469729e-02 8.853658054695123791e-03
1.575749999999716522e+02 3.746254698223792923e-02 8.603356291594518868e-03
1.577250000000202874e+02 3.613256375115403429e-02 8.451962201546359826e-03
1.578750000000000000e+02 3.490424213427004846e-02 8.343678595446341745e-03
1.580249999999795705e+02 3.357165488783939861e-02 8.212365070748999657e-03
1.581750000000284047e+02 3.224616488043260260e-02 7.972349114269729198e-03
1.583249999999715669e+02 3.103672796045939611e-02 7.957175486575086137e-03
1.584750000000206569e+02 2.984524714486487887e-02 7.775170072450528734e-03
1.586250000000000000e+02 2.851574813088444960e-02 7.483536771747024627e-03
1.587749999999792294e+02 2.724358958215091289e-02 7.306168376200751144e-03
1.589250000000284899e+02 2.594614750452452559e-02 7.073423284806029145e-03
1.590749999999715101e+02 2.462033240939610901e-02 6.928110917425497027e-03
1.592250000000209980e+02 2.351176163962144516e-02 6.757027929653819723e-03
1.593750000000000000e+02 2.224436943517495505e-02 6.588406396772915515e-03
1.595249999999788884e+02 2.107609058859929302e-02 6.336366529793567050e-03
1.596750000000285752e+02 1.977341303170466330e-02 6.247674720072838965e-03
1.598249999999713964e+02 1.847278739734464770e-02 6.045536563135657689e-03
1.599750000000213390e+02 1.722449957043712884e-02 5.828579111446905055e-03
1.601250000000000000e+02 1.598090566914532260e-02 5.533339814448989119e-03
1.602749999999785473e+02 1.480081773530863426e-02 5.339292197377222028e-03
1.604250000000286605e+02 1.345544148234008829e-02 5.029876249691997946e-03
1.605749999999713395e+02 1.228755042599805926e-02 4.879839012658039078e-03
1.607250000000216517e+02 1.094527111876989617e-02 4.530824004519888940e-03
1.608750000000000000e+02 9.811005993326337229e-03 4.403953604900860686e-03
1.610249999999782062e+02 8.618546307392260450e-03 4.097153710651671270e-03
1.611750000000287457e+02 7.408417291431174806e-03 3.782477322914467102e-03
1.613249999999712543e+02 6.058523718723032164e-03 3.387175231800659044e-03
1.614750000000219927e+02 4.941965547299280101e-03 3.114008077055246439e-03
1.616250000000000000e+02 3.689034147670540182e-03 2.639872823624298676e-03
1.617749999999778652e+02 2.496706003750914955e-03 2.189742810200679714e-03
1.619250000000288310e+02 1.307945499559241007e-03 1.597732059248813032e-03
1.620749999999711406e+02 2.018565268290029621e-04 6.231445882651052027e-04
