# Radius RDF_mean RDF_std
7.500000000000896228e-02 1.743508592735896173e+03 1.174055814096315764e+00
2.249999999999577616e-01 1.634223460578488885e-01 6.709385284648090586e-01
3.750000000000000000e-01 1.614109941063627540e-01 5.178031810614054375e-01
5.249999999999700462e-01 1.659365359971949894e-01 4.437937318330832381e-01
6.750000000001169509e-01 1.652847089758845700e-01 3.922193785304379232e-01
8.249999999998777200e-01 1.686792886583119155e-01 3.573586580728126405e-01
9.750000000001839418e-01 1.658720695884933483e-01 3.231873192654059479e-01
1.125000000000000000e+00 1.767196172926333020e-01 3.156068351500451175e-01
1.274999999999773648e+00 1.784088900100558872e-01 2.965164423888395628e-01
1.424999999999764455e+00 1.870204446114075436e-01 2.845888491161519540e-01
1.575000000000282396e+00 1.998182385132121763e-01 2.828881049722833940e-01
1.725000000000170397e+00 2.002242567643076621e-01 2.702857090941848117e-01
1.875000000000000000e+00 2.086107199011343338e-01 2.629207380952021667e-01
2.025000000000070521e+00 2.229248412891817743e-01 2.604925019245704632e-01
2.174999999999594813e+00 2.238496008071018950e-01 2.538704109049272906e-01
2.325000000000426059e+00 2.346036590719709769e-01 2.513877310380285279e-01
2.474999999999678124e+00 2.447144874302300821e-01 2.477187308732614890e-01
2.625000000000000000e+00 2.615475876908273101e-01 2.505634548681351936e-01
2.775000000000444444e+00 2.744317595061578907e-01 2.487513643586435896e-01
2.924999999999512212e+00 2.904641488052371323e-01 2.489479439036747788e-01
3.075000000000499334e+00 3.031336325250466035e-01 2.481217502997095925e-01
3.224999999999414779e+00 3.207833504789561196e-01 2.528391272318781247e-01
3.375000000000000000e+00 3.394156418124331109e-01 2.521359567160670889e-01
3.525000000000659384e+00 3.592795254467665012e-01 2.552213291252082294e-01
3.674999999999857714e+00 3.813530141341642254e-01 2.530284124704242354e-01
3.825000000000022382e+00 4.061484871961305587e-01 2.586272071354983049e-01
3.974999999999250466e+00 4.295944168069238955e-01 2.577392194094034750e-01
4.125000000000000000e+00 4.647442009104418847e-01 2.678744342593967764e-01
4.275000000000798828e+00 4.997503861904047939e-01 2.712786039206491195e-01
4.425000000000374634e+00 5.434059340103454261e-01 2.783651475156324051e-01
4.574999999999541878e+00 6.010562604190531344e-01 2.860397416436566975e-01
4.724999999999138112e+00 6.683488409147696485e-01 2.973847411731454504e-01
4.875000000000000000e+00 7.432590124810338761e-01 3.055794384691272736e-01
5.025000000000897415e+00 7.870540266859624712e-01 3.103949114130797882e-01
5.175000000000743228e+00 8.111724120266282645e-01 3.099550458113546347e-01
5.324999999999196376e+00 8.140781771700270619e-01 3.086526390907711748e-01
5.474999999999057287e+00 8.093280737646798562e-01 3.039640884873505144e-01
5.625000000000000000e+00 8.026858671260947986e-01 2.986671485283461380e-01
5.775000000000969358e+00 8.161321757673758448e-01 2.972006113775564895e-01
5.925000000001017675e+00 8.277519518469212967e-01 2.946838273247602835e-01
6.074999999998936140e+00 8.463508281024525459e-01 2.947700343607495554e-01
6.224999999998995115e+00 8.739687726527398670e-01 2.954539475963636752e-01
6.375000000000000000e+00 9.119706377657273988e-01 2.962395417552922683e-01
6.525000000001025313e+00 9.572705947243478342e-01 3.038548188433193853e-01
6.675000000001229949e+00 1.005713641507468337e+00 3.061360168967670048e-01
6.824999999998733635e+00 1.064681158676209272e+00 3.095950799109962737e-01
6.974999999999387690e+00 1.127159110408854525e+00 3.131934805267176380e-01
7.125000000000000000e+00 1.189564710076699949e+00 3.235044281920643194e-01
7.275000000000346745e+00 1.266089030592806974e+00 3.273042383419862422e-01
7.425000000001398703e+00 1.334306843200407933e+00 3.316802381065258598e-01
7.574999999998571099e+00 1.411837966966072555e+00 3.403264172931862452e-01
7.725000000000012079e+00 1.469116851357348930e+00 3.435591166308691879e-01
7.875000000000000000e+00 1.520358591769604528e+00 3.485760530467986729e-01
8.024999999999771205e+00 1.551482331234857126e+00 3.503003911991915964e-01
8.175000000001539036e+00 1.571799276732665174e+00 3.418134467072606042e-01
8.324999999998437872e+00 1.585774340936236593e+00 3.464617023917486716e-01
8.475000000000525446e+00 1.572236441365792325e+00 3.398626458881067736e-01
8.625000000000000000e+00 1.543996835537541301e+00 3.338851613486591430e-01
8.774999999999291589e+00 1.496007480322841143e+00 3.211623038338178304e-01
8.925000000001652722e+00 1.442518238340143588e+00 3.191845385137834779e-01
9.074999999998325961e+00 1.370766829964005007e+00 3.063683251463406032e-01
9.225000000000957101e+00 1.312863654373660260e+00 2.961416059803875789e-01
9.375000000000000000e+00 1.257141901221287439e+00 2.889662706411508797e-01
9.524999999998890132e+00 1.210453776785100910e+00 2.825718249946140848e-01
9.675000000001750422e+00 1.179168074785540199e+00 2.745753860079578890e-01
9.824999999998231814e+00 1.135914853056927409e+00 2.673056866048248437e-01
9.975000000001321254e+00 1.099160993134640885e+00 2.622020760176937970e-01
1.012500000000000000e+01 1.055016177315808212e+00 2.547842607060780140e-01
1.027499999999854730e+01 1.019592720538720965e+00 2.500720654639281282e-01
1.042500000000183391e+01 9.855262808309603884e-01 2.426086819781763104e-01
1.057499999999815010e+01 9.644801117461891948e-01 2.409864496333606887e-01
1.072500000000163745e+01 9.384023479695045022e-01 2.336129864143257628e-01
1.087500000000000000e+01 9.310767813791900327e-01 2.308174834914273610e-01
1.102499999999824887e+01 9.221033899787979271e-01 2.288238564588897239e-01
1.117500000000190674e+01 9.304808855858296424e-01 2.266738235084440611e-01
1.132499999999808082e+01 9.390194168628708260e-01 2.291128919970003008e-01
1.147500000000190923e+01 9.458776934575939821e-01 2.282593854666043198e-01
1.162500000000000000e+01 9.653029514886953821e-01 2.275229629411654741e-01
1.177499999999798952e+01 9.821568231444737229e-01 2.286013459511622992e-01
1.192500000000196891e+01 1.005180516926568401e+00 2.298489436951588194e-01
1.207499999999801865e+01 1.029464480963837802e+00 2.332384939177200023e-01
1.222500000000215081e+01 1.046766785546940470e+00 2.308217378780378082e-01
1.237500000000000000e+01 1.063903598901662528e+00 2.339493077183265324e-01
1.252499999999776215e+01 1.080228482205638718e+00 2.317040665163472568e-01
1.267500000000202398e+01 1.101006917346305070e+00 2.335016869213584756e-01
1.282499999999796536e+01 1.106277880000075875e+00 2.311603742013679796e-01
1.297500000000236220e+01 1.111770915743964139e+00 2.298164424946834428e-01
1.312500000000000000e+01 1.120088379247269117e+00 2.291377680018522323e-01
1.327499999999756142e+01 1.121115646006758615e+00 2.319102496782573242e-01
1.342500000000173088e+01 1.117737681882817746e+00 2.291696353498202943e-01
1.357499999999841833e+01 1.112735091353280970e+00 2.250673106209619689e-01
1.372500000000255049e+01 1.106174879600441141e+00 2.248633871515961502e-01
1.387500000000000000e+01 1.105201656763216578e+00 2.226470310196045355e-01
1.402499999999738023e+01 1.091772415891906878e+00 2.216119804008520600e-01
1.417500000000102034e+01 1.088998979533067457e+00 2.212451475295929559e-01
1.432499999999911111e+01 1.076656866925410627e+00 2.212353432501923123e-01
1.447500000000271925e+01 1.072773148353513228e+00 2.117086798271541337e-01
1.462500000000000000e+01 1.065487909733669136e+00 2.131378460585984513e-01
1.477499999999721680e+01 1.065233774642345921e+00 2.147565725296128047e-01
1.492500000000038618e+01 1.061076593248420519e+00 2.096707165558907293e-01
1.507499999999973639e+01 1.059995820732111405e+00 2.109134326703071272e-01
1.522500000000287201e+01 1.061128519690301975e+00 2.102253461589425609e-01
1.537500000000000000e+01 1.059209824937038524e+00 2.084730916425032443e-01
1.552499999999706937e+01 1.060907182105582214e+00 2.069597770782971857e-01
1.567499999999980886e+01 1.068454536650458975e+00 2.069313835887079123e-01
1.582500000000029772e+01 1.076172590643505567e+00 2.060903462257262786e-01
1.597500000000300879e+01 1.075711313644317935e+00 2.034359402994089794e-01
1.612500000000000000e+01 1.076081089980252203e+00 2.056085528158959619e-01
1.627499999999693969e+01 1.081317948324544087e+00 2.033678421730820973e-01
1.642499999999928662e+01 1.086271644405260695e+00 2.036412464612980255e-01
1.657500000000081286e+01 1.087912360393355149e+00 2.027621814861185201e-01
1.672500000000313847e+01 1.084942484261965712e+00 2.045376218507261312e-01
1.687500000000000000e+01 1.085806002652093483e+00 1.993610369827834849e-01
1.702499999999681535e+01 1.084693901250043169e+00 2.019618437379584464e-01
1.717499999999880700e+01 1.081130951242064819e+00 2.009643748618036851e-01
1.732500000000128182e+01 1.080804179584889058e+00 1.991089582912820843e-01
1.747500000000325215e+01 1.068523530547873079e+00 1.972749483809938531e-01
1.762500000000000000e+01 1.068081379639478357e+00 1.980683975520204088e-01
1.777499999999670521e+01 1.051928583907564052e+00 1.922197189901624914e-01
1.792499999999837357e+01 1.043998962975159372e+00 1.919822632229916393e-01
1.807500000000171170e+01 1.039824447669269736e+00 1.886919418527314429e-01
1.822500000000335874e+01 1.026710330253792103e+00 1.860544369056647551e-01
1.837500000000000000e+01 1.022218319341574810e+00 1.858700243655173612e-01
1.852499999999660218e+01 1.013853030739028327e+00 1.841218312827447856e-01
1.867499999999797211e+01 1.007870422648841302e+00 1.831445082462021257e-01
1.882500000000210960e+01 1.002337078078755495e+00 1.830084956994958711e-01
1.897500000000345466e+01 9.988157815845991605e-01 1.834244573808912759e-01
1.912500000000000000e+01 9.956290755515986302e-01 1.815074346272071149e-01
1.927499999999650626e+01 9.901277816668863085e-01 1.787066410452533005e-01
1.942499999999759908e+01 9.912671111331986529e-01 1.792005535340001066e-01
1.957500000000247198e+01 9.889917727714147011e-01 1.776205948407341140e-01
1.972500000000354348e+01 9.913779145772630974e-01 1.767349755187744842e-01
1.987500000000000000e+01 9.919159248901348036e-01 1.772312942582933704e-01
2.002499999999642100e+01 9.953178898481050974e-01 1.750640999674386855e-01
2.017499999999725446e+01 9.937717381219530743e-01 1.727893334619229893e-01
2.032500000000281304e+01 1.002608231066759226e+00 1.747492409015408699e-01
2.047500000000362874e+01 1.005074289259382470e+00 1.749776645736117742e-01
2.062500000000000000e+01 1.006797456828696813e+00 1.751529115252725699e-01
2.077499999999633928e+01 1.009657532852605621e+00 1.747424383676765836e-01
2.092499999999693472e+01 1.016351520596579405e+00 1.754050528828791644e-01
2.107500000000312212e+01 1.017549036415053898e+00 1.754278524542203233e-01
2.122500000000370690e+01 1.018933959672843503e+00 1.748432012663876656e-01
2.137500000000000000e+01 1.021199260757953864e+00 1.727753798829034237e-01
2.152499999999626468e+01 1.021876586406708309e+00 1.722518856771104723e-01
2.167499999999663984e+01 1.020120243431378970e+00 1.733612205058046307e-01
2.182500000000341700e+01 1.020234085870527885e+00 1.717298218317717673e-01
2.197500000000377796e+01 1.021830861721789274e+00 1.711025261062964209e-01
2.212500000000000000e+01 1.017954313500906594e+00 1.702693109660794735e-01
2.227499999999619718e+01 1.019141423990438389e+00 1.675485708149995201e-01
2.242499999999636273e+01 1.014205161900505470e+00 1.683125241715708875e-01
2.257500000000369056e+01 1.018522567523715061e+00 1.678484063291312001e-01
2.272500000000384546e+01 1.009755656885308328e+00 1.669565424369814088e-01
2.287500000000000000e+01 1.004313092451069478e+00 1.677521687528674699e-01
2.302499999999612967e+01 1.003470258616829147e+00 1.670811254599309514e-01
2.317499999999610338e+01 9.986026128907303789e-01 1.649458917761086607e-01
2.332500000000394635e+01 9.954413633186770527e-01 1.609578039768716495e-01
2.347500000000390941e+01 9.912762808589720143e-01 1.643837808123931044e-01
2.362500000000000000e+01 9.918173351119374814e-01 1.630108061446592649e-01
2.377499999999606928e+01 9.899907087477886058e-01 1.599723417990838448e-01
2.392499999999586180e+01 9.941007188202315437e-01 1.625886023041747674e-01
2.407500000000418439e+01 9.917839667403013371e-01 1.602327321878621313e-01
2.422500000000396625e+01 9.929701056343087640e-01 1.557709659878476482e-01
2.437500000000000000e+01 9.902581894355818593e-01 1.605133258517999761e-01
2.452499999999600888e+01 9.889787815969873774e-01 1.572538644459602064e-01
2.467499999999563087e+01 9.903590313583084948e-01 1.580827488664235947e-01
2.482500000000441176e+01 9.899350705513295656e-01 1.570409650645030186e-01
2.497500000000402309e+01 9.909985425811241866e-01 1.558158354125522282e-01
2.512500000000000000e+01 9.901605468810428246e-01 1.580624555980559565e-01
2.527499999999595559e+01 9.935427089610896489e-01 1.565287523809190950e-01
2.542499999999541771e+01 9.893943091323691430e-01 1.580719479322551246e-01
2.557500000000462137e+01 9.913256775432602863e-01 1.551449814221381174e-01
2.572500000000407638e+01 9.907765294333606976e-01 1.549969424060940459e-01
2.587500000000000000e+01 9.919560290957100124e-01 1.545406377544660537e-01
2.602499999999590585e+01 9.924408548302148247e-01 1.542531609698057915e-01
2.617499999999521521e+01 9.861171628886170604e-01 1.539259176494099102e-01
2.632500000000482032e+01 9.880456067831842049e-01 1.545852006971634718e-01
2.647500000000383480e+01 9.847623787852407551e-01 1.524954398767914554e-01
2.662500000000000000e+01 9.847149499457673594e-01 1.510920480164399948e-01
2.677499999999647073e+01 9.830975641283823396e-01 1.501544827170576135e-01
2.692499999999502691e+01 9.820281167938704758e-01 1.521690340494797622e-01
2.707500000000501217e+01 9.793222507253561693e-01 1.506969723198232913e-01
2.722500000000308873e+01 9.804509626300820235e-01 1.493812291741882792e-01
2.737500000000000000e+01 9.775974106553666498e-01 1.499120144774704344e-01
2.752499999999719549e+01 9.747818107183418013e-01 1.499910941055500324e-01
2.767499999999484928e+01 9.749379028958199411e-01 1.468360159659174713e-01
2.782500000000518625e+01 9.754356696147185035e-01 1.463711701002800569e-01
2.797500000000238529e+01 9.708413011921486202e-01 1.485456792631182077e-01
2.812500000000000000e+01 9.691341804532034310e-01 1.430575407008963518e-01
2.827499999999788827e+01 9.716732796200704403e-01 1.451910982963800500e-01
2.842499999999467164e+01 9.723878355936705908e-01 1.455808826134312450e-01
2.857500000000536033e+01 9.708248599058715289e-01 1.455573708849179360e-01
2.872500000000171028e+01 9.723853876315464717e-01 1.464524193659523799e-01
2.887500000000000000e+01 9.752510122927098291e-01 1.458074257343331404e-01
2.902499999999854552e+01 9.753974195545792591e-01 1.435836873515520529e-01
2.917499999999451177e+01 9.755229317036140380e-01 1.427825382154232770e-01
2.932500000000552021e+01 9.723056235106448675e-01 1.443116267720126189e-01
2.947500000000107434e+01 9.790114880377581708e-01 1.432368645120603856e-01
2.962500000000000000e+01 9.772030398873515766e-01 1.422589417956087177e-01
2.977499999999917080e+01 9.762318772737027528e-01 1.425327983378608110e-01
2.992499999999435900e+01 9.792444250331637789e-01 1.423100377690557083e-01
3.007500000000566942e+01 9.789519967260748023e-01 1.430339010455334015e-01
3.022500000000047393e+01 9.810227733162820707e-01 1.424219754527286663e-01
3.037500000000000000e+01 9.786820598897140178e-01 1.403780168165989217e-01
3.052499999999976410e+01 9.785531994251638332e-01 1.400190778000506286e-01
3.067499999999420623e+01 9.776981848425548849e-01 1.408791974537910441e-01
3.082500000000581508e+01 9.764212449539921845e-01 1.419408142779905735e-01
3.097499999999989839e+01 9.775166425780615898e-01 1.414172369881135094e-01
3.112500000000000000e+01 9.757803389035324404e-01 1.399843760839662998e-01
3.127500000000032898e+01 9.761648925515988839e-01 1.376439426302459856e-01
3.142499999999406768e+01 9.740995902413587260e-01 1.388866350043622411e-01
3.157500000000595364e+01 9.725057881241071511e-01 1.376638960313943116e-01
3.172499999999935127e+01 9.714659539259568044e-01 1.376867488883805613e-01
3.187500000000000000e+01 9.743718461035899558e-01 1.366746476460546089e-01
3.202500000000086544e+01 9.739335917522126129e-01 1.372590256397346331e-01
3.217499999999394333e+01 9.694634357983014095e-01 1.370310388625619880e-01
3.232500000000609219e+01 9.724295568828560388e-01 1.374342535004692001e-01
3.247499999999882903e+01 9.707173162451773196e-01 1.366285748550709334e-01
3.262500000000000000e+01 9.724250913242998839e-01 1.373026793391658729e-01
3.277500000000137703e+01 9.707784056975984344e-01 1.360139919158552257e-01
3.292499999999381544e+01 9.731385016887481587e-01 1.344150796142184745e-01
3.307500000000621299e+01 9.705362280697381605e-01 1.336807784014898970e-01
3.322499999999832454e+01 9.723464058749204941e-01 1.358030944357259961e-01
3.337500000000000000e+01 9.711891995837452773e-01 1.363100272538466107e-01
3.352500000000186731e+01 9.733402308606766695e-01 1.345408701214840241e-01
3.367499999999368754e+01 9.734954644233549947e-01 1.325591065195741158e-01
3.382500000000633378e+01 9.731829045805858724e-01 1.329984250740121610e-01
3.397499999999784848e+01 9.733726125831172471e-01 1.312298919718016543e-01
3.412500000000000000e+01 9.729270401203315988e-01 1.349019382439890502e-01
3.427500000000233626e+01 9.738130653130107062e-01 1.324230225550042106e-01
3.442499999999357385e+01 9.721205779879373843e-01 1.317853511960026536e-01
3.457500000000644746e+01 9.736277801940879106e-01 1.336855372176001810e-01
3.472499999999739373e+01 9.743581108517120892e-01 1.319124979863563474e-01
3.487500000000000000e+01 9.769258983839257393e-01 1.328830260586361389e-01
3.502500000000278391e+01 9.727905148993347684e-01 1.311587472160255785e-01
3.517499999999346016e+01 9.746283210169036648e-01 1.310134715338996669e-01
3.532500000000656115e+01 9.734505730572428073e-01 1.303670561557978558e-01
3.547499999999695319e+01 9.714837012870455313e-01 1.297922819042711118e-01
3.562500000000000000e+01 9.696692471214570785e-01 1.303775070900228261e-01
3.577500000000321734e+01 9.721587140543757055e-01 1.301937439698853949e-01
3.592499999999336069e+01 9.717142910414209300e-01 1.291415769567251237e-01
3.607500000000666773e+01 9.703414144307841438e-01 1.281516674001034473e-01
3.622499999999653397e+01 9.681886923453622007e-01 1.302307921580292682e-01
3.637500000000000000e+01 9.708989401946481745e-01 1.290860065509317478e-01
3.652500000000362235e+01 9.689990899244684819e-01 1.288031716846561314e-01
3.667499999999325411e+01 9.700231513995460908e-01 1.288053426346775499e-01
3.682500000000676721e+01 9.731963285200215807e-01 1.282964499499152367e-01
3.697499999999613607e+01 9.708479003670739127e-01 1.257984520125586814e-01
3.712500000000000000e+01 9.694902642431242334e-01 1.266926779700759675e-01
3.727500000000402736e+01 9.736069856221698515e-01 1.273543046303006188e-01
3.742499999999315463e+01 9.733139677638544818e-01 1.273163842755064556e-01
3.757500000000686668e+01 9.702130171815583903e-01 1.254282297472586738e-01
3.772499999999575238e+01 9.707755538323447064e-01 1.275940366261912318e-01
3.787500000000000000e+01 9.713319752159295106e-01 1.280564422208202713e-01
3.802500000000440394e+01 9.730625848770670938e-01 1.253114659957104415e-01
3.817499999999306226e+01 9.722176563185085385e-01 1.255407714059962876e-01
3.832500000000695906e+01 9.735343616300857761e-01 1.266471505009960918e-01
3.847499999999537579e+01 9.758373277599379225e-01 1.278258825100235807e-01
3.862500000000000000e+01 9.740736659527522434e-01 1.250958176431202773e-01
3.877500000000476632e+01 9.732605945561353389e-01 1.241401037566961379e-01
3.892499999999297700e+01 9.736212650880242681e-01 1.267390419321527129e-01
3.907500000000705143e+01 9.765641334358282633e-01 1.246326401422407637e-01
3.922499999999502052e+01 9.742638244460715136e-01 1.233765573427030998e-01
3.937500000000000000e+01 9.736747276681075869e-01 1.235077224515733485e-01
3.952500000000512159e+01 9.727307050426092783e-01 1.236999548318055975e-01
3.967499999999288463e+01 9.760902812747033197e-01 1.240010599019344961e-01
3.982500000000712959e+01 9.750874539486599213e-01 1.223291410645162974e-01
3.997499999999467946e+01 9.748736111928150150e-01 1.219508186818008544e-01
4.012500000000000000e+01 9.740833385462697169e-01 1.233031264500555890e-01
4.027500000000545555e+01 9.745084479449537262e-01 1.220586859659602563e-01
4.042499999999279936e+01 9.739710610508532929e-01 1.238329550657357864e-01
4.057500000000721485e+01 9.772112560020983496e-01 1.209121094158141646e-01
4.072499999999434550e+01 9.744067994537690680e-01 1.236526099481390917e-01
4.087500000000000000e+01 9.753473101908607390e-01 1.220907387782035197e-01
4.102500000000578240e+01 9.750966235166365070e-01 1.202829192615809673e-01
4.117499999999272120e+01 9.726709358627992907e-01 1.208725475056882936e-01
4.132500000000730012e+01 9.755650149242951485e-01 1.214426614111928648e-01
4.147499999999402576e+01 9.744857749318096563e-01 1.212776360995756336e-01
4.162500000000000000e+01 9.734656540611476006e-01 1.201276889863029385e-01
4.177500000000609504e+01 9.735196218304753568e-01 1.195273345116294877e-01
4.192499999999264304e+01 9.767740355791039164e-01 1.206782228779666039e-01
4.207500000000737828e+01 9.744764172834705640e-01 1.197721874926650359e-01
4.222499999999372022e+01 9.755295135430004372e-01 1.199274527948921282e-01
4.237500000000000000e+01 9.783298956686912184e-01 1.187426876012769167e-01
4.252500000000640057e+01 9.776311551002395683e-01 1.193364226734080907e-01
4.267499999999256488e+01 9.765956206365793424e-01 1.194280765313830428e-01
4.282500000000744933e+01 9.763877911289482459e-01 1.204151914017378561e-01
4.297499999999342180e+01 9.789910452906495086e-01 1.185533466526716012e-01
4.312500000000000000e+01 9.777779411730112002e-01 1.175556280582454594e-01
4.327500000000669900e+01 9.783132811898039849e-01 1.180802432248086176e-01
4.342499999999249383e+01 9.766940384028658384e-01 1.181818048700643276e-01
4.357500000000752038e+01 9.779737280152858148e-01 1.183762419792953186e-01
4.372499999999313758e+01 9.780586989453809998e-01 1.182321435671760401e-01
4.387500000000000000e+01 9.796344117989801425e-01 1.182939519262648786e-01
4.402500000000697611e+01 9.786880527289137932e-01 1.165764029946293190e-01
4.417499999999242277e+01 9.791055269984020315e-01 1.169844588087613074e-01
4.432500000000759144e+01 9.803426405649141584e-01 1.172137476358271618e-01
4.447499999999286047e+01 9.777471271844140333e-01 1.163541418121125659e-01
4.462500000000000000e+01 9.793664217478121881e-01 1.162864574197879641e-01
4.477500000000724611e+01 9.811166496719463392e-01 1.170779354661164035e-01
4.492499999999235882e+01 9.808376819213605602e-01 1.161158931818741524e-01
4.507500000000766249e+01 9.771692730615897382e-01 1.169553934671835188e-01
4.522499999999259757e+01 9.794069298347564123e-01 1.151430528764088301e-01
4.537500000000000000e+01 9.799938371865750675e-01 1.156587956389439481e-01
4.552500000000750902e+01 9.806459101664596334e-01 1.157250700866521154e-01
4.567499999999228777e+01 9.811409497807163094e-01 1.150636621598383480e-01
4.582500000000772644e+01 9.793640796104445823e-01 1.165839339610301867e-01
4.597499999999233466e+01 9.806981344181843196e-01 1.172661244008087050e-01
4.612500000000000000e+01 9.799671912442178279e-01 1.148257132465656805e-01
4.627500000000776481e+01 9.810773912988735024e-01 1.139923228327437421e-01
4.642499999999223093e+01 9.820815825940881760e-01 1.154562045531922487e-01
4.657500000000779039e+01 9.811764565999722132e-01 1.132396348177359680e-01
4.672499999999207887e+01 9.817595589767276199e-01 1.148341523246849682e-01
4.687500000000000000e+01 9.802189645413418306e-01 1.131571727598602306e-01
4.702500000000801350e+01 9.822369354553951437e-01 1.145317058221512474e-01
4.717499999999216698e+01 9.843220159324653773e-01 1.142671641809532707e-01
4.732500000000784723e+01 9.821743428949508692e-01 1.141532107800737744e-01
4.747499999999183729e+01 9.838320474576235375e-01 1.139775755866838380e-01
4.762500000000000000e+01 9.832119195948388901e-01 1.135459337598396790e-01
4.777500000000825509e+01 9.842810218977129377e-01 1.152477906527582946e-01
4.792499999999211013e+01 9.849958782112813171e-01 1.140457477577817152e-01
4.807500000000790408e+01 9.833725091906964089e-01 1.142719875367972787e-01
4.822499999999160281e+01 9.857175565900967440e-01 1.136457165946727910e-01
4.837500000000000000e+01 9.836511521427020455e-01 1.132457261182937269e-01
4.852500000000848956e+01 9.847464131233794049e-01 1.141610377801936110e-01
4.867499999999204618e+01 9.850769218563990570e-01 1.128929788005386403e-01
4.882500000000796092e+01 9.862460378221991064e-01 1.131561235510551433e-01
4.897499999999137543e+01 9.843996915065129638e-01 1.110821262573285506e-01
4.912500000000000000e+01 9.861817274373335662e-01 1.113346554157352147e-01
4.927500000000870983e+01 9.865765511023928402e-01 1.130897935052739139e-01
4.942499999999198934e+01 9.854111215759275844e-01 1.117958845807202894e-01
4.957500000000802487e+01 9.861925885504726486e-01 1.104953793359024217e-01
4.972499999999115516e+01 9.880286123704190571e-01 1.120462128380431549e-01
4.987500000000000000e+01 9.867256628994787171e-01 1.115180668551635640e-01
5.002500000000893010e+01 9.860147842508426574e-01 1.107782847799022724e-01
5.017499999999193960e+01 9.883359572351249067e-01 1.105479359660132277e-01
5.032500000000807461e+01 9.854850196752428237e-01 1.109949422595677415e-01
5.047499999999094200e+01 9.872074512281633352e-01 1.102728959439819023e-01
5.062500000000000000e+01 9.872671390834341087e-01 1.110042806582310082e-01
5.077500000000914326e+01 9.888404350339655702e-01 1.107472815721236015e-01
5.092499999999188276e+01 9.877322873074966258e-01 1.107300212771697850e-01
5.107500000000812435e+01 9.876102350114174255e-01 1.105900088927239400e-01
5.122499999999072884e+01 9.863612544935093096e-01 1.095359315268978895e-01
5.137500000000000000e+01 9.887373092148947773e-01 1.094096232967627924e-01
5.152500000000934932e+01 9.864932310553465866e-01 1.099131955733476385e-01
5.167499999999183302e+01 9.897162823713520075e-01 1.100186918681295561e-01
5.182500000000818119e+01 9.877916318690748154e-01 1.088920905242988652e-01
5.197499999999052989e+01 9.895302567024634177e-01 1.090714945928616258e-01
5.212500000000000000e+01 9.868213599652079226e-01 1.079621935334702520e-01
5.227500000000954827e+01 9.891275318691175045e-01 1.092172480003085477e-01
5.242499999999178328e+01 9.873237080240202523e-01 1.082470469504039634e-01
5.257500000000806040e+01 9.887640732764687579e-01 1.087937590173305713e-01
5.272499999999033804e+01 9.882399671806464392e-01 1.085439996873948099e-01
5.287500000000000000e+01 9.898478721744998765e-01 1.092718341933196502e-01
5.302500000000974723e+01 9.919611348173182908e-01 1.084913707348763856e-01
5.317499999999255778e+01 9.914229892390886700e-01 1.092595794747696220e-01
5.332500000000729301e+01 9.885269136554545311e-01 1.084247458871473030e-01
5.347499999999015330e+01 9.899996077082775514e-01 1.079356978324735872e-01
5.362500000000000000e+01 9.897984853357493229e-01 1.076992631181675070e-01
5.377500000000993197e+01 9.893156240060211326e-01 1.062217021803968514e-01
5.392499999999331095e+01 9.910034569846342123e-01 1.083345661595245257e-01
5.407500000000654694e+01 9.891343959778017281e-01 1.075739587303026074e-01
5.422499999998996145e+01 9.910255162461537592e-01 1.072492494607081709e-01
5.437500000000000000e+01 9.927732685667834955e-01 1.064095840112783548e-01
5.452500000001011671e+01 9.914231355708905680e-01 1.059325524190891793e-01
5.467499999999403570e+01 9.915001750354619503e-01 1.080050144224421332e-01
5.482500000000581508e+01 9.919058273769149059e-01 1.068723514194379887e-01
5.497499999998977671e+01 9.909441260959659381e-01 1.071433791334960167e-01
5.512500000000000000e+01 9.912293605335322777e-01 1.058264926841867570e-01
5.527500000001029434e+01 9.919110416764449489e-01 1.064142852960609648e-01
5.542499999999475335e+01 9.920707719957113646e-01 1.034146671842257059e-01
5.557500000000510454e+01 9.922330330419338873e-01 1.063719053607835585e-01
5.572499999998960618e+01 9.928343191863044925e-01 1.056242919521418744e-01
5.587500000000000000e+01 9.934177530251278032e-01 1.044892671486897240e-01
5.602500000001046487e+01 9.904786455672649481e-01 1.065430464554815160e-01
5.617499999999544258e+01 9.912286145937659887e-01 1.057212470038706165e-01
5.632500000000441531e+01 9.928438984602689921e-01 1.057898436593891905e-01
5.647499999998942855e+01 9.945507687314096845e-01 1.037956645141050183e-01
5.662500000000000000e+01 9.944004166218629592e-01 1.044845761738835976e-01
5.677500000001062830e+01 9.921684321694886899e-01 1.051958770051418524e-01
5.692499999999611759e+01 9.933678179654722440e-01 1.053661259604559003e-01
5.707500000000374030e+01 9.937470640353716078e-01 1.042640421053739191e-01
5.722499999998926512e+01 9.932774715748469152e-01 1.045173548902252059e-01
5.737500000000000000e+01 9.941096065119771064e-01 1.038073734270125725e-01
5.752500000001079172e+01 9.921576976312341811e-01 1.041270745785070617e-01
5.767499999999677129e+01 9.940509804726933574e-01 1.034828383675034935e-01
5.782500000000310081e+01 9.931561142094856853e-01 1.026770140100093237e-01
5.797499999998910170e+01 9.933728160028837406e-01 1.030771319911191197e-01
5.812500000000000000e+01 9.929720172857683380e-01 1.042984566486790249e-01
5.827500000001095515e+01 9.939829971337997838e-01 1.022919283309466770e-01
5.842499999999741078e+01 9.936956508948077138e-01 1.021581228589851370e-01
5.857500000000246132e+01 9.945901472030667101e-01 1.042839273912711529e-01
5.872499999998893827e+01 9.943594452047271881e-01 1.038909057731994823e-01
5.887500000000000000e+01 9.966750689980781175e-01 1.019090681479489779e-01
5.902500000001111857e+01 9.958513605858100304e-01 1.008241254961327188e-01
5.917499999999803606e+01 9.961471215175448091e-01 1.029590179696968644e-01
5.932500000000184315e+01 9.965261466987754835e-01 1.025275743808481826e-01
5.947499999998878906e+01 9.945169460770457714e-01 1.018154520672088226e-01
5.962500000000000000e+01 9.959807955006789726e-01 1.021301686148219645e-01
5.977500000001126779e+01 9.955992370585426965e-01 1.014478032581411227e-01
5.992499999999864002e+01 9.962475012454687917e-01 1.023693878361862791e-01
6.007500000000123919e+01 9.980350564201598829e-01 1.025920503669907891e-01
6.022499999998863984e+01 9.974414557648908497e-01 1.010890176538824792e-01
6.037500000000000000e+01 9.968122849978645617e-01 1.018984264842815179e-01
6.052500000001142411e+01 9.981427523535398860e-01 1.013857393920233607e-01
6.067499999999923688e+01 9.980608911735716626e-01 1.007880747695300422e-01
6.082500000000064944e+01 9.966474194315285695e-01 1.017360820924580050e-01
6.097499999998849773e+01 9.989663150947405423e-01 1.007847619774547843e-01
6.112500000000000000e+01 9.989622145487754290e-01 1.004003100976725432e-01
6.127500000001155911e+01 9.987816996971999872e-01 1.011624396871946968e-01
6.142499999999980531e+01 9.995659927825734092e-01 1.012830840929927895e-01
6.157500000000007390e+01 1.000122913105570666e+00 1.001128383974841107e-01
6.172499999998834852e+01 9.996445674737797216e-01 9.965921570301237986e-02
6.187500000000000000e+01 9.999314326670531994e-01 9.978161308677034602e-02
6.202500000001170122e+01 1.000132800017804247e+00 9.923522151343430742e-02
6.217500000000037375e+01 9.980151267818527794e-01 1.007827904700358684e-01
6.232499999999951967e+01 9.990067667277983121e-01 9.952015375479580928e-02
6.247499999998820641e+01 1.001173774868822530e+00 1.001368615073777169e-01
6.262500000000000000e+01 9.993448339691733961e-01 9.896765030943595332e-02
6.277500000001184333e+01 1.000820815638691963e+00 9.883975577907876120e-02
6.292500000000092086e+01 9.995937736982037913e-01 9.939612667226155329e-02
6.307499999999897256e+01 1.000010827185218387e+00 9.914438689120452786e-02
6.322499999998807851e+01 1.001747119022407873e+00 9.935070532793591203e-02
6.337500000000000000e+01 1.001959735226682913e+00 1.001806861866426090e-01
6.352500000001197833e+01 1.000891000318833157e+00 9.919479157836913474e-02
6.367500000000146798e+01 1.001929862344506095e+00 9.846060988449854834e-02
6.382499999999843254e+01 1.000710622950057083e+00 9.806849240718887306e-02
6.397499999998793641e+01 1.000981642200078126e+00 9.928977516172440843e-02
6.412500000000000000e+01 1.001559173500727207e+00 9.932205292396045770e-02
6.427500000001211333e+01 1.001904201879808998e+00 9.900110075340438909e-02
6.442500000000200089e+01 1.002476895875983987e+00 9.835425104827001663e-02
6.457499999999791385e+01 1.003691293864354073e+00 9.818673063591164263e-02
6.472499999998781561e+01 1.001800297081674618e+00 9.762612534143755294e-02
6.487500000000000000e+01 1.003251889718150380e+00 9.671547257245079188e-02
6.502500000001224123e+01 1.001605520594626375e+00 1.000633907528626493e-01
6.517500000000251248e+01 1.003006517454402724e+00 9.792416482472945938e-02
6.532499999999740226e+01 1.003280134581337801e+00 9.755693180338509407e-02
6.547499999998768772e+01 1.002858431841401776e+00 9.724589986863256541e-02
6.562500000000000000e+01 1.001878351698878733e+00 9.741312223354428590e-02
6.577500000001236913e+01 1.004172813150480792e+00 9.830579266456258847e-02
6.592500000000300986e+01 1.003789141500937898e+00 9.669045612943241719e-02
6.607499999999690488e+01 1.005159439555558532e+00 9.735012882521992816e-02
6.622499999998755982e+01 1.003107686583974534e+00 9.825766352405823634e-02
6.637500000000000000e+01 1.004526361207108032e+00 9.721495616327192890e-02
6.652500000001249703e+01 1.003243985923288895e+00 9.816241744007721259e-02
6.667500000000349303e+01 1.004499481910660741e+00 9.760634520398893399e-02
6.682499999999640750e+01 1.005738995091883803e+00 9.653124400244912640e-02
6.697499999998743192e+01 1.004411842165269464e+00 9.712722527335473921e-02
6.712500000000000000e+01 1.003457683015718249e+00 9.720056363396673005e-02
6.727500000001261071e+01 1.003857836156063499e+00 9.692872559777232500e-02
6.742500000000397620e+01 1.003832050008290455e+00 9.516520719634538605e-02
6.757499999999593854e+01 1.003610117118598266e+00 9.583095944067203387e-02
6.772499999998731823e+01 1.005347432647748285e+00 9.585984062725820543e-02
6.787500000000000000e+01 1.004502687102257319e+00 9.574911854933591815e-02
6.802500000001272440e+01 1.002974214850245849e+00 9.655131118974155657e-02
6.817500000000444516e+01 1.003309299695745116e+00 9.605960383985970297e-02
6.832499999999546958e+01 1.004354945095554674e+00 9.608582533914243606e-02
6.847499999998720455e+01 1.003875929566422576e+00 9.513449135743316798e-02
6.862500000000000000e+01 1.006281396341659473e+00 9.466754299237761794e-02
6.877500000001283809e+01 1.006230724302291435e+00 9.635240443270359778e-02
6.892500000000489990e+01 1.004288018871647870e+00 9.564622718708684634e-02
6.907499999999501483e+01 1.006881658574348304e+00 9.499344144182737815e-02
6.922499999998709086e+01 1.004776169951543396e+00 9.578053201093916780e-02
6.937500000000000000e+01 1.004435642037186049e+00 9.589360911420820310e-02
6.952500000001295177e+01 1.005973411371681392e+00 9.492690740413403661e-02
6.967500000000535465e+01 1.004587124912895035e+00 9.428266833706604177e-02
6.982499999999456008e+01 1.005675075565177101e+00 9.550131806347268715e-02
6.997499999998697717e+01 1.004091470183967161e+00 9.313528982930478761e-02
7.012500000000000000e+01 1.007022254987985033e+00 9.387647455267587870e-02
7.027500000001306546e+01 1.004257439545704234e+00 9.406793684886413653e-02
7.042500000000579519e+01 1.006181134244559239e+00 9.549319682746371107e-02
7.057499999999413376e+01 1.006020641524001835e+00 9.488135836665899381e-02
7.072499999998686349e+01 1.006460715831055897e+00 9.470315015182961815e-02
7.087500000000000000e+01 1.006793393491420385e+00 9.375474158622496001e-02
7.102500000001316494e+01 1.004821098063224394e+00 9.442588070466279015e-02
7.117500000000620730e+01 1.004840561731948245e+00 9.394500086334070521e-02
7.132499999999369322e+01 1.005104929445237660e+00 9.341560076868715701e-02
7.147499999998676401e+01 1.005771829781662241e+00 9.270114414658746360e-02
7.162500000000000000e+01 1.004046359434366487e+00 9.437216803265129073e-02
7.177500000001327862e+01 1.004341379618160390e+00 9.497883151131357449e-02
7.192500000000663363e+01 1.005855123789793915e+00 9.431621780363623475e-02
7.207499999999328111e+01 1.006963157270410303e+00 9.450236296829812865e-02
7.222499999998666453e+01 1.005483647607485098e+00 9.350038803627629125e-02
7.237500000000000000e+01 1.006918741130312434e+00 9.317291070223174265e-02
7.252500000001337810e+01 1.007034903636089718e+00 9.261362727201695455e-02
7.267500000000704574e+01 1.005877491480489327e+00 9.331400198069052243e-02
7.282499999999286899e+01 1.006470021310190255e+00 9.408958439636860849e-02
7.297499999998655085e+01 1.006316797020102793e+00 9.179559725758008881e-02
7.312500000000000000e+01 1.006557876211606972e+00 9.202520031041330761e-02
7.327500000001347757e+01 1.006019092757204580e+00 9.209146911514966283e-02
7.342500000000745786e+01 1.008171332796508279e+00 9.278460804713040133e-02
7.357499999999247109e+01 1.006453384114622152e+00 9.230535275886252167e-02
7.372499999998646558e+01 1.007140668285797069e+00 9.266229884220596180e-02
7.387500000000000000e+01 1.006713983092883069e+00 9.223026517296413485e-02
7.402500000001359126e+01 1.006047033154808146e+00 9.158003547872502204e-02
7.417500000000785576e+01 1.005626827437101412e+00 9.159476409353901893e-02
7.432499999999207319e+01 1.005565192396483898e+00 9.275425280111074255e-02
7.447499999998635190e+01 1.006176450609361561e+00 9.170405189060873430e-02
7.462500000000000000e+01 1.005816635613259846e+00 9.184334135120444942e-02
7.477500000001367653e+01 1.004778230887623858e+00 9.240903727033747406e-02
7.492500000000823945e+01 1.006581990133170956e+00 9.190610255773891402e-02
7.507499999999168949e+01 1.007489407445116836e+00 9.209850196689395307e-02
7.522499999998626663e+01 1.006896723996259624e+00 9.079390709903897849e-02
7.537500000000000000e+01 1.005106426245218065e+00 9.211565991293527156e-02
7.552500000001377600e+01 1.006023851078119424e+00 9.159191613037451218e-02
7.567500000000862315e+01 1.007161897710042942e+00 9.112112003609308675e-02
7.582499999999130580e+01 1.005898961923816559e+00 8.999139377028059217e-02
7.597499999998616715e+01 1.005690867290089718e+00 9.171086564741159908e-02
7.612500000000000000e+01 1.007049078489078209e+00 9.155102193336182859e-02
7.627500000001386127e+01 1.004897244343447404e+00 9.015803550945289402e-02
7.642500000000899263e+01 1.006296915683093873e+00 9.038726199727097066e-02
7.657499999999093632e+01 1.005506064765272489e+00 9.041650084546787314e-02
7.672499999998608189e+01 1.004965710938568790e+00 8.834073806352889247e-02
7.687500000000000000e+01 1.006405295228696151e+00 8.940155752038865533e-02
7.702500000001396074e+01 1.004775078079770845e+00 9.063335736729558056e-02
7.717500000000934790e+01 1.005587201298295597e+00 8.948184347477390610e-02
7.732499999999058105e+01 1.005780835262809925e+00 8.982767031984068007e-02
7.747499999998598241e+01 1.005976964597483647e+00 9.001444197950952963e-02
7.762500000000000000e+01 1.003680008526264489e+00 8.933208354041784205e-02
7.777500000001404601e+01 1.006596471510732504e+00 8.845497969071526578e-02
7.792500000000971738e+01 1.004482199317684454e+00 9.001795271824596101e-02
7.807499999999021156e+01 1.005345902773860489e+00 8.935621252844351547e-02
7.822499999998589715e+01 1.004772827932424617e+00 9.026339797668060660e-02
7.837500000000000000e+01 1.003564376981335160e+00 8.984022903192594167e-02
7.852500000001413127e+01 1.003164987571275146e+00 8.874696104760902704e-02
7.867500000001005844e+01 1.004384926823528534e+00 8.892741517241709026e-02
7.882499999998987050e+01 1.005836252359006977e+00 8.829271001468545765e-02
7.897499999998581188e+01 1.005115675102029149e+00 9.039476402473969885e-02
7.912500000000000000e+01 1.003673361890007110e+00 8.789106951197567241e-02
7.927500000001423075e+01 1.005374685240136623e+00 8.862851138577905463e-02
7.942500000001041371e+01 1.005312735834353211e+00 8.883419531008560077e-02
7.957499999998951523e+01 1.005033012934868353e+00 8.926260389677220797e-02
7.972499999998572662e+01 1.005792658120994831e+00 8.850884971779406085e-02
7.987500000000000000e+01 1.004979556931108409e+00 8.808511138830506237e-02
8.002500000001430180e+01 1.003714734791302909e+00 8.925223651978843320e-02
8.017500000001075477e+01 1.005940173436123519e+00 8.715699684522422441e-02
8.032499999998918838e+01 1.003446617776950989e+00 8.946694924020523465e-02
8.047499999998564135e+01 1.004448951076198027e+00 8.787106336962280384e-02
8.062500000000000000e+01 1.002655829438272361e+00 8.790845127187754682e-02
8.077500000001438707e+01 1.003999849114371568e+00 8.774371612904036111e-02
8.092500000001108162e+01 1.004045674633804452e+00 8.818653965653401594e-02
8.107499999998886153e+01 1.003947130978140256e+00 8.869147963045655170e-02
8.122499999998557030e+01 1.002782606647576014e+00 8.743398701082635838e-02
8.137500000000000000e+01 1.002740823123224212e+00 8.733093997038617051e-02
8.152500000001447233e+01 1.003187999373132522e+00 8.757369115264294901e-02
8.167500000001139426e+01 1.004292286266784906e+00 8.782954295591495486e-02
8.182499999998853468e+01 1.003777082514185404e+00 8.728814403113535625e-02
8.197499999998548503e+01 1.002658027707273858e+00 8.739024794841546151e-02
8.212500000000000000e+01 1.004328951602614817e+00 8.725392531706373245e-02
8.227500000001455760e+01 1.002636181827308404e+00 8.771082305946956148e-02
8.242500000001172111e+01 1.004717426528046964e+00 8.811986300392109228e-02
8.257499999998822204e+01 1.004200040441650676e+00 8.605750263928560462e-02
8.272499999998539977e+01 1.003706564944955915e+00 8.635856533913206790e-02
8.287500000000000000e+01 1.003339258032264869e+00 8.804484432206208244e-02
8.302500000001462865e+01 1.005011278731638535e+00 8.669933225307331626e-02
8.317500000001203375e+01 1.002619954064996488e+00 8.617067635673172910e-02
8.332499999998789519e+01 1.001861316717716832e+00 8.647576254808440888e-02
8.347499999998531450e+01 1.003264190662506383e+00 8.726927132373915597e-02
8.362500000000000000e+01 1.001882517856022003e+00 8.687494282538954504e-02
8.377500000001469971e+01 1.002328224171105564e+00 8.622461597407064804e-02
8.392500000001234639e+01 1.002764098920762015e+00 8.628073745078192192e-02
8.407499999998758256e+01 1.001284553883988071e+00 8.618499925642762738e-02
8.422499999998524345e+01 1.001365509403496779e+00 8.610527207069129663e-02
8.437500000000000000e+01 1.002493569986222299e+00 8.669050937573649640e-02
8.452500000001478497e+01 9.995224940049701745e-01 8.512869280677473616e-02
8.467500000001264482e+01 1.002187138210365536e+00 8.552309363448652724e-02
8.482499999998728413e+01 1.002932818901385970e+00 8.564810011289059055e-02
8.497499999998517239e+01 1.001880651063056238e+00 8.657353265654513241e-02
8.512500000000000000e+01 1.001800209810604025e+00 8.516901127659713688e-02
8.527500000001485603e+01 1.000916631138322854e+00 8.674024577626707200e-02
8.542500000001294325e+01 1.000346658289412050e+00 8.517857589822777631e-02
8.557499999998699991e+01 1.000200285995372917e+00 8.576691468340287561e-02
8.572499999998510134e+01 1.001789209666375413e+00 8.594780572098414950e-02
8.587500000000000000e+01 1.002194170342793011e+00 8.522541048523990526e-02
8.602500000001494129e+01 1.000185090127616583e+00 8.585168250590442807e-02
8.617500000001324167e+01 9.991348514655525870e-01 8.483530832245597675e-02
8.632499999998670148e+01 9.998816161873559372e-01 8.443594379655108839e-02
8.647499999998503029e+01 1.000995032343827473e+00 8.468311007701589954e-02
8.662500000000000000e+01 1.001538627678786986e+00 8.375051570996321082e-02
8.677500000001501235e+01 1.000008726508244905e+00 8.511353300218753304e-02
8.692500000001352589e+01 1.000333050960084957e+00 8.490549463585075896e-02
8.707499999998641727e+01 1.000134363290344996e+00 8.506190720589225374e-02
8.722499999998494502e+01 1.000923587477482002e+00 8.437326075350870536e-02
8.737500000000000000e+01 9.995793349005595019e-01 8.508821539432742664e-02
8.752500000001508340e+01 1.001714026041823802e+00 8.453884093656559295e-02
8.767500000001381011e+01 1.001423288338189277e+00 8.501141288601894719e-02
8.782499999998613305e+01 9.993915744147719993e-01 8.415117191857605927e-02
8.797499999998487397e+01 9.997109368648842143e-01 8.295813962269804609e-02
8.812500000000000000e+01 1.000042763785691902e+00 8.373643181319295747e-02
8.827500000001514024e+01 9.996778063695728189e-01 8.329632884847448793e-02
8.842500000001409433e+01 9.987823896417302727e-01 8.292303756216456989e-02
8.857499999998586304e+01 9.991793884149632321e-01 8.343368586347402194e-02
8.872499999998480291e+01 9.979952636181852466e-01 8.484439592261627805e-02
8.887500000000000000e+01 1.000901490148317530e+00 8.303985570068715683e-02
8.902500000001521130e+01 9.984158198443817689e-01 8.336817339369086144e-02
8.917500000001436433e+01 9.996192238065297886e-01 8.299249434959579674e-02
8.932499999998557882e+01 9.998172728480629878e-01 8.356156539420074580e-02
8.947499999998473186e+01 9.997996977739392888e-01 8.359552788352797581e-02
8.962500000000000000e+01 9.986853354852689435e-01 8.284253424598052307e-02
8.977500000001528235e+01 9.985765922861216115e-01 8.354894944803138712e-02
8.992500000001462013e+01 9.989847496384652858e-01 8.342612384658015801e-02
9.007499999998532303e+01 9.984090387357585916e-01 8.388151475805981361e-02
9.022499999998467501e+01 9.992863525420071502e-01 8.373943533034548803e-02
9.037500000000000000e+01 9.977049851749308917e-01 8.253744546128924386e-02
9.052500000001533920e+01 9.972883992513534857e-01 8.199318804321374665e-02
9.067500000001489013e+01 9.986824101772858731e-01 8.232951027782596520e-02
9.082499999998505302e+01 9.983687003292103235e-01 8.197164777781958123e-02
9.097499999998460396e+01 9.981790054103105714e-01 8.249266851822228963e-02
9.112500000000000000e+01 9.973450056205709346e-01 8.312864543532089145e-02
9.127500000001541025e+01 9.983441268541916047e-01 8.229965497255775642e-02
9.142500000001514593e+01 9.977422180430063348e-01 8.237371904432685965e-02
9.157499999998479723e+01 9.966336775530437730e-01 8.330575358546145337e-02
9.172499999998454712e+01 9.960125506861622346e-01 8.221988071194752390e-02
9.187500000000000000e+01 9.968848626193242968e-01 8.146830856750493510e-02
9.202500000001548131e+01 9.967680525705121530e-01 8.169197164236192965e-02
9.217500000001541594e+01 9.971480507659568060e-01 8.214951549339229164e-02
9.232499999998454143e+01 9.966615189339488312e-01 8.190164983167495805e-02
9.247499999998447606e+01 9.982244849849718493e-01 8.237108939466657176e-02
9.262500000000000000e+01 9.954047803500373215e-01 8.242623663053878780e-02
9.277500000001553815e+01 9.968935871165618412e-01 8.129817071845338305e-02
9.292500000001565752e+01 9.969152041251876373e-01 8.231931447329048079e-02
9.307499999998428564e+01 9.966099000124766238e-01 8.174414814384561856e-02
9.322499999998441922e+01 9.969433964715002094e-01 8.133663930055162750e-02
9.337500000000000000e+01 9.962398540351627974e-01 8.224158835107210630e-02
9.352500000001559499e+01 9.955869569302646660e-01 8.065497621922713967e-02
9.367500000001591332e+01 9.960117436358522092e-01 8.033603234870370646e-02
9.382499999998402984e+01 9.978399832757476329e-01 8.083602676098712581e-02
9.397499999998436238e+01 9.967361878370718520e-01 8.217187795350626434e-02
9.412500000000000000e+01 9.968586147952606114e-01 8.089760163142403759e-02
9.427500000001566605e+01 9.991414820796089558e-01 8.133410254510216320e-02
9.442500000001615490e+01 9.970051157591383051e-01 8.156000929036273661e-02
9.457499999998380247e+01 9.949087562831709919e-01 8.094162650282561711e-02
9.472499999998429132e+01 9.954951321828685584e-01 8.041047486571888114e-02
9.487500000000000000e+01 9.955065908739302305e-01 8.112533389192495836e-02
9.502500000001572289e+01 9.953870453257994688e-01 7.939439665518323308e-02
9.517500000001639648e+01 9.945268939029012767e-01 8.132299328688534501e-02
9.532499999998356088e+01 9.946670811097646503e-01 7.940125631382639881e-02
9.547499999998423448e+01 9.952814889764191042e-01 8.013656255081622048e-02
9.562500000000000000e+01 9.941994381351069165e-01 8.084438819886925753e-02
9.577500000001577973e+01 9.942554763084927583e-01 8.056446110525269932e-02
9.592500000001662386e+01 9.941652187261054152e-01 8.050771723481585374e-02
9.607499999998331930e+01 9.945482482676797353e-01 8.092765425427153603e-02
9.622499999998417763e+01 9.973201644378788533e-01 8.038648522250697870e-02
9.637500000000000000e+01 9.956772608352421061e-01 8.114218628225140784e-02
9.652500000001585079e+01 9.956634959406939211e-01 8.057144358481273250e-02
9.667500000001686544e+01 9.942012050554204228e-01 8.062454111489279762e-02
9.682499999998309193e+01 9.943786745491316470e-01 8.078337277121075410e-02
9.697499999998412079e+01 9.956127344417143865e-01 7.989812418845657072e-02
9.712500000000000000e+01 9.952011550563357734e-01 8.138281022348388405e-02
9.727500000001590763e+01 9.957374623874299946e-01 8.035014271909719785e-02
9.742500000001709282e+01 9.939063152162136427e-01 8.106492287856718881e-02
9.757499999998287876e+01 9.944919209809238714e-01 8.028062459030009534e-02
9.772499999998406395e+01 9.945959168802160910e-01 7.954859795550565937e-02
9.787500000000000000e+01 9.923324665299070313e-01 8.056168714008199450e-02
9.802500000001595026e+01 9.952845036270825396e-01 7.932716393221420081e-02
9.817500000001732019e+01 9.952133090767593115e-01 7.969911708732269062e-02
9.832499999998263718e+01 9.941080171485514594e-01 7.884805887401347135e-02
9.847499999998402131e+01 9.951717808099304063e-01 7.981744350897318485e-02
9.862500000000000000e+01 9.940304008960471061e-01 7.926532001805028371e-02
9.877500000001600711e+01 9.934149249303279028e-01 7.851465584419139998e-02
9.892500000001753335e+01 9.937334146842233817e-01 8.057733476835539366e-02
9.907499999998242401e+01 9.931164455288129522e-01 7.853759005663188408e-02
9.922499999998395026e+01 9.938062626935861843e-01 7.969524644302498906e-02
9.937500000000000000e+01 9.943807797816217597e-01 7.938022579264458756e-02
9.952500000001606395e+01 9.950362977932925013e-01 7.851825525190749000e-02
9.967500000001776073e+01 9.939260632399846696e-01 7.794145094347909586e-02
9.982499999998221085e+01 9.936691918804841928e-01 7.905813424284652280e-02
9.997499999998389342e+01 9.930446703963790034e-01 7.897022682478203881e-02
1.001250000000000000e+02 9.948075187068862180e-01 7.857064162700855281e-02
1.002750000000161208e+02 9.931050260438454291e-01 7.908680484678738687e-02
1.004250000000179597e+02 9.927783127880868141e-01 7.939194669634003221e-02
1.005749999999819835e+02 9.922582133747359645e-01 7.862664776588189353e-02
1.007249999999838508e+02 9.931412193961624002e-01 7.827730221765483165e-02
1.008750000000000000e+02 9.924426756335545941e-01 7.901494116654927957e-02
1.010250000000161776e+02 9.923341571166329755e-01 7.865004324312462047e-02
1.011750000000181871e+02 9.929633815403400288e-01 7.845305233792136679e-02
1.013249999999817845e+02 9.719952595409762086e-01 7.634982044047902705e-02
1.014749999999837939e+02 9.526073043328886492e-01 7.680454973129738350e-02
1.016250000000000000e+02 9.410145977825287167e-01 7.599767949450475513e-02
1.017750000000162345e+02 9.311624511145669691e-01 7.549660825672001307e-02
1.019250000000184002e+02 9.205592069451623560e-01 7.500505794691876560e-02
1.020749999999815714e+02 9.145382838072964038e-01 7.533499726262579688e-02
1.022249999999837513e+02 9.067949575266873730e-01 7.462704449151423558e-02
1.023750000000000000e+02 9.015209760137534722e-01 7.449429018860495577e-02
1.025250000000162771e+02 8.939217349518570055e-01 7.429924700921269887e-02
1.026750000000185992e+02 8.906843841682429153e-01 7.264237892431886501e-02
1.028249999999813582e+02 8.838804972951943562e-01 7.348775511964796003e-02
1.029749999999836945e+02 8.801343355910156152e-01 7.240618182763504385e-02
1.031250000000000000e+02 8.735679415649276747e-01 7.263913717215006449e-02
1.032750000000163340e+02 8.689876667866219817e-01 7.203471693713292545e-02
1.034250000000187981e+02 8.657011704707787692e-01 7.225773246684896733e-02
1.035749999999811592e+02 8.612384035332674159e-01 7.194898050549240753e-02
1.037249999999836376e+02 8.560831892864833037e-01 7.131978944569110357e-02
1.038750000000000000e+02 8.527551378409964355e-01 7.247177552328627759e-02
1.040250000000163766e+02 8.479847259516262170e-01 7.137896363805459887e-02
1.041750000000189971e+02 8.449874416854451509e-01 7.195634723112476205e-02
1.043249999999809603e+02 8.411221538365768469e-01 7.060274817498128630e-02
1.044749999999835950e+02 8.377089561240333992e-01 7.010530960190661243e-02
1.046250000000000000e+02 8.340988831506733758e-01 6.983780426603555802e-02
1.047750000000164334e+02 8.294115242111040898e-01 7.099346483235777217e-02
1.049250000000191818e+02 8.273553919434962767e-01 6.984847878961697454e-02
1.050749999999807613e+02 8.233263196967895992e-01 6.877747243751956840e-02
1.052249999999839503e+02 8.203254014400312988e-01 7.016411016639614862e-02
1.053750000000000000e+02 8.173723948215008139e-01 6.903993539596545159e-02
1.055250000000157229e+02 8.145963490729628553e-01 6.953651644209593585e-02
1.056750000000193808e+02 8.111887817640223153e-01 6.924263217331753928e-02
1.058249999999805766e+02 8.082137667925624047e-01 6.978385796267926044e-02
1.059749999999847319e+02 8.043948757269258065e-01 6.823643329649042855e-02
1.061250000000000000e+02 8.022990352637464628e-01 6.854903251651156548e-02
1.062750000000149555e+02 7.991214622169773296e-01 6.869675246057295459e-02
1.064250000000195797e+02 7.972456727393338882e-01 6.815160936595801577e-02
1.065749999999803919e+02 7.940352057884295656e-01 6.862178805680091420e-02
1.067249999999854850e+02 7.908891238123861855e-01 6.771628259859498178e-02
1.068750000000000000e+02 7.880053503387114411e-01 6.734569313628974152e-02
1.070250000000141881e+02 7.858995979564256107e-01 6.749437633796623315e-02
1.071750000000197645e+02 7.828156459730905015e-01 6.762384268767049345e-02
1.073249999999802071e+02 7.804630049166031425e-01 6.667331277831238523e-02
1.074749999999862524e+02 7.777508264771507696e-01 6.690979369877400607e-02
1.076250000000000000e+02 7.765453778206438118e-01 6.729975230636994765e-02
1.077750000000134492e+02 7.727363653401990717e-01 6.705541665882279456e-02
1.079250000000199492e+02 7.714235934923440174e-01 6.713770034899738115e-02
1.080749999999800224e+02 7.692130096750647850e-01 6.707649296808683437e-02
1.082249999999869914e+02 7.668819438986941295e-01 6.696044539023282560e-02
1.083750000000000000e+02 7.640011352474462836e-01 6.690304860373418039e-02
1.085250000000127244e+02 7.616472291277577300e-01 6.602007248826989583e-02
1.086750000000201481e+02 7.597972222998156111e-01 6.522367975637444193e-02
1.088249999999798376e+02 7.584929269042883782e-01 6.566643238590562370e-02
1.089749999999877161e+02 7.556689425697383777e-01 6.488037832661704141e-02
1.091250000000000000e+02 7.534742133913400197e-01 6.484005873045865787e-02
1.092750000000119854e+02 7.506246071847634260e-01 6.537992019883594186e-02
1.094250000000203045e+02 7.468430796927684190e-01 6.524232878419802817e-02
1.095749999999796529e+02 7.456480466902822846e-01 6.513957358611653647e-02
1.097249999999884409e+02 7.449500681703152827e-01 6.566757850604867941e-02
1.098750000000000000e+02 7.425195189668597484e-01 6.494812192903386128e-02
1.100250000000112749e+02 7.410781934139648586e-01 6.454110844237562206e-02
1.101750000000204892e+02 7.372652338695149243e-01 6.420307235103073218e-02
1.103249999999794682e+02 7.356822855460602995e-01 6.461222968592539306e-02
1.104749999999891372e+02 7.348449776097599750e-01 6.404804847400831502e-02
1.106250000000000000e+02 7.318696118641336845e-01 6.365126274300264564e-02
1.107750000000105643e+02 7.315912559383078717e-01 6.459091559863713861e-02
1.109250000000206740e+02 7.302466662092904626e-01 6.359371400463928459e-02
1.110749999999792976e+02 7.266682317934581858e-01 6.350925331066564761e-02
1.112249999999898620e+02 7.255424348963861458e-01 6.421314503927155748e-02
1.113750000000000000e+02 7.242757605870313586e-01 6.335178840110562704e-02
1.115250000000098822e+02 7.215296794991891138e-01 6.310426913116295999e-02
1.116750000000208445e+02 7.206286360484873699e-01 6.284645944066624690e-02
1.118249999999791129e+02 7.191032891636148783e-01 6.287713170520449479e-02
1.119749999999905299e+02 7.161938637885983949e-01 6.321985447976362360e-02
1.121250000000000000e+02 7.159678590791319630e-01 6.203590623934030629e-02
1.122750000000091859e+02 7.128621404571010567e-01 6.265260194617638945e-02
1.124250000000210008e+02 7.108448549207024847e-01 6.227814637878085341e-02
1.125749999999789566e+02 7.100417440778852285e-01 6.273547708667184808e-02
1.127249999999912120e+02 7.073349153636078190e-01 6.295221545043397371e-02
1.128750000000000000e+02 7.065408308169469631e-01 6.225353681401161327e-02
1.130250000000085180e+02 7.035516488503001931e-01 6.287848469784911021e-02
1.131750000000211855e+02 7.017722254903397960e-01 6.196292874474710471e-02
1.133249999999787860e+02 7.007656911985952197e-01 6.249376225063778267e-02
1.134749999999919083e+02 6.986695106964795343e-01 6.215503950453382664e-02
1.136250000000000000e+02 6.964643570037195586e-01 6.164520829836004495e-02
1.137750000000078359e+02 6.963659768077224976e-01 6.131459888183685147e-02
1.139250000000213561e+02 6.944714540003089631e-01 6.165337361712141390e-02
1.140749999999786297e+02 6.924887953555017850e-01 6.140212773169483051e-02
1.142249999999925620e+02 6.904469622044091537e-01 6.136874723071286675e-02
1.143750000000000000e+02 6.898805301649207911e-01 6.113613203369377969e-02
1.145250000000071680e+02 6.876904964606986859e-01 6.153250819454787052e-02
1.146750000000215124e+02 6.862159971746992770e-01 6.109205851463801740e-02
1.148249999999784308e+02 6.860027189385163870e-01 6.064452502373876563e-02
1.149749999999932157e+02 6.838345161373835523e-01 6.062932892958690367e-02
1.151250000000000000e+02 6.831919427010413326e-01 6.077058430095429176e-02
1.152750000000065285e+02 6.810826586540950078e-01 6.134975578253879652e-02
1.154250000000216829e+02 6.782355453113506627e-01 6.010171389156063887e-02
1.155749999999783029e+02 6.770268098592076011e-01 5.959135893445780680e-02
1.157249999999938694e+02 6.766000690492109948e-01 6.004519632515788186e-02
1.158750000000000000e+02 6.751839452964826238e-01 6.124890151176814318e-02
1.160250000000058748e+02 6.734881559860577127e-01 5.991311785231880765e-02
1.161750000000218392e+02 6.719157734452649855e-01 5.983285348615975663e-02
1.163249999999781323e+02 6.698530373251716519e-01 6.035150956840434205e-02
1.164749999999945089e+02 6.693103879176842685e-01 5.972744265743117759e-02
1.166250000000000000e+02 6.666079550451665670e-01 5.926084977395550124e-02
1.167750000000052495e+02 6.669966670125020425e-01 5.996086697805745602e-02
1.169250000000220098e+02 6.640009496401263478e-01 5.899213302284380539e-02
1.170749999999779760e+02 6.640666589137961262e-01 5.905362925851249944e-02
1.172249999999951484e+02 6.624796657126965638e-01 5.941177094378775198e-02
1.173750000000000000e+02 6.603933552326162193e-01 5.932903409099574144e-02
1.175250000000046242e+02 6.606516740910967078e-01 5.916490386229903559e-02
1.176750000000221377e+02 6.584800724757081669e-01 5.902739033657533607e-02
1.178249999999778055e+02 6.566079357184892995e-01 5.942629805020722272e-02
1.179749999999957453e+02 6.559473068766694670e-01 5.898409653303608724e-02
1.181250000000000000e+02 6.537479156373863232e-01 5.845659240941773055e-02
1.182750000000039989e+02 6.529257209587567834e-01 5.876818257725294897e-02
1.184250000000223082e+02 6.510430361128266563e-01 5.859061770710428246e-02
1.185749999999776634e+02 6.494778642929236456e-01 5.831269645257103340e-02
1.187249999999963705e+02 6.493238314329154992e-01 5.832509329345413746e-02
1.188750000000000000e+02 6.472904932437938408e-01 5.807210366230874249e-02
1.190250000000033879e+02 6.447579634281466188e-01 5.880179609821986619e-02
1.191750000000224645e+02 6.439079353924505034e-01 5.759229759368828666e-02
1.193249999999775071e+02 6.437737941584141810e-01 5.826551566295327250e-02
1.194749999999969816e+02 6.424683846045978752e-01 5.799109778379638036e-02
1.196250000000000000e+02 6.403880846880884992e-01 5.795883690807304006e-02
1.197750000000027910e+02 6.394575263405050114e-01 5.754456884700544922e-02
1.199250000000226066e+02 6.382315973059558001e-01 5.767452622517835192e-02
1.200749999999773650e+02 6.372683685333992987e-01 5.691268495908453906e-02
1.202249999999975927e+02 6.353288443103816130e-01 5.676175840178733500e-02
1.203750000000000000e+02 6.344671881281001014e-01 5.719199445527816533e-02
1.205250000000021799e+02 6.336629565481241011e-01 5.771447293534421458e-02
1.206750000000227772e+02 6.327971794132226657e-01 5.725740171034074399e-02
1.208249999999772086e+02 6.311610354803892653e-01 5.707184238416792427e-02
1.209749999999981753e+02 6.295845427256486770e-01 5.605904512994450833e-02
1.211250000000000000e+02 6.287052379321137474e-01 5.631428634288734858e-02
1.212750000000015973e+02 6.282494722188189940e-01 5.609561657672418322e-02
1.214250000000229193e+02 6.267497122088128148e-01 5.648056860240560639e-02
1.215749999999770665e+02 6.251848915075185475e-01 5.658432774621879185e-02
1.217249999999987580e+02 6.240370208575393152e-01 5.686127806086116454e-02
1.218750000000000000e+02 6.224618558564868342e-01 5.644506990390241175e-02
1.220250000000010147e+02 6.220582890059815906e-01 5.647364035713745706e-02
1.221750000000230472e+02 6.205856261308133615e-01 5.614158783688022458e-02
1.223249999999769244e+02 6.188478397356611538e-01 5.639793410093482673e-02
1.224749999999993406e+02 6.181997380023606103e-01 5.664468168395349335e-02
1.226250000000000000e+02 6.170411574661132104e-01 5.669543073727769528e-02
1.227750000000004320e+02 6.156022991717308157e-01 5.587743807207164182e-02
1.229250000000231893e+02 6.142595024349388755e-01 5.611230412109357440e-02
1.230749999999767681e+02 6.134383421696439909e-01 5.619928583355363744e-02
1.232249999999999233e+02 6.125472596364975875e-01 5.576639111647763852e-02
1.233750000000000000e+02 6.118493917371327084e-01 5.531988506239526177e-02
1.235249999999998494e+02 6.109888626486006391e-01 5.480796892658344049e-02
1.236750000000233314e+02 6.096369343116301298e-01 5.517470316085269083e-02
1.238249999999766402e+02 6.074568170021904523e-01 5.604349409987187391e-02
1.239750000000004775e+02 6.065945861941967054e-01 5.618387039403890948e-02
1.241250000000000000e+02 6.054204820745127114e-01 5.513955478461535914e-02
1.242749999999992951e+02 6.050326522387416972e-01 5.501782784379682240e-02
1.244250000000234735e+02 6.036430114583172246e-01 5.519064108191069906e-02
1.245749999999764839e+02 6.025246350863325828e-01 5.515423372770787008e-02
1.247250000000010317e+02 6.020686149273828391e-01 5.505548937250528962e-02
1.248750000000000000e+02 6.002123880519203425e-01 5.471329609520574067e-02
1.250249999999987551e+02 5.990493655234497838e-01 5.478206854888868077e-02
1.251750000000236156e+02 5.987251851199469899e-01 5.477446528948631821e-02
1.253249999999763702e+02 5.970952846630048771e-01 5.388713561285376347e-02
1.254750000000015859e+02 5.963043388653060939e-01 5.468366829426031528e-02
1.256250000000000000e+02 5.954082099238432457e-01 5.432071340574976676e-02
1.257749999999982009e+02 5.939944892531640042e-01 5.443142399092684020e-02
1.259250000000237577e+02 5.940730840951294889e-01 5.480677689865776081e-02
1.260749999999762281e+02 5.924564203743505342e-01 5.351776321255169444e-02
1.262250000000021259e+02 5.920865021582797372e-01 5.440656757234559743e-02
1.263750000000000000e+02 5.899567830783675193e-01 5.401166263823601460e-02
1.265249999999976609e+02 5.877362356978750313e-01 5.401493834106507741e-02
1.266750000000238856e+02 5.636335517777532056e-01 5.276567535086241351e-02
1.268249999999760860e+02 5.481964920353531445e-01 5.171225523830198789e-02
1.269750000000026660e+02 5.366649556800281440e-01 5.091427528658360596e-02
1.271250000000000000e+02 5.274122786010029262e-01 5.103901077483693344e-02
1.272749999999971209e+02 5.181848679636562593e-01 5.063489723069720255e-02
1.274250000000240277e+02 5.119762815364614639e-01 5.022204110804920352e-02
1.275749999999759439e+02 5.037681839521105376e-01 4.971295282364017465e-02
1.277250000000031918e+02 4.974607020086242448e-01 4.832988258482901617e-02
1.278750000000000000e+02 4.905771953293072696e-01 4.869058777951072031e-02
1.280249999999965951e+02 4.859795121551184205e-01 4.869281399979310393e-02
1.281750000000241414e+02 4.790647454147096140e-01 4.842825512136513660e-02
1.283249999999758018e+02 4.740195816221552394e-01 4.812815397217238417e-02
1.284750000000037176e+02 4.675135947605478792e-01 4.801153071686471013e-02
1.286250000000000000e+02 4.630443961635526406e-01 4.718046043356131924e-02
1.287749999999960835e+02 4.595300777676389337e-01 4.708076636767752343e-02
1.289250000000242835e+02 4.541552361573077956e-01 4.671017295023107557e-02
1.290749999999756881e+02 4.489126798122162754e-01 4.637497231467211517e-02
1.292250000000042292e+02 4.449425507855489514e-01 4.656621785985617934e-02
1.293750000000000000e+02 4.403699630950556609e-01 4.563806702331656834e-02
1.295249999999955719e+02 4.352261260926560960e-01 4.571505018846318963e-02
1.296750000000243972e+02 4.314373201999463503e-01 4.547273271136548917e-02
1.298249999999755460e+02 4.276345144504357099e-01 4.560470014867820665e-02
1.299750000000047692e+02 4.231542703752726453e-01 4.504849010844012847e-02
1.301250000000000000e+02 4.193383829008401897e-01 4.417855736640129843e-02
1.302749999999950319e+02 4.159766094090941446e-01 4.443167644545788220e-02
1.304250000000245393e+02 4.116264346670558405e-01 4.384818600715337938e-02
1.305749999999754323e+02 4.077387413801106808e-01 4.402248560809932793e-02
1.307250000000052523e+02 4.037585176365177664e-01 4.396905199978902445e-02
1.308750000000000000e+02 3.999579118706385050e-01 4.329814679446662706e-02
1.310249999999945487e+02 3.966030291164124866e-01 4.380691980930877943e-02
1.311750000000246530e+02 3.930469021806320407e-01 4.311371011565713618e-02
1.313249999999753186e+02 3.899377932721987405e-01 4.338526568829563501e-02
1.314750000000057639e+02 3.866278166480993650e-01 4.291719000971783854e-02
1.316250000000000000e+02 3.831019005800901933e-01 4.226286535821698054e-02
1.317749999999940655e+02 3.798258432280965380e-01 4.237700377132735258e-02
1.319250000000247951e+02 3.755371711381963462e-01 4.209383774643261911e-02
1.320749999999751765e+02 3.726735728595154673e-01 4.149735293582816620e-02
1.322250000000062471e+02 3.696348833769171338e-01 4.150869833370633699e-02
1.323750000000000000e+02 3.653908562850140540e-01 4.151883490640988911e-02
1.325249999999935540e+02 3.629075003082156137e-01 4.093216879061345459e-02
1.326750000000249088e+02 3.598105686805602721e-01 4.056334222266023970e-02
1.328249999999750628e+02 3.563723457643987458e-01 4.068549422920666320e-02
1.329750000000067303e+02 3.535781082465248581e-01 4.102848660296032346e-02
1.331250000000000000e+02 3.507793081899732157e-01 4.074376033631875449e-02
1.332749999999930424e+02 3.479835068712057722e-01 4.035259767373378798e-02
1.334250000000250225e+02 3.444986677531759467e-01 3.964641894971764058e-02
1.335749999999749491e+02 3.416399681915268660e-01 3.971946080550040059e-02
1.337250000000072134e+02 3.385484366454818983e-01 3.956303188285822253e-02
1.338750000000000000e+02 3.357840341222829705e-01 3.959646857428193029e-02
1.340249999999925876e+02 3.322168327154451095e-01 3.906315150680916143e-02
1.341750000000251362e+02 3.298263986489502475e-01 3.909734380570840245e-02
1.343249999999748354e+02 3.261250151890774385e-01 3.878368341778686001e-02
1.344750000000077250e+02 3.245394337440917210e-01 3.882247611254661945e-02
1.346250000000000000e+02 3.213358848558238168e-01 3.802506309862153933e-02
1.347749999999921044e+02 3.185969738672077556e-01 3.791811118251441765e-02
1.349250000000252783e+02 3.150489160448548542e-01 3.822460449272410687e-02
1.350749999999746933e+02 3.129545255990100472e-01 3.793071044384623697e-02
1.352250000000081798e+02 3.105942586770672476e-01 3.813078646803565175e-02
1.353750000000000000e+02 3.080855386310016875e-01 3.765269723849756778e-02
1.355249999999916213e+02 3.047647152419424299e-01 3.785440487787771618e-02
1.356750000000253920e+02 3.020099436213477540e-01 3.695343651624628800e-02
1.358249999999746080e+02 2.996351688221235987e-01 3.674260546225892321e-02
1.359750000000086345e+02 2.970807325634019502e-01 3.703683082578462793e-02
1.361250000000000000e+02 2.948916236137513192e-01 3.698865806686452151e-02
1.362749999999911665e+02 2.921773752524526313e-01 3.633287040895590708e-02
1.364250000000255056e+02 2.899496343287629729e-01 3.588342397339433498e-02
1.365749999999744659e+02 2.873208715058639395e-01 3.602211131828335355e-02
1.367250000000091177e+02 2.849939341491898870e-01 3.616366311922502436e-02
1.368750000000000000e+02 2.820723650459432963e-01 3.582747316266316623e-02
1.370249999999907118e+02 2.802819494841138348e-01 3.577660673658498991e-02
1.371750000000256193e+02 2.777687308865543492e-01 3.564354127255880966e-02
1.373249999999743522e+02 2.747117530856268419e-01 3.525021951927688468e-02
1.374750000000095724e+02 2.721117967111296720e-01 3.494436681965151781e-02
1.376250000000000000e+02 2.697298780838133236e-01 3.495483941548241380e-02
1.377749999999902286e+02 2.672961193696090643e-01 3.499864425731848833e-02
1.379250000000257330e+02 2.655371023855936929e-01 3.424793499678159547e-02
1.380749999999742386e+02 2.629861795876768937e-01 3.464643554065371944e-02
1.382250000000100272e+02 2.603107410999319082e-01 3.398542972138670487e-02
1.383750000000000000e+02 2.583715126725858457e-01 3.352545550319908918e-02
1.385249999999898023e+02 2.555857158649337824e-01 3.377869505682063594e-02
1.386750000000258467e+02 2.542119339759444929e-01 3.348670735897044809e-02
1.388249999999741249e+02 2.510201102080503177e-01 3.373287692353214157e-02
1.389750000000104535e+02 2.488975676153375172e-01 3.344665951880265720e-02
1.391250000000000000e+02 2.469535396026161234e-01 3.301947510266251690e-02
1.392749999999893475e+02 2.442740190437795444e-01 3.315994441180062507e-02
1.394250000000259604e+02 2.425573422159705839e-01 3.281299523965686138e-02
1.395749999999740112e+02 2.399306365031591837e-01 3.291964343365864909e-02
1.397250000000109367e+02 2.379123643182181613e-01 3.236176175762004587e-02
1.398750000000000000e+02 2.356512708284621838e-01 3.218945048605189457e-02
1.400249999999889212e+02 2.339704888231102786e-01 3.218263676832742309e-02
1.401750000000260741e+02 2.315408854633473901e-01 3.190692283413739533e-02
1.403249999999738975e+02 2.296275561034261115e-01 3.194534876511567062e-02
1.404750000000113346e+02 2.271988299527518684e-01 3.159649973656280392e-02
1.406250000000000000e+02 2.255834016019249710e-01 3.153851325965174868e-02
1.407749999999884665e+02 2.229623465200163690e-01 3.116595439677065024e-02
1.409250000000261593e+02 2.213062506753810388e-01 3.138805586283058974e-02
1.410749999999738122e+02 2.193600648041872381e-01 3.129763149292380531e-02
1.412250000000117893e+02 2.168100500735922198e-01 3.090707434766022318e-02
1.413750000000000000e+02 2.147300492534021943e-01 3.062633606973107561e-02
1.415249999999880401e+02 2.127037553919338686e-01 3.015579489275364844e-02
1.416750000000263014e+02 2.106897380339282921e-01 3.046873219512394662e-02
1.418249999999736986e+02 2.088395275834618869e-01 3.009291773537194070e-02
1.419750000000122441e+02 2.072739093053712900e-01 3.019165185209202532e-02
1.421250000000000000e+02 2.049040476834151914e-01 3.002068066819924344e-02
1.422749999999876138e+02 2.033843149831459085e-01 3.000482748417024337e-02
1.424250000000264151e+02 2.013320230773706365e-01 2.999009054518863779e-02
1.425749999999735849e+02 1.991416536952441974e-01 2.929059740315647503e-02
1.427250000000126420e+02 1.974825955059788529e-01 2.934883097179831826e-02
1.428750000000000000e+02 1.956981219266936134e-01 2.922204065577810317e-02
1.430249999999871875e+02 1.938536686483544325e-01 2.917905254874735010e-02
1.431750000000265004e+02 1.915411481890529066e-01 2.884616632795784785e-02
1.433249999999734712e+02 1.894895796170752433e-01 2.873671016490733296e-02
1.434750000000130683e+02 1.872600559672145393e-01 2.874049922721904488e-02
1.436250000000000000e+02 1.855831032639172762e-01 2.830678022970216021e-02
1.437749999999867612e+02 1.834716009367559630e-01 2.825243928209261041e-02
1.439250000000266141e+02 1.819510131686414844e-01 2.781400984241531524e-02
1.440749999999733575e+02 1.801487111931492635e-01 2.777111614660488295e-02
1.442250000000134946e+02 1.780721111490691511e-01 2.765042829744026459e-02
1.443750000000000000e+02 1.764939569546582765e-01 2.746837597661245037e-02
1.445249999999863348e+02 1.749638739268156162e-01 2.732171704218507371e-02
1.446750000000266994e+02 1.733678853859312030e-01 2.718928973007048513e-02
1.448249999999732722e+02 1.714149788773019767e-01 2.688820173553409243e-02
1.449750000000139210e+02 1.687125936246809954e-01 2.692430964420679598e-02
1.451250000000000000e+02 1.675858099487974040e-01 2.683750699799062819e-02
1.452749999999859369e+02 1.659278827879770712e-01 2.630954122742206608e-02
1.454250000000268130e+02 1.630774391347609709e-01 2.605823554925888394e-02
1.455749999999731870e+02 1.624379131088976025e-01 2.624673584043770228e-02
1.457250000000142904e+02 1.605160822370656215e-01 2.630852695658683973e-02
1.458750000000000000e+02 1.588093353482171455e-01 2.563788019394710321e-02
1.460249999999855390e+02 1.568465405958721082e-01 2.566804701940941097e-02
1.461750000000269267e+02 1.546474060728361688e-01 2.524052023319648883e-02
1.463249999999730733e+02 1.533552769618906075e-01 2.548775692086222705e-02
1.464750000000146883e+02 1.515800351248739186e-01 2.547613038257523499e-02
1.466250000000000000e+02 1.497046856896899480e-01 2.500580787073496125e-02
1.467749999999851411e+02 1.486425406794093240e-01 2.489443942925609679e-02
1.469250000000270120e+02 1.464377673659759682e-01 2.515425270547314365e-02
1.470749999999729596e+02 1.449293956829316998e-01 2.429654621436607223e-02
1.472250000000150862e+02 1.426419621033714613e-01 2.479697745928442776e-02
1.473750000000000000e+02 1.411051252000969647e-01 2.428728956552845056e-02
1.475249999999847432e+02 1.395454237749843562e-01 2.405031976073465638e-02
1.476750000000270973e+02 1.374019486052777961e-01 2.394876146205670436e-02
1.478249999999728743e+02 1.359299575750839706e-01 2.405830344093066314e-02
1.479750000000154841e+02 1.343513611872327596e-01 2.344858716387040673e-02
1.481250000000000000e+02 1.321895298053540613e-01 2.342896918830864733e-02
1.482749999999843453e+02 1.311647507746056818e-01 2.354897049264207537e-02
1.484250000000272109e+02 1.290448110929462711e-01 2.355634877778046976e-02
1.485749999999727606e+02 1.276881047997120433e-01 2.313835706786267557e-02
1.487250000000158821e+02 1.263725939611635429e-01 2.281214097366918853e-02
1.488750000000000000e+02 1.242144933445256949e-01 2.247622371992700693e-02
1.490249999999839474e+02 1.232383278928084330e-01 2.283659085414070644e-02
1.491750000000273246e+02 1.210481121344828409e-01 2.274907976541243326e-02
1.493249999999726754e+02 1.196018632793136721e-01 2.241119367505037957e-02
1.494750000000162800e+02 1.179928387342532303e-01 2.247774542976640685e-02
1.496250000000000000e+02 1.161530547068731073e-01 2.189429878177422129e-02
1.497749999999835779e+02 1.146447111319971457e-01 2.171044644979550423e-02
1.499250000000274099e+02 1.132182031134915529e-01 2.172506405296052018e-02
1.500749999999725617e+02 1.114104866861449356e-01 2.130515472202012400e-02
1.502250000000166494e+02 1.102791739898170975e-01 2.152414907120158913e-02
1.503750000000000000e+02 1.083266844974486859e-01 2.113633084940520421e-02
1.505249999999831800e+02 1.071414046186034835e-01 2.105196058555808269e-02
1.506750000000274952e+02 1.054629051795535899e-01 2.100259883298048746e-02
1.508249999999724764e+02 1.033585026003884522e-01 2.067202431057647144e-02
1.509750000000170473e+02 1.020913490524538586e-01 2.065776315614991157e-02
1.511250000000000000e+02 1.003284479933918283e-01 2.045032638093802896e-02
1.512749999999828106e+02 9.912622839547767517e-02 2.028319424156342643e-02
1.514250000000275804e+02 9.735564417291840689e-02 1.996795745541903380e-02
1.515749999999723912e+02 9.632378760550787400e-02 1.984143539896405378e-02
1.517250000000174168e+02 9.470819693108986637e-02 1.990977703004759986e-02
1.518750000000000000e+02 9.279119774518596042e-02 1.954956783495600398e-02
1.520249999999824411e+02 9.099994926185220323e-02 1.914608038780688665e-02
1.521750000000276941e+02 8.971118745972993247e-02 1.896115063260388894e-02
1.523249999999722775e+02 8.834243667907203112e-02 1.922102313830644643e-02
1.524750000000177863e+02 8.684693878714826176e-02 1.864794878440575315e-02
1.526250000000000000e+02 8.543509809470255234e-02 1.874197710531463196e-02
1.527749999999820716e+02 8.416262136039144581e-02 1.845511467671564695e-02
1.529250000000277794e+02 8.258889946598547971e-02 1.829212100064902050e-02
1.530749999999721922e+02 8.112912758730506102e-02 1.839068661984907815e-02
1.532250000000181558e+02 7.907125308199999814e-02 1.773934260731883233e-02
1.533750000000000000e+02 7.783333728301965182e-02 1.783398266161730777e-02
1.535249999999817021e+02 7.665802381439096314e-02 1.774045078507693191e-02
1.536750000000278646e+02 7.505022618375259413e-02 1.740413946100696427e-02
1.538249999999721069e+02 7.350726460907469617e-02 1.733109957858242414e-02
1.539750000000185253e+02 7.228408334481525865e-02 1.716912604182963334e-02
1.541250000000000000e+02 7.066810858890237856e-02 1.682928649895452586e-02
1.542749999999813326e+02 6.894079115338075381e-02 1.661165484761609884e-02
1.544250000000279783e+02 6.769264092658011656e-02 1.649514500649354801e-02
1.545749999999720217e+02 6.604353669410367722e-02 1.657029669323639709e-02
1.547250000000188948e+02 6.466046415359293087e-02 1.599896259282053076e-02
1.548750000000000000e+02 6.344930671803244993e-02 1.588434700559821638e-02
1.550249999999809631e+02 6.175922498497538743e-02 1.583197598544225718e-02
1.551750000000280636e+02 6.060303559948598123e-02 1.546011781085199037e-02
1.553249999999719080e+02 5.902620333390575652e-02 1.544078725559118286e-02
1.554750000000192358e+02 5.748556427659577694e-02 1.519317661193470177e-02
1.556250000000000000e+02 5.634168391158133476e-02 1.491548714717921484e-02
1.557749999999806221e+02 5.489536624278588961e-02 1.492321129519829682e-02
1.559250000000281489e+02 5.330751832127279127e-02 1.450724883576323329e-02
1.560749999999718511e+02 5.241781968861850688e-02 1.446071472845224595e-02
1.562250000000196053e+02 5.065998179123788747e-02 1.411576571697279771e-02
1.563750000000000000e+02 4.931349430843710163e-02 1.379772875277509615e-02
1.565249999999802810e+02 4.788967637552702522e-02 1.375640561718228551e-02
1.566750000000282341e+02 4.674138660185740007e-02 1.369692812957614553e-02
1.568249999999717659e+02 4.509269595035166056e-02 1.342615639869178430e-02
1.569750000000199748e+02 4.373865644770406902e-02 1.313739830097118352e-02
1.571250000000000000e+02 4.245480733069718904e-02 1.303962200159627938e-02
1.572749999999799115e+02 4.102553712194898644e-02 1.257928169134342987e-02
1.574250000000283194e+02 4.000025486485608850e-02 1.248468951441183972e-02
1.575749999999716522e+02 3.848110703461507520e-02 1.225787633981724467e-02
1.577250000000202874e+02 3.708360421561106290e-02 1.214529077244086604e-02
1.578750000000000000e+02 3.571662607271035988e-02 1.190721520422266880e-02
1.580249999999795705e+02 3.444133947926446282e-02 1.155197842401202435e-02
1.581750000000284047e+02 3.320423536308968887e-02 1.142287719315103652e-02
1.583249999999715669e+02 3.189761867315240446e-02 1.114578450172221298e-02
1.584750000000206569e+02 3.047805832142930216e-02 1.102958164625095563e-02
1.586250000000000000e+02 2.909684498605515438e-02 1.058306134032928163e-02
1.587749999999792294e+02 2.792369953582933897e-02 1.050526287222106926e-02
1.589250000000284899e+02 2.635410517676657627e-02 1.001929686740637634e-02
1.590749999999715101e+02 2.522843209769838960e-02 9.843527372613763982e-03
1.592250000000209980e+02 2.393079329617975315e-02 9.588219359242800693e-03
1.593750000000000000e+02 2.251491599178594497e-02 9.294535145817401159e-03
1.595249999999788884e+02 2.129437318167301529e-02 9.083774779158547766e-03
1.596750000000285752e+02 1.992653967745506086e-02 8.738934569505455233e-03
1.598249999999713964e+02 1.870009879808779210e-02 8.500781970772456134e-03
1.599750000000213390e+02 1.749835335817314860e-02 8.107206959695514512e-03
1.601250000000000000e+02 1.602212189765988767e-02 7.897182001978636859e-03
1.602749999999785473e+02 1.496709702625908904e-02 7.609538085170891066e-03
1.604250000000286605e+02 1.367935601410522929e-02 7.208596724637621016e-03
1.605749999999713395e+02 1.239832666028618975e-02 6.843615126138105111e-03
1.607250000000216517e+02 1.119672921971890008e-02 6.555832293029692677e-03
1.608750000000000000e+02 1.007629503277009120e-02 6.188798593749903973e-03
1.610249999999782062e+02 8.727646771302716502e-03 5.777279286474062102e-03
1.611750000000287457e+02 7.514881360523916441e-03 5.395013158647009310e-03
1.613249999999712543e+02 6.193330741660610893e-03 4.943032165459811632e-03
1.614750000000219927e+02 5.013198982645922924e-03 4.384086460543936033e-03
1.616250000000000000e+02 3.815035314004384167e-03 3.838888257736126214e-03
1.617749999999778652e+02 2.545272491530186244e-03 3.130641026163592106e-03
1.619250000000288310e+02 1.332982592517041208e-03 2.281720949124960585e-03
1.620749999999711406e+02 2.098066878280366776e-04 9.126299051073550380e-04
