# Radius RDF_mean RDF_std
7.500000000000896228e-02 1.085291990486723784e-01 6.734796923622821119e-01
2.249999999999577616e-01 1.028024330757067034e-01 3.824990697026581232e-01
3.750000000000000000e-01 1.085291990486696029e-01 3.018708241834909267e-01
5.249999999999700462e-01 1.084693373834483554e-01 2.541040327243215269e-01
6.750000000001169509e-01 1.102518847478567016e-01 2.279756532449103701e-01
8.249999999998777200e-01 1.127195156142620225e-01 2.059113344502849774e-01
9.750000000001839418e-01 1.159750692536710565e-01 1.935047449460163826e-01
1.125000000000000000e+00 1.207090525326373481e-01 1.846386895414223461e-01
1.274999999999773648e+00 1.238115300525681473e-01 1.757989660161496659e-01
1.424999999999764455e+00 1.267019403646858777e-01 1.662050768769300357e-01
1.575000000000282396e+00 1.295605974302233288e-01 1.607764149375229823e-01
1.725000000000170397e+00 1.379889463815097139e-01 1.564987244057660654e-01
1.875000000000000000e+00 1.393699289713794809e-01 1.528917910637167532e-01
2.025000000000070521e+00 1.484924033315752068e-01 1.512608893247053554e-01
2.174999999999594813e+00 1.518195039814270175e-01 1.467833203265692665e-01
2.325000000000426059e+00 1.612325677235867671e-01 1.472618359766266483e-01
2.474999999999678124e+00 1.675618709074989388e-01 1.448877733255766742e-01
2.625000000000000000e+00 1.775496990503944161e-01 1.438113525641807888e-01
2.775000000000444444e+00 1.875789547994667350e-01 1.464066643699822312e-01
2.924999999999512212e+00 1.979655967202956779e-01 1.460376389049834189e-01
3.075000000000499334e+00 2.084426984271215977e-01 1.461450668465629210e-01
3.224999999999414779e+00 2.199623849265128217e-01 1.466856556605793394e-01
3.375000000000000000e+00 2.325346339462298906e-01 1.466149148994974893e-01
3.525000000000659384e+00 2.466224188026291120e-01 1.492920450270107668e-01
3.674999999999857714e+00 2.602357620558009565e-01 1.492179489168021234e-01
3.825000000000022382e+00 2.796830899853600672e-01 1.504252506029149505e-01
3.974999999999250466e+00 2.967534754201793801e-01 1.514737480700199257e-01
4.125000000000000000e+00 3.208487300482140148e-01 1.563878139449857985e-01
4.275000000000798828e+00 3.470023202259518991e-01 1.604872839834936005e-01
4.425000000000374634e+00 3.781583144654627748e-01 1.613934375383891673e-01
4.574999999999541878e+00 4.172181425039632741e-01 1.708733215260731242e-01
4.724999999999138112e+00 4.685505562899915377e-01 1.759086277157595746e-01
4.875000000000000000e+00 5.222939500163765736e-01 1.836219165471020820e-01
5.025000000000897415e+00 5.541099508623462677e-01 1.856337217132301709e-01
5.175000000000743228e+00 5.708607934515735893e-01 1.857003025828137810e-01
5.324999999999196376e+00 5.709512885512498803e-01 1.819207426340286038e-01
5.474999999999057287e+00 5.680232411837066175e-01 1.805011502956846148e-01
5.625000000000000000e+00 5.638881066864992464e-01 1.761509573414899166e-01
5.775000000000969358e+00 5.683157656847240835e-01 1.751867540052229888e-01
5.925000000001017675e+00 5.765822552264473488e-01 1.760018479669061553e-01
6.074999999998936140e+00 5.928263294238494963e-01 1.755352724456473168e-01
6.224999999998995115e+00 6.070203645539572479e-01 1.781334373421033790e-01
6.375000000000000000e+00 6.375985686195552171e-01 1.792601265891557438e-01
6.525000000001025313e+00 6.638280237377768289e-01 1.800387366014645218e-01
6.675000000001229949e+00 7.044110475583472697e-01 1.854772273057248566e-01
6.824999999998733635e+00 7.472301432570168656e-01 1.876492571765275841e-01
6.974999999999387690e+00 7.948174438737389824e-01 1.921299993061806044e-01
7.125000000000000000e+00 8.414729075436916395e-01 1.953352342219037141e-01
7.275000000000346745e+00 8.931724558255839108e-01 1.982044073904197790e-01
7.425000000001398703e+00 9.448994549676259513e-01 2.023219972450854276e-01
7.574999999998571099e+00 9.978678809124192917e-01 2.053808717849669174e-01
7.725000000000012079e+00 1.043034885470457418e+00 2.096246302401803541e-01
7.875000000000000000e+00 1.081588548798279259e+00 2.073703494191204144e-01
8.024999999999771205e+00 1.113809640234947773e+00 2.102837776381359658e-01
8.175000000001539036e+00 1.139973699504090998e+00 2.136971570630444850e-01
8.324999999998437872e+00 1.146134632007063558e+00 2.127397489194306768e-01
8.475000000000525446e+00 1.144946523752731204e+00 2.086972269730159868e-01
8.625000000000000000e+00 1.128740107641554413e+00 2.041698177290515170e-01
8.774999999999291589e+00 1.100900024326755933e+00 2.007794728404691531e-01
8.925000000001652722e+00 1.066389789374073471e+00 1.961107582326486187e-01
9.074999999998325961e+00 1.019095377965125948e+00 1.913433535866874424e-01
9.225000000000957101e+00 9.813142247157136122e-01 1.873205318947195053e-01
9.375000000000000000e+00 9.430391237182149666e-01 1.810007321507547118e-01
9.524999999998890132e+00 9.156072658135407938e-01 1.757651457795124661e-01
9.675000000001750422e+00 8.852417300152759516e-01 1.723898882796981724e-01
9.824999999998231814e+00 8.590596779541952444e-01 1.689154309114435648e-01
9.975000000001321254e+00 8.339234063749221271e-01 1.657475482682079782e-01
1.012500000000000000e+01 8.035102731111660734e-01 1.596457643308734908e-01
1.027499999999854730e+01 7.786648111436920150e-01 1.561482746694299040e-01
1.042500000000183391e+01 7.540972071450029457e-01 1.529032358687242577e-01
1.057499999999815010e+01 7.362356487176702213e-01 1.498217706080704759e-01
1.072500000000163745e+01 7.208194277286058549e-01 1.469383685330410694e-01
1.087500000000000000e+01 7.133710516193053630e-01 1.461412993308528752e-01
1.102499999999824887e+01 7.104040361966273975e-01 1.437553497973748096e-01
1.117500000000190674e+01 7.161841592115567590e-01 1.438265013202030540e-01
1.132499999999808082e+01 7.234262420414130368e-01 1.429663427968622669e-01
1.147500000000190923e+01 7.370931165005374375e-01 1.437244859603556413e-01
1.162500000000000000e+01 7.517509021562279736e-01 1.444935686431398358e-01
1.177499999999798952e+01 7.707807078293716918e-01 1.460147328378440801e-01
1.192500000000196891e+01 7.911264967441509199e-01 1.455977794361606459e-01
1.207499999999801865e+01 8.097123079314852978e-01 1.486249047708193272e-01
1.222500000000215081e+01 8.286338154714215642e-01 1.488843022831852492e-01
1.237500000000000000e+01 8.476223140583113436e-01 1.498639516635922042e-01
1.252499999999776215e+01 8.686501148743761558e-01 1.517203141503740416e-01
1.267500000000202398e+01 8.862221998943830004e-01 1.508878180689657289e-01
1.282499999999796536e+01 8.977716484604613134e-01 1.505708795711800940e-01
1.297500000000236220e+01 9.070460968095936938e-01 1.511502268239125202e-01
1.312500000000000000e+01 9.176074938650538027e-01 1.502540601611172255e-01
1.327499999999756142e+01 9.216163315065433181e-01 1.499048442558509331e-01
1.342500000000173088e+01 9.272491681538616026e-01 1.512281145526330750e-01
1.357499999999841833e+01 9.265507605038031391e-01 1.476363339012245479e-01
1.372500000000255049e+01 9.251119877386511092e-01 1.492124458336487325e-01
1.387500000000000000e+01 9.248730821402183500e-01 1.475641557309331775e-01
1.402499999999738023e+01 9.202248891566201516e-01 1.464607262589550651e-01
1.417500000000102034e+01 9.157061100096346440e-01 1.450237513417583224e-01
1.432499999999911111e+01 9.100424210754390897e-01 1.438407530926278100e-01
1.447500000000271925e+01 9.148872309185321905e-01 1.447305154344714906e-01
1.462500000000000000e+01 9.125714394138658703e-01 1.427977038600860282e-01
1.477499999999721680e+01 9.117703433865497198e-01 1.437809242295882972e-01
1.492500000000038618e+01 9.128720450897972460e-01 1.431567358191799533e-01
1.507499999999973639e+01 9.117399189601516074e-01 1.403170039326807061e-01
1.522500000000287201e+01 9.159639815253611816e-01 1.422264007489171256e-01
1.537500000000000000e+01 9.171110800558648357e-01 1.404140144334947715e-01
1.552499999999706937e+01 9.218149881258371758e-01 1.372518553254251372e-01
1.567499999999980886e+01 9.301099320291524863e-01 1.388425237824930658e-01
1.582500000000029772e+01 9.338110536747896706e-01 1.399611441227813502e-01
1.597500000000300879e+01 9.382905704255918300e-01 1.384578607540412065e-01
1.612500000000000000e+01 9.498180814291267149e-01 1.384980353818041632e-01
1.627499999999693969e+01 9.539323247307148756e-01 1.381616018557172143e-01
1.642499999999928662e+01 9.609142105646651943e-01 1.396358607767841098e-01
1.657500000000081286e+01 9.648611547492967899e-01 1.392147824232116693e-01
1.672500000000313847e+01 9.682468655746924169e-01 1.376567493584598123e-01
1.687500000000000000e+01 9.727326380834198094e-01 1.377468180205938808e-01
1.702499999999681535e+01 9.754373961543203464e-01 1.363751364168172275e-01
1.717499999999880700e+01 9.737984626885984873e-01 1.347597193419451111e-01
1.732500000000128182e+01 9.742014377624638177e-01 1.363853324723748039e-01
1.747500000000325215e+01 9.710959727693155852e-01 1.335692172828397140e-01
1.762500000000000000e+01 9.717254959922168034e-01 1.360686818275374521e-01
1.777499999999670521e+01 9.635376572985624444e-01 1.345738033902175168e-01
1.792499999999837357e+01 9.575522062459330686e-01 1.312179593397999333e-01
1.807500000000171170e+01 9.559763870639642613e-01 1.311417433610599093e-01
1.822500000000335874e+01 9.511397816240578784e-01 1.298856343906389932e-01
1.837500000000000000e+01 9.464796301685592939e-01 1.284512629966343134e-01
1.852499999999660218e+01 9.411400111772612043e-01 1.294127040750465973e-01
1.867499999999797211e+01 9.353762632061528581e-01 1.270043778168620519e-01
1.882500000000210960e+01 9.346592919225233942e-01 1.267863536845130756e-01
1.897500000000345466e+01 9.319413104507414669e-01 1.268784605026216650e-01
1.912500000000000000e+01 9.327365320556412209e-01 1.257496913959275098e-01
1.927499999999650626e+01 9.319035775590706061e-01 1.261017773042515944e-01
1.942499999999759908e+01 9.329828816833124483e-01 1.241958262082040049e-01
1.957500000000247198e+01 9.326135518836335958e-01 1.258497593524673108e-01
1.972500000000354348e+01 9.373053048423470868e-01 1.253586771164429403e-01
1.987500000000000000e+01 9.438743407785747941e-01 1.238364235779213229e-01
2.002499999999642100e+01 9.468954077078404197e-01 1.237348233232716671e-01
2.017499999999725446e+01 9.511769365719844327e-01 1.224957315645229944e-01
2.032500000000281304e+01 9.567374077329046100e-01 1.241895731251783097e-01
2.047500000000362874e+01 9.622977572571077554e-01 1.235844466441882172e-01
2.062500000000000000e+01 9.667578392309307267e-01 1.225555118778412084e-01
2.077499999999633928e+01 9.762287908070070852e-01 1.251152241900084505e-01
2.092499999999693472e+01 9.800714894287447798e-01 1.227195001917274902e-01
2.107500000000312212e+01 9.861529777061978086e-01 1.230615310291987563e-01
2.122500000000370690e+01 9.913652302966357022e-01 1.241916687188110019e-01
2.137500000000000000e+01 9.952986935230915266e-01 1.226191147222161493e-01
2.152499999999626468e+01 9.970354553799113395e-01 1.224226877208215158e-01
2.167499999999663984e+01 1.001885841656707576e+00 1.225907741889063762e-01
2.182500000000341700e+01 1.000394160908083530e+00 1.212693360044294760e-01
2.197500000000377796e+01 1.004486097453023641e+00 1.223769896879376012e-01
2.212500000000000000e+01 1.002045315014631122e+00 1.219722624484198409e-01
2.227499999999619718e+01 1.000237029491350738e+00 1.217852444451604094e-01
2.242499999999636273e+01 1.001928515373914141e+00 1.189422138986454824e-01
2.257500000000369056e+01 1.000802122486057044e+00 1.202518238021277053e-01
2.272500000000384546e+01 1.001228431821482356e+00 1.182914086348352822e-01
2.287500000000000000e+01 9.981237888025661364e-01 1.195668013359340170e-01
2.302499999999612967e+01 9.961842945037614472e-01 1.175281157078613414e-01
2.317499999999610338e+01 9.971665141066006210e-01 1.172270663489925202e-01
2.332500000000394635e+01 9.962834687378046006e-01 1.156231559566130579e-01
2.347500000000390941e+01 9.947543774843567999e-01 1.175153285379389040e-01
2.362500000000000000e+01 9.952720183248956465e-01 1.147944357741548238e-01
2.377499999999606928e+01 9.930918073796000112e-01 1.174331376917649022e-01
2.392499999999586180e+01 9.947667033026077466e-01 1.150602407039081759e-01
2.407500000000418439e+01 9.968893648985449607e-01 1.131436975203107403e-01
2.422500000000396625e+01 9.998666142605080465e-01 1.139028145870842751e-01
2.437500000000000000e+01 9.992847759819429854e-01 1.148046222136806793e-01
2.452499999999600888e+01 1.002303219410133561e+00 1.135910161915809624e-01
2.467499999999563087e+01 1.004979287849604663e+00 1.145307204672591089e-01
2.482500000000441176e+01 1.004936657047460713e+00 1.137996762256345135e-01
2.497500000000402309e+01 1.008226657926328818e+00 1.129726630756475864e-01
2.512500000000000000e+01 1.007389627589807768e+00 1.137320756284620621e-01
2.527499999999595559e+01 1.012382969080301898e+00 1.133518397245683595e-01
2.542499999999541771e+01 1.012560950156615736e+00 1.127428390818141085e-01
2.557500000000462137e+01 1.012108910409465379e+00 1.120042177678896578e-01
2.572500000000407638e+01 1.014208095534797183e+00 1.130524000348959446e-01
2.587500000000000000e+01 1.013898712885239473e+00 1.125076535758222640e-01
2.602499999999590585e+01 1.013823545155001948e+00 1.116698380546436858e-01
2.617499999999521521e+01 1.013327805961944161e+00 1.113288370133205529e-01
2.632500000000482032e+01 1.015939266770337523e+00 1.104253040368064764e-01
2.647500000000383480e+01 1.014462582884658293e+00 1.109379829647680615e-01
2.662500000000000000e+01 1.014671582091682955e+00 1.100674357549929067e-01
2.677499999999647073e+01 1.014489725626025463e+00 1.100753454150829175e-01
2.692499999999502691e+01 1.014907511594971501e+00 1.094708743752848823e-01
2.707500000000501217e+01 1.011436790453895229e+00 1.083834827010942553e-01
2.722500000000308873e+01 1.013215082487111340e+00 1.076131121639392618e-01
2.737500000000000000e+01 1.012641085494959459e+00 1.081847082035482660e-01
2.752499999999719549e+01 1.012937668753448817e+00 1.073953724873341065e-01
2.767499999999484928e+01 1.010936015396894483e+00 1.065580784134636666e-01
2.782500000000518625e+01 1.012564585102723624e+00 1.069861492009618331e-01
2.797500000000238529e+01 1.013697117906355860e+00 1.068527143753675995e-01
2.812500000000000000e+01 1.013843182081370253e+00 1.070047439671451828e-01
2.827499999999788827e+01 1.012851753922939579e+00 1.067273024926596314e-01
2.842499999999467164e+01 1.014040024505398874e+00 1.050592599738150446e-01
2.857500000000536033e+01 1.015835018815747448e+00 1.062019991789176776e-01
2.872500000000171028e+01 1.017180199940900920e+00 1.068614671611558681e-01
2.887500000000000000e+01 1.019326612199193960e+00 1.054479202575877295e-01
2.902499999999854552e+01 1.018659460479095058e+00 1.041192110999404757e-01
2.917499999999451177e+01 1.021941728990045428e+00 1.041560339234454957e-01
2.932500000000552021e+01 1.022169318948882522e+00 1.062195704181379541e-01
2.947500000000107434e+01 1.021849744693132500e+00 1.060377979181154895e-01
2.962500000000000000e+01 1.024589685626124735e+00 1.045916760446647803e-01
2.977499999999917080e+01 1.024700224047430774e+00 1.034352155887406366e-01
2.992499999999435900e+01 1.026252635507397981e+00 1.047705709258354018e-01
3.007500000000566942e+01 1.028702862483560354e+00 1.020047918220991501e-01
3.022500000000047393e+01 1.028133161145939889e+00 1.025452143228222368e-01
3.037500000000000000e+01 1.030298482809202776e+00 1.029507910712712526e-01
3.052499999999976410e+01 1.030223817969913913e+00 1.033335569298477336e-01
3.067499999999420623e+01 1.026625509513965584e+00 1.028098322143247839e-01
3.082500000000581508e+01 1.028892980322471118e+00 1.011850464187181997e-01
3.097499999999989839e+01 1.027958719666348442e+00 1.027748139116961973e-01
3.112500000000000000e+01 1.026495285925137724e+00 1.020487632434354947e-01
3.127500000000032898e+01 1.028115774116153958e+00 1.012873768277908898e-01
3.142499999999406768e+01 1.025509474100687379e+00 1.017146567942114888e-01
3.157500000000595364e+01 1.025000202847589525e+00 1.017206227357213555e-01
3.172499999999935127e+01 1.025219889575694543e+00 1.004275200723546146e-01
3.187500000000000000e+01 1.026546710107730354e+00 1.001434160521999378e-01
3.202500000000086544e+01 1.024990685493261333e+00 1.005298324684854583e-01
3.217499999999394333e+01 1.023984435811795102e+00 9.934779287620644495e-02
3.232500000000609219e+01 1.024146424490685936e+00 9.980331584592772032e-02
3.247499999999882903e+01 1.027304976950962345e+00 9.915126351101438695e-02
3.262500000000000000e+01 1.023947682548880245e+00 9.842815469532825712e-02
3.277500000000137703e+01 1.026252635507385325e+00 9.936258041403715768e-02
3.292499999999381544e+01 1.026719191914840401e+00 9.904272783383590018e-02
3.307500000000621299e+01 1.026563896162656642e+00 9.760455100258344507e-02
3.322499999999832454e+01 1.025875571735651137e+00 9.856966102187472711e-02
3.337500000000000000e+01 1.029362093244138299e+00 9.734354493622429660e-02
3.352500000000186731e+01 1.026411949438772231e+00 9.708644378362460414e-02
3.367499999999368754e+01 1.027949981413389224e+00 9.800297288408904572e-02
3.382500000000633378e+01 1.027889299121988120e+00 9.775251220646367922e-02
3.397499999999784848e+01 1.027510947601676161e+00 9.600251284017252695e-02
3.412500000000000000e+01 1.027687570517319626e+00 9.672154730789282728e-02
3.427500000000233626e+01 1.027742531203921228e+00 9.640067732837050152e-02
3.442499999999357385e+01 1.029009374673024002e+00 9.772737552816301854e-02
3.457500000000644746e+01 1.029318996171715073e+00 9.805072533576762728e-02
3.472499999999739373e+01 1.028788784477500329e+00 9.534498589996880102e-02
3.487500000000000000e+01 1.029471566973019447e+00 9.602824145367884479e-02
3.502500000000278391e+01 1.028265101980133878e+00 9.580515854024788946e-02
3.517499999999346016e+01 1.029106010200288246e+00 9.647711318471975661e-02
3.532500000000656115e+01 1.026807270659029436e+00 9.602040203712543243e-02
3.547499999999695319e+01 1.027403608740097729e+00 9.475115258140563712e-02
3.562500000000000000e+01 1.028284277412773173e+00 9.559542657045748404e-02
3.577500000000321734e+01 1.026595055064768669e+00 9.611689901607066433e-02
3.592499999999336069e+01 1.028026371969023689e+00 9.555737348739046233e-02
3.607500000000666773e+01 1.027155486185731936e+00 9.537305204201040887e-02
3.622499999999653397e+01 1.026498292074055962e+00 9.469490870809783856e-02
3.637500000000000000e+01 1.026312204847613652e+00 9.307525175249768690e-02
3.652500000000362235e+01 1.027351184078115542e+00 9.467596180844599363e-02
3.667499999999325411e+01 1.027810101893791961e+00 9.346380207835819354e-02
3.682500000000676721e+01 1.026822139459975691e+00 9.443892040705281765e-02
3.697499999999613607e+01 1.026950544429557910e+00 9.362635394561580338e-02
3.712500000000000000e+01 1.026922150521015764e+00 9.203183200918804707e-02
3.727500000000402736e+01 1.027928495884569138e+00 9.451764273608273537e-02
3.742499999999315463e+01 1.029530549423764096e+00 9.285415049219723771e-02
3.757500000000686668e+01 1.026039576024488253e+00 9.136040760199944100e-02
3.772499999999575238e+01 1.027855496265893898e+00 9.368065429943246702e-02
3.787500000000000000e+01 1.026471562625107747e+00 9.257407152559958552e-02
3.802500000000440394e+01 1.029030172031281998e+00 9.304669586456650043e-02
3.817499999999306226e+01 1.027086105980505204e+00 9.137644707260662857e-02
3.832500000000695906e+01 1.028479170076372684e+00 9.138977723016228349e-02
3.847499999999537579e+01 1.028783978789445275e+00 9.168569108009515245e-02
3.862500000000000000e+01 1.028518489772094480e+00 9.147443132069786598e-02
3.877500000000476632e+01 1.030145965572642375e+00 9.084385032487404810e-02
3.892499999999297700e+01 1.028834135673291295e+00 9.164145669213109857e-02
3.907500000000705143e+01 1.026958119050005225e+00 9.021420032740827544e-02
3.922499999999502052e+01 1.027269325981347681e+00 9.012338366295931380e-02
3.937500000000000000e+01 1.028806523182624000e+00 9.116401855778204222e-02
3.952500000000512159e+01 1.028349007404289583e+00 9.053103090503412942e-02
3.967499999999288463e+01 1.027047382345428694e+00 9.010337469576285008e-02
3.982500000000712959e+01 1.025677437825598171e+00 9.080711226119457524e-02
3.997499999999467946e+01 1.028412963619273812e+00 8.932759168850877562e-02
4.012500000000000000e+01 1.025740934577450858e+00 8.995229555526421117e-02
4.027500000000545555e+01 1.027641193804793129e+00 8.830219428478905397e-02
4.042499999999279936e+01 1.026437867057951259e+00 8.928827604447561739e-02
4.057500000000721485e+01 1.027225511320597251e+00 8.940070199814567631e-02
4.072499999999434550e+01 1.026599005766875239e+00 8.840452331999990032e-02
4.087500000000000000e+01 1.027301853546153110e+00 8.910018584487085225e-02
4.102500000000578240e+01 1.024618964412232325e+00 8.889403466901758810e-02
4.117499999999272120e+01 1.025541434620843129e+00 8.789931478792620267e-02
4.132500000000730012e+01 1.024991738072592140e+00 8.833129786649136783e-02
4.147499999999402576e+01 1.024590746465767976e+00 8.879183221180821095e-02
4.162500000000000000e+01 1.026263642787525354e+00 8.878417571431976296e-02
4.177500000000609504e+01 1.025450207504779332e+00 8.790243440842561429e-02
4.192499999999264304e+01 1.024297772542445140e+00 8.716661844757624122e-02
4.207500000000737828e+01 1.025245725119983353e+00 8.794443451957434377e-02
4.222499999999372022e+01 1.025406933494360295e+00 8.705049010896626083e-02
4.237500000000000000e+01 1.024596923744358401e+00 8.750729861623639250e-02
4.252500000000640057e+01 1.022852578494983788e+00 8.754886956630647532e-02
4.267499999999256488e+01 1.024986780834241218e+00 8.682395948773535821e-02
4.282500000000744933e+01 1.025652264222527199e+00 8.678918691614664893e-02
4.297499999999342180e+01 1.026214377266690292e+00 8.747371852888641275e-02
4.312500000000000000e+01 1.025661963881681737e+00 8.639397068361384657e-02
4.327500000000669900e+01 1.025179466500627523e+00 8.563117891657893999e-02
4.342499999999249383e+01 1.024562072648289579e+00 8.580814349809680330e-02
4.357500000000752038e+01 1.026359984137229731e+00 8.602355894037427841e-02
4.372499999999313758e+01 1.022248929320245470e+00 8.502508527314231457e-02
4.387500000000000000e+01 1.024053199981050710e+00 8.646284730862009715e-02
4.402500000000697611e+01 1.023157519586350706e+00 8.499815507700005102e-02
4.417499999999242277e+01 1.022665610698615613e+00 8.530284398956414216e-02
4.432500000000759144e+01 1.023956674896354890e+00 8.614634764821373081e-02
4.447499999999286047e+01 1.022293796090156137e+00 8.585636150485027873e-02
4.462500000000000000e+01 1.023373900999959840e+00 8.591710107801560359e-02
4.477500000000724611e+01 1.021882042605400054e+00 8.444663444459021839e-02
4.492499999999235882e+01 1.021664237027170019e+00 8.472716078954911634e-02
4.507500000000766249e+01 1.020245169576617705e+00 8.426263202045505829e-02
4.522499999999259757e+01 1.021252417833075743e+00 8.393966418356200998e-02
4.537500000000000000e+01 1.021333214795418609e+00 8.472766892878154377e-02
4.552500000000750902e+01 1.021885666560467421e+00 8.414104199291906616e-02
4.567499999999228777e+01 1.021434731126744655e+00 8.264108427518840339e-02
4.582500000000772644e+01 1.021602607754121594e+00 8.458695924068812544e-02
4.597499999999233466e+01 1.019402167687903260e+00 8.366573155021150843e-02
4.612500000000000000e+01 1.021548077268281451e+00 8.358635876381804997e-02
4.627500000000776481e+01 1.021739761433595239e+00 8.357384022949054803e-02
4.642499999999223093e+01 1.020519444453611646e+00 8.347945639674780871e-02
4.657500000000779039e+01 1.020051932975675202e+00 8.373601375830427851e-02
4.672499999999207887e+01 1.020277513834061622e+00 8.310863967634835037e-02
4.687500000000000000e+01 1.019339759997653472e+00 8.227681729596685034e-02
4.702500000000801350e+01 1.018728778426791104e+00 8.343748502007093670e-02
4.717499999999216698e+01 1.019831118250226432e+00 8.254114588275225650e-02
4.732500000000784723e+01 1.020818889947423980e+00 8.300217415497919415e-02
4.747499999999183729e+01 1.018803648380742333e+00 8.264634667002726531e-02
4.762500000000000000e+01 1.018630982798175211e+00 8.229802407680242293e-02
4.777500000000825509e+01 1.017334528408090799e+00 8.260760591253414609e-02
4.792499999999211013e+01 1.018421358020529022e+00 8.182198699390524910e-02
4.807500000000790408e+01 1.019148399157165708e+00 8.225990592697247916e-02
4.822499999999160281e+01 1.017313716522592948e+00 8.220282585241518725e-02
4.837500000000000000e+01 1.016717622306293034e+00 8.170003456677923936e-02
4.852500000000848956e+01 1.017189955323747341e+00 8.195266671236135780e-02
4.867499999999204618e+01 1.016690891088653848e+00 8.278611830556609208e-02
4.882500000000796092e+01 1.018013271840842782e+00 8.223682383090105685e-02
4.897499999999137543e+01 1.016127382463983375e+00 8.115018159065875980e-02
4.912500000000000000e+01 1.016163922271360098e+00 8.130237377163988810e-02
4.927500000000870983e+01 1.017996271798052410e+00 8.133533949290404352e-02
4.942499999999198934e+01 1.016874739830594176e+00 8.104673495584212295e-02
4.957500000000802487e+01 1.015200863244061669e+00 8.161941217267579263e-02
4.972499999999115516e+01 1.015728311332711575e+00 8.110763872695465893e-02
4.987500000000000000e+01 1.015985414737521797e+00 7.984719012601426691e-02
5.002500000000893010e+01 1.014834990014919613e+00 8.081848082387588228e-02
5.017499999999193960e+01 1.015381350207528621e+00 8.104410834672098884e-02
5.032500000000807461e+01 1.014859076351176226e+00 8.011375728430727983e-02
5.047499999999094200e+01 1.014711618236872726e+00 7.956365900754307219e-02
5.062500000000000000e+01 1.015327361169517051e+00 7.963149838036728823e-02
5.077500000000914326e+01 1.014529489500443971e+00 8.039072877036328169e-02
5.092499999999188276e+01 1.014785440074126743e+00 7.971861717480382969e-02
5.107500000000812435e+01 1.014807912326473494e+00 7.923736427484097400e-02
5.122499999999072884e+01 1.014305082987356332e+00 7.909806301930254191e-02
5.137500000000000000e+01 1.013872479632905499e+00 7.870077369364157638e-02
5.152500000000934932e+01 1.014070027643874772e+00 7.967871150868105490e-02
5.167499999999183302e+01 1.014155133005828269e+00 7.970495272453591296e-02
5.182500000000818119e+01 1.014227617449410701e+00 7.948600738154326661e-02
5.197499999999052989e+01 1.013597669438397020e+00 7.947402452164999132e-02
5.212500000000000000e+01 1.015127400558169635e+00 8.015379276246625828e-02
5.227500000000954827e+01 1.012615548784585151e+00 7.898490517052245141e-02
5.242499999999178328e+01 1.013294678635010770e+00 7.815680227843911643e-02
5.257500000000806040e+01 1.012583721565416539e+00 7.838387703368282500e-02
5.272499999999033804e+01 1.012422206592571650e+00 7.861525955901634000e-02
5.287500000000000000e+01 1.013423603603381462e+00 7.787614101728385085e-02
5.302500000000974723e+01 1.012974357379732959e+00 7.820669625348390663e-02
5.317499999999255778e+01 1.012287101425032088e+00 7.747383067815677427e-02
5.332500000000729301e+01 1.012612688254935556e+00 7.788847492447927012e-02
5.347499999999015330e+01 1.011670538008341058e+00 7.847141369950647039e-02
5.362500000000000000e+01 1.013298835540401566e+00 7.850913759085685617e-02
5.377500000000993197e+01 1.010995398527203326e+00 7.782877805159954532e-02
5.392499999999331095e+01 1.011726583054079587e+00 7.784166464159449073e-02
5.407500000000654694e+01 1.011878341675127801e+00 7.800169652454456981e-02
5.422499999998996145e+01 1.012305717261160698e+00 7.788313126290899446e-02
5.437500000000000000e+01 1.012038899198598685e+00 7.786955864416447715e-02
5.452500000001011671e+01 1.010807528475601291e+00 7.837721783108911322e-02
5.467499999999403570e+01 1.010707804439531454e+00 7.756719954066973455e-02
5.482500000000581508e+01 1.009892660919319729e+00 7.650834010231280513e-02
5.497499999998977671e+01 1.010619177288022863e+00 7.604842860490576562e-02
5.512500000000000000e+01 1.010488853624500249e+00 7.700321653762251528e-02
5.527500000001029434e+01 1.011811918261062759e+00 7.701948190007917860e-02
5.542499999999475335e+01 1.010551825828218453e+00 7.704959749776743583e-02
5.557500000000510454e+01 1.009931889704514196e+00 7.686119086165679737e-02
5.572499999998960618e+01 1.009776620659647905e+00 7.553488154707528601e-02
5.587500000000000000e+01 1.009702054395158699e+00 7.568095701591130708e-02
5.602500000001046487e+01 1.009690714115420107e+00 7.578428287406716035e-02
5.617499999999544258e+01 1.009578173076396634e+00 7.502143874119474032e-02
5.632500000000441531e+01 1.010716072882671179e+00 7.564006400741840608e-02
5.647499999998942855e+01 1.009191278495542798e+00 7.518221999617817619e-02
5.662500000000000000e+01 1.008906682062229443e+00 7.623098642507762646e-02
5.677500000001062830e+01 1.009899504854938623e+00 7.502956066559100801e-02
5.692499999999611759e+01 1.009033749831751869e+00 7.625292202985232970e-02
5.707500000000374030e+01 1.008848722659243746e+00 7.574985389537577940e-02
5.722499999998926512e+01 1.009386849794815522e+00 7.547451492655114780e-02
5.737500000000000000e+01 1.007114377217880330e+00 7.468661087267178256e-02
5.752500000001079172e+01 1.008097290345387309e+00 7.438994373780037639e-02
5.767499999999677129e+01 1.008489318319021999e+00 7.282717489247937659e-02
5.782500000000310081e+01 1.008786375442909167e+00 7.445292846381877661e-02
5.797499999998910170e+01 1.007087564917413136e+00 7.424312305974078985e-02
5.812500000000000000e+01 1.007685705634054685e+00 7.486078489129832647e-02
5.827500000001095515e+01 1.007829377805753879e+00 7.445547481773119591e-02
5.842499999999741078e+01 1.007843213923227399e+00 7.509447246449572899e-02
5.857500000000246132e+01 1.007101541824436230e+00 7.334133562484995705e-02
5.872499999998893827e+01 1.005933388546223828e+00 7.360368282642756887e-02
5.887500000000000000e+01 1.005665833573128332e+00 7.341482150020262054e-02
5.902500000001111857e+01 1.005922496270442279e+00 7.344741126262352426e-02
5.917499999999803606e+01 1.006099256133847764e+00 7.331121717190727805e-02
5.932500000000184315e+01 1.006349287037043183e+00 7.351012169043151523e-02
5.947499999998878906e+01 1.004881770721928858e+00 7.303566678082804020e-02
5.962500000000000000e+01 1.006815531012894560e+00 7.240972702616002565e-02
5.977500000001126779e+01 1.005064515493959032e+00 7.328237956387018137e-02
5.992499999999864002e+01 1.004976890386167110e+00 7.280827156976625580e-02
6.007500000000123919e+01 1.005168011023325425e+00 7.250392257335208646e-02
6.022499999998863984e+01 1.004954802951857573e+00 7.282342844166214690e-02
6.037500000000000000e+01 1.003960808897906620e+00 7.215237990506531696e-02
6.052500000001142411e+01 1.004580885574946070e+00 7.254116407739658046e-02
6.067499999999923688e+01 1.003795253929757436e+00 7.290763391010111893e-02
6.082500000000064944e+01 1.005327213264488595e+00 7.208520298247070301e-02
6.097499999998849773e+01 1.004846159052957599e+00 7.234738579524326030e-02
6.112500000000000000e+01 1.002330406428672438e+00 7.209651330898128596e-02
6.127500000001155911e+01 1.004127045994199996e+00 7.286239646894084043e-02
6.142499999999980531e+01 1.002993968483354870e+00 7.229124982023707457e-02
6.157500000000007390e+01 1.001930210420885370e+00 7.154230542286157957e-02
6.172499999998834852e+01 1.003467785832342418e+00 7.179325367217904985e-02
6.187500000000000000e+01 1.003465012345456930e+00 7.256709262718266662e-02
6.202500000001170122e+01 1.002512210730254649e+00 7.215549829523887349e-02
6.217500000000037375e+01 1.001723733855637732e+00 7.159551325506402497e-02
6.232499999999951967e+01 1.001768039112059805e+00 7.117402396201664982e-02
6.247499999998820641e+01 1.002265369940522399e+00 7.063582060259339379e-02
6.262500000000000000e+01 1.000572320714019137e+00 7.125125388612162103e-02
6.277500000001184333e+01 1.002969541887136273e+00 7.128357193098723565e-02
6.292500000000092086e+01 1.000503257186399653e+00 6.999963953822131713e-02
6.307499999999897256e+01 1.001423875672732722e+00 7.083742664499254049e-02
6.322499999998807851e+01 1.000819582757706661e+00 7.146707483999632793e-02
6.337500000000000000e+01 1.001008607750617729e+00 7.046514570498528529e-02
6.352500000001197833e+01 1.000929588830309802e+00 7.137847441610609134e-02
6.367500000000146798e+01 9.993001795810901866e-01 7.060023610062433896e-02
6.382499999999843254e+01 9.994727315463139972e-01 6.958529353108884596e-02
6.397499999998793641e+01 9.991227725770691626e-01 6.919699905176916743e-02
6.412500000000000000e+01 1.000245717548013724e+00 7.077653229640429311e-02
6.427500000001211333e+01 1.000892071740866474e+00 7.001603357000443784e-02
6.442500000000200089e+01 9.988436621413440131e-01 7.016601311830289456e-02
6.457499999999791385e+01 9.996737487715655623e-01 7.077665773487060163e-02
6.472499999998781561e+01 9.995065478979219264e-01 7.008976463160884740e-02
6.487500000000000000e+01 9.988590815543594292e-01 6.921982273569704525e-02
6.502500000001224123e+01 9.988646572447797967e-01 6.985504683561520600e-02
6.517500000000251248e+01 9.981531761157749205e-01 6.911955983361214861e-02
6.532499999999740226e+01 9.981896937570132744e-01 6.976876114972038745e-02
6.547499999998768772e+01 9.986340359543688372e-01 6.910122078114716571e-02
6.562500000000000000e+01 9.970889395877481354e-01 6.883996665415609284e-02
6.577500000001236913e+01 9.975834567358903282e-01 6.964627650477291099e-02
6.592500000000300986e+01 9.965917126605283727e-01 6.915463606266387953e-02
6.607499999999690488e+01 9.982461306701124748e-01 6.976440038158131240e-02
6.622499999998755982e+01 9.976427165308303646e-01 6.859133456297028530e-02
6.637500000000000000e+01 9.970874839684866764e-01 6.989926676548069429e-02
6.652500000001249703e+01 9.974422635171951157e-01 6.958407945039510323e-02
6.667500000000349303e+01 9.978647354565600702e-01 6.833342195273343911e-02
6.682499999999640750e+01 9.975911573254622189e-01 6.860803527744560593e-02
6.697499999998743192e+01 9.961358496381301775e-01 6.869216568519971589e-02
6.712500000000000000e+01 9.954464532108270314e-01 6.771133604817650142e-02
6.727500000001261071e+01 9.971925700738142329e-01 6.838588212708371361e-02
6.742500000000397620e+01 9.968091913104348833e-01 6.844005894370548682e-02
6.757499999999593854e+01 9.960317366040247755e-01 6.792482071045777281e-02
6.772499999998731823e+01 9.962865111350569514e-01 6.795336418991099192e-02
6.787500000000000000e+01 9.956303284248959606e-01 6.817343393218752712e-02
6.802500000001272440e+01 9.943117632951411489e-01 6.797950474298697365e-02
6.817500000000444516e+01 9.956547115140607085e-01 6.862809247688091141e-02
6.832499999999546958e+01 9.957622663072261959e-01 6.871630004808376713e-02
6.847499999998720455e+01 9.966142440570365801e-01 6.835203821507325472e-02
6.862500000000000000e+01 9.946391856607597060e-01 6.852898269689808308e-02
6.877500000001283809e+01 9.957457937027895944e-01 6.709986952847565855e-02
6.892500000000489990e+01 9.950661306737139666e-01 6.733469630386246241e-02
6.907499999999501483e+01 9.947638636332091222e-01 6.718049918524515718e-02
6.922499999998709086e+01 9.938518376094321871e-01 6.787225521821778351e-02
6.937500000000000000e+01 9.961872870073352759e-01 6.776372611509928756e-02
6.952500000001295177e+01 9.948589018016068541e-01 6.711259663461006941e-02
6.967500000000535465e+01 9.941203546325534379e-01 6.708536478415097482e-02
6.982499999999456008e+01 9.949737902092986586e-01 6.743088037448861927e-02
6.997499999998697717e+01 9.943324789027616628e-01 6.835901875953552531e-02
7.012500000000000000e+01 9.950213676090216008e-01 6.807878445873208340e-02
7.027500000001306546e+01 9.933603804471430321e-01 6.733187608746452057e-02
7.042500000000579519e+01 9.944692217564093939e-01 6.724783515130285105e-02
7.057499999999413376e+01 9.927924221937911575e-01 6.642157748017005203e-02
7.072499999998686349e+01 9.931947868015335024e-01 6.622793360966092169e-02
7.087500000000000000e+01 9.939692511217622650e-01 6.636655958604380234e-02
7.102500000001316494e+01 9.930811319472749865e-01 6.431019829350158312e-02
7.117500000000620730e+01 9.929677037622982594e-01 6.692787930659371831e-02
7.132499999999369322e+01 9.937104408662555954e-01 6.697556906832070889e-02
7.147499999998676401e+01 9.954420179164622517e-01 6.569477124652327304e-02
7.162500000000000000e+01 9.928145559321805980e-01 6.592217451726328781e-02
7.177500000001327862e+01 9.947864069855048008e-01 6.619185607150172845e-02
7.192500000000663363e+01 9.933750589570430334e-01 6.619643876648327596e-02
7.207499999999328111e+01 9.927295980976398315e-01 6.650375499489977194e-02
7.222499999998666453e+01 9.936215271615377320e-01 6.670842243258826021e-02
7.237500000000000000e+01 9.938254131093667842e-01 6.613703076631999300e-02
7.252500000001337810e+01 9.933195251854856078e-01 6.627604206757470306e-02
7.267500000000704574e+01 9.923556123587805589e-01 6.610143559441021555e-02
7.282499999999286899e+01 9.934062455044748718e-01 6.541951452312413928e-02
7.297499999998655085e+01 9.932445597095382883e-01 6.555548323537785382e-02
7.312500000000000000e+01 9.929064695050405787e-01 6.587716440247737282e-02
7.327500000001347757e+01 9.919307080543985355e-01 6.552127023062635780e-02
7.342500000000745786e+01 9.932903587377026611e-01 6.517766703464393518e-02
7.357499999999247109e+01 9.933314141967322097e-01 6.447398463125894597e-02
7.372499999998646558e+01 9.938416351003349636e-01 6.458239035234826508e-02
7.387500000000000000e+01 9.926460055794452675e-01 6.572365632733732921e-02
7.402500000001359126e+01 9.938433199149121489e-01 6.604993894094073059e-02
7.417500000000785576e+01 9.939964745831726400e-01 6.541274462709267823e-02
7.432499999999207319e+01 9.928335645670400833e-01 6.525645314631342564e-02
7.447499999998635190e+01 9.925370334862084754e-01 6.373857673412652858e-02
7.462500000000000000e+01 9.939590925760040108e-01 6.412052835713281940e-02
7.477500000001367653e+01 9.925889068118877168e-01 6.447257284407645339e-02
7.492500000000823945e+01 9.926755081095890443e-01 6.465855239981624369e-02
7.507499999999168949e+01 9.929773490655686707e-01 6.411761471037578930e-02
7.522499999998626663e+01 9.933435774654748585e-01 6.478549317251970641e-02
7.537500000000000000e+01 9.925838423914034037e-01 6.523347000702768572e-02
7.552500000001377600e+01 9.925582459080758424e-01 6.506318976792938025e-02
7.567500000000862315e+01 9.933193177532406715e-01 6.461089712241378791e-02
7.582499999999130580e+01 9.927431915866854473e-01 6.359598049210796189e-02
7.597499999998616715e+01 9.924969544395556564e-01 6.490033473316128565e-02
7.612500000000000000e+01 9.942015266150919794e-01 6.440096626983360384e-02
7.627500000001386127e+01 9.935574319031378332e-01 6.408811647826810620e-02
7.642500000000899263e+01 9.935458522811639881e-01 6.421116069371533841e-02
7.657499999999093632e+01 9.937071018912176923e-01 6.407904182007879978e-02
7.672499999998608189e+01 9.927478455897688070e-01 6.376406103033742390e-02
7.687500000000000000e+01 9.929897412368582366e-01 6.395246224118124323e-02
7.702500000001396074e+01 9.932306947392826046e-01 6.397906355836638359e-02
7.717500000000934790e+01 9.943197699034238557e-01 6.414187170224856793e-02
7.732499999999058105e+01 9.937906772607469907e-01 6.355363371899608316e-02
7.747499999998598241e+01 9.949738342159292204e-01 6.286904691009742585e-02
7.762500000000000000e+01 9.933532061457476248e-01 6.349027593628359112e-02
7.777500000001404601e+01 9.944724350368858712e-01 6.392650353496079352e-02
7.792500000000971738e+01 9.936051215723638030e-01 6.345687089298154837e-02
7.807499999999021156e+01 9.939853547978259041e-01 6.383972769126630697e-02
7.822499999998589715e+01 9.942114624601154915e-01 6.328183781196609903e-02
7.837500000000000000e+01 9.924830948483163162e-01 6.325660793686305183e-02
7.852500000001413127e+01 9.947775506787669419e-01 6.344380849705991143e-02
7.867500000001005844e+01 9.940373614932308532e-01 6.274560386291527792e-02
7.882499999998987050e+01 9.957998262024417846e-01 6.276664779612624312e-02
7.897499999998581188e+01 9.946506280894988894e-01 6.231275123099835195e-02
7.912500000000000000e+01 9.940817074120625874e-01 6.377307324660141941e-02
7.927500000001423075e+01 9.939204925694187231e-01 6.223124679094536177e-02
7.942500000001041371e+01 9.952785301887718816e-01 6.330008801201528201e-02
7.957499999998951523e+01 9.940844779837672007e-01 6.331960739272149419e-02
7.972499999998572662e+01 9.936119636829354729e-01 6.233787975238211376e-02
7.987500000000000000e+01 9.946690174380358185e-01 6.199598118097782856e-02
8.002500000001430180e+01 9.937192392685586517e-01 6.181516109578644169e-02
8.017500000001075477e+01 9.949810648729205953e-01 6.196744389065964032e-02
8.032499999998918838e+01 9.949454788099113545e-01 6.283837910533986160e-02
8.047499999998564135e+01 9.938134355731990111e-01 6.231624012907940879e-02
8.062500000000000000e+01 9.951518495123042873e-01 6.310054459217395717e-02
8.077500000001438707e+01 9.955437358147879445e-01 6.180059742958200764e-02
8.092500000001108162e+01 9.947135794464935232e-01 6.238506677771359782e-02
8.107499999998886153e+01 9.953087216660059244e-01 6.250256984386569348e-02
8.122499999998557030e+01 9.963214712524792738e-01 6.239251710448317362e-02
8.137500000000000000e+01 9.958826073101741949e-01 6.221877473068235243e-02
8.152500000001447233e+01 9.955105067585818812e-01 6.241761439609312678e-02
8.167500000001139426e+01 9.949989413914790415e-01 6.172507984803940473e-02
8.182499999998853468e+01 9.959426116338113699e-01 6.217269839375385437e-02
8.197499999998548503e+01 9.952090020101609369e-01 6.243470962706345467e-02
8.212500000000000000e+01 9.959712791101550389e-01 6.139409577643337862e-02
8.227500000001455760e+01 9.947654915051596936e-01 6.170453184623498483e-02
8.242500000001172111e+01 9.959238622921912087e-01 6.132219007683429451e-02
8.257499999998822204e+01 9.970548085431815144e-01 6.229629263512211773e-02
8.272499999998539977e+01 9.957293874976145265e-01 6.222400352258041639e-02
8.287500000000000000e+01 9.965979677529532843e-01 6.236160089466510903e-02
8.302500000001462865e+01 9.963130597288746282e-01 6.181725872727345666e-02
8.317500000001203375e+01 9.964391426691600051e-01 6.175903749499368767e-02
8.332499999998789519e+01 9.967375137885050584e-01 6.152418166539586758e-02
8.347499999998531450e+01 9.965664609498546822e-01 6.183388766486189875e-02
8.362500000000000000e+01 9.970473059337907618e-01 6.119583833274225282e-02
8.377500000001469971e+01 9.969175763801085832e-01 6.165424963473536968e-02
8.392500000001234639e+01 9.970830182579784040e-01 6.177885572040334866e-02
8.407499999998758256e+01 9.969663971519917567e-01 6.118595350440329816e-02
8.422499999998524345e+01 9.972621335111163665e-01 6.135786892474098808e-02
8.437500000000000000e+01 9.969716639342848241e-01 6.080978395242583184e-02
8.452500000001478497e+01 9.969410061686998503e-01 6.194377200600342109e-02
8.467500000001264482e+01 9.980279984907812763e-01 6.067788181507864642e-02
8.482499999998728413e+01 9.974194589710148051e-01 6.070267333228675927e-02
8.497499999998517239e+01 9.979902768394248724e-01 6.083152829720517990e-02
8.512500000000000000e+01 9.969800535920729789e-01 6.068284310817641247e-02
8.527500000001485603e+01 9.980397963880083267e-01 5.985243717733582797e-02
8.542500000001294325e+01 9.989663187148575263e-01 6.014023447517799492e-02
8.557499999998699991e+01 9.973037893474585580e-01 6.096908635864736054e-02
8.572499999998510134e+01 9.986187934232311214e-01 6.128121761070381979e-02
8.587500000000000000e+01 9.981634151765513829e-01 6.069262528261539641e-02
8.602500000001494129e+01 9.996560946274563042e-01 6.112277108395723635e-02
8.617500000001324167e+01 9.978044533079031275e-01 6.079270425864757854e-02
8.632499999998670148e+01 9.986452725681703724e-01 6.014585061514662184e-02
8.647499999998503029e+01 9.985989562712447309e-01 6.052217870120036453e-02
8.662500000000000000e+01 9.986892124141879545e-01 6.038971931044023050e-02
8.677500000001501235e+01 9.991829770035415281e-01 6.022365637958238677e-02
8.692500000001352589e+01 9.988232354313555383e-01 6.079893462059705878e-02
8.707499999998641727e+01 9.996359285635997294e-01 5.897137419427971039e-02
8.722499999998494502e+01 9.995605636109584635e-01 5.987388558890236606e-02
8.737500000000000000e+01 1.000354813228050865e+00 5.976821853570469384e-02
8.752500000001508340e+01 9.989204816647672125e-01 6.030746632828203752e-02
8.767500000001381011e+01 9.997062980602564597e-01 6.025985415886094682e-02
8.782499999998613305e+01 9.999286935577860191e-01 6.005778220211354518e-02
8.797499999998487397e+01 1.000213917745049974e+00 5.933595231663663788e-02
8.812500000000000000e+01 9.992967091256860224e-01 6.003530590444326048e-02
8.827500000001514024e+01 9.992384817610682202e-01 5.977105282685489518e-02
8.842500000001409433e+01 1.000373572615805839e+00 5.979313867423097228e-02
8.857499999998586304e+01 1.000278947351186165e+00 6.001885619216670159e-02
8.872499999998480291e+01 9.994882631383806837e-01 5.995673992577431333e-02
8.887500000000000000e+01 9.998247379169017401e-01 5.887015719342144487e-02
8.902500000001521130e+01 1.000622531626318867e+00 5.942753979241780643e-02
8.917500000001436433e+01 1.000039665157463231e+00 5.958319187292512170e-02
8.932499999998557882e+01 1.000540990830879329e+00 5.973322090773094950e-02
8.947499999998473186e+01 1.000233130350800081e+00 5.998137548960590787e-02
8.962500000000000000e+01 1.000206823650798604e+00 5.962161899327575454e-02
8.977500000001528235e+01 9.998826968062750620e-01 5.955466482944214018e-02
8.992500000001462013e+01 1.001767343507934838e+00 5.900462001181677740e-02
9.007499999998532303e+01 1.002134268541817974e+00 5.888722382600065225e-02
9.022499999998467501e+01 1.001367229612897480e+00 5.918198842918210439e-02
9.037500000000000000e+01 1.001089578629931642e+00 5.905527730121519492e-02
9.052500000001533920e+01 1.002524038367008874e+00 5.866626136466578101e-02
9.067500000001489013e+01 1.001509920726669334e+00 5.870859307116949727e-02
9.082499999998505302e+01 1.001505728403820461e+00 5.859586923471849645e-02
9.097499999998460396e+01 1.002115415737183657e+00 5.857470398871152811e-02
9.112500000000000000e+01 1.002588591880914315e+00 5.907871124798567963e-02
9.127500000001541025e+01 1.003000990580530605e+00 5.902546756465545941e-02
9.142500000001514593e+01 1.002038753461642395e+00 5.871558133043470323e-02
9.157499999998479723e+01 1.002163110845821992e+00 5.902054902352746324e-02
9.172499999998454712e+01 1.002801685824923794e+00 5.869136287965158461e-02
9.187500000000000000e+01 1.002400345419603545e+00 5.877386572946362298e-02
9.202500000001548131e+01 1.002337724360900406e+00 5.924425833682549908e-02
9.217500000001541594e+01 1.002388844576342919e+00 5.866963821076071756e-02
9.232499999998454143e+01 1.003243822055698953e+00 5.823224470933886787e-02
9.247499999998447606e+01 1.002805286038276122e+00 5.848370393314353266e-02
9.262500000000000000e+01 1.002376313505750849e+00 5.819484938534923851e-02
9.277500000001553815e+01 1.002338288665363342e+00 5.852211555014524835e-02
9.292500000001565752e+01 1.001480924354036128e+00 5.800297795838129516e-02
9.307499999998428564e+01 1.002677248793066189e+00 5.916708920236799646e-02
9.322499999998441922e+01 1.002564084170465719e+00 5.864829632194572956e-02
9.337500000000000000e+01 1.002414260251675904e+00 5.774646711773025187e-02
9.352500000001559499e+01 1.003117093571642249e+00 5.801243306503637426e-02
9.367500000001591332e+01 1.004349769064551090e+00 5.822683090177279558e-02
9.382499999998402984e+01 1.003827346074294136e+00 5.857987645574559699e-02
9.397499999998436238e+01 1.004726884087527417e+00 5.889931488110910357e-02
9.412500000000000000e+01 1.003667628797009881e+00 5.836894473229620184e-02
9.427500000001566605e+01 1.004695901699010685e+00 5.841119958470031986e-02
9.442500000001615490e+01 1.004225839976002010e+00 5.861341369662954187e-02
9.457499999998380247e+01 1.004282637329852124e+00 5.809611028834787971e-02
9.472499999998429132e+01 1.004381390210864256e+00 5.812817824601847205e-02
9.487500000000000000e+01 1.004024030387826727e+00 5.749252571674885737e-02
9.502500000001572289e+01 1.004926547379289214e+00 5.813685666886457548e-02
9.517500000001639648e+01 1.003340757556851148e+00 5.704561188451631043e-02
9.532499999998356088e+01 1.005109244491480203e+00 5.809026004646427460e-02
9.547499999998423448e+01 1.004034082651114712e+00 5.790209427673222858e-02
9.562500000000000000e+01 1.005538270435398562e+00 5.835607564459051322e-02
9.577500000001577973e+01 1.005318633944216389e+00 5.817807604766997431e-02
9.592500000001662386e+01 1.005596690626537226e+00 5.723123578939432604e-02
9.607499999998331930e+01 1.005341666331535322e+00 5.819770550731755143e-02
9.622499999998417763e+01 1.005262496335141087e+00 5.776900288403780809e-02
9.637500000000000000e+01 1.005391947279242526e+00 5.685158524541027852e-02
9.652500000001585079e+01 1.005136476552637159e+00 5.775897096079497112e-02
9.667500000001686544e+01 1.005481901342644591e+00 5.815246251806108907e-02
9.682499999998309193e+01 1.004755469328503459e+00 5.765352496651677400e-02
9.697499999998412079e+01 1.005365833980878421e+00 5.766031463753053948e-02
9.712500000000000000e+01 1.006282358230473406e+00 5.783246015497238435e-02
9.727500000001590763e+01 1.006984440049820240e+00 5.799105114799169708e-02
9.742500000001709282e+01 1.006334684472469654e+00 5.787700684271841756e-02
9.757499999998287876e+01 1.006005790049836035e+00 5.749165923411315299e-02
9.772499999998406395e+01 1.006291177244042823e+00 5.721734869523161654e-02
9.787500000000000000e+01 1.006371150864318942e+00 5.673829989195664641e-02
9.802500000001595026e+01 1.007066763289298450e+00 5.837307767793895735e-02
9.817500000001732019e+01 1.007599551924141412e+00 5.707709454539036664e-02
9.832499999998263718e+01 1.006406324585175316e+00 5.794948893571904430e-02
9.847499999998402131e+01 1.005944053875795996e+00 5.756188443151160489e-02
9.862500000000000000e+01 1.006849901689464311e+00 5.805055560792360403e-02
9.877500000001600711e+01 1.006740895220096244e+00 5.684364666404535804e-02
9.892500000001753335e+01 1.006522934342860554e+00 5.697014953006548227e-02
9.907499999998242401e+01 1.006640922219971923e+00 5.696904961805510093e-02
9.922499999998395026e+01 1.007577296250290022e+00 5.687238176554356567e-02
9.937500000000000000e+01 1.007516552526382947e+00 5.648967168845948211e-02
9.952500000001606395e+01 1.007658402824171295e+00 5.692013088779541291e-02
9.967500000001776073e+01 1.006295537219256353e+00 5.722930429558063109e-02
9.982499999998221085e+01 1.008189536030594358e+00 5.685613670064353087e-02
9.997499999998389342e+01 1.007770505318727361e+00 5.651918577812276023e-02
1.001250000000000000e+02 1.007913636174766925e+00 5.716112206329042322e-02
1.002750000000161208e+02 1.007097298524816553e+00 5.672598153847482894e-02
1.004250000000179597e+02 1.006990026469421817e+00 5.684673017269201156e-02
1.005749999999819835e+02 1.006327802761922019e+00 5.747021672376956269e-02
1.007249999999838508e+02 1.006646331996662980e+00 5.701659960343954947e-02
1.008750000000000000e+02 1.007782661288299630e+00 5.729251975334677394e-02
1.010250000000161776e+02 1.007500801054170170e+00 5.631426750304022871e-02
1.011750000000181871e+02 1.006952329392860834e+00 5.654529755036451222e-02
1.013249999999817845e+02 9.865078363066094314e-01 5.566101453938360893e-02
1.014749999999837939e+02 9.643764262699808798e-01 5.453863871884796072e-02
1.016250000000000000e+02 9.523705102994840521e-01 5.465375870683906318e-02
1.017750000000162345e+02 9.416024225785241120e-01 5.516420747018285775e-02
1.019250000000184002e+02 9.321471743600155957e-01 5.430409073639113487e-02
1.020749999999815714e+02 9.241461470509263476e-01 5.385369841664715967e-02
1.022249999999837513e+02 9.168052948481852926e-01 5.362055998539161372e-02
1.023750000000000000e+02 9.108538700963166868e-01 5.338659116180446279e-02
1.025250000000162771e+02 9.051948206882273196e-01 5.284069023867035003e-02
1.026750000000185992e+02 8.996716796392895121e-01 5.221126170384884913e-02
1.028249999999813582e+02 8.935402314348970254e-01 5.280309552377666915e-02
1.029749999999836945e+02 8.883645079744206807e-01 5.293627881340190466e-02
1.031250000000000000e+02 8.845560182259580850e-01 5.184224540241215429e-02
1.032750000000163340e+02 8.787081665726758084e-01 5.200668855327147955e-02
1.034250000000187981e+02 8.748931266788240180e-01 5.128627409975273360e-02
1.035749999999811592e+02 8.705969794805776818e-01 5.112672288796316078e-02
1.037249999999836376e+02 8.659230100228468840e-01 5.128292398463190488e-02
1.038750000000000000e+02 8.626291574391506956e-01 5.134431905535481733e-02
1.040250000000163766e+02 8.584369524995265621e-01 5.042437862614412847e-02
1.041750000000189971e+02 8.544794589942678043e-01 5.112823415864710397e-02
1.043249999999809603e+02 8.501537771976696023e-01 5.021778275907998884e-02
1.044749999999835950e+02 8.469556281204092540e-01 5.089874241537920702e-02
1.046250000000000000e+02 8.429303883366691119e-01 5.046434368889815558e-02
1.047750000000164334e+02 8.392076264813576048e-01 5.011377869691274745e-02
1.049250000000191818e+02 8.365120872777731531e-01 4.946663222310690444e-02
1.050749999999807613e+02 8.334754997125018994e-01 5.029669935859255869e-02
1.052249999999839503e+02 8.297627230964482736e-01 4.988339046084529910e-02
1.053750000000000000e+02 8.268317735055272788e-01 4.971757418474308937e-02
1.055250000000157229e+02 8.236452885561754700e-01 4.931545379430309767e-02
1.056750000000193808e+02 8.201347656255898455e-01 4.934540453786808584e-02
1.058249999999805766e+02 8.173202067051897890e-01 4.947351542041091010e-02
1.059749999999847319e+02 8.147790317680139172e-01 4.884420316707686199e-02
1.061250000000000000e+02 8.122503708022674740e-01 4.924827068779280559e-02
1.062750000000149555e+02 8.095727090808730875e-01 4.886005859587180117e-02
1.064250000000195797e+02 8.057701172987947746e-01 4.891558017090685134e-02
1.065749999999803919e+02 8.032152722911189979e-01 4.867173245628209771e-02
1.067249999999854850e+02 8.007150186233785716e-01 4.896599405961612334e-02
1.068750000000000000e+02 7.969423398868823449e-01 4.814361795890306078e-02
1.070250000000141881e+02 7.948337522316837322e-01 4.786352452760456871e-02
1.071750000000197645e+02 7.929914588113586849e-01 4.814730797244826804e-02
1.073249999999802071e+02 7.907335264554790077e-01 4.838895792571421689e-02
1.074749999999862524e+02 7.877862398905719488e-01 4.758861362643860421e-02
1.076250000000000000e+02 7.840604988751337379e-01 4.743101774883753258e-02
1.077750000000134492e+02 7.820168813469000613e-01 4.744182017507476284e-02
1.079250000000199492e+02 7.803671093143609294e-01 4.781309050909180597e-02
1.080749999999800224e+02 7.771466950920622452e-01 4.741633911796915707e-02
1.082249999999869914e+02 7.746559539317630083e-01 4.738701916878999137e-02
1.083750000000000000e+02 7.732453505746226252e-01 4.705052953146730138e-02
1.085250000000127244e+02 7.705062591467155553e-01 4.717447941809940759e-02
1.086750000000201481e+02 7.672458064116070009e-01 4.714725306671051913e-02
1.088249999999798376e+02 7.661992396232821800e-01 4.719285876315836015e-02
1.089749999999877161e+02 7.635509482169474671e-01 4.633414526776645503e-02
1.091250000000000000e+02 7.617837119388912726e-01 4.667719189524978385e-02
1.092750000000119854e+02 7.593227495464370813e-01 4.653633071745662264e-02
1.094250000000203045e+02 7.569219542120302346e-01 4.660741126411076241e-02
1.095749999999796529e+02 7.543800239551122777e-01 4.661080151144035566e-02
1.097249999999884409e+02 7.529282819730569454e-01 4.640867482071459743e-02
1.098750000000000000e+02 7.497792066631803198e-01 4.645883289401234878e-02
1.100250000000112749e+02 7.482965635522759174e-01 4.672517056645319328e-02
1.101750000000204892e+02 7.458084592704248283e-01 4.631441323888289829e-02
1.103249999999794682e+02 7.448747747079489390e-01 4.651647903880726936e-02
1.104749999999891372e+02 7.411281766582598074e-01 4.594149522889631049e-02
1.106250000000000000e+02 7.405476864491461475e-01 4.614328723813725108e-02
1.107750000000105643e+02 7.386577694803317939e-01 4.573027017821382212e-02
1.109250000000206740e+02 7.367284824626677553e-01 4.545487546083119834e-02
1.110749999999792976e+02 7.342648428312522624e-01 4.558608281453414152e-02
1.112249999999898620e+02 7.319861415233813728e-01 4.535622241810485789e-02
1.113750000000000000e+02 7.306092053893613603e-01 4.508817282639029922e-02
1.115250000000098822e+02 7.292706341768382394e-01 4.533491416247338590e-02
1.116750000000208445e+02 7.262201336872756707e-01 4.530782086371509115e-02
1.118249999999791129e+02 7.242457715591258394e-01 4.512877705666475808e-02
1.119749999999905299e+02 7.234467881481321250e-01 4.511893947844138747e-02
1.121250000000000000e+02 7.203389618778109904e-01 4.466885112427607801e-02
1.122750000000091859e+02 7.188299126132949857e-01 4.515564570630002661e-02
1.124250000000210008e+02 7.170414357952457074e-01 4.435799425695487880e-02
1.125749999999789566e+02 7.154779888801301446e-01 4.454184034052564856e-02
1.127249999999912120e+02 7.133560908038433235e-01 4.412592109024509462e-02
1.128750000000000000e+02 7.118971969358027785e-01 4.450117422245951360e-02
1.130250000000085180e+02 7.103189962008842340e-01 4.375171529656835673e-02
1.131750000000211855e+02 7.086127992661310770e-01 4.376231994784957058e-02
1.133249999999787860e+02 7.061196456403696642e-01 4.458216772872224815e-02
1.134749999999919083e+02 7.053352436178597085e-01 4.443675585943267919e-02
1.136250000000000000e+02 7.026212181753536123e-01 4.448110020981548007e-02
1.137750000000078359e+02 7.017479232786452137e-01 4.420352149434152167e-02
1.139250000000213561e+02 6.999616238678740832e-01 4.385274711736945191e-02
1.140749999999786297e+02 6.985213635235925089e-01 4.415059456091731394e-02
1.142249999999925620e+02 6.961186093273883380e-01 4.378915410829763155e-02
1.143750000000000000e+02 6.946805721376514420e-01 4.330356778883062696e-02
1.145250000000071680e+02 6.932528878676453843e-01 4.341189316003235543e-02
1.146750000000215124e+02 6.916338106596564561e-01 4.361192290645167502e-02
1.148249999999784308e+02 6.897679824912789082e-01 4.330474114349353726e-02
1.149749999999932157e+02 6.882432321117257779e-01 4.393107485274395929e-02
1.151250000000000000e+02 6.874259368334363351e-01 4.337253990347202104e-02
1.152750000000065285e+02 6.840761313860398429e-01 4.318577052245918535e-02
1.154250000000216829e+02 6.840804787560250677e-01 4.318200132432804816e-02
1.155749999999783029e+02 6.816057028279328689e-01 4.276776837047670948e-02
1.157249999999938694e+02 6.802920556797571461e-01 4.220660404379885516e-02
1.158750000000000000e+02 6.790669719805926263e-01 4.292915288936556550e-02
1.160250000000058748e+02 6.777543153854320712e-01 4.256150137864348620e-02
1.161750000000218392e+02 6.759586579560924458e-01 4.300085248501229335e-02
1.163249999999781323e+02 6.742575976713117702e-01 4.279482165029499519e-02
1.164749999999945089e+02 6.731653172655511774e-01 4.308151503812097938e-02
1.166250000000000000e+02 6.713765622441753012e-01 4.222844864495441802e-02
1.167750000000052495e+02 6.707111660001904285e-01 4.243997390173523399e-02
1.169250000000220098e+02 6.693421921540017028e-01 4.223075785586717645e-02
1.170749999999779760e+02 6.683332118601997829e-01 4.221845166436018898e-02
1.172249999999951484e+02 6.666040310386542878e-01 4.194281354429219011e-02
1.173750000000000000e+02 6.646923790522325515e-01 4.219937436612353904e-02
1.175250000000046242e+02 6.628075344709156713e-01 4.192647977449080743e-02
1.176750000000221377e+02 6.619180549581120676e-01 4.181623322905512335e-02
1.178249999999778055e+02 6.600572784190732456e-01 4.237058563101894770e-02
1.179749999999957453e+02 6.589356712271202676e-01 4.119934305275323172e-02
1.181250000000000000e+02 6.578017476062600899e-01 4.177725803173694408e-02
1.182750000000039989e+02 6.558387482579659533e-01 4.157497320389146045e-02
1.184250000000223082e+02 6.555985126273849994e-01 4.172431085743594920e-02
1.185749999999776634e+02 6.534564121718680063e-01 4.138521565157798204e-02
1.187249999999963705e+02 6.525548487417877075e-01 4.172867289832613708e-02
1.188750000000000000e+02 6.510813417759013788e-01 4.147194997282283718e-02
1.190250000000033879e+02 6.501810832731752532e-01 4.147014865568654507e-02
1.191750000000224645e+02 6.480832206147906227e-01 4.078798154761540534e-02
1.193249999999775071e+02 6.463327580648401405e-01 4.073240947518214083e-02
1.194749999999969816e+02 6.455120853566622685e-01 4.085074222311642356e-02
1.196250000000000000e+02 6.438916622253036959e-01 4.176073558365830246e-02
1.197750000000027910e+02 6.432713179047268026e-01 4.118825913525570731e-02
1.199250000000226066e+02 6.418404059003706141e-01 4.045982639295276490e-02
1.200749999999773650e+02 6.398922238469505475e-01 4.114314096186356962e-02
1.202249999999975927e+02 6.396420210622406621e-01 4.073015727869658265e-02
1.203750000000000000e+02 6.382590982713076677e-01 4.087313140762128399e-02
1.205250000000021799e+02 6.364227767429034843e-01 4.085335546630860376e-02
1.206750000000227772e+02 6.353290785835569165e-01 4.058822094877669734e-02
1.208249999999772086e+02 6.345361781095094633e-01 4.072253023272291717e-02
1.209749999999981753e+02 6.331641070131356352e-01 4.085424724274509811e-02
1.211250000000000000e+02 6.326446544284123341e-01 4.057788528025971231e-02
1.212750000000015973e+02 6.304640946906315824e-01 4.034372808913077452e-02
1.214250000000229193e+02 6.301353534067349882e-01 4.057793598183047357e-02
1.215749999999770665e+02 6.284197848759134342e-01 4.050343819672479195e-02
1.217249999999987580e+02 6.276634648797362326e-01 3.991515854210268832e-02
1.218750000000000000e+02 6.260742955344952287e-01 4.022902800553753572e-02
1.220250000000010147e+02 6.251019989735364657e-01 4.000336878663621892e-02
1.221750000000230472e+02 6.231458606782185328e-01 4.040940402410196641e-02
1.223249999999769244e+02 6.221340653144707966e-01 4.004373146172097997e-02
1.224749999999993406e+02 6.216713113529861445e-01 3.955347897787149514e-02
1.226250000000000000e+02 6.203049911947433603e-01 3.980006700014309534e-02
1.227750000000004320e+02 6.187822810101095694e-01 3.910146185226662935e-02
1.229250000000231893e+02 6.174765099605505903e-01 3.989564822598744287e-02
1.230749999999767681e+02 6.167640388759246806e-01 3.999292368785414137e-02
1.232249999999999233e+02 6.147842204762244966e-01 3.923500557838630054e-02
1.233750000000000000e+02 6.139735892958164687e-01 3.948682540740456465e-02
1.235249999999998494e+02 6.134592921478001504e-01 3.969188010831913721e-02
1.236750000000233314e+02 6.121851753376942318e-01 3.909156683945799043e-02
1.238249999999766402e+02 6.107489185268621945e-01 3.927025970113529746e-02
1.239750000000004775e+02 6.105737391966338246e-01 3.909952960930814653e-02
1.241250000000000000e+02 6.090980861902286492e-01 3.910373687570149054e-02
1.242749999999992951e+02 6.078728118855798446e-01 3.896246148844591944e-02
1.244250000000234735e+02 6.064274629242003556e-01 3.909727280012949280e-02
1.245749999999764839e+02 6.050151110125941978e-01 3.899722564002688907e-02
1.247250000000010317e+02 6.048655189489298145e-01 3.995424705628533579e-02
1.248750000000000000e+02 6.031687633489700717e-01 3.879003724860125013e-02
1.250249999999987551e+02 6.022523057561263160e-01 3.868538065221976269e-02
1.251750000000236156e+02 6.010086440272452979e-01 3.914395819660328874e-02
1.253249999999763702e+02 6.000736443188688929e-01 3.883875979056222033e-02
1.254750000000015859e+02 5.988300502967064398e-01 3.836418752525089237e-02
1.256250000000000000e+02 5.981528047322661745e-01 3.865652816929492086e-02
1.257749999999982009e+02 5.974419428998801740e-01 3.851946791673174081e-02
1.259250000000237577e+02 5.964976776290596971e-01 3.915859296400735212e-02
1.260749999999762281e+02 5.951204247251214996e-01 3.860288740351989351e-02
1.262250000000021259e+02 5.935788822827033906e-01 3.825558518907654776e-02
1.263750000000000000e+02 5.923841824847057014e-01 3.836725360215505892e-02
1.265249999999976609e+02 5.898445585792317925e-01 3.791861368321864517e-02
1.266750000000238856e+02 5.653320069114396995e-01 3.725357859520886383e-02
1.268249999999760860e+02 5.493165529978909500e-01 3.711425707579364686e-02
1.269750000000026660e+02 5.364691765658238243e-01 3.702005414471476463e-02
1.271250000000000000e+02 5.270580176193849775e-01 3.604155732589123945e-02
1.272749999999971209e+02 5.186972372549711885e-01 3.609983229694826989e-02
1.274250000000240277e+02 5.112543829733351419e-01 3.488566274009764073e-02
1.275749999999759439e+02 5.035151883546484797e-01 3.543785481906749912e-02
1.277250000000031918e+02 4.963027672019527103e-01 3.532863417861007577e-02
1.278750000000000000e+02 4.907020446439876449e-01 3.457899103910633265e-02
1.280249999999965951e+02 4.843807112300004825e-01 3.457680088533911927e-02
1.281750000000241414e+02 4.790730819134320639e-01 3.452511006428918977e-02
1.283249999999758018e+02 4.727015054236723413e-01 3.429837839964541835e-02
1.284750000000037176e+02 4.667917252809788975e-01 3.388970165124299827e-02
1.286250000000000000e+02 4.616526735304709583e-01 3.374869838329399435e-02
1.287749999999960835e+02 4.565792846637179436e-01 3.340365546975688354e-02
1.289250000000242835e+02 4.530938843058510135e-01 3.322211612875815290e-02
1.290749999999756881e+02 4.474878260910147842e-01 3.343487766085813384e-02
1.292250000000042292e+02 4.427873223813575398e-01 3.309301648099169380e-02
1.293750000000000000e+02 4.380440337550317587e-01 3.262141979925786694e-02
1.295249999999955719e+02 4.340592915608739166e-01 3.260825355595223241e-02
1.296750000000243972e+02 4.300944315886175429e-01 3.229984424065297094e-02
1.298249999999755460e+02 4.248765550840688521e-01 3.159319980338021888e-02
1.299750000000047692e+02 4.212808385951115620e-01 3.178102143060900636e-02
1.301250000000000000e+02 4.177805995090306812e-01 3.192328923883026165e-02
1.302749999999950319e+02 4.137782009541615125e-01 3.160042666958300106e-02
1.304250000000245393e+02 4.094698312592366385e-01 3.136396622159325770e-02
1.305749999999754323e+02 4.054033799995341858e-01 3.076955847762150031e-02
1.307250000000052523e+02 4.015236821348662222e-01 3.116000308823078588e-02
1.308750000000000000e+02 3.981220969626853012e-01 3.086342149623275480e-02
1.310249999999945487e+02 3.947815486356352488e-01 3.075171043729676632e-02
1.311750000000246530e+02 3.906163269057402188e-01 3.079816458051141265e-02
1.313249999999753186e+02 3.872601546627028046e-01 3.017022689323247547e-02
1.314750000000057639e+02 3.837851900309890429e-01 3.009896560273593938e-02
1.316250000000000000e+02 3.806667416825212369e-01 3.011255187240432368e-02
1.317749999999940655e+02 3.769512908339602841e-01 3.002185852750261993e-02
1.319250000000247951e+02 3.735015682358133193e-01 2.983110012066166744e-02
1.320749999999751765e+02 3.704872793555654131e-01 2.918357950538769466e-02
1.322250000000062471e+02 3.667209139444818078e-01 2.971533554083666956e-02
1.323750000000000000e+02 3.637916510506928880e-01 2.896664633007640238e-02
1.325249999999935540e+02 3.606480019360053801e-01 2.937897219496599099e-02
1.326750000000249088e+02 3.574430042897780990e-01 2.903470170360962499e-02
1.328249999999750628e+02 3.541981606192031728e-01 2.873374296405303494e-02
1.329750000000067303e+02 3.512997860980630049e-01 2.912819371254736500e-02
1.331250000000000000e+02 3.478689857888169201e-01 2.840318995505920763e-02
1.332749999999930424e+02 3.452052114420673390e-01 2.870685621981679259e-02
1.334250000000250225e+02 3.423677068780387467e-01 2.843394593314881383e-02
1.335749999999749491e+02 3.393332942101127125e-01 2.796239096470214819e-02
1.337250000000072134e+02 3.365921721983747839e-01 2.809304848446244826e-02
1.338750000000000000e+02 3.336099992923696189e-01 2.731676860573949844e-02
1.340249999999925876e+02 3.306527917813396056e-01 2.733282361163272625e-02
1.341750000000251362e+02 3.274232321893104647e-01 2.755100198528069588e-02
1.343249999999748354e+02 3.252230793788935537e-01 2.731765287517802510e-02
1.344750000000077250e+02 3.222708669341531884e-01 2.742351452674466131e-02
1.346250000000000000e+02 3.193397067526288491e-01 2.723408344765671299e-02
1.347749999999921044e+02 3.163500127973090659e-01 2.709578767957174575e-02
1.349250000000252783e+02 3.137566494353019042e-01 2.672826328716923494e-02
1.350749999999746933e+02 3.114182313023607929e-01 2.673816984891421930e-02
1.352250000000081798e+02 3.082880739138398885e-01 2.676110666579370467e-02
1.353750000000000000e+02 3.060098809903967210e-01 2.625016835584682157e-02
1.355249999999916213e+02 3.034802568325950523e-01 2.623958025920237677e-02
1.356750000000253920e+02 3.002782240721878493e-01 2.676115870111512099e-02
1.358249999999746080e+02 2.982919999837321812e-01 2.628102010158921142e-02
1.359750000000086345e+02 2.958042229996049599e-01 2.594909976886486738e-02
1.361250000000000000e+02 2.935211707689491245e-01 2.573104047045271167e-02
1.362749999999911665e+02 2.898649754614159857e-01 2.574483436665351427e-02
1.364250000000255056e+02 2.876305624834778474e-01 2.558687669821228805e-02
1.365749999999744659e+02 2.856601622991736811e-01 2.557344097105947525e-02
1.367250000000091177e+02 2.829583091626407532e-01 2.544881646602724021e-02
1.368750000000000000e+02 2.801253028828652458e-01 2.527610953669556446e-02
1.370249999999907118e+02 2.778934461062260719e-01 2.494650814590271964e-02
1.371750000000256193e+02 2.751638156678148373e-01 2.464828103731438527e-02
1.373249999999743522e+02 2.732031475804225229e-01 2.455299445087606378e-02
1.374750000000095724e+02 2.705330555108059754e-01 2.449236322542454672e-02
1.376250000000000000e+02 2.680035133298194761e-01 2.439698490813781498e-02
1.377749999999902286e+02 2.659007918556346994e-01 2.472408529962731236e-02
1.379250000000257330e+02 2.633555857570503700e-01 2.468512136015223526e-02
1.380749999999742386e+02 2.605516534613611102e-01 2.424222110468556707e-02
1.382250000000100272e+02 2.584092968547854752e-01 2.413518896553646167e-02
1.383750000000000000e+02 2.565618409980837122e-01 2.404339233464366024e-02
1.385249999999898023e+02 2.538689792405820489e-01 2.381802121807828285e-02
1.386750000000258467e+02 2.521609677824048767e-01 2.373581244715618904e-02
1.388249999999741249e+02 2.497913128921152026e-01 2.372417962226620186e-02
1.389750000000104535e+02 2.476352714971805091e-01 2.385453021828969761e-02
1.391250000000000000e+02 2.446462677211664882e-01 2.343959272761372489e-02
1.392749999999893475e+02 2.425992463162752744e-01 2.322601968077410775e-02
1.394250000000259604e+02 2.407432664914037623e-01 2.282699400043294510e-02
1.395749999999740112e+02 2.387298327286149213e-01 2.306735989060703165e-02
1.397250000000109367e+02 2.362443349220623434e-01 2.303577402962349308e-02
1.398750000000000000e+02 2.339322299682318751e-01 2.263754878167434023e-02
1.400249999999889212e+02 2.319258298026242726e-01 2.286351503231598414e-02
1.401750000000260741e+02 2.295896642182841119e-01 2.277444551014941657e-02
1.403249999999738975e+02 2.275236633285957488e-01 2.204105409427634110e-02
1.404750000000113346e+02 2.254936194421868212e-01 2.223813500714197020e-02
1.406250000000000000e+02 2.234860084836338967e-01 2.235490499192058569e-02
1.407749999999884665e+02 2.210386407211015203e-01 2.232317979927547075e-02
1.409250000000261593e+02 2.193694279307252248e-01 2.178376308817613072e-02
1.410749999999738122e+02 2.169951312230969931e-01 2.187326689712656286e-02
1.412250000000117893e+02 2.145566700659926607e-01 2.168544004043690063e-02
1.413750000000000000e+02 2.127925002249952957e-01 2.178629404179983908e-02
1.415249999999880401e+02 2.110973563439486056e-01 2.144069722363196526e-02
1.416750000000263014e+02 2.087866821410654383e-01 2.145599646666481244e-02
1.418249999999736986e+02 2.064509806632888189e-01 2.121875614757696982e-02
1.419750000000122441e+02 2.046627643393073848e-01 2.090244141017294152e-02
1.421250000000000000e+02 2.030594238950170771e-01 2.102554688764460625e-02
1.422749999999876138e+02 2.006978294760032866e-01 2.111868539912394385e-02
1.424250000000264151e+02 1.991298451245257228e-01 2.129193123182942723e-02
1.425749999999735849e+02 1.963647148160648781e-01 2.052429050069211683e-02
1.427250000000126420e+02 1.947076943310209751e-01 2.020135707572079040e-02
1.428750000000000000e+02 1.927833773172150378e-01 2.038230378402385370e-02
1.430249999999871875e+02 1.906191925159255451e-01 2.053707459444092248e-02
1.431750000000265004e+02 1.887778220893045478e-01 2.019662585678832709e-02
1.433249999999734712e+02 1.868686034837169774e-01 2.020919589105551334e-02
1.434750000000130683e+02 1.849305203333981573e-01 2.026082367023261319e-02
1.436250000000000000e+02 1.831997649854671673e-01 1.994448726398857438e-02
1.437749999999867612e+02 1.814074820359308504e-01 1.965255476717205768e-02
1.439250000000266141e+02 1.792964181458193695e-01 1.977424704088857899e-02
1.440749999999733575e+02 1.775832602234513058e-01 1.963673941432309000e-02
1.442250000000134946e+02 1.758871759331055995e-01 1.950058401028251232e-02
1.443750000000000000e+02 1.736669626046654369e-01 1.930497591463082446e-02
1.445249999999863348e+02 1.714280904625477275e-01 1.923624590325596906e-02
1.446750000000266994e+02 1.697110793172418308e-01 1.904408171533142000e-02
1.448249999999732722e+02 1.682384975781282543e-01 1.904624879275236202e-02
1.449750000000139210e+02 1.663852662243622549e-01 1.890902817166225172e-02
1.451250000000000000e+02 1.644070163123030615e-01 1.888917770696530579e-02
1.452749999999859369e+02 1.623915325093202022e-01 1.860320665915553284e-02
1.454250000000268130e+02 1.609690983191944258e-01 1.840367406858657573e-02
1.455749999999731870e+02 1.588138613733770521e-01 1.867142657758103647e-02
1.457250000000142904e+02 1.573048720640530251e-01 1.806832841552908145e-02
1.458750000000000000e+02 1.555281774410745277e-01 1.820549922711154484e-02
1.460249999999855390e+02 1.535870467907502757e-01 1.804495415297709474e-02
1.461750000000269267e+02 1.519715374235213745e-01 1.792973755852123041e-02
1.463249999999730733e+02 1.503623471135320799e-01 1.799863296391445572e-02
1.464750000000146883e+02 1.484846077264240782e-01 1.781922700759606959e-02
1.466250000000000000e+02 1.467684633555751406e-01 1.769008137665776387e-02
1.467749999999851411e+02 1.450624643903656585e-01 1.749612440165585273e-02
1.469250000000270120e+02 1.430217716767266112e-01 1.746037046020086983e-02
1.470749999999729596e+02 1.414673095536323200e-01 1.723304884398694364e-02
1.472250000000150862e+02 1.397059654633711623e-01 1.703442415002129687e-02
1.473750000000000000e+02 1.380889502635234967e-01 1.706721634703129223e-02
1.475249999999847432e+02 1.361103015268887440e-01 1.701129047476719267e-02
1.476750000000270973e+02 1.346523858816939256e-01 1.675089025112921556e-02
1.478249999999728743e+02 1.328309091440048328e-01 1.663830799176638231e-02
1.479750000000154841e+02 1.313720524805868928e-01 1.663668540537485696e-02
1.481250000000000000e+02 1.297727249446649356e-01 1.653557322026186910e-02
1.482749999999843453e+02 1.277179663542959420e-01 1.671002951008816392e-02
1.484250000000272109e+02 1.264059068303449718e-01 1.627474986336821181e-02
1.485749999999727606e+02 1.249587936111270364e-01 1.613898436602080599e-02
1.487250000000158821e+02 1.229825158642534749e-01 1.611186948488613907e-02
1.488750000000000000e+02 1.212069648755176726e-01 1.610725869733153556e-02
1.490249999999839474e+02 1.199660006583760929e-01 1.583229288025890524e-02
1.491750000000273246e+02 1.181110983968766542e-01 1.579912884267819367e-02
1.493249999999726754e+02 1.168727907074410266e-01 1.566580818982815995e-02
1.494750000000162800e+02 1.150812730643969301e-01 1.543896620644060261e-02
1.496250000000000000e+02 1.132120615965291899e-01 1.540421770429086304e-02
1.497749999999835779e+02 1.120247665832783263e-01 1.529919854435724501e-02
1.499250000000274099e+02 1.103164246133640641e-01 1.489373800960046984e-02
1.500749999999725617e+02 1.089674965285206271e-01 1.502335394554631977e-02
1.502250000000166494e+02 1.071995109762395176e-01 1.496342286120530551e-02
1.503750000000000000e+02 1.058189733517835157e-01 1.501781084113710217e-02
1.505249999999831800e+02 1.040626598215860371e-01 1.462240112598313380e-02
1.506750000000274952e+02 1.027737189436083581e-01 1.471235964253743943e-02
1.508249999999724764e+02 1.012054175147473756e-01 1.457931496733979627e-02
1.509750000000170473e+02 9.950117970195329620e-02 1.439478589063808954e-02
1.511250000000000000e+02 9.797958319893693147e-02 1.430355268531968531e-02
1.512749999999828106e+02 9.662512670320731745e-02 1.416919326928583849e-02
1.514250000000275804e+02 9.490662309942175801e-02 1.408268173081240679e-02
1.515749999999723912e+02 9.361469922124608656e-02 1.392999794205693198e-02
1.517250000000174168e+02 9.172878450007829199e-02 1.380966244814439345e-02
1.518750000000000000e+02 9.052283971101435234e-02 1.368587742628827632e-02
1.520249999999824411e+02 8.898665409499223466e-02 1.352442379017332157e-02
1.521750000000276941e+02 8.731512768674361269e-02 1.327153014981125555e-02
1.523249999999722775e+02 8.580678967803787027e-02 1.333083461405620666e-02
1.524750000000177863e+02 8.460853062668116653e-02 1.333489562079887003e-02
1.526250000000000000e+02 8.287581334808526157e-02 1.304232265571064753e-02
1.527749999999820716e+02 8.187656402149777468e-02 1.299389207122050513e-02
1.529250000000277794e+02 8.031207174503347812e-02 1.269461094488475925e-02
1.530749999999721922e+02 7.861103681430542389e-02 1.264839281329342528e-02
1.532250000000181558e+02 7.746855442103671441e-02 1.268175284371708678e-02
1.533750000000000000e+02 7.585354077169077780e-02 1.241604369505987585e-02
1.535249999999817021e+02 7.431680981533969610e-02 1.230115065770930917e-02
1.536750000000278646e+02 7.279698519206788399e-02 1.229344483870662037e-02
1.538249999999721069e+02 7.160415398945578491e-02 1.202582271640350101e-02
1.539750000000185253e+02 7.003196678443199263e-02 1.204428902258113804e-02
1.541250000000000000e+02 6.853808197848317019e-02 1.191777464169504683e-02
1.542749999999813326e+02 6.719581051649146930e-02 1.167734870588182233e-02
1.544250000000279783e+02 6.577494529775418375e-02 1.164738779373673989e-02
1.545749999999720217e+02 6.421716048310723013e-02 1.147399507152222636e-02
1.547250000000188948e+02 6.295346364863954602e-02 1.140544114049845022e-02
1.548750000000000000e+02 6.162971501616294062e-02 1.125718130032789255e-02
1.550249999999809631e+02 6.021426114625750420e-02 1.111223017758378347e-02
1.551750000000280636e+02 5.900731282422134322e-02 1.090502614956904114e-02
1.553249999999719080e+02 5.755847970441656247e-02 1.074256211308743242e-02
1.554750000000192358e+02 5.633378310000514838e-02 1.068341626397993453e-02
1.556250000000000000e+02 5.469362735776205769e-02 1.049915884779285304e-02
1.557749999999806221e+02 5.347041651227841391e-02 1.038824128407157300e-02
1.559250000000281489e+02 5.209657931569194184e-02 1.042248630478409890e-02
1.560749999999718511e+02 5.086714079041718128e-02 1.005540585168016553e-02
1.562250000000196053e+02 4.937432105332862503e-02 9.833092927298900734e-03
1.563750000000000000e+02 4.789943832016622938e-02 9.828183328404028682e-03
1.565249999999802810e+02 4.667253698786257704e-02 9.730061078436129038e-03
1.566750000000282341e+02 4.524659296630292871e-02 9.549479490198476903e-03
1.568249999999717659e+02 4.410052678171368784e-02 9.372289020166504545e-03
1.569750000000199748e+02 4.275664484931802900e-02 9.239313871325574926e-03
1.571250000000000000e+02 4.145513180827273270e-02 9.112428491379869627e-03
1.572749999999799115e+02 4.008356514816877741e-02 8.979369950187398447e-03
1.574250000000283194e+02 3.879067277477143277e-02 8.764295142467563859e-03
1.575749999999716522e+02 3.760574771018137391e-02 8.835179038120168776e-03
1.577250000000202874e+02 3.620011093687611203e-02 8.548050115807599367e-03
1.578750000000000000e+02 3.502985209877756273e-02 8.370883047275642572e-03
1.580249999999795705e+02 3.348971799059104887e-02 8.237837442583637731e-03
1.581750000000284047e+02 3.221318277754545156e-02 8.040421869280462569e-03
1.583249999999715669e+02 3.105201239321871837e-02 7.871254512421049440e-03
1.584750000000206569e+02 2.980062711517939694e-02 7.625091236887510983e-03
1.586250000000000000e+02 2.852961679091236755e-02 7.542599435071803762e-03
1.587749999999792294e+02 2.714026670793094967e-02 7.412406742156741300e-03
1.589250000000284899e+02 2.595563949108176463e-02 7.143906957408357669e-03
1.590749999999715101e+02 2.467051347529240768e-02 6.907839600604682127e-03
1.592250000000209980e+02 2.345077210505867177e-02 6.746594627836856144e-03
1.593750000000000000e+02 2.226369418921853027e-02 6.576421108591795107e-03
1.595249999999788884e+02 2.089366307850361662e-02 6.375735523219737064e-03
1.596750000000285752e+02 1.963544159382417734e-02 6.165387366258099841e-03
1.598249999999713964e+02 1.848281584149491161e-02 6.041972942181407166e-03
1.599750000000213390e+02 1.710073494613713330e-02 5.753620102554471948e-03
1.601250000000000000e+02 1.599287800218983716e-02 5.568850475579141361e-03
1.602749999999785473e+02 1.465826461676961699e-02 5.323646209914128201e-03
1.604250000000286605e+02 1.340881710914659623e-02 5.079966434066652409e-03
1.605749999999713395e+02 1.229126906283818481e-02 4.883700573461026428e-03
1.607250000000216517e+02 1.096228266992269745e-02 4.613881833050362431e-03
1.608750000000000000e+02 9.813545579123637841e-03 4.360249470958542199e-03
1.610249999999782062e+02 8.577365273608443183e-03 4.061849106115495052e-03
1.611750000000287457e+02 7.276604634458824772e-03 3.783712720470287436e-03
1.613249999999712543e+02 6.164499181841503160e-03 3.445008232132998425e-03
1.614750000000219927e+02 4.894865844146859164e-03 3.071935067628890365e-03
1.616250000000000000e+02 3.687673023960113226e-03 2.672300026769628464e-03
1.617749999999778652e+02 2.490100961412943913e-03 2.203426111812785242e-03
1.619250000000288310e+02 1.328518614702916710e-03 1.595139079571967046e-03
1.620749999999711406e+02 2.150421597054421544e-04 6.478143829527469076e-04
