# Radius RDF_mean RDF_std
7.500000000000896228e-02 3.147795997249173139e-01 9.172857219034217247e-01
2.249999999999577616e-01 3.117180140811670053e-01 5.347352506767880653e-01
3.750000000000000000e-01 3.156266477935803505e-01 4.095908134513735477e-01
5.249999999999700462e-01 3.314261753672647082e-01 3.589962564115899424e-01
6.750000000001169509e-01 3.378332753015230727e-01 3.168471480379593808e-01
8.249999999998777200e-01 3.486678145665899620e-01 2.934336445007332261e-01
9.750000000001839418e-01 3.576261014532610694e-01 2.708146337343062537e-01
1.125000000000000000e+00 3.714385761843041478e-01 2.608284930830966908e-01
1.274999999999773648e+00 3.909391405964813826e-01 2.484243876542877871e-01
1.424999999999764455e+00 4.158992696174743098e-01 2.397917986116829825e-01
1.575000000000282396e+00 4.377834826065589158e-01 2.368961284685390523e-01
1.725000000000170397e+00 4.646072358621490817e-01 2.339767215986343907e-01
1.875000000000000000e+00 4.891226459426110118e-01 2.305073032982482562e-01
2.025000000000070521e+00 5.181544659716829093e-01 2.240016926968228517e-01
2.174999999999594813e+00 5.482222063492380171e-01 2.274242038296659385e-01
2.325000000000426059e+00 5.828672360940055919e-01 2.229698928671729197e-01
2.474999999999678124e+00 6.126291624461605023e-01 2.222950140343113723e-01
2.625000000000000000e+00 6.498135302052221451e-01 2.215959428553296862e-01
2.775000000000444444e+00 6.892845759013803697e-01 2.216979901191059865e-01
2.924999999999512212e+00 7.156433965283289789e-01 2.210084892392600309e-01
3.075000000000499334e+00 7.590667623635088956e-01 2.225409071636143821e-01
3.224999999999414779e+00 7.910791788834008464e-01 2.193982153077731201e-01
3.375000000000000000e+00 8.276486937905910279e-01 2.178444905506901896e-01
3.525000000000659384e+00 8.595566369248678340e-01 2.183476550049732179e-01
3.674999999999857714e+00 8.948694683700429975e-01 2.160618181923185666e-01
3.825000000000022382e+00 9.226000267534056887e-01 2.159486329064246035e-01
3.974999999999250466e+00 9.523762984611373605e-01 2.159043450571621336e-01
4.125000000000000000e+00 9.822346584456489449e-01 2.154169800556683667e-01
4.275000000000798828e+00 1.003076775325499437e+00 2.151585993587668832e-01
4.425000000000374634e+00 1.021997400646036169e+00 2.142946975942235377e-01
4.574999999999541878e+00 1.043270577512683150e+00 2.136632546120112164e-01
4.724999999999138112e+00 1.054430774000194804e+00 2.082108003526474682e-01
4.875000000000000000e+00 1.066825641093994026e+00 2.101504733808305103e-01
5.025000000000897415e+00 1.071265808119467255e+00 2.053166784037823156e-01
5.175000000000743228e+00 1.077455011161586373e+00 2.039071546711004601e-01
5.324999999999196376e+00 1.082968210238354434e+00 2.014755031986525668e-01
5.474999999999057287e+00 1.082432384348211984e+00 2.005168052243478105e-01
5.625000000000000000e+00 1.075719698449888684e+00 1.932054588029663011e-01
5.775000000000969358e+00 1.073114779558031806e+00 1.908094572151839974e-01
5.925000000001017675e+00 1.072466058020691504e+00 1.895454067696832057e-01
6.074999999998936140e+00 1.059639977162701641e+00 1.840875191225732899e-01
6.224999999998995115e+00 1.056141840736719795e+00 1.824170576819130751e-01
6.375000000000000000e+00 1.052267490970476338e+00 1.792470045337420104e-01
6.525000000001025313e+00 1.041994764849644373e+00 1.771548757204368940e-01
6.675000000001229949e+00 1.038304062007181061e+00 1.744574992842864991e-01
6.824999999998733635e+00 1.031068479819033046e+00 1.733686886678132977e-01
6.974999999999387690e+00 1.027244451747312715e+00 1.709459866579765841e-01
7.125000000000000000e+00 1.019391158580390311e+00 1.682826449234879618e-01
7.275000000000346745e+00 1.021774734659607553e+00 1.678086201332475991e-01
7.425000000001398703e+00 1.018205403893568617e+00 1.662913015651174276e-01
7.574999999998571099e+00 1.017927187295682323e+00 1.629384339030259254e-01
7.725000000000012079e+00 1.014450252826972543e+00 1.603376693353278093e-01
7.875000000000000000e+00 1.017080560506306908e+00 1.607008764199230333e-01
8.024999999999771205e+00 1.019207137947002684e+00 1.567125334494696154e-01
8.175000000001539036e+00 1.015425295681581019e+00 1.569458235258458234e-01
8.324999999998437872e+00 1.017636756700134093e+00 1.550976212916913011e-01
8.475000000000525446e+00 1.019039608519598294e+00 1.545359809387624184e-01
8.625000000000000000e+00 1.019468029175474300e+00 1.517933733789544604e-01
8.774999999999291589e+00 1.019157852556302091e+00 1.518883661805941476e-01
8.925000000001652722e+00 1.023095330439159234e+00 1.498375834008577046e-01
9.074999999998325961e+00 1.020224266083685549e+00 1.511130467159973179e-01
9.225000000000957101e+00 1.018535307042534255e+00 1.484500069263353650e-01
9.375000000000000000e+00 1.015974805082588528e+00 1.448288869384621036e-01
9.524999999998890132e+00 1.010670949378506434e+00 1.443085412058538741e-01
9.675000000001750422e+00 1.009867274264273584e+00 1.424854919383050367e-01
9.824999999998231814e+00 1.005268085394143585e+00 1.422259353544796379e-01
9.975000000001321254e+00 1.001120240282809437e+00 1.417645674286928670e-01
1.012500000000000000e+01 9.951744805509421532e-01 1.396305950306511445e-01
1.027499999999854730e+01 9.890696067864021002e-01 1.375237455870348402e-01
1.042500000000183391e+01 9.846416566606357446e-01 1.354279503209498414e-01
1.057499999999815010e+01 9.787694625143378291e-01 1.353087800049263545e-01
1.072500000000163745e+01 9.735325190301419296e-01 1.338732932049608304e-01
1.087500000000000000e+01 9.698449444643377770e-01 1.327979055578527856e-01
1.102499999999824887e+01 9.644285597751197647e-01 1.315878686811798315e-01
1.117500000000190674e+01 9.627413141971650212e-01 1.307077608529517154e-01
1.132499999999808082e+01 9.582569022869587005e-01 1.282767181901666442e-01
1.147500000000190923e+01 9.563394150409491035e-01 1.298815935839665314e-01
1.162500000000000000e+01 9.591644799461620519e-01 1.282864985562477689e-01
1.177499999999798952e+01 9.596907981123947717e-01 1.265697473789954564e-01
1.192500000000196891e+01 9.617235954658672759e-01 1.265978199867585086e-01
1.207499999999801865e+01 9.642936156066934661e-01 1.244027411291368790e-01
1.222500000000215081e+01 9.670307676474162450e-01 1.236010934690676827e-01
1.237500000000000000e+01 9.704369877883392004e-01 1.246018905175711039e-01
1.252499999999776215e+01 9.754400632857027631e-01 1.231264025533005402e-01
1.267500000000202398e+01 9.767048184626025975e-01 1.231234465863141198e-01
1.282499999999796536e+01 9.839689191169502802e-01 1.233845063335932968e-01
1.297500000000236220e+01 9.898167857306972017e-01 1.226590078183835836e-01
1.312500000000000000e+01 9.911320794461566663e-01 1.225106755490662364e-01
1.327499999999756142e+01 9.987187053811752424e-01 1.225685955882107048e-01
1.342500000000173088e+01 1.000996820987432478e+00 1.213731214376912726e-01
1.357499999999841833e+01 1.004215820553180150e+00 1.224341755053007519e-01
1.372500000000255049e+01 1.006701998068309845e+00 1.210868695657881799e-01
1.387500000000000000e+01 1.011189426717454820e+00 1.202494649267568105e-01
1.402499999999738023e+01 1.011775381034724530e+00 1.194674453364367311e-01
1.417500000000102034e+01 1.010851232602080874e+00 1.199127677147716203e-01
1.432499999999911111e+01 1.010323610892122081e+00 1.187981540423766608e-01
1.447500000000271925e+01 1.010501091683990493e+00 1.187391630913817164e-01
1.462500000000000000e+01 1.009395447336452589e+00 1.172475768861712814e-01
1.477499999999721680e+01 1.008886048065372298e+00 1.158817870954286372e-01
1.492500000000038618e+01 1.006076993244800377e+00 1.155605950844721258e-01
1.507499999999973639e+01 1.003004548047460087e+00 1.152166499707543007e-01
1.522500000000287201e+01 1.001934741780336369e+00 1.153018729248653090e-01
1.537500000000000000e+01 9.988230374388233912e-01 1.132809870414917403e-01
1.552499999999706937e+01 9.953367283166031365e-01 1.127006362915856652e-01
1.567499999999980886e+01 9.943509518546391757e-01 1.108075509123915697e-01
1.582500000000029772e+01 9.927208303474763795e-01 1.096334700310940269e-01
1.597500000000300879e+01 9.913222839481967696e-01 1.098025795214303685e-01
1.612500000000000000e+01 9.900593876650647385e-01 1.098362570042467207e-01
1.627499999999693969e+01 9.871616799220583882e-01 1.096541746377615034e-01
1.642499999999928662e+01 9.865456445685044651e-01 1.080833407943088964e-01
1.657500000000081286e+01 9.880063135755593473e-01 1.091265630782901341e-01
1.672500000000313847e+01 9.881747581816351378e-01 1.065836853996054850e-01
1.687500000000000000e+01 9.908922982442975869e-01 1.064300780034199978e-01
1.702499999999681535e+01 9.915348744093626099e-01 1.076856615308908610e-01
1.717499999999880700e+01 9.921093558039223437e-01 1.075469295865359443e-01
1.732500000000128182e+01 9.942782350568927230e-01 1.051718802019233623e-01
1.747500000000325215e+01 9.964336808692760838e-01 1.057756683912893653e-01
1.762500000000000000e+01 9.966052742776396745e-01 1.040493030709983419e-01
1.777499999999670521e+01 1.000739546830530680e+00 1.052602103245679765e-01
1.792499999999837357e+01 1.002528949033054895e+00 1.048235838053391822e-01
1.807500000000171170e+01 1.002436204397993746e+00 1.052913790246192693e-01
1.822500000000335874e+01 1.003479473570489056e+00 1.029334710089286758e-01
1.837500000000000000e+01 1.006012803133302880e+00 1.060599422938542091e-01
1.852499999999660218e+01 1.005433309364842209e+00 1.034501592011937421e-01
1.867499999999797211e+01 1.003737899605614547e+00 1.025476001621555694e-01
1.882500000000210960e+01 1.003195734580861309e+00 1.034094484583411300e-01
1.897500000000345466e+01 1.003265383396812149e+00 1.032152491369517505e-01
1.912500000000000000e+01 1.003464971327709954e+00 1.022683632115753694e-01
1.927499999999650626e+01 1.002663176980075121e+00 1.024033946670963313e-01
1.942499999999759908e+01 1.001091590695834199e+00 1.018236831092905886e-01
1.957500000000247198e+01 1.000073400289593462e+00 9.902405630683225324e-02
1.972500000000354348e+01 9.971867531754412539e-01 1.006188279177035322e-01
1.987500000000000000e+01 9.985465355667190179e-01 9.961411800687140772e-02
2.002499999999642100e+01 9.972674248531453456e-01 9.992914430444976848e-02
2.017499999999725446e+01 9.914356655450887734e-01 9.849945158654946353e-02
2.032500000000281304e+01 9.921506399116691854e-01 9.821842095408844786e-02
2.047500000000362874e+01 9.924897982358823478e-01 9.831325637454163546e-02
2.062500000000000000e+01 9.907245068604363381e-01 9.637692937858648168e-02
2.077499999999633928e+01 9.879773369593846111e-01 9.648262885509645281e-02
2.092499999999693472e+01 9.867355975008059721e-01 9.506315871692587460e-02
2.107500000000312212e+01 9.887589828266862835e-01 9.635004427332360954e-02
2.122500000000370690e+01 9.895585305324153813e-01 9.604660679754707664e-02
2.137500000000000000e+01 9.918567485571483378e-01 9.652249989486355597e-02
2.152499999999626468e+01 9.925804159958674378e-01 9.696495077707933952e-02
2.167499999999663984e+01 9.912510484202141647e-01 9.507820747395692718e-02
2.182500000000341700e+01 9.922305027829469992e-01 9.498527696730599268e-02
2.197500000000377796e+01 9.940011112004715210e-01 9.364344153964959672e-02
2.212500000000000000e+01 9.949152134340427667e-01 9.476782961570880126e-02
2.227499999999619718e+01 9.959794424077642594e-01 9.376845075659975826e-02
2.242499999999636273e+01 9.997587828228802209e-01 9.382104383061901087e-02
2.257500000000369056e+01 1.000287240688286339e+00 9.427554942619024991e-02
2.272500000000384546e+01 1.001053251539322231e+00 9.251569790223913847e-02
2.287500000000000000e+01 1.001023571275725610e+00 9.381736489062325601e-02
2.302499999999612967e+01 1.003612931416904885e+00 9.377338246997828086e-02
2.317499999999610338e+01 1.003410905116602247e+00 9.282994329851627924e-02
2.332500000000394635e+01 1.003126631542718306e+00 9.110447732466860071e-02
2.347500000000390941e+01 1.004332952289987091e+00 9.219182063975490948e-02
2.362500000000000000e+01 1.004822000990857056e+00 9.201829168562598860e-02
2.377499999999606928e+01 1.005577432880194744e+00 9.299029216974358247e-02
2.392499999999586180e+01 1.006561273490687025e+00 9.142057542782744406e-02
2.407500000000418439e+01 1.003512841254865062e+00 9.131335250873633125e-02
2.422500000000396625e+01 1.003808289068787829e+00 9.004316676207041459e-02
2.437500000000000000e+01 1.003114813962519447e+00 9.029564832467515401e-02
2.452499999999600888e+01 1.002647421007910156e+00 9.088155435005584870e-02
2.467499999999563087e+01 1.000843219035219001e+00 8.890763160309102242e-02
2.482500000000441176e+01 1.001535332400571576e+00 8.975639453009563729e-02
2.497500000000402309e+01 9.985714048163913947e-01 8.914746729074696230e-02
2.512500000000000000e+01 9.948413881785455049e-01 8.882084763485995071e-02
2.527499999999595559e+01 9.969589593640953984e-01 8.758739664169898353e-02
2.542499999999541771e+01 9.941593442171818840e-01 8.875216665980335817e-02
2.557500000000462137e+01 9.968725245256213618e-01 8.714783292495288658e-02
2.572500000000407638e+01 9.943830611038464440e-01 8.779725841525760910e-02
2.587500000000000000e+01 9.953630975580733953e-01 8.695733405202930866e-02
2.602499999999590585e+01 9.956548945301328946e-01 8.742937012750350012e-02
2.617499999999521521e+01 9.950640113391620023e-01 8.607001278719306203e-02
2.632500000000482032e+01 9.970265585925419671e-01 8.742421961564157684e-02
2.647500000000383480e+01 9.956748045142813641e-01 8.752607067888568126e-02
2.662500000000000000e+01 9.981702062899023842e-01 8.591365540959410019e-02
2.677499999999647073e+01 9.976594565602918685e-01 8.566816231156783312e-02
2.692499999999502691e+01 1.000513875828140886e+00 8.568082110376415428e-02
2.707500000000501217e+01 9.989119230940376459e-01 8.647764303569825672e-02
2.722500000000308873e+01 9.988462319026603087e-01 8.529603419007880660e-02
2.737500000000000000e+01 1.000193911685273829e+00 8.465148130995435449e-02
2.752499999999719549e+01 9.991998095714689221e-01 8.458203364940754254e-02
2.767499999999484928e+01 1.000627613868649179e+00 8.474387169072712667e-02
2.782500000000518625e+01 1.001540467739903351e+00 8.459692050786730977e-02
2.797500000000238529e+01 1.002011219756988814e+00 8.406021721444459360e-02
2.812500000000000000e+01 1.002831339826220969e+00 8.333404541471245430e-02
2.827499999999788827e+01 1.001456421097868477e+00 8.318616891618597908e-02
2.842499999999467164e+01 1.003043714978156586e+00 8.356248590697715195e-02
2.857500000000536033e+01 1.000138513343963087e+00 8.200875820018160844e-02
2.872500000000171028e+01 1.000510802876440897e+00 8.356580795069586121e-02
2.887500000000000000e+01 1.000366635207312616e+00 8.303216979627686678e-02
2.902499999999854552e+01 9.988098658195742052e-01 8.180224852292616866e-02
2.917499999999451177e+01 1.000776015936412078e+00 8.188785418239982739e-02
2.932500000000552021e+01 9.982356477420601948e-01 8.163445501676926119e-02
2.947500000000107434e+01 9.963245009512010641e-01 8.148166356911849817e-02
2.962500000000000000e+01 9.976713546466312588e-01 8.154697079197315013e-02
2.977499999999917080e+01 9.965005604893447666e-01 8.141886941004240763e-02
2.992499999999435900e+01 9.963360144431117060e-01 8.097127406491069768e-02
3.007500000000566942e+01 9.977766125461569047e-01 8.065110141342908545e-02
3.022500000000047393e+01 9.970447598458550553e-01 8.054344502945803841e-02
3.037500000000000000e+01 9.969739251063196583e-01 8.188209544302646470e-02
3.052499999999976410e+01 9.970275264932025872e-01 7.955969433160299531e-02
3.067499999999420623e+01 9.976632552872397586e-01 8.057268121664383498e-02
3.082500000000581508e+01 9.965607473905145897e-01 7.979627121081610264e-02
3.097499999999989839e+01 9.967186736839653838e-01 8.004051829526369344e-02
3.112500000000000000e+01 9.961929770904062176e-01 7.989572151386466203e-02
3.127500000000032898e+01 9.991855384407735130e-01 7.968684684007769359e-02
3.142499999999406768e+01 9.987384539955378449e-01 7.950938226840241485e-02
3.157500000000595364e+01 9.986586988732841785e-01 7.900058991608381598e-02
3.172499999999935127e+01 1.002162186451033943e+00 7.860217077759670823e-02
3.187500000000000000e+01 1.002165035384369851e+00 7.894032547387339060e-02
3.202500000000086544e+01 9.999977438042260136e-01 7.914273364243144815e-02
3.217499999999394333e+01 1.001868905931510012e+00 7.846240822549788163e-02
3.232500000000609219e+01 1.001375109464526680e+00 7.755725331083311580e-02
3.247499999999882903e+01 1.003492731771915558e+00 7.811139494246427395e-02
3.262500000000000000e+01 1.001668566103339320e+00 7.871372838759709001e-02
3.277500000000137703e+01 1.003860823669502134e+00 7.786013715275487412e-02
3.292499999999381544e+01 1.002532109609481470e+00 7.799223104137904816e-02
3.307500000000621299e+01 1.005149968457437648e+00 7.762407209259675200e-02
3.322499999999832454e+01 1.005061105065550464e+00 7.668019630592499969e-02
3.337500000000000000e+01 1.001962850799966942e+00 7.769678932654594528e-02
3.352500000000186731e+01 1.004622745195578704e+00 7.706537558862906756e-02
3.367499999999368754e+01 1.002524776606460222e+00 7.708951174516028015e-02
3.382500000000633378e+01 1.003711374741775852e+00 7.588834955828885342e-02
3.397499999999784848e+01 1.003303673508798566e+00 7.661928589214886398e-02
3.412500000000000000e+01 1.002414088378976942e+00 7.661410137264915154e-02
3.427500000000233626e+01 1.003559076175696285e+00 7.576700248694841211e-02
3.442499999999357385e+01 1.003150508934141927e+00 7.545255467725073273e-02
3.457500000000644746e+01 1.002899732228500929e+00 7.618906729999974647e-02
3.472499999999739373e+01 1.001220432436720653e+00 7.555031290566187330e-02
3.487500000000000000e+01 1.002495953587399624e+00 7.488570149261727926e-02
3.502500000000278391e+01 1.001974027985909732e+00 7.508228766910615692e-02
3.517499999999346016e+01 1.002481151818569893e+00 7.507071808293402926e-02
3.532500000000656115e+01 1.002127195889717548e+00 7.434633194579882975e-02
3.547499999999695319e+01 1.000506287594571164e+00 7.484478812608363896e-02
3.562500000000000000e+01 1.001452017207363099e+00 7.403955483416155281e-02
3.577500000000321734e+01 1.000768756865767939e+00 7.458572801026751298e-02
3.592499999999336069e+01 1.003491600296490871e+00 7.431747944594979671e-02
3.607500000000666773e+01 1.001603063749663125e+00 7.343292140634130605e-02
3.622499999999653397e+01 1.002584046951567442e+00 7.325699639923770323e-02
3.637500000000000000e+01 1.002351981558754490e+00 7.325610044995617409e-02
3.652500000000362235e+01 1.004008379792408645e+00 7.393368827078465599e-02
3.667499999999325411e+01 1.003197862368494953e+00 7.470681228473784186e-02
3.682500000000676721e+01 1.004947677557266328e+00 7.354072759020277572e-02
3.697499999999613607e+01 1.003290435413216164e+00 7.354428344904265225e-02
3.712500000000000000e+01 1.004468674759472435e+00 7.386442271452514641e-02
3.727500000000402736e+01 1.003157869491239973e+00 7.348883074741727195e-02
3.742499999999315463e+01 1.005277557494401064e+00 7.206443740486642713e-02
3.757500000000686668e+01 1.004040331439905120e+00 7.345847902812896457e-02
3.772499999999575238e+01 1.005464835708423044e+00 7.172893505934974101e-02
3.787500000000000000e+01 1.004552543794556163e+00 7.249792312762673441e-02
3.802500000000440394e+01 1.004878451082282576e+00 7.204877189847597174e-02
3.817499999999306226e+01 1.003096509030513062e+00 7.216112725490950175e-02
3.832500000000695906e+01 1.002927883312350055e+00 7.143142602345822767e-02
3.847499999999537579e+01 1.003655517263817964e+00 7.186419596166364332e-02
3.862500000000000000e+01 1.001763103428926049e+00 7.120396402365523902e-02
3.877500000000476632e+01 1.002822828338836736e+00 7.101595168322677454e-02
3.892499999999297700e+01 1.002172397760837441e+00 7.154918444637282937e-02
3.907500000000705143e+01 1.002628907754801846e+00 7.225097495788126989e-02
3.922499999999502052e+01 1.001760404981090424e+00 7.132508062832874918e-02
3.937500000000000000e+01 1.001101029336525672e+00 7.205585518315318905e-02
3.952500000000512159e+01 1.002248113172011124e+00 7.011330798855916480e-02
3.967499999999288463e+01 1.001771252424276337e+00 6.971716690255048976e-02
3.982500000000712959e+01 1.002272806069965494e+00 7.107475603924061358e-02
3.997499999999467946e+01 1.001609461554440639e+00 6.882865439272815855e-02
4.012500000000000000e+01 1.001830085384755264e+00 7.009192366850652833e-02
4.027500000000545555e+01 1.000869435375454586e+00 7.075919324953763856e-02
4.042499999999279936e+01 1.001380685818538563e+00 6.916121971202592034e-02
4.057500000000721485e+01 1.001139349456293237e+00 6.999311861390598855e-02
4.072499999999434550e+01 1.001833531305032388e+00 6.976341784173691052e-02
4.087500000000000000e+01 1.000903664789431380e+00 7.026533408224353017e-02
4.102500000000578240e+01 1.001212353302743274e+00 6.954168065018963285e-02
4.117499999999272120e+01 1.003027322899895157e+00 6.916334057012073211e-02
4.132500000000730012e+01 1.001351834407006036e+00 6.983397155435402959e-02
4.147499999999402576e+01 1.001763450751782747e+00 6.980781083072971904e-02
4.162500000000000000e+01 1.000731893009207951e+00 6.896121020179535321e-02
4.177500000000609504e+01 1.001435600618898247e+00 6.897396257234372774e-02
4.192499999999264304e+01 1.000898579253867382e+00 6.868465685764382767e-02
4.207500000000737828e+01 1.002400223756320319e+00 6.910560341735134948e-02
4.222499999999372022e+01 1.001574998601646227e+00 6.899976198267009087e-02
4.237500000000000000e+01 1.001153994353127130e+00 6.841840424979364621e-02
4.252500000000640057e+01 1.001344476425488184e+00 6.792640179773079545e-02
4.267499999999256488e+01 1.002624664815275901e+00 6.865474133400684131e-02
4.282500000000744933e+01 1.002188920725483268e+00 6.843663060356730554e-02
4.297499999999342180e+01 1.002238193512861031e+00 6.776036245873397201e-02
4.312500000000000000e+01 1.001637793831505530e+00 6.743934868749559830e-02
4.327500000000669900e+01 1.002033019658403523e+00 6.797312714824088609e-02
4.342499999999249383e+01 1.001784876582988648e+00 6.773285410694136754e-02
4.357500000000752038e+01 1.001497634488474286e+00 6.779861603104901657e-02
4.372499999999313758e+01 9.991076239632951106e-01 6.704980332530560694e-02
4.387500000000000000e+01 1.002448762094504842e+00 6.604011804353135395e-02
4.402500000000697611e+01 9.995158052893321488e-01 6.683496114034645497e-02
4.417499999999242277e+01 1.000986184383433120e+00 6.741727002606688612e-02
4.432500000000759144e+01 1.000463205627743823e+00 6.610741465681740925e-02
4.447499999999286047e+01 1.000973667417932367e+00 6.629422438732374134e-02
4.462500000000000000e+01 1.001647338287222633e+00 6.623882144221253376e-02
4.477500000000724611e+01 1.001652189475076948e+00 6.614621690290828360e-02
4.492499999999235882e+01 1.001389435262126870e+00 6.588267123244737067e-02
4.507500000000766249e+01 1.000494846413899408e+00 6.641346844264334193e-02
4.522499999999259757e+01 1.002604877291066510e+00 6.622957025155734589e-02
4.537500000000000000e+01 1.000654722824333209e+00 6.573344652102650065e-02
4.552500000000750902e+01 1.001943563122763559e+00 6.693816762324243663e-02
4.567499999999228777e+01 1.001067091401723008e+00 6.555480569062412111e-02
4.582500000000772644e+01 1.001204314704393861e+00 6.591568281917635497e-02
4.597499999999233466e+01 1.001027982386232251e+00 6.514799984076352635e-02
4.612500000000000000e+01 1.000502873989917330e+00 6.554861081812962675e-02
4.627500000000776481e+01 1.003148781483836682e+00 6.597590495466777727e-02
4.642499999999223093e+01 1.001706363739384820e+00 6.483695498860400641e-02
4.657500000000779039e+01 1.002977194381804438e+00 6.457516478312860797e-02
4.672499999999207887e+01 1.002939760254502488e+00 6.564718148478103366e-02
4.687500000000000000e+01 1.002999127595039841e+00 6.503031971859704607e-02
4.702500000000801350e+01 1.002008874657752457e+00 6.472802513707180683e-02
4.717499999999216698e+01 1.002509027596988789e+00 6.453848050362584465e-02
4.732500000000784723e+01 1.003202664312338177e+00 6.458674866190691755e-02
4.747499999999183729e+01 1.002784841029009444e+00 6.551915068111277551e-02
4.762500000000000000e+01 1.001651103620106564e+00 6.414810158088538050e-02
4.777500000000825509e+01 1.003039612373940459e+00 6.392932260601928707e-02
4.792499999999211013e+01 1.003124063388896037e+00 6.452707798126025573e-02
4.807500000000790408e+01 1.002338673090985788e+00 6.364357833890013638e-02
4.822499999999160281e+01 1.002127227210305005e+00 6.413947536201221322e-02
4.837500000000000000e+01 1.001435458701546599e+00 6.388922467322218079e-02
4.852500000000848956e+01 1.003548427753949479e+00 6.380017919011513050e-02
4.867499999999204618e+01 1.002927402060787898e+00 6.366967292519755406e-02
4.882500000000796092e+01 1.002588055347721552e+00 6.371287990568474946e-02
4.897499999999137543e+01 1.001867710463649530e+00 6.453885545100945809e-02
4.912500000000000000e+01 1.003504631288480997e+00 6.442025054782175852e-02
4.927500000000870983e+01 1.003225809742609442e+00 6.445155979310494831e-02
4.942499999999198934e+01 1.002068811375415924e+00 6.267680001522062117e-02
4.957500000000802487e+01 1.002708347853325188e+00 6.263553700893727261e-02
4.972499999999115516e+01 1.002107013440201033e+00 6.344664717269364596e-02
4.987500000000000000e+01 1.003071134736663428e+00 6.222744784119015743e-02
5.002500000000893010e+01 1.003062172183049272e+00 6.313321561688460537e-02
5.017499999999193960e+01 1.003174607223634496e+00 6.259310149816513236e-02
5.032500000000807461e+01 1.001018961150195175e+00 6.306385015936954996e-02
5.047499999999094200e+01 1.001937433669769950e+00 6.305464876833331844e-02
5.062500000000000000e+01 1.003284065428902583e+00 6.284174050455766658e-02
5.077500000000914326e+01 1.003469524513929567e+00 6.250220985328745760e-02
5.092499999999188276e+01 1.001775990866653254e+00 6.209478886786932994e-02
5.107500000000812435e+01 1.003309729923288041e+00 6.177862044290266530e-02
5.122499999999072884e+01 1.002442910533525522e+00 6.304716337807468596e-02
5.137500000000000000e+01 1.003093711196218818e+00 6.236227863423548373e-02
5.152500000000934932e+01 1.002261377468119719e+00 6.256080530286405039e-02
5.167499999999183302e+01 1.002237404774637186e+00 6.191156279276555097e-02
5.182500000000818119e+01 1.002446979848118147e+00 6.184957011666246396e-02
5.197499999999052989e+01 1.001800617865616916e+00 6.239761600944422615e-02
5.212500000000000000e+01 1.002559242728595645e+00 6.145266531769064122e-02
5.227500000000954827e+01 1.002425616494236449e+00 6.138665619541297525e-02
5.242499999999178328e+01 1.001900261098354505e+00 6.182305659449102708e-02
5.257500000000806040e+01 1.002517785160693453e+00 6.160556966574553400e-02
5.272499999999033804e+01 1.001094906390137096e+00 6.137431553451715843e-02
5.287500000000000000e+01 1.002055515654387108e+00 6.081565800982233205e-02
5.302500000000974723e+01 1.001808444099093309e+00 6.177522246416522478e-02
5.317499999999255778e+01 1.002365153460069269e+00 6.120046572948202590e-02
5.332500000000729301e+01 1.002766375172669200e+00 6.083832669466337356e-02
5.347499999999015330e+01 1.002279658979733146e+00 6.056326267871559726e-02
5.362500000000000000e+01 1.000624970840698014e+00 5.985380145312065026e-02
5.377500000000993197e+01 1.003252213713842655e+00 5.967615649667399463e-02
5.392499999999331095e+01 1.002306870092165347e+00 6.079829993937766602e-02
5.407500000000654694e+01 1.002651518280575971e+00 5.957452545308410813e-02
5.422499999998996145e+01 1.001813497162200139e+00 6.032152529477261688e-02
5.437500000000000000e+01 1.002045338808242869e+00 6.050642490149622799e-02
5.452500000001011671e+01 1.001529710967321574e+00 6.021456266389029616e-02
5.467499999999403570e+01 1.000785800134659231e+00 5.990117447223660546e-02
5.482500000000581508e+01 1.001112136282997334e+00 6.081499860304490079e-02
5.497499999998977671e+01 1.002148382802021009e+00 5.998864682223120637e-02
5.512500000000000000e+01 1.001329230564363515e+00 5.994531790462021004e-02
5.527500000001029434e+01 1.001297481641123310e+00 5.940159519533817073e-02
5.542499999999475335e+01 1.001204270901332682e+00 6.074061429925411981e-02
5.557500000000510454e+01 1.001290102577847563e+00 5.946458268221430782e-02
5.572499999998960618e+01 1.000897943388498801e+00 5.943591140219011554e-02
5.587500000000000000e+01 1.001685241743306198e+00 5.958943153297615453e-02
5.602500000001046487e+01 1.001862609835136420e+00 6.007263850914797837e-02
5.617499999999544258e+01 1.001396382561260845e+00 5.887497862371982721e-02
5.632500000000441531e+01 1.002919994118662839e+00 5.962721938311695002e-02
5.647499999998942855e+01 1.001048348976241398e+00 5.916507085814765032e-02
5.662500000000000000e+01 1.002414301017779952e+00 6.000544292393029944e-02
5.677500000001062830e+01 1.002386941682698485e+00 5.991362462054241472e-02
5.692499999999611759e+01 1.001742265474823368e+00 5.936878286577160213e-02
5.707500000000374030e+01 1.003151202294586319e+00 5.984622866595772778e-02
5.722499999998926512e+01 1.002045663182558499e+00 5.790549465865112849e-02
5.737500000000000000e+01 1.001655584352183936e+00 5.830553553344627188e-02
5.752500000001079172e+01 1.002115217613102960e+00 5.804001925400856243e-02
5.767499999999677129e+01 1.003373928095773193e+00 5.877203266288508893e-02
5.782500000000310081e+01 1.002780176289652436e+00 5.856178605113452479e-02
5.797499999998910170e+01 1.003187915055034463e+00 5.835497075348450302e-02
5.812500000000000000e+01 1.003074072071605372e+00 5.828987785599260701e-02
5.827500000001095515e+01 1.003727312950888795e+00 5.748156566071917911e-02
5.842499999999741078e+01 1.001625903388244199e+00 5.837379662659308854e-02
5.857500000000246132e+01 1.001683376233670986e+00 5.835873883538387347e-02
5.872499999998893827e+01 1.002931960436923564e+00 5.831811584918995817e-02
5.887500000000000000e+01 1.002207317905218220e+00 5.780603748845176970e-02
5.902500000001111857e+01 1.003103491652650003e+00 5.755885438556797296e-02
5.917499999999803606e+01 1.002984033796473939e+00 5.746074630536905647e-02
5.932500000000184315e+01 1.002250976990275433e+00 5.753601902474378416e-02
5.947499999998878906e+01 1.002905331688307866e+00 5.778829782162164808e-02
5.962500000000000000e+01 1.003422861037104541e+00 5.737029905106822564e-02
5.977500000001126779e+01 1.003023135378930952e+00 5.810184373184847095e-02
5.992499999999864002e+01 1.003843055624918490e+00 5.706432720814143961e-02
6.007500000000123919e+01 1.002142176128758777e+00 5.771765954907196600e-02
6.022499999998863984e+01 1.003032902747350574e+00 5.773687342129969757e-02
6.037500000000000000e+01 1.003205323810677063e+00 5.684218880709265148e-02
6.052500000001142411e+01 1.003050338622103910e+00 5.699739895646539073e-02
6.067499999999923688e+01 1.003044548361520238e+00 5.712778750154035023e-02
6.082500000000064944e+01 1.003665945919294034e+00 5.616310095421184895e-02
6.097499999998849773e+01 1.003267967930178584e+00 5.709677971759116039e-02
6.112500000000000000e+01 1.001930597469436579e+00 5.761485190660335654e-02
6.127500000001155911e+01 1.003889359093883327e+00 5.748803625105019383e-02
6.142499999999980531e+01 1.002518132463445122e+00 5.671029705443944580e-02
6.157500000000007390e+01 1.002760800705214894e+00 5.668648099696269038e-02
6.172499999998834852e+01 1.002394024770645098e+00 5.711645872494624382e-02
6.187500000000000000e+01 1.003899606000705713e+00 5.688097109058749823e-02
6.202500000001170122e+01 1.002783523201459692e+00 5.595720165203761642e-02
6.217500000000037375e+01 1.002860742119337401e+00 5.690976998693796085e-02
6.232499999999951967e+01 1.001813384179256028e+00 5.638395939642763810e-02
6.247499999998820641e+01 1.002003319108881296e+00 5.647972827219828462e-02
6.262500000000000000e+01 1.002289191143097780e+00 5.601896755543096101e-02
6.277500000001184333e+01 1.001975863357341456e+00 5.623465623212052511e-02
6.292500000000092086e+01 1.003188744552419021e+00 5.637314875347968629e-02
6.307499999999897256e+01 1.001757031126621289e+00 5.513933606086766914e-02
6.322499999998807851e+01 1.000964084054554171e+00 5.580676414389418999e-02
6.337500000000000000e+01 1.002284183895128855e+00 5.605218119259436360e-02
6.352500000001197833e+01 1.002308895109500053e+00 5.557991272493380264e-02
6.367500000000146798e+01 1.001448361811858367e+00 5.644910109692488631e-02
6.382499999999843254e+01 1.000440314622235816e+00 5.537343837049066991e-02
6.397499999998793641e+01 1.002218185500477254e+00 5.551602692420611052e-02
6.412500000000000000e+01 1.001642387491756825e+00 5.638343995472745035e-02
6.427500000001211333e+01 1.002037189176119947e+00 5.567595967064450230e-02
6.442500000000200089e+01 1.002196293677370065e+00 5.530606955401313335e-02
6.457499999999791385e+01 1.002920385801057357e+00 5.513744681667666347e-02
6.472499999998781561e+01 1.001583882792737468e+00 5.523027824469660396e-02
6.487500000000000000e+01 1.001569963731202773e+00 5.550043256122846186e-02
6.502500000001224123e+01 1.002199784605131150e+00 5.539013959346403976e-02
6.517500000000251248e+01 1.000530848337447543e+00 5.519725113805546562e-02
6.532499999999740226e+01 1.001055877344586564e+00 5.483818428936381578e-02
6.547499999998768772e+01 1.001232767631347498e+00 5.447368301939991414e-02
6.562500000000000000e+01 1.001519421158793888e+00 5.463851823375577565e-02
6.577500000001236913e+01 1.001039251504619365e+00 5.525760234179240282e-02
6.592500000000300986e+01 1.001304078069225723e+00 5.401792368281722878e-02
6.607499999999690488e+01 1.002145218925516890e+00 5.424368062099404336e-02
6.622499999998755982e+01 1.001102056709280763e+00 5.484534635102343569e-02
6.637500000000000000e+01 1.000318138494340703e+00 5.425586871132061229e-02
6.652500000001249703e+01 1.001269960607409804e+00 5.490799273187697838e-02
6.667500000000349303e+01 1.000629021724676493e+00 5.473735236322857522e-02
6.682499999999640750e+01 1.001668915780026703e+00 5.403274911481871501e-02
6.697499999998743192e+01 1.000751584803885263e+00 5.394598602252900083e-02
6.712500000000000000e+01 1.001795821725753211e+00 5.445323001462018531e-02
6.727500000001261071e+01 1.000885838675244610e+00 5.379506781014128936e-02
6.742500000000397620e+01 1.000949391352383921e+00 5.385714444522474165e-02
6.757499999999593854e+01 1.001221976961952587e+00 5.406978295856612604e-02
6.772499999998731823e+01 1.001477506475297430e+00 5.310567598420284224e-02
6.787500000000000000e+01 1.000838740864814724e+00 5.426435229249719494e-02
6.802500000001272440e+01 9.999998607684776886e-01 5.371005418625135475e-02
6.817500000000444516e+01 1.000967114447608663e+00 5.455470599841599766e-02
6.832499999999546958e+01 1.001082562345823712e+00 5.418044731236077577e-02
6.847499999998720455e+01 1.001098220422599550e+00 5.382999434113124732e-02
6.862500000000000000e+01 1.000090676849192173e+00 5.379424699999225262e-02
6.877500000001283809e+01 1.001161690219136924e+00 5.363900838860577447e-02
6.892500000000489990e+01 1.000121278704011907e+00 5.323342950408873481e-02
6.907499999999501483e+01 1.000877567449241168e+00 5.386336217476062060e-02
6.922499999998709086e+01 1.000470368754919237e+00 5.367730420169668920e-02
6.937500000000000000e+01 1.000215278773013639e+00 5.310833511894003794e-02
6.952500000001295177e+01 1.000360161255681390e+00 5.370501928341976650e-02
6.967500000000535465e+01 9.995528368498678429e-01 5.297339984444719013e-02
6.982499999999456008e+01 1.000768178727917457e+00 5.335623565660312095e-02
6.997499999998697717e+01 9.997944187988113685e-01 5.253469876354274065e-02
7.012500000000000000e+01 1.000096717909728206e+00 5.298347256331756294e-02
7.027500000001306546e+01 9.988384527030782500e-01 5.236546060686548404e-02
7.042500000000579519e+01 9.999944983870728832e-01 5.272615527924270906e-02
7.057499999999413376e+01 9.997638134635502549e-01 5.256302199811821452e-02
7.072499999998686349e+01 9.995469599468591593e-01 5.311380048841904400e-02
7.087500000000000000e+01 9.988162021658104628e-01 5.275269666279387010e-02
7.102500000001316494e+01 9.998169913678305321e-01 5.300764862308894598e-02
7.117500000000620730e+01 9.994236767926597542e-01 5.289172029941393433e-02
7.132499999999369322e+01 9.995047841792185084e-01 5.234823866891154254e-02
7.147499999998676401e+01 9.989343779159948200e-01 5.295070649855466299e-02
7.162500000000000000e+01 9.996332753791680181e-01 5.264354337265361033e-02
7.177500000001327862e+01 9.991104862115559593e-01 5.292398282555131617e-02
7.192500000000663363e+01 1.000032317757657108e+00 5.218431000740643422e-02
7.207499999999328111e+01 9.999227427795940315e-01 5.278418713061705514e-02
7.222499999998666453e+01 9.991484183475781711e-01 5.260154156207066944e-02
7.237500000000000000e+01 9.993836804069131663e-01 5.244015052734581073e-02
7.252500000001337810e+01 9.990560496084655018e-01 5.168272605680175602e-02
7.267500000000704574e+01 9.994763952797631745e-01 5.249667956197585222e-02
7.282499999999286899e+01 9.991955489690649284e-01 5.264137355511953192e-02
7.297499999998655085e+01 1.000134776448427187e+00 5.185648634495072101e-02
7.312500000000000000e+01 9.996190794904524779e-01 5.168504484686163580e-02
7.327500000001347757e+01 9.993438305268476096e-01 5.155401875434740405e-02
7.342500000000745786e+01 9.999566318655046526e-01 5.159500973105975857e-02
7.357499999999247109e+01 9.990748825834732116e-01 5.187345689024732559e-02
7.372499999998646558e+01 9.986319764811439903e-01 5.148091933458939090e-02
7.387500000000000000e+01 1.000403426620483316e+00 5.107369841966143825e-02
7.402500000001359126e+01 9.997449817376171666e-01 5.165779318418654148e-02
7.417500000000785576e+01 9.995186879899581323e-01 5.190075172820669824e-02
7.432499999999207319e+01 1.000573437646571362e+00 5.197842690607173272e-02
7.447499999998635190e+01 9.999420260290692308e-01 5.145664498703879375e-02
7.462500000000000000e+01 9.999253803685660413e-01 5.136911222690854206e-02
7.477500000001367653e+01 9.996341334432904402e-01 5.172853898672638562e-02
7.492500000000823945e+01 1.000898497976898005e+00 5.157346608815296246e-02
7.507499999999168949e+01 1.000775874260950493e+00 5.168228624458384712e-02
7.522499999998626663e+01 9.999719125397444897e-01 5.090722842716404600e-02
7.537500000000000000e+01 1.001164435170719402e+00 5.145037530752492871e-02
7.552500000001377600e+01 1.000221754868669821e+00 5.154024440934912299e-02
7.567500000000862315e+01 1.000470517747440224e+00 5.141353043519279048e-02
7.582499999999130580e+01 1.000860108523773828e+00 5.066787547424826677e-02
7.597499999998616715e+01 1.000880807865081268e+00 5.140806095073202631e-02
7.612500000000000000e+01 1.002634124009801786e+00 5.071852337500853958e-02
7.627500000001386127e+01 1.001166301112919044e+00 5.071518077352101667e-02
7.642500000000899263e+01 1.001131673134791011e+00 5.125451582100779696e-02
7.657499999999093632e+01 1.000882267155977612e+00 5.074448048051914684e-02
7.672499999998608189e+01 1.001178807806990534e+00 5.037752814184296574e-02
7.687500000000000000e+01 1.001039099588347581e+00 5.080029190937683514e-02
7.702500000001396074e+01 1.001851214002796864e+00 5.073731834016860509e-02
7.717500000000934790e+01 1.001761044688973756e+00 5.121763577262564149e-02
7.732499999999058105e+01 1.001243925213504582e+00 5.064113468800931356e-02
7.747499999998598241e+01 1.001823620514817437e+00 5.060997497282327534e-02
7.762500000000000000e+01 1.002057266088958620e+00 5.040770950863572575e-02
7.777500000001404601e+01 1.002550949011175474e+00 5.064119974725821843e-02
7.792500000000971738e+01 1.001751720854640260e+00 5.023153186536670478e-02
7.807499999999021156e+01 1.001532216963932909e+00 5.043614741176762756e-02
7.822499999998589715e+01 1.002224823782901897e+00 4.978939911787854528e-02
7.837500000000000000e+01 1.002493224497362556e+00 4.990587049611602821e-02
7.852500000001413127e+01 1.002592898161331680e+00 5.026580231511493246e-02
7.867500000001005844e+01 1.001397311786036637e+00 4.957116626984423013e-02
7.882499999998987050e+01 1.003071654396150869e+00 5.052387256692251333e-02
7.897499999998581188e+01 1.002585946871948241e+00 5.019969970058804631e-02
7.912500000000000000e+01 1.002312889694122466e+00 4.997093397030576145e-02
7.927500000001423075e+01 1.001574636950815833e+00 5.002665450502233324e-02
7.942500000001041371e+01 1.000899854065918415e+00 4.997493851641388041e-02
7.957499999998951523e+01 1.002797173022901500e+00 4.978843939069979574e-02
7.972499999998572662e+01 1.001164952717576329e+00 4.972960162048985916e-02
7.987500000000000000e+01 1.003210618428745038e+00 4.956072393279206678e-02
8.002500000001430180e+01 1.002049640486487814e+00 4.968222127949849937e-02
8.017500000001075477e+01 1.001097069789635974e+00 4.974183369872058752e-02
8.032499999998918838e+01 1.001319772760955296e+00 4.947633298352831915e-02
8.047499999998564135e+01 1.000926317558609391e+00 4.952650513282080141e-02
8.062500000000000000e+01 9.755140971867196642e-01 4.899346438041547735e-02
8.077500000001438707e+01 9.545616900458552267e-01 4.880470458143751356e-02
8.092500000001108162e+01 9.392666495462109744e-01 4.751954352316568181e-02
8.107499999998886153e+01 9.281872972218685458e-01 4.722361506681039406e-02
8.122499999998557030e+01 9.188318896316028939e-01 4.660013868751973487e-02
8.137500000000000000e+01 9.100339625752146278e-01 4.680946587997858455e-02
8.152500000001447233e+01 9.022944317867556130e-01 4.671717063660198177e-02
8.167500000001139426e+01 8.947763425128858472e-01 4.656749026435103023e-02
8.182499999998853468e+01 8.880989334261357726e-01 4.623440316495573688e-02
8.197499999998548503e+01 8.811425679729694149e-01 4.538774846667607832e-02
8.212500000000000000e+01 8.757781174594460039e-01 4.537144077013385846e-02
8.227500000001455760e+01 8.702903240077168867e-01 4.531509842104855523e-02
8.242500000001172111e+01 8.643543978189811572e-01 4.562813949640332628e-02
8.257499999998822204e+01 8.600231631559646095e-01 4.540621366845712381e-02
8.272499999998539977e+01 8.533817917551411725e-01 4.505374164795364345e-02
8.287500000000000000e+01 8.496919008356113023e-01 4.471139328074030805e-02
8.302500000001462865e+01 8.444725628363662917e-01 4.517382655300341415e-02
8.317500000001203375e+01 8.403910956174643898e-01 4.496665380293621977e-02
8.332499999998789519e+01 8.359514465645059289e-01 4.443053845356359499e-02
8.347499999998531450e+01 8.299954640308514486e-01 4.474344050939925432e-02
8.362500000000000000e+01 8.277444158824864839e-01 4.357467396418742561e-02
8.377500000001469971e+01 8.231740073433665428e-01 4.386482120281109953e-02
8.392500000001234639e+01 8.188671970921883592e-01 4.393647836562170061e-02
8.407499999998758256e+01 8.158991574292517868e-01 4.349656085437009906e-02
8.422499999998524345e+01 8.106136988352455885e-01 4.361495656260351572e-02
8.437500000000000000e+01 8.075696965761177681e-01 4.346083285711045685e-02
8.452500000001478497e+01 8.048500036525304546e-01 4.356611714377752603e-02
8.467500000001264482e+01 8.010899502286205065e-01 4.315547887528880383e-02
8.482499999998728413e+01 7.971581375720947493e-01 4.342739641976629816e-02
8.497499999998517239e+01 7.938598517411408206e-01 4.326891989061270455e-02
8.512500000000000000e+01 7.905503719879780622e-01 4.242199118218836079e-02
8.527500000001485603e+01 7.869211813616761031e-01 4.310323844930377679e-02
8.542500000001294325e+01 7.837221750878102799e-01 4.263546905513479479e-02
8.557499999998699991e+01 7.804964749090727016e-01 4.208405834379679022e-02
8.572499999998510134e+01 7.787528020127750805e-01 4.239288097615262485e-02
8.587500000000000000e+01 7.748753525021090383e-01 4.178513757678914420e-02
8.602500000001494129e+01 7.711827058408373681e-01 4.191467576950601293e-02
8.617500000001324167e+01 7.685398982586675309e-01 4.229266647057512707e-02
8.632499999998670148e+01 7.657646814667321555e-01 4.197099398769352924e-02
8.647499999998503029e+01 7.629004907727788831e-01 4.114686080611336394e-02
8.662500000000000000e+01 7.604496178283136620e-01 4.192375690528651888e-02
8.677500000001501235e+01 7.570907770866421860e-01 4.117030768778834338e-02
8.692500000001352589e+01 7.533751707863535207e-01 4.103640703085325442e-02
8.707499999998641727e+01 7.515737777773523476e-01 4.158698926209568325e-02
8.722499999998494502e+01 7.489533516894568699e-01 4.129521236244010352e-02
8.737500000000000000e+01 7.460154907786248346e-01 4.125343009738483696e-02
8.752500000001508340e+01 7.436784770270469247e-01 4.050737919901414852e-02
8.767500000001381011e+01 7.408468193014189351e-01 4.107977799870864838e-02
8.782499999998613305e+01 7.382986301063816370e-01 3.987363860404791877e-02
8.797499999998487397e+01 7.363533187246905642e-01 4.038233911397086373e-02
8.812500000000000000e+01 7.330384349869381033e-01 4.061875593151672431e-02
8.827500000001514024e+01 7.310211144297886765e-01 4.087129039154540483e-02
8.842500000001409433e+01 7.280234274259977933e-01 4.040935026058119911e-02
8.857499999998586304e+01 7.261694821039543779e-01 4.047351629353709151e-02
8.872499999998480291e+01 7.237714714217879930e-01 4.005980112866088655e-02
8.887500000000000000e+01 7.214654743003505732e-01 3.992103682866891129e-02
8.902500000001521130e+01 7.189889886681800624e-01 4.001519301473254603e-02
8.917500000001436433e+01 7.166573638418125558e-01 3.961070788405857135e-02
8.932499999998557882e+01 7.140008068336005653e-01 3.979321841730171921e-02
8.947499999998473186e+01 7.121596328924423291e-01 3.972939373142232028e-02
8.962500000000000000e+01 7.101356186541775140e-01 3.952973193235173599e-02
8.977500000001528235e+01 7.077307150105330846e-01 3.924933811509610099e-02
8.992500000001462013e+01 7.059065198612830550e-01 3.935585906804649897e-02
9.007499999998532303e+01 7.041786538644451143e-01 3.968744887409048072e-02
9.022499999998467501e+01 7.014970371029293217e-01 3.936643828869496736e-02
9.037500000000000000e+01 6.996022429782539076e-01 3.912420849925685173e-02
9.052500000001533920e+01 6.973964886832875187e-01 3.991035510746659964e-02
9.067500000001489013e+01 6.948128847013929077e-01 3.930193238277971540e-02
9.082499999998505302e+01 6.935249682843287466e-01 3.863468599016368910e-02
9.097499999998460396e+01 6.912676796222497755e-01 3.906740599797142027e-02
9.112500000000000000e+01 6.891320403368728087e-01 3.829773711417680526e-02
9.127500000001541025e+01 6.880895615535095322e-01 3.880706054418772005e-02
9.142500000001514593e+01 6.856325650715140441e-01 3.851883988568716166e-02
9.157499999998479723e+01 6.841736307182733068e-01 3.841244036017942703e-02
9.172499999998454712e+01 6.817809615171459559e-01 3.806441721794707328e-02
9.187500000000000000e+01 6.806745913938551107e-01 3.858583904025932043e-02
9.202500000001548131e+01 6.785586646210322037e-01 3.794698263451119769e-02
9.217500000001541594e+01 6.773427926604118632e-01 3.815106768906678658e-02
9.232499999998454143e+01 6.747026592661181654e-01 3.804404970394479474e-02
9.247499999998447606e+01 6.732624038309578118e-01 3.808682298988362580e-02
9.262500000000000000e+01 6.709915139831177378e-01 3.778303289358893313e-02
9.277500000001553815e+01 6.689724519595351415e-01 3.806259885803253695e-02
9.292500000001565752e+01 6.677521384197654397e-01 3.818621165845560023e-02
9.307499999998428564e+01 6.658419954365931703e-01 3.765428031898068739e-02
9.322499999998441922e+01 6.639176521353342686e-01 3.719071652422263619e-02
9.337500000000000000e+01 6.623355859649412425e-01 3.721242117506423641e-02
9.352500000001559499e+01 6.608596546880030065e-01 3.778573627893514614e-02
9.367500000001591332e+01 6.587100997878924113e-01 3.732870303014129698e-02
9.382499999998402984e+01 6.573548392857760936e-01 3.738841367107361563e-02
9.397499999998436238e+01 6.560146907180560705e-01 3.676156475019953795e-02
9.412500000000000000e+01 6.535286849777234286e-01 3.706624188044460588e-02
9.427500000001566605e+01 6.524766263648545950e-01 3.717306832134745220e-02
9.442500000001615490e+01 6.505140403350505585e-01 3.714430546238040726e-02
9.457499999998380247e+01 6.494302826825150143e-01 3.695212591257703710e-02
9.472499999998429132e+01 6.469226067846861605e-01 3.648281882340353999e-02
9.487500000000000000e+01 6.456563756238915541e-01 3.693344390337714722e-02
9.502500000001572289e+01 6.440943328853772076e-01 3.712039071383590322e-02
9.517500000001639648e+01 6.427006602060342244e-01 3.655253679165741676e-02
9.532499999998356088e+01 6.409044093803686337e-01 3.641984461699365738e-02
9.547499999998423448e+01 6.391489340363629701e-01 3.645073284501412075e-02
9.562500000000000000e+01 6.372591115293608777e-01 3.572520141684218387e-02
9.577500000001577973e+01 6.360246916432351627e-01 3.665550941806572371e-02
9.592500000001662386e+01 6.348958930255967914e-01 3.646375163312525619e-02
9.607499999998331930e+01 6.329300437207904251e-01 3.581389497919692383e-02
9.622499999998417763e+01 6.310245210136246063e-01 3.575741857597841689e-02
9.637500000000000000e+01 6.299432714457827709e-01 3.601946929171240958e-02
9.652500000001585079e+01 6.290574643817388178e-01 3.589994198733147124e-02
9.667500000001686544e+01 6.270402231662228765e-01 3.549403761989752132e-02
9.682499999998309193e+01 6.248482724019212009e-01 3.599096390047896998e-02
9.697499999998412079e+01 6.241045656217392157e-01 3.553815136578736961e-02
9.712500000000000000e+01 6.219875398132660438e-01 3.517802473353869031e-02
9.727500000001590763e+01 6.210322006532750239e-01 3.551180796004037993e-02
9.742500000001709282e+01 6.199128331893488664e-01 3.581486865789944296e-02
9.757499999998287876e+01 6.182190477818969576e-01 3.551441923999950484e-02
9.772499999998406395e+01 6.156525919755051479e-01 3.541809454269698176e-02
9.787500000000000000e+01 6.152330916118197157e-01 3.523844148449288560e-02
9.802500000001595026e+01 6.129832963453012429e-01 3.491971996260689881e-02
9.817500000001732019e+01 6.120249555634662553e-01 3.498957543263843395e-02
9.832499999998263718e+01 6.099272413327861964e-01 3.514595052088623911e-02
9.847499999998402131e+01 6.096431580222101410e-01 3.502239649027678176e-02
9.862500000000000000e+01 6.076171469243417667e-01 3.491844859862842237e-02
9.877500000001600711e+01 6.058341529895406863e-01 3.509603759978114496e-02
9.892500000001753335e+01 6.051507224151341235e-01 3.491317374297569359e-02
9.907499999998242401e+01 6.033583400520446949e-01 3.494830097060874774e-02
9.922499999998395026e+01 6.025448099426219395e-01 3.439173890840039466e-02
9.937500000000000000e+01 6.011659602288144111e-01 3.408556471925782566e-02
9.952500000001606395e+01 5.998576978192138309e-01 3.435599996610372298e-02
9.967500000001776073e+01 5.986874509139313849e-01 3.447854472748581450e-02
9.982499999998221085e+01 5.973213821692683334e-01 3.502278695782304330e-02
9.997499999998389342e+01 5.955047976267090482e-01 3.385974499094286660e-02
1.001250000000000000e+02 5.948263455282252199e-01 3.419142419110996617e-02
1.002750000000161208e+02 5.931336203961330433e-01 3.412953016770008119e-02
1.004250000000179597e+02 5.920961017021119099e-01 3.425820583657058355e-02
1.005749999999819835e+02 5.914772239120397179e-01 3.391190134132185396e-02
1.007249999999838508e+02 5.741861906678559224e-01 3.290717427033992837e-02
1.008750000000000000e+02 5.493567421527000283e-01 3.250837469354148079e-02
1.010250000000161776e+02 5.347724078924098734e-01 3.221564235881766575e-02
1.011750000000181871e+02 5.226240637336987405e-01 3.192616769869647403e-02
1.013249999999817845e+02 5.129628412359492629e-01 3.116890252510653644e-02
1.014749999999837939e+02 5.036174593772437813e-01 3.145598429835107929e-02
1.016250000000000000e+02 4.953040243566862455e-01 3.085079326357401813e-02
1.017750000000162345e+02 4.878001888279936415e-01 3.069604811998832145e-02
1.019250000000184002e+02 4.802689249846461839e-01 3.059678054350540438e-02
1.020749999999815714e+02 4.734052185638795152e-01 3.059911100626366842e-02
1.022249999999837513e+02 4.660576998520702396e-01 2.990149275638132736e-02
1.023750000000000000e+02 4.598261327289904776e-01 2.990737360778749146e-02
1.025250000000162771e+02 4.541206853231563034e-01 2.957610256418995165e-02
1.026750000000185992e+02 4.477330187931438110e-01 2.922446649624199991e-02
1.028249999999813582e+02 4.416800934928183930e-01 2.907150051908743288e-02
1.029749999999836945e+02 4.365962695607523147e-01 2.893678097784800271e-02
1.031250000000000000e+02 4.308344751660887484e-01 2.880423966523752710e-02
1.032750000000163340e+02 4.253857635797885228e-01 2.831401032893687830e-02
1.034250000000187981e+02 4.211408435170138076e-01 2.853854361525431926e-02
1.035749999999811592e+02 4.153198047340945775e-01 2.803288055211137011e-02
1.037249999999836376e+02 4.106123963448354286e-01 2.790249000322742035e-02
1.038750000000000000e+02 4.053797682782734335e-01 2.794631056867851251e-02
1.040250000000163766e+02 4.008306697258537943e-01 2.746017905174967175e-02
1.041750000000189971e+02 3.960919513203807751e-01 2.751845409599966083e-02
1.043249999999809603e+02 3.918576172434696803e-01 2.736111955898664141e-02
1.044749999999835950e+02 3.873516804701372385e-01 2.740939845169493294e-02
1.046250000000000000e+02 3.833967957177740193e-01 2.648627160081833479e-02
1.047750000000164334e+02 3.784680907491933533e-01 2.685751716149186591e-02
1.049250000000191818e+02 3.746956083966893059e-01 2.620412301843092276e-02
1.050749999999807613e+02 3.702903558255002947e-01 2.635866270860847890e-02
1.052249999999839503e+02 3.657603397926367794e-01 2.645805629421412938e-02
1.053750000000000000e+02 3.621254020900334658e-01 2.617643866087894858e-02
1.055250000000157229e+02 3.585255090730403160e-01 2.612133932160324093e-02
1.056750000000193808e+02 3.545302392591356266e-01 2.543652087622531172e-02
1.058249999999805766e+02 3.507275431568093182e-01 2.545289463288124415e-02
1.059749999999847319e+02 3.473999006340643958e-01 2.532806549792064599e-02
1.061250000000000000e+02 3.429939013691040706e-01 2.513196885290690241e-02
1.062750000000149555e+02 3.396889865553242016e-01 2.531499400039322750e-02
1.064250000000195797e+02 3.362698225300990162e-01 2.508262359085706994e-02
1.065749999999803919e+02 3.330116073252564757e-01 2.462128468789768002e-02
1.067249999999854850e+02 3.291217043231112749e-01 2.487622314701973605e-02
1.068750000000000000e+02 3.252110416311220220e-01 2.468617264122475313e-02
1.070250000000141881e+02 3.219157755729619153e-01 2.418741197719408847e-02
1.071750000000197645e+02 3.183784797248944698e-01 2.400163426759706342e-02
1.073249999999802071e+02 3.150441551837825371e-01 2.395690530638354063e-02
1.074749999999862524e+02 3.114969077435358891e-01 2.401592439003689960e-02
1.076250000000000000e+02 3.083228175974854213e-01 2.397564638852965266e-02
1.077750000000134492e+02 3.047352838108161599e-01 2.338180244842850281e-02
1.079250000000199492e+02 3.015887963186369425e-01 2.342993986483310476e-02
1.080749999999800224e+02 2.981817896663507828e-01 2.324471340727440882e-02
1.082249999999869914e+02 2.944413208436474916e-01 2.329531252428133567e-02
1.083750000000000000e+02 2.917708600666431562e-01 2.304077947845717053e-02
1.085250000000127244e+02 2.883199194151460087e-01 2.301958172556587204e-02
1.086750000000201481e+02 2.851296917382341589e-01 2.269530390634951628e-02
1.088249999999798376e+02 2.822382369659857115e-01 2.256663389823165833e-02
1.089749999999877161e+02 2.786856448840129841e-01 2.249386199492451818e-02
1.091250000000000000e+02 2.758351796707467773e-01 2.215809488166496991e-02
1.092750000000119854e+02 2.730967267927159603e-01 2.198363582018987572e-02
1.094250000000203045e+02 2.697918182438981405e-01 2.207686616420630188e-02
1.095749999999796529e+02 2.667810465939897679e-01 2.195658950846082064e-02
1.097249999999884409e+02 2.637036390091668792e-01 2.174703280322621071e-02
1.098750000000000000e+02 2.606458691493943602e-01 2.140575692534944091e-02
1.100250000000112749e+02 2.577878461297827273e-01 2.131828735957096502e-02
1.101750000000204892e+02 2.547977884981014740e-01 2.142559345239754970e-02
1.103249999999794682e+02 2.523756822723297599e-01 2.126936522662196613e-02
1.104749999999891372e+02 2.496277471820631810e-01 2.127790251720640749e-02
1.106250000000000000e+02 2.461808425800889877e-01 2.076124024341309895e-02
1.107750000000105643e+02 2.436275343156102391e-01 2.093757769920254544e-02
1.109250000000206740e+02 2.403378432949704879e-01 2.086097084284842598e-02
1.110749999999792976e+02 2.380769466016180169e-01 2.067741524631825853e-02
1.112249999999898620e+02 2.355791059911026275e-01 2.034092951336801194e-02
1.113750000000000000e+02 2.323569523795175062e-01 2.043324066633335837e-02
1.115250000000098822e+02 2.300179903846464591e-01 2.021261648401883465e-02
1.116750000000208445e+02 2.271972247345335205e-01 1.998355336676524430e-02
1.118249999999791129e+02 2.245714913473123575e-01 1.989822810015525606e-02
1.119749999999905299e+02 2.218008670959843720e-01 1.984133430624055935e-02
1.121250000000000000e+02 2.195275345154826807e-01 1.979635335083148456e-02
1.122750000000091859e+02 2.167770256946160434e-01 1.962248250554151155e-02
1.124250000000210008e+02 2.142009290897970430e-01 1.934269236248814527e-02
1.125749999999789566e+02 2.115033350219686636e-01 1.933756182874833349e-02
1.127249999999912120e+02 2.089128448782438807e-01 1.923637864631140212e-02
1.128750000000000000e+02 2.065227039291900879e-01 1.905278984615187132e-02
1.130250000000085180e+02 2.040766450540436594e-01 1.915070238534671496e-02
1.131750000000211855e+02 2.009286337486792251e-01 1.881931559806145418e-02
1.133249999999787860e+02 1.992024159199827782e-01 1.865778849369471859e-02
1.134749999999919083e+02 1.963400109100053581e-01 1.857214874300830085e-02
1.136250000000000000e+02 1.941487782674461704e-01 1.855058228123485087e-02
1.137750000000078359e+02 1.916815997044848119e-01 1.811187944308935080e-02
1.139250000000213561e+02 1.892140911779172097e-01 1.810697254238917073e-02
1.140749999999786297e+02 1.869061118579499470e-01 1.807135703286471065e-02
1.142249999999925620e+02 1.844476790987711889e-01 1.783091243406891013e-02
1.143750000000000000e+02 1.825265306167898338e-01 1.783386072152730317e-02
1.145250000000071680e+02 1.798326717273493192e-01 1.743680215223512159e-02
1.146750000000215124e+02 1.775508056244479993e-01 1.751305764223533637e-02
1.148249999999784308e+02 1.752807457656350432e-01 1.740125614010872707e-02
1.149749999999932157e+02 1.729300038873166911e-01 1.711421838850015614e-02
1.151250000000000000e+02 1.705027604955428322e-01 1.710526158880960532e-02
1.152750000000065285e+02 1.679996130520196862e-01 1.705825019112325314e-02
1.154250000000216829e+02 1.660458391921507681e-01 1.675295821843310329e-02
1.155749999999783029e+02 1.637058214415513802e-01 1.685680905149905887e-02
1.157249999999938694e+02 1.614707698642715017e-01 1.662026193714775252e-02
1.158750000000000000e+02 1.592766632200620092e-01 1.636929505544762811e-02
1.160250000000058748e+02 1.573869301783316355e-01 1.635702328070428799e-02
1.161750000000218392e+02 1.547192294849410732e-01 1.643545184440164952e-02
1.163249999999781323e+02 1.525704006042158112e-01 1.598015478171520981e-02
1.164749999999945089e+02 1.503071748463242208e-01 1.580261422667251711e-02
1.166250000000000000e+02 1.482801224817494046e-01 1.597309403968227501e-02
1.167750000000052495e+02 1.460354065303592352e-01 1.585877318262229538e-02
1.169250000000220098e+02 1.442010577790671100e-01 1.564429674050689389e-02
1.170749999999779760e+02 1.420947807756224035e-01 1.531564596429186090e-02
1.172249999999951484e+02 1.400188318761492190e-01 1.547926814857797026e-02
1.173750000000000000e+02 1.376756285444871164e-01 1.527769840289017883e-02
1.175250000000046242e+02 1.357518249139416655e-01 1.500941250248086570e-02
1.176750000000221377e+02 1.337285357391523322e-01 1.489383005582541226e-02
1.178249999999778055e+02 1.315897480331335856e-01 1.506397473426296547e-02
1.179749999999957453e+02 1.295244726461833029e-01 1.467156148480026900e-02
1.181250000000000000e+02 1.271023663876183762e-01 1.445163530727338642e-02
1.182750000000039989e+02 1.251630877058122759e-01 1.455412257048992533e-02
1.184250000000223082e+02 1.232037933652782163e-01 1.438652509569683484e-02
1.185749999999776634e+02 1.211367285375503089e-01 1.413385215970066298e-02
1.187249999999963705e+02 1.191107693659399086e-01 1.381841488208726369e-02
1.188750000000000000e+02 1.171430102945801299e-01 1.376644364472592169e-02
1.190250000000033879e+02 1.149196300326165016e-01 1.358203887292364076e-02
1.191750000000224645e+02 1.128727266079505853e-01 1.345091520545558562e-02
1.193249999999775071e+02 1.111827668083626708e-01 1.339423219547100120e-02
1.194749999999969816e+02 1.092015282930234171e-01 1.343720618577718719e-02
1.196250000000000000e+02 1.069805193911137625e-01 1.324169357616410830e-02
1.197750000000027910e+02 1.052004486238687642e-01 1.323705002390578207e-02
1.199250000000226066e+02 1.035011304484721173e-01 1.307734444360124197e-02
1.200749999999773650e+02 1.012474912521909298e-01 1.277061555809169517e-02
1.202249999999975927e+02 9.935347402820619844e-02 1.266143664938212260e-02
1.203750000000000000e+02 9.771503478601270554e-02 1.263989163886957215e-02
1.205250000000021799e+02 9.567922479787924206e-02 1.258306506495550890e-02
1.206750000000227772e+02 9.370386547903079844e-02 1.234340530638158503e-02
1.208249999999772086e+02 9.194167016844298490e-02 1.236727599504119923e-02
1.209749999999981753e+02 8.969685775322391863e-02 1.202387608827175207e-02
1.211250000000000000e+02 8.785135042269871797e-02 1.185380434360236088e-02
1.212750000000015973e+02 8.623464641680222975e-02 1.180886747258232464e-02
1.214250000000229193e+02 8.430920191848785550e-02 1.169320605014946557e-02
1.215749999999770665e+02 8.224046209307032951e-02 1.165870777354202983e-02
1.217249999999987580e+02 8.054286791317744054e-02 1.142287076734087130e-02
1.218750000000000000e+02 7.842706020110964960e-02 1.129714336384844177e-02
1.220250000000010147e+02 7.697966071042651459e-02 1.125458126744821943e-02
1.221750000000230472e+02 7.497774064986470477e-02 1.104265947197448187e-02
1.223249999999769244e+02 7.315490373859777351e-02 1.079255511545683388e-02
1.224749999999993406e+02 7.129431742159822449e-02 1.077601315719952692e-02
1.226250000000000000e+02 6.962308095941736885e-02 1.046972359676976404e-02
1.227750000000004320e+02 6.766604320540323125e-02 1.047549297602949799e-02
1.229250000000231893e+02 6.604481051733623875e-02 1.035494185275919084e-02
1.230749999999767681e+02 6.431022687332933752e-02 1.018813764923948151e-02
1.232249999999999233e+02 6.241576845800818341e-02 9.964312026648979373e-03
1.233750000000000000e+02 6.066460841727617376e-02 9.829110688744400331e-03
1.235249999999998494e+02 5.903548752803564753e-02 9.743097105781944878e-03
1.236750000000233314e+02 5.715955213568765791e-02 9.529206921341409550e-03
1.238249999999766402e+02 5.558565412965620067e-02 9.474741137173687405e-03
1.239750000000004775e+02 5.354186169891155672e-02 9.246153542705182887e-03
1.241250000000000000e+02 5.184363947455973565e-02 9.068453981201393330e-03
1.242749999999992951e+02 5.017224410156171516e-02 9.040409328133344399e-03
1.244250000000234735e+02 4.842902842096574734e-02 8.735070820986104781e-03
1.245749999999764839e+02 4.687313658675763134e-02 8.685435323532162896e-03
1.247250000000010317e+02 4.511613930763427177e-02 8.517712700552773977e-03
1.248750000000000000e+02 4.349672023718090252e-02 8.314769341531589100e-03
1.250249999999987551e+02 4.176454304617115143e-02 8.176330260356206095e-03
1.251750000000236156e+02 4.005214954839898811e-02 8.037204145268143918e-03
1.253249999999763702e+02 3.848088841586574937e-02 7.748038031573557631e-03
1.254750000000015859e+02 3.678613958874420858e-02 7.522231842600196963e-03
1.256250000000000000e+02 3.511049592872745456e-02 7.339794659254033488e-03
1.257749999999982009e+02 3.351789784527743621e-02 7.140655783557333693e-03
1.259250000000237577e+02 3.176735586457948152e-02 6.893635299908045834e-03
1.260749999999762281e+02 3.017323432848681777e-02 6.786507447673705180e-03
1.262250000000021259e+02 2.848512070469464905e-02 6.661811201608894631e-03
1.263750000000000000e+02 2.687358262136703424e-02 6.468373441637753629e-03
1.265249999999976609e+02 2.533505455045089935e-02 6.292850776623012433e-03
1.266750000000238856e+02 2.362101259291705946e-02 6.069458100484742720e-03
1.268249999999760860e+02 2.212012160367369390e-02 5.830535693356882730e-03
1.269750000000026660e+02 2.056999926488150068e-02 5.662856670312636960e-03
1.271250000000000000e+02 1.890501616305728660e-02 5.366094124561310123e-03
1.272749999999971209e+02 1.733887775679444215e-02 5.166570579065035175e-03
1.274250000000240277e+02 1.573608550936507824e-02 4.920615294305898807e-03
1.275749999999759439e+02 1.415734936838244744e-02 4.724131581330159695e-03
1.277250000000031918e+02 1.259609083192997185e-02 4.383993674145068853e-03
1.278750000000000000e+02 1.099387883144433559e-02 4.119233821095889987e-03
1.280249999999965951e+02 9.396309120756786773e-03 3.836439488044809509e-03
1.281750000000241414e+02 7.897522245720168740e-03 3.524495730132751452e-03
1.283249999999758018e+02 6.364042538309748649e-03 3.141604252818232159e-03
1.284750000000037176e+02 4.792587607827030090e-03 2.730925569459612644e-03
1.286250000000000000e+02 3.251075706105618825e-03 2.236028382840231019e-03
1.287749999999960835e+02 1.708272761589281919e-03 1.642379502221585083e-03
1.289250000000242835e+02 2.894818480051147120e-04 6.735386825538163110e-04
