# Radius RDF_mean RDF_std
7.500000000000896228e-02 1.097862940183481073e-01 6.797651852763499924e-01
2.249999999999577616e-01 1.265475602806916122e-01 4.218196045595767885e-01
3.750000000000000000e-01 1.224410500464137297e-01 3.197532579657461071e-01
5.249999999999700462e-01 1.261883902893565501e-01 2.760064616959228001e-01
6.750000000001169509e-01 1.257560560405232564e-01 2.416502095154681173e-01
8.249999999998777200e-01 1.342805990335511068e-01 2.282743222163700347e-01
9.750000000001839418e-01 1.314147741376358591e-01 2.030786576107707353e-01
1.125000000000000000e+00 1.403197340595778164e-01 1.977841374343205783e-01
1.274999999999773648e+00 1.396607862388705434e-01 1.845301559689581650e-01
1.424999999999764455e+00 1.478740661697508785e-01 1.796905735449444153e-01
1.575000000000282396e+00 1.458030625939681080e-01 1.704982293941050553e-01
1.725000000000170397e+00 1.563899017347341602e-01 1.677816871693223744e-01
1.875000000000000000e+00 1.610757687811102956e-01 1.635977380986331220e-01
2.025000000000070521e+00 1.691025529578627784e-01 1.620302966030040259e-01
2.174999999999594813e+00 1.780884540374116642e-01 1.609091085075353977e-01
2.325000000000426059e+00 1.888886570564566880e-01 1.604964202328596212e-01
2.474999999999678124e+00 2.007669552075225516e-01 1.589032724538939345e-01
2.625000000000000000e+00 2.118145162238406765e-01 1.611079895902943482e-01
2.775000000000444444e+00 2.233325477658339442e-01 1.609134989831316198e-01
2.924999999999512212e+00 2.437797245040448091e-01 1.642994768730769717e-01
3.075000000000499334e+00 2.622524952998162573e-01 1.658763717046078390e-01
3.224999999999414779e+00 2.811897313952945177e-01 1.653053079691906846e-01
3.375000000000000000e+00 3.054182067436484460e-01 1.696172887309491950e-01
3.525000000000659384e+00 3.348419558589520451e-01 1.729207299491679062e-01
3.674999999999857714e+00 3.679268977913574545e-01 1.765961886024133842e-01
3.825000000000022382e+00 4.045134421048666162e-01 1.827890227654138389e-01
3.974999999999250466e+00 4.493363422112049421e-01 1.899215367998791371e-01
4.125000000000000000e+00 5.041865079286845797e-01 1.968264799236542906e-01
4.275000000000798828e+00 5.745218068721468230e-01 2.036225543859918607e-01
4.425000000000374634e+00 6.727162623317444190e-01 2.186948708085164894e-01
4.574999999999541878e+00 8.097615028709176377e-01 2.348533411790021952e-01
4.724999999999138112e+00 9.582322804035615649e-01 2.546162170398694746e-01
4.875000000000000000e+00 1.051814584448190315e+00 2.618995069453387003e-01
5.025000000000897415e+00 1.067436238554285044e+00 2.574876727313754055e-01
5.175000000000743228e+00 1.017876477161213877e+00 2.502907685770703328e-01
5.324999999999196376e+00 9.492483466088950106e-01 2.371895142839751669e-01
5.474999999999057287e+00 8.691347974589839209e-01 2.240117501863860827e-01
5.625000000000000000e+00 7.936962413207389044e-01 2.101436101514642663e-01
5.775000000000969358e+00 7.384970379431519127e-01 1.998974519486498846e-01
5.925000000001017675e+00 6.914711878980519533e-01 1.931551358743844315e-01
6.074999999998936140e+00 6.539170063658250598e-01 1.850725874872551913e-01
6.224999999998995115e+00 6.309152661261490103e-01 1.781714101618207535e-01
6.375000000000000000e+00 6.139750427580411563e-01 1.746583329698511433e-01
6.525000000001025313e+00 6.019413828743139794e-01 1.711765596721381844e-01
6.675000000001229949e+00 5.985184521914299616e-01 1.673094765612126722e-01
6.824999999998733635e+00 5.994409013092273364e-01 1.665595785601143297e-01
6.974999999999387690e+00 6.065235414265848224e-01 1.664164207987754163e-01
7.125000000000000000e+00 6.180761042834674868e-01 1.663502141302490300e-01
7.275000000000346745e+00 6.312690306485182479e-01 1.690081163564577105e-01
7.425000000001398703e+00 6.488345427155044476e-01 1.655309087909139221e-01
7.574999999998571099e+00 6.697660938270886266e-01 1.657245904892313271e-01
7.725000000000012079e+00 6.908164026561759430e-01 1.680670672950033973e-01
7.875000000000000000e+00 7.167755978206933332e-01 1.729162862886643171e-01
8.024999999999771205e+00 7.416116246182815619e-01 1.710422487551874482e-01
8.175000000001539036e+00 7.721638575508830149e-01 1.753032451794668822e-01
8.324999999998437872e+00 7.979155503468087218e-01 1.735298255329980888e-01
8.475000000000525446e+00 8.249695009108971577e-01 1.775150326615498875e-01
8.625000000000000000e+00 8.567922062885552359e-01 1.765248584425380129e-01
8.774999999999291589e+00 8.757081143315840199e-01 1.796322822409601172e-01
8.925000000001652722e+00 9.017209121698203100e-01 1.801611668406118971e-01
9.074999999998325961e+00 9.172464439205868514e-01 1.812748559339874832e-01
9.225000000000957101e+00 9.328019418750944647e-01 1.812583088404257636e-01
9.375000000000000000e+00 9.393985766860359909e-01 1.815257610389197085e-01
9.524999999998890132e+00 9.414717473549794047e-01 1.800751460400412951e-01
9.675000000001750422e+00 9.380234772045830116e-01 1.751874997125475175e-01
9.824999999998231814e+00 9.283470421733944766e-01 1.735631088071552253e-01
9.975000000001321254e+00 9.106314044368244431e-01 1.736068822369618292e-01
1.012500000000000000e+01 8.941483723938876693e-01 1.692923355785817541e-01
1.027499999999854730e+01 8.749289230186426680e-01 1.664383762107323472e-01
1.042500000000183391e+01 8.535765282585042746e-01 1.627968310458292323e-01
1.057499999999815010e+01 8.338224750043216060e-01 1.587337737185197661e-01
1.072500000000163745e+01 8.181226807893282604e-01 1.551958367672591765e-01
1.087500000000000000e+01 8.003128956714768982e-01 1.541525047229682921e-01
1.102499999999824887e+01 7.919926353396165020e-01 1.545274066145971292e-01
1.117500000000190674e+01 7.817752687814523149e-01 1.483818374077464364e-01
1.132499999999808082e+01 7.822211010315218704e-01 1.515405233786931150e-01
1.147500000000190923e+01 7.813598398009058421e-01 1.474902993596209078e-01
1.162500000000000000e+01 7.833756267912169724e-01 1.476442046948635012e-01
1.177499999999798952e+01 7.887403512496445890e-01 1.479962223308873281e-01
1.192500000000196891e+01 7.974620445577790262e-01 1.489225442335008753e-01
1.207499999999801865e+01 8.092984816371197043e-01 1.492028292894723995e-01
1.222500000000215081e+01 8.217570689604151157e-01 1.489370951071570526e-01
1.237500000000000000e+01 8.359783131775671006e-01 1.484311823717962830e-01
1.252499999999776215e+01 8.505138225773284377e-01 1.498449784066586965e-01
1.267500000000202398e+01 8.662698464013399713e-01 1.492879696914063414e-01
1.282499999999796536e+01 8.830957385708173568e-01 1.503561204991508415e-01
1.297500000000236220e+01 8.951557707862076718e-01 1.484628436973026433e-01
1.312500000000000000e+01 9.077351080365380076e-01 1.503324388476532936e-01
1.327499999999756142e+01 9.210268462947744927e-01 1.506656390007330981e-01
1.342500000000173088e+01 9.319193813093621381e-01 1.503459283007442526e-01
1.357499999999841833e+01 9.377581209977193799e-01 1.492611059018911224e-01
1.372500000000255049e+01 9.434417604750031661e-01 1.490842442320392536e-01
1.387500000000000000e+01 9.473558292915713608e-01 1.474011156586041427e-01
1.402499999999738023e+01 9.489139923593914450e-01 1.482699888310379244e-01
1.417500000000102034e+01 9.461934343976793338e-01 1.486207840430604499e-01
1.432499999999911111e+01 9.461076640187235931e-01 1.484835220414668921e-01
1.447500000000271925e+01 9.371067644585345802e-01 1.459926108755777163e-01
1.462500000000000000e+01 9.320123593978908438e-01 1.446983994524863038e-01
1.477499999999721680e+01 9.293547835122861756e-01 1.415677236217997848e-01
1.492500000000038618e+01 9.199092500959227259e-01 1.404484393220636340e-01
1.507499999999973639e+01 9.131137590679727634e-01 1.405475590906330174e-01
1.522500000000287201e+01 9.058411675166778698e-01 1.408706205732321026e-01
1.537500000000000000e+01 9.026514218193009143e-01 1.381044712907043281e-01
1.552499999999706937e+01 8.999079321486512795e-01 1.390207182312332423e-01
1.567499999999980886e+01 8.953102551732221581e-01 1.378504033102711801e-01
1.582500000000029772e+01 8.943485984734904637e-01 1.377338390975394733e-01
1.597500000000300879e+01 8.937158320485789620e-01 1.366212705340691114e-01
1.612500000000000000e+01 8.956558035883636082e-01 1.350821189361699759e-01
1.627499999999693969e+01 8.988460755756574327e-01 1.349979557672179309e-01
1.642499999999928662e+01 9.036388972887500204e-01 1.332860884515445488e-01
1.657500000000081286e+01 9.071106289779783394e-01 1.343338928460174053e-01
1.672500000000313847e+01 9.137877827478708692e-01 1.340052850836754572e-01
1.687500000000000000e+01 9.223110244404520985e-01 1.348766349750446791e-01
1.702499999999681535e+01 9.295322012851633398e-01 1.346047124839866160e-01
1.717499999999880700e+01 9.380563432669549728e-01 1.351539419077674442e-01
1.732500000000128182e+01 9.436338947119546905e-01 1.351527593709727360e-01
1.747500000000325215e+01 9.541117025352444658e-01 1.347389922947170304e-01
1.762500000000000000e+01 9.574427574005858199e-01 1.338517300931634513e-01
1.777499999999670521e+01 9.672629724899970416e-01 1.345523087244218374e-01
1.792499999999837357e+01 9.706736828889697133e-01 1.337147756740313664e-01
1.807500000000171170e+01 9.770653288166627481e-01 1.337980683579159946e-01
1.822500000000335874e+01 9.765627598653963126e-01 1.341118719145893423e-01
1.837500000000000000e+01 9.802741056866894898e-01 1.314002091509858805e-01
1.852499999999660218e+01 9.785610649439420161e-01 1.317299121308572740e-01
1.867499999999797211e+01 9.792231299195371941e-01 1.295385329183070533e-01
1.882500000000210960e+01 9.755574493821470572e-01 1.322502837922123198e-01
1.897500000000345466e+01 9.772861669458372536e-01 1.307262398053779251e-01
1.912500000000000000e+01 9.771818230946127670e-01 1.288809189724702264e-01
1.927499999999650626e+01 9.740822932147684687e-01 1.304655556491130519e-01
1.942499999999759908e+01 9.697363262471974110e-01 1.279258533565499623e-01
1.957500000000247198e+01 9.680257405760205325e-01 1.257473002566473486e-01
1.972500000000354348e+01 9.657484726479912407e-01 1.263049661521351841e-01
1.987500000000000000e+01 9.611004949919758067e-01 1.274770560927797614e-01
2.002499999999642100e+01 9.631183673851740901e-01 1.245161170899591052e-01
2.017499999999725446e+01 9.602507633357472150e-01 1.246565137053744221e-01
2.032500000000281304e+01 9.624724203313443915e-01 1.239830612334253124e-01
2.047500000000362874e+01 9.604911628989785122e-01 1.232598273569390918e-01
2.062500000000000000e+01 9.611702425596543309e-01 1.231013085851335037e-01
2.077499999999633928e+01 9.644626239307901860e-01 1.225025225661198064e-01
2.092499999999693472e+01 9.672392081612262160e-01 1.229709141025031316e-01
2.107500000000312212e+01 9.712691522111428499e-01 1.226621272699768839e-01
2.122500000000370690e+01 9.753916843215407750e-01 1.214762203409413960e-01
2.137500000000000000e+01 9.786256444516020503e-01 1.219400674490408176e-01
2.152499999999626468e+01 9.781031087227978205e-01 1.209922149491136356e-01
2.167499999999663984e+01 9.849433333283789116e-01 1.210543206405953892e-01
2.182500000000341700e+01 9.870701062065893039e-01 1.206680178243210999e-01
2.197500000000377796e+01 9.925901748617244058e-01 1.203591154014989062e-01
2.212500000000000000e+01 9.970950596820664646e-01 1.207568562257389372e-01
2.227499999999619718e+01 9.989559495446993509e-01 1.197453488655590148e-01
2.242499999999636273e+01 9.989532504679796698e-01 1.194906721685943668e-01
2.257500000000369056e+01 1.002167803732191942e+00 1.210424657069203436e-01
2.272500000000384546e+01 1.006305214696817663e+00 1.195395511628987995e-01
2.287500000000000000e+01 1.006871246367507355e+00 1.187718479213036721e-01
2.302499999999612967e+01 1.007062738486727449e+00 1.175994612234319420e-01
2.317499999999610338e+01 1.007638237252055369e+00 1.178881590928683304e-01
2.332500000000394635e+01 1.007849281406295372e+00 1.179232770987392181e-01
2.347500000000390941e+01 1.005141810785437739e+00 1.176446109969288417e-01
2.362500000000000000e+01 1.005127908939002168e+00 1.183677453957941023e-01
2.377499999999606928e+01 1.002369987812992358e+00 1.169992621079644218e-01
2.392499999999586180e+01 1.003844846808799041e+00 1.154397216436113538e-01
2.407500000000418439e+01 1.001378616820373324e+00 1.160317783764466815e-01
2.422500000000396625e+01 1.000358295368351857e+00 1.147484699876123448e-01
2.437500000000000000e+01 1.001000871781570156e+00 1.140798599345182185e-01
2.452499999999600888e+01 9.991278052053885750e-01 1.135474696124972732e-01
2.467499999999563087e+01 9.976799856497945429e-01 1.134396895544040329e-01
2.482500000000441176e+01 9.989233628823441791e-01 1.139601097833352339e-01
2.497500000000402309e+01 9.960986485992698869e-01 1.132364868668863656e-01
2.512500000000000000e+01 9.986099762543353409e-01 1.126177128267100841e-01
2.527499999999595559e+01 1.001769158337323828e+00 1.127165274185530364e-01
2.542499999999541771e+01 9.989912465409837017e-01 1.123641556600620400e-01
2.557500000000462137e+01 1.003486197406325164e+00 1.121826909659395521e-01
2.572500000000407638e+01 1.003621132456847143e+00 1.126956118519087668e-01
2.587500000000000000e+01 1.005396621302893090e+00 1.110023644757396760e-01
2.602499999999590585e+01 1.006208520295468034e+00 1.096995089229405862e-01
2.617499999999521521e+01 1.008128931827564800e+00 1.110066107210488234e-01
2.632500000000482032e+01 1.010478723188858785e+00 1.088946841360028672e-01
2.647500000000383480e+01 1.011173243733598071e+00 1.125027776584524991e-01
2.662500000000000000e+01 1.012787710193462809e+00 1.098890998549834214e-01
2.677499999999647073e+01 1.016436990382969752e+00 1.102196221358664185e-01
2.692499999999502691e+01 1.015886808419075527e+00 1.103051992614135918e-01
2.707500000000501217e+01 1.016506957422999236e+00 1.089168714297750057e-01
2.722500000000308873e+01 1.015366804271755630e+00 1.089080604515930834e-01
2.737500000000000000e+01 1.019173387209525661e+00 1.089773408093483581e-01
2.752499999999719549e+01 1.018124755444856699e+00 1.080117941761150335e-01
2.767499999999484928e+01 1.020432930691746565e+00 1.087716595526534713e-01
2.782500000000518625e+01 1.019899333290566812e+00 1.075983456282774975e-01
2.797500000000238529e+01 1.016411274695212974e+00 1.071922070886955347e-01
2.812500000000000000e+01 1.017624523750148002e+00 1.067170201856085243e-01
2.827499999999788827e+01 1.018030184925336146e+00 1.068113816641331898e-01
2.842499999999467164e+01 1.018219284826743953e+00 1.054034809272335615e-01
2.857500000000536033e+01 1.017500147235776087e+00 1.066612791954073269e-01
2.872500000000171028e+01 1.015419829352379288e+00 1.055571723004732065e-01
2.887500000000000000e+01 1.016055988490215611e+00 1.055308898127589878e-01
2.902499999999854552e+01 1.016530736353010278e+00 1.064127174583846813e-01
2.917499999999451177e+01 1.015238299687309942e+00 1.050294930861791903e-01
2.932500000000552021e+01 1.014647111282933611e+00 1.039408457189897467e-01
2.947500000000107434e+01 1.016215741453298627e+00 1.030218761913889308e-01
2.962500000000000000e+01 1.017840623856438587e+00 1.023481297739247536e-01
2.977499999999917080e+01 1.017505967697043268e+00 1.043248888290918414e-01
2.992499999999435900e+01 1.015336808343813679e+00 1.030552459553430306e-01
3.007500000000566942e+01 1.018025392491748615e+00 1.037265904350379714e-01
3.022500000000047393e+01 1.019415639040258892e+00 1.035545029145482077e-01
3.037500000000000000e+01 1.019775097676220765e+00 1.028995551251450369e-01
3.052499999999976410e+01 1.021884367311125974e+00 1.030078950542543670e-01
3.067499999999420623e+01 1.021022369832500498e+00 1.030119491246201113e-01
3.082500000000581508e+01 1.023305891568351500e+00 1.029148366587317454e-01
3.097499999999989839e+01 1.022633060670521399e+00 9.991450250385131016e-02
3.112500000000000000e+01 1.024771702701656073e+00 1.018242391197386049e-01
3.127500000000032898e+01 1.024364586648691233e+00 1.007253269468128681e-01
3.142499999999406768e+01 1.024598405272223234e+00 1.017172649599345641e-01
3.157500000000595364e+01 1.024251718748461437e+00 1.007016782153279805e-01
3.172499999999935127e+01 1.026703836198688213e+00 1.009466541596366479e-01
3.187500000000000000e+01 1.025465115455382659e+00 9.971671150410833795e-02
3.202500000000086544e+01 1.025598134194448896e+00 1.018417823508674935e-01
3.217499999999394333e+01 1.024508957955318378e+00 9.954933946760295693e-02
3.232500000000609219e+01 1.025065182995204438e+00 9.940676279488612488e-02
3.247499999999882903e+01 1.028543684850255380e+00 9.899199089583976541e-02
3.262500000000000000e+01 1.026077519313596031e+00 9.728256932032242066e-02
3.277500000000137703e+01 1.024639795126769171e+00 9.864294971434164894e-02
3.292499999999381544e+01 1.024647896482647758e+00 9.864785358211924926e-02
3.307500000000621299e+01 1.024545702878004505e+00 9.826872194284540230e-02
3.322499999999832454e+01 1.023360435900912302e+00 9.736881394117627431e-02
3.337500000000000000e+01 1.022829907622688328e+00 9.777854608268869707e-02
3.352500000000186731e+01 1.023490914445849054e+00 9.748172961747776644e-02
3.367499999999368754e+01 1.023408760832515751e+00 9.713974114682080718e-02
3.382500000000633378e+01 1.025028548632971992e+00 9.726658185734084194e-02
3.397499999999784848e+01 1.023309530859754624e+00 9.641369472531088891e-02
3.412500000000000000e+01 1.025113518912737165e+00 9.630901895354986031e-02
3.427500000000233626e+01 1.022520681566939205e+00 9.530252625558004176e-02
3.442499999999357385e+01 1.024543355361720698e+00 9.563025777153966178e-02
3.457500000000644746e+01 1.024905983823354294e+00 9.646681425563168044e-02
3.472499999999739373e+01 1.024335102443105994e+00 9.524601403149314527e-02
3.487500000000000000e+01 1.026820403244858904e+00 9.544949873303451571e-02
3.502500000000278391e+01 1.027852351312003032e+00 9.580272119828819877e-02
3.517499999999346016e+01 1.027312840616676048e+00 9.350266863728891320e-02
3.532500000000656115e+01 1.027909564125012665e+00 9.550904232645879288e-02
3.547499999999695319e+01 1.026807396679068063e+00 9.509848677773821701e-02
3.562500000000000000e+01 1.025795670458768738e+00 9.613227941576538149e-02
3.577500000000321734e+01 1.027853028507517585e+00 9.467957796298041850e-02
3.592499999999336069e+01 1.027604715897080467e+00 9.352031921403890224e-02
3.607500000000666773e+01 1.029069441590015233e+00 9.493981055374492439e-02
3.622499999999653397e+01 1.028773902912884397e+00 9.476856298677616142e-02
3.637500000000000000e+01 1.026082385423611854e+00 9.349284548886625801e-02
3.652500000000362235e+01 1.027743542261662313e+00 9.411222232000773791e-02
3.667499999999325411e+01 1.029439098170108924e+00 9.406788580260223853e-02
3.682500000000676721e+01 1.027723356220310746e+00 9.343142423593872592e-02
3.697499999999613607e+01 1.026213626688718294e+00 9.318459622610579529e-02
3.712500000000000000e+01 1.027855871565833912e+00 9.270842708026279244e-02
3.727500000000402736e+01 1.026462306647632383e+00 9.165339323277990613e-02
3.742499999999315463e+01 1.027348057889904354e+00 9.183822548539638531e-02
3.757500000000686668e+01 1.027043244662950494e+00 9.283820916362232889e-02
3.772499999999575238e+01 1.025938613876748340e+00 9.294311179799470690e-02
3.787500000000000000e+01 1.025408632819057919e+00 9.100003622534165448e-02
3.802500000000440394e+01 1.026736655567872303e+00 9.144072271784908779e-02
3.817499999999306226e+01 1.022630704555564929e+00 9.148135082460957801e-02
3.832500000000695906e+01 1.026744821830535503e+00 9.066096537358610263e-02
3.847499999999537579e+01 1.026843200590647376e+00 9.238378919922346499e-02
3.862500000000000000e+01 1.028187332715356783e+00 9.228016337469906183e-02
3.877500000000476632e+01 1.026252294241681184e+00 9.142857462543120539e-02
3.892499999999297700e+01 1.025971963760956340e+00 9.158768556180792164e-02
3.907500000000705143e+01 1.027410126326368633e+00 9.045588714820754217e-02
3.922499999999502052e+01 1.026480136341366034e+00 8.987230213082945951e-02
3.937500000000000000e+01 1.027218193665373258e+00 9.089339171692306651e-02
3.952500000000512159e+01 1.026141736287400352e+00 8.942390133895061766e-02
3.967499999999288463e+01 1.027070353835106253e+00 8.997728290929124517e-02
3.982500000000712959e+01 1.027850720654529981e+00 8.954659082622040689e-02
3.997499999999467946e+01 1.025802074066861413e+00 8.980824221956394682e-02
4.012500000000000000e+01 1.025432339301403983e+00 8.943017215664104957e-02
4.027500000000545555e+01 1.026881942777168710e+00 9.023959657332158990e-02
4.042499999999279936e+01 1.025540719503832632e+00 8.863004148238864954e-02
4.057500000000721485e+01 1.027676299535225546e+00 8.963178367942756242e-02
4.072499999999434550e+01 1.024491500326611515e+00 8.903847196771841332e-02
4.087500000000000000e+01 1.026435342212314694e+00 8.795892140212563381e-02
4.102500000000578240e+01 1.027959726851448652e+00 8.805036389351798831e-02
4.117499999999272120e+01 1.025022415446957602e+00 8.732290285396744622e-02
4.132500000000730012e+01 1.025413051208228010e+00 8.898279825564872625e-02
4.147499999999402576e+01 1.026756374810155803e+00 8.852624082301421837e-02
4.162500000000000000e+01 1.024032582345843601e+00 8.835732670896104257e-02
4.177500000000609504e+01 1.023452096050885052e+00 8.756207992364963000e-02
4.192499999999264304e+01 1.026054856984254915e+00 8.810881760661522233e-02
4.207500000000737828e+01 1.024251551974024954e+00 8.661153424653487976e-02
4.222499999999372022e+01 1.024498907524558522e+00 8.688278266721524701e-02
4.237500000000000000e+01 1.025385296577851824e+00 8.682084183552780943e-02
4.252500000000640057e+01 1.024029118878123645e+00 8.711284734664277718e-02
4.267499999999256488e+01 1.024629609738582081e+00 8.632396740068257190e-02
4.282500000000744933e+01 1.024553682103663377e+00 8.715297948373483539e-02
4.297499999999342180e+01 1.023074930667026816e+00 8.655535970667477264e-02
4.312500000000000000e+01 1.022479509543952059e+00 8.639127190896564445e-02
4.327500000000669900e+01 1.023496077627310541e+00 8.663068793731730499e-02
4.342499999999249383e+01 1.022020381494860519e+00 8.721962469175016663e-02
4.357500000000752038e+01 1.022583650654033116e+00 8.597238357153645649e-02
4.372499999999313758e+01 1.022725461032590877e+00 8.773764144398342457e-02
4.387500000000000000e+01 1.022848394431764785e+00 8.463503803166297357e-02
4.402500000000697611e+01 1.023078995766560251e+00 8.576991577817644208e-02
4.417499999999242277e+01 1.022178281862042626e+00 8.442290989894266073e-02
4.432500000000759144e+01 1.022142289094107204e+00 8.492722450221594499e-02
4.447499999999286047e+01 1.022649231036612649e+00 8.582438051504075183e-02
4.462500000000000000e+01 1.023102058614354215e+00 8.536192345843553186e-02
4.477500000000724611e+01 1.022675184601896659e+00 8.366493213424683328e-02
4.492499999999235882e+01 1.021459967838995953e+00 8.638001383599391847e-02
4.507500000000766249e+01 1.022369611269678069e+00 8.506213272700383077e-02
4.522499999999259757e+01 1.021412247486493285e+00 8.461286707056260570e-02
4.537500000000000000e+01 1.021054091229152361e+00 8.292761074130124144e-02
4.552500000000750902e+01 1.021681328223823959e+00 8.561144157955778711e-02
4.567499999999228777e+01 1.021319136186998655e+00 8.348709173479373913e-02
4.582500000000772644e+01 1.021114994811712640e+00 8.307650394335490407e-02
4.597499999999233466e+01 1.022886350972538549e+00 8.307308256485362863e-02
4.612500000000000000e+01 1.020908287470712050e+00 8.373326735484422356e-02
4.627500000000776481e+01 1.022592086764192443e+00 8.283036202358047551e-02
4.642499999999223093e+01 1.020121398227355369e+00 8.317835731513899267e-02
4.657500000000779039e+01 1.019921027756072185e+00 8.287956323212126997e-02
4.672499999999207887e+01 1.021058405893868537e+00 8.321807749895199224e-02
4.687500000000000000e+01 1.019268021778049649e+00 8.354360682426761886e-02
4.702500000000801350e+01 1.019887631524836857e+00 8.198403426292458218e-02
4.717499999999216698e+01 1.020287456381770763e+00 8.418952612421935766e-02
4.732500000000784723e+01 1.019777619523515311e+00 8.232615669976303674e-02
4.747499999999183729e+01 1.021251640586038345e+00 8.251986017781663685e-02
4.762500000000000000e+01 1.018446872826233696e+00 8.132979069595804023e-02
4.777500000000825509e+01 1.017908805701929431e+00 8.229380044038253628e-02
4.792499999999211013e+01 1.018587921464602974e+00 8.140313765196220686e-02
4.807500000000790408e+01 1.018712370896750929e+00 8.270881240296329429e-02
4.822499999999160281e+01 1.018072926289139479e+00 8.203734873519774595e-02
4.837500000000000000e+01 1.016974238592093016e+00 8.221472830875552196e-02
4.852500000000848956e+01 1.017311714135849643e+00 8.153510511931084948e-02
4.867499999999204618e+01 1.019083697435654301e+00 8.210504629799629528e-02
4.882500000000796092e+01 1.017350931480476506e+00 8.159444124490104755e-02
4.897499999999137543e+01 1.017797092066378584e+00 8.138457384815071805e-02
4.912500000000000000e+01 1.017676274692899119e+00 8.058770545039477262e-02
4.927500000000870983e+01 1.017471366085191287e+00 8.201881257452341145e-02
4.942499999999198934e+01 1.018449764736963470e+00 8.116277797637741487e-02
4.957500000000802487e+01 1.015790423668566644e+00 7.988463266231085602e-02
4.972499999999115516e+01 1.018389762774286389e+00 8.140158631727938132e-02
4.987500000000000000e+01 1.014375451004421613e+00 8.039811687974644794e-02
5.002500000000893010e+01 1.016401804035098611e+00 7.994217172710782471e-02
5.017499999999193960e+01 1.016085999854211774e+00 7.894728551525588556e-02
5.032500000000807461e+01 1.016010008308015022e+00 8.027876100443355478e-02
5.047499999999094200e+01 1.015629378506961444e+00 8.030415939494428557e-02
5.062500000000000000e+01 1.014417907277880060e+00 7.952280880791791351e-02
5.077500000000914326e+01 1.015372504443179835e+00 8.027815404609753291e-02
5.092499999999188276e+01 1.014678059355062834e+00 7.987114962783793681e-02
5.107500000000812435e+01 1.014561785068587518e+00 7.965764058247579160e-02
5.122499999999072884e+01 1.014525948867827765e+00 8.038437513555787839e-02
5.137500000000000000e+01 1.014194858732184290e+00 7.855638579592376380e-02
5.152500000000934932e+01 1.014803180556802520e+00 7.945560218979033640e-02
5.167499999999183302e+01 1.014640455592090484e+00 7.860640009184205468e-02
5.182500000000818119e+01 1.012419292702873230e+00 7.885114363249932923e-02
5.197499999999052989e+01 1.012292806069198248e+00 7.881825226085785452e-02
5.212500000000000000e+01 1.013605019359876014e+00 7.887253537970183304e-02
5.227500000000954827e+01 1.013268444593794948e+00 7.920165334716558481e-02
5.242499999999178328e+01 1.013208953989963357e+00 7.844856026770898050e-02
5.257500000000806040e+01 1.012636922446201515e+00 7.750979341788886978e-02
5.272499999999033804e+01 1.013210200689258045e+00 7.857262611704546318e-02
5.287500000000000000e+01 1.013851550827093551e+00 7.773195517853835612e-02
5.302500000000974723e+01 1.012714166577421082e+00 7.797038754728048693e-02
5.317499999999255778e+01 1.012845022276646967e+00 7.799766788020481845e-02
5.332500000000729301e+01 1.012318599933376806e+00 7.751809916455423832e-02
5.347499999999015330e+01 1.012184777418564829e+00 7.766678159707626761e-02
5.362500000000000000e+01 1.013496337174337292e+00 7.849938505154435697e-02
5.377500000000993197e+01 1.011717161561864753e+00 7.766237876099135740e-02
5.392499999999331095e+01 1.012148528699910344e+00 7.723052370655472676e-02
5.407500000000654694e+01 1.011133848537745683e+00 7.741263401656327259e-02
5.422499999998996145e+01 1.011078180541119975e+00 7.798369201789001615e-02
5.437500000000000000e+01 1.010481835360297564e+00 7.663970408552854552e-02
5.452500000001011671e+01 1.011032894882357702e+00 7.662656529956035634e-02
5.467499999999403570e+01 1.011158450281427701e+00 7.675513981404798181e-02
5.482500000000581508e+01 1.010397677183931364e+00 7.650067311125460789e-02
5.497499999998977671e+01 1.010334487294890282e+00 7.699099187430807900e-02
5.512500000000000000e+01 1.010579501288981330e+00 7.694309028439579035e-02
5.527500000001029434e+01 1.011408806396064675e+00 7.719574017786282050e-02
5.542499999999475335e+01 1.009921860780264247e+00 7.551730169992694475e-02
5.557500000000510454e+01 1.009795039959731078e+00 7.533745446885084518e-02
5.572499999998960618e+01 1.008458616647029737e+00 7.578754224845614396e-02
5.587500000000000000e+01 1.009396076917086882e+00 7.508901262014620881e-02
5.602500000001046487e+01 1.009029350898438038e+00 7.524455002195490350e-02
5.617499999999544258e+01 1.009530619417108754e+00 7.626574537003255605e-02
5.632500000000441531e+01 1.009640874477632400e+00 7.614456464436303307e-02
5.647499999998942855e+01 1.007439470188978170e+00 7.456726095371732366e-02
5.662500000000000000e+01 1.009609878232913482e+00 7.530670860694325952e-02
5.677500000001062830e+01 1.009072512391401277e+00 7.429455185446402765e-02
5.692499999999611759e+01 1.009029333160800679e+00 7.541789270814575064e-02
5.707500000000374030e+01 1.009069526462503363e+00 7.485117718010031451e-02
5.722499999998926512e+01 1.007933144952209759e+00 7.504782476555346693e-02
5.737500000000000000e+01 1.007413450792368437e+00 7.383967661090669321e-02
5.752500000001079172e+01 1.008161756754084593e+00 7.400363497426565296e-02
5.767499999999677129e+01 1.009375878143761618e+00 7.473900702424064735e-02
5.782500000000310081e+01 1.007010246449867141e+00 7.391287688907136055e-02
5.797499999998910170e+01 1.007484913176477370e+00 7.467480920262833943e-02
5.812500000000000000e+01 1.006585409606835180e+00 7.448027692463332627e-02
5.827500000001095515e+01 1.007149867011334132e+00 7.375323426105424851e-02
5.842499999999741078e+01 1.007773823571878946e+00 7.348145983429131556e-02
5.857500000000246132e+01 1.006631539607860448e+00 7.366257105905270330e-02
5.872499999998893827e+01 1.005783543253966128e+00 7.405468040697933685e-02
5.887500000000000000e+01 1.005800350741850258e+00 7.417541693513686474e-02
5.902500000001111857e+01 1.006270180732618424e+00 7.343998551639416283e-02
5.917499999999803606e+01 1.006198570354098765e+00 7.289602069673302431e-02
5.932500000000184315e+01 1.005913303404492698e+00 7.330943767693873236e-02
5.947499999998878906e+01 1.006220241322255848e+00 7.393446105761000697e-02
5.962500000000000000e+01 1.005417177572833776e+00 7.232279934157347101e-02
5.977500000001126779e+01 1.006218561273309664e+00 7.316757984467139875e-02
5.992499999999864002e+01 1.005889949352460899e+00 7.248082203103195509e-02
6.007500000000123919e+01 1.003800534431269043e+00 7.292367812243437386e-02
6.022499999998863984e+01 1.005130138738408618e+00 7.148249815841603572e-02
6.037500000000000000e+01 1.005229876200629313e+00 7.280367310782566437e-02
6.052500000001142411e+01 1.003957270928694134e+00 7.165560427830501566e-02
6.067499999999923688e+01 1.004570125818773585e+00 7.246100064038679678e-02
6.082500000000064944e+01 1.003840710088262922e+00 7.192237696910440403e-02
6.097499999998849773e+01 1.003182917779017247e+00 7.224348403252857376e-02
6.112500000000000000e+01 1.004422479815828551e+00 7.189647234473504900e-02
6.127500000001155911e+01 1.003986513957602744e+00 7.208852701554688269e-02
6.142499999999980531e+01 1.002618426070758906e+00 7.146049237742632676e-02
6.157500000000007390e+01 1.002902506773800217e+00 7.201807191130361885e-02
6.172499999998834852e+01 1.000602790532880926e+00 7.149232206559553993e-02
6.187500000000000000e+01 1.001923483766478773e+00 7.132782914229292281e-02
6.202500000001170122e+01 1.001970560378550923e+00 7.195194935905227518e-02
6.217500000000037375e+01 1.002236782265056192e+00 7.047825162688360623e-02
6.232499999999951967e+01 1.001518939667606967e+00 7.114766925971501010e-02
6.247499999998820641e+01 1.002615485226193259e+00 7.006919358867433334e-02
6.262500000000000000e+01 1.001112294441515393e+00 7.059786090559769245e-02
6.277500000001184333e+01 1.002283671672696608e+00 7.083790779538171045e-02
6.292500000000092086e+01 1.000117188687571268e+00 7.019903096457255631e-02
6.307499999999897256e+01 1.001076094345409784e+00 7.065255359139205327e-02
6.322499999998807851e+01 1.000928441515458234e+00 7.050766231112333415e-02
6.337500000000000000e+01 1.000209720178182327e+00 7.060039199950500499e-02
6.352500000001197833e+01 1.000213227745664346e+00 7.037828239388344009e-02
6.367500000000146798e+01 1.000767530717663112e+00 6.967967218837897714e-02
6.382499999999843254e+01 9.999503586989169079e-01 7.033777452374220807e-02
6.397499999998793641e+01 1.000201054506896003e+00 6.930012596112790357e-02
6.412500000000000000e+01 9.989415734098803235e-01 6.905115604065022172e-02
6.427500000001211333e+01 9.999845772781218445e-01 7.019968373693560859e-02
6.442500000000200089e+01 9.984173132847291576e-01 6.971797832777378023e-02
6.457499999999791385e+01 9.995554854817362278e-01 7.025177361263458542e-02
6.472499999998781561e+01 9.988136647300014381e-01 6.978041179450289455e-02
6.487500000000000000e+01 9.980631636217286440e-01 6.997104744031180934e-02
6.502500000001224123e+01 9.987583285660657229e-01 6.985744088741296931e-02
6.517500000000251248e+01 9.975123325351521464e-01 6.905505454365175322e-02
6.532499999999740226e+01 9.981675634973083966e-01 6.899731308031735455e-02
6.547499999998768772e+01 9.978017325265633453e-01 6.967017915173125131e-02
6.562500000000000000e+01 9.970999541341489802e-01 6.857428158159789566e-02
6.577500000001236913e+01 9.979881543563080548e-01 6.934693095142852037e-02
6.592500000000300986e+01 9.966355703538252175e-01 6.903521519775045190e-02
6.607499999999690488e+01 9.963321881207403141e-01 6.979574294428780856e-02
6.622499999998755982e+01 9.980342240242190410e-01 6.844036628546419643e-02
6.637500000000000000e+01 9.973417438550125080e-01 6.885726801347936965e-02
6.652500000001249703e+01 9.986436135765390798e-01 6.948589717430703194e-02
6.667500000000349303e+01 9.962701526735057156e-01 6.798716633196165426e-02
6.682499999999640750e+01 9.966590352791040441e-01 6.870820510177752527e-02
6.697499999998743192e+01 9.960344937167281421e-01 6.821723153903458403e-02
6.712500000000000000e+01 9.954534760877525867e-01 6.784910613712873129e-02
6.727500000001261071e+01 9.960924367948867930e-01 6.823193540900414356e-02
6.742500000000397620e+01 9.967029185432590976e-01 6.791916903843515929e-02
6.757499999999593854e+01 9.964093766763140181e-01 6.790432098857766829e-02
6.772499999998731823e+01 9.967681887203350133e-01 6.852623488266157414e-02
6.787500000000000000e+01 9.962155836888605398e-01 6.793023133909162348e-02
6.802500000001272440e+01 9.953660413990724765e-01 6.835263276047437442e-02
6.817500000000444516e+01 9.946709782301239589e-01 6.810930033486327362e-02
6.832499999999546958e+01 9.968629718551306196e-01 6.790656340701503590e-02
6.847499999998720455e+01 9.959629779884167089e-01 6.714154632963696689e-02
6.862500000000000000e+01 9.947326091120585190e-01 6.765482964288206669e-02
6.877500000001283809e+01 9.950722357292174358e-01 6.850744376486657405e-02
6.892500000000489990e+01 9.948112463472579270e-01 6.741274422689955137e-02
6.907499999999501483e+01 9.968867753699144352e-01 6.726493813583250825e-02
6.922499999998709086e+01 9.947253120484498279e-01 6.689236603674968140e-02
6.937500000000000000e+01 9.949011995770888905e-01 6.666938979136331767e-02
6.952500000001295177e+01 9.944547871295884578e-01 6.711884285414136675e-02
6.967500000000535465e+01 9.962854267008847131e-01 6.719280043692023308e-02
6.982499999999456008e+01 9.938031120796417817e-01 6.692883145887952578e-02
6.997499999998697717e+01 9.950843106209641409e-01 6.682791639837813713e-02
7.012500000000000000e+01 9.945413858933230822e-01 6.702263509317221701e-02
7.027500000001306546e+01 9.930857962026109487e-01 6.664157376516133269e-02
7.042500000000579519e+01 9.943255282596988875e-01 6.667453917469248759e-02
7.057499999999413376e+01 9.949102910126964572e-01 6.685299132890219764e-02
7.072499999998686349e+01 9.952997210084471025e-01 6.622760460168272689e-02
7.087500000000000000e+01 9.937329083990620315e-01 6.593847211756002913e-02
7.102500000001316494e+01 9.933231702958881248e-01 6.640911525743443955e-02
7.117500000000620730e+01 9.948526838906984748e-01 6.614630287174502743e-02
7.132499999999369322e+01 9.943850333648820428e-01 6.520414442317090664e-02
7.147499999998676401e+01 9.942222972288491389e-01 6.667030210721311412e-02
7.162500000000000000e+01 9.945573766021752471e-01 6.570504925692083331e-02
7.177500000001327862e+01 9.942158759003537627e-01 6.628059588268309099e-02
7.192500000000663363e+01 9.952740282786303183e-01 6.561375071976953410e-02
7.207499999999328111e+01 9.937686745155160928e-01 6.569263168890454585e-02
7.222499999998666453e+01 9.934466042893265181e-01 6.530572330902612022e-02
7.237500000000000000e+01 9.948771174328716604e-01 6.542499556494248136e-02
7.252500000001337810e+01 9.944665539289295753e-01 6.622161698848912093e-02
7.267500000000704574e+01 9.945048252928261334e-01 6.426710099368931894e-02
7.282499999999286899e+01 9.936440276288464046e-01 6.578676257093861446e-02
7.297499999998655085e+01 9.946816703343425159e-01 6.553168537420700490e-02
7.312500000000000000e+01 9.939800500979528719e-01 6.628512527448922331e-02
7.327500000001347757e+01 9.941583952848698225e-01 6.613707375292497692e-02
7.342500000000745786e+01 9.940171368304835386e-01 6.456792222328505693e-02
7.357499999999247109e+01 9.946837630496031535e-01 6.464098097619881689e-02
7.372499999998646558e+01 9.947956461353066882e-01 6.577037266173153818e-02
7.387500000000000000e+01 9.943123477101413199e-01 6.406970315359794554e-02
7.402500000001359126e+01 9.947849736274306798e-01 6.503940041933410632e-02
7.417500000000785576e+01 9.948599594325850948e-01 6.424109713507565600e-02
7.432499999999207319e+01 9.936416064395723335e-01 6.404478404693855764e-02
7.447499999998635190e+01 9.952799395966206442e-01 6.453292404830580919e-02
7.462500000000000000e+01 9.942690496606557682e-01 6.483508939736674914e-02
7.477500000001367653e+01 9.943608601359107402e-01 6.443044910567295724e-02
7.492500000000823945e+01 9.943646377201588171e-01 6.505110366686817081e-02
7.507499999999168949e+01 9.950088781657491221e-01 6.409265451143249248e-02
7.522499999998626663e+01 9.940964140009814765e-01 6.399181065909284594e-02
7.537500000000000000e+01 9.948170101053599446e-01 6.400965607738012819e-02
7.552500000001377600e+01 9.940745829055888105e-01 6.448836567325293145e-02
7.567500000000862315e+01 9.942819692695044065e-01 6.478466656904320609e-02
7.582499999999130580e+01 9.931211904697576642e-01 6.411244438788475664e-02
7.597499999998616715e+01 9.938487762101707590e-01 6.485048477646686294e-02
7.612500000000000000e+01 9.940912985832706106e-01 6.373364105521722722e-02
7.627500000001386127e+01 9.946950389864753772e-01 6.439088845544232997e-02
7.642500000000899263e+01 9.947593580893149268e-01 6.453298380791901157e-02
7.657499999999093632e+01 9.941544520436679244e-01 6.345809446670165610e-02
7.672499999998608189e+01 9.940798993015228513e-01 6.445548626612059018e-02
7.687500000000000000e+01 9.935477687599905128e-01 6.369183954787678570e-02
7.702500000001396074e+01 9.949357904479068093e-01 6.329537524340206334e-02
7.717500000000934790e+01 9.947420593376838927e-01 6.369154140444067969e-02
7.732499999999058105e+01 9.930050437087289961e-01 6.370697883280801443e-02
7.747499999998598241e+01 9.946562138992911528e-01 6.353188889176004939e-02
7.762500000000000000e+01 9.955767055252839892e-01 6.369747522049309940e-02
7.777500000001404601e+01 9.944069739680759801e-01 6.389098927421731078e-02
7.792500000000971738e+01 9.941165095805607477e-01 6.355585870528959735e-02
7.807499999999021156e+01 9.939181326204560296e-01 6.348375884007377568e-02
7.822499999998589715e+01 9.938089028053936902e-01 6.342015698382710842e-02
7.837500000000000000e+01 9.952342682412770314e-01 6.286168601397522371e-02
7.852500000001413127e+01 9.948111692643957227e-01 6.239549421316593208e-02
7.867500000001005844e+01 9.944619855646510409e-01 6.335562527400691313e-02
7.882499999998987050e+01 9.934495011639837836e-01 6.235386571011241469e-02
7.897499999998581188e+01 9.935523114968086711e-01 6.322243944834017582e-02
7.912500000000000000e+01 9.946580248847396444e-01 6.303897599266274077e-02
7.927500000001423075e+01 9.926657762089603487e-01 6.268458126756099036e-02
7.942500000001041371e+01 9.943340272952827519e-01 6.274743859165540782e-02
7.957499999998951523e+01 9.952199313415434068e-01 6.291392813302193465e-02
7.972499999998572662e+01 9.941496487060264009e-01 6.301148459781646949e-02
7.987500000000000000e+01 9.932805078455549941e-01 6.247820359356737185e-02
8.002500000001430180e+01 9.949398113290833789e-01 6.223737880841365144e-02
8.017500000001075477e+01 9.947623374039242794e-01 6.216428354954648544e-02
8.032499999998918838e+01 9.941179793200676240e-01 6.191666371546544062e-02
8.047499999998564135e+01 9.956082813267360665e-01 6.244152273593343155e-02
8.062500000000000000e+01 9.943422413721413333e-01 6.189773794459577788e-02
8.077500000001438707e+01 9.947760947206484294e-01 6.281505453230243341e-02
8.092500000001108162e+01 9.941318283607476491e-01 6.251992814464812920e-02
8.107499999998886153e+01 9.935996462046117195e-01 6.210170308891199697e-02
8.122499999998557030e+01 9.943168516655723765e-01 6.294947366649378262e-02
8.137500000000000000e+01 9.959459448140156601e-01 6.202781330142853600e-02
8.152500000001447233e+01 9.959306948962550754e-01 6.200685999393405756e-02
8.167500000001139426e+01 9.949104406742971252e-01 6.251001260706585960e-02
8.182499999998853468e+01 9.943018203993299053e-01 6.247515887887262337e-02
8.197499999998548503e+01 9.953727042218282195e-01 6.200750241566707621e-02
8.212500000000000000e+01 9.975280104150749949e-01 6.207075322144044865e-02
8.227500000001455760e+01 9.948373036760109756e-01 6.199513940338610696e-02
8.242500000001172111e+01 9.954213293319184030e-01 6.169272698652580877e-02
8.257499999998822204e+01 9.953718312631560927e-01 6.139233662559904353e-02
8.272499999998539977e+01 9.955588116011536703e-01 6.159906014633644011e-02
8.287500000000000000e+01 9.948149027311130599e-01 6.180943872928374577e-02
8.302500000001462865e+01 9.961022190489264849e-01 6.144415544440889887e-02
8.317500000001203375e+01 9.965540079744823476e-01 6.172915823042555983e-02
8.332499999998789519e+01 9.963098073091736229e-01 6.158439109853208054e-02
8.347499999998531450e+01 9.959554201784311944e-01 6.279562375906630467e-02
8.362500000000000000e+01 9.962648629661132738e-01 6.048677250596135035e-02
8.377500000001469971e+01 9.971175261320701644e-01 6.106473392152229202e-02
8.392500000001234639e+01 9.962662997209339455e-01 6.078682585582474013e-02
8.407499999998758256e+01 9.963346723530811522e-01 6.178645559892029931e-02
8.422499999998524345e+01 9.968837736716285036e-01 6.180562491611821946e-02
8.437500000000000000e+01 9.972968324997640854e-01 6.176701830267429527e-02
8.452500000001478497e+01 9.975730858635967202e-01 6.139370958345795326e-02
8.467500000001264482e+01 9.977214261716299548e-01 6.068563696178944783e-02
8.482499999998728413e+01 9.974072325831588870e-01 6.088128780277941854e-02
8.497499999998517239e+01 9.971758834521834425e-01 6.096372661305182739e-02
8.512500000000000000e+01 9.981592492846241838e-01 6.046820025360483131e-02
8.527500000001485603e+01 9.975183102015314773e-01 6.023457133999073065e-02
8.542500000001294325e+01 9.981874863909532269e-01 6.029958017707187645e-02
8.557499999998699991e+01 9.980265363238935983e-01 6.118478914926873957e-02
8.572499999998510134e+01 9.988779844828873378e-01 6.019443660527284967e-02
8.587500000000000000e+01 9.988313040614605898e-01 6.102094879985480586e-02
8.602500000001494129e+01 9.983357978473311745e-01 6.063035407929702469e-02
8.617500000001324167e+01 9.975119699410092133e-01 5.985748259607061306e-02
8.632499999998670148e+01 9.984177358302416261e-01 6.049920892677140838e-02
8.647499999998503029e+01 9.993167251539013529e-01 6.080228631354042679e-02
8.662500000000000000e+01 9.991514170292975505e-01 5.983214582667303189e-02
8.677500000001501235e+01 9.989779883107027247e-01 6.025927131324267799e-02
8.692500000001352589e+01 9.987831038404315631e-01 6.052760442011522607e-02
8.707499999998641727e+01 1.000296778661060371e+00 5.960741243431197378e-02
8.722499999998494502e+01 9.991091047410813886e-01 6.051011706859996814e-02
8.737500000000000000e+01 1.000063829013322581e+00 5.983119895410149436e-02
8.752500000001508340e+01 9.990913977474792373e-01 6.029156502143945273e-02
8.767500000001381011e+01 9.999995126839165138e-01 6.011100779929463150e-02
8.782499999998613305e+01 1.000272936472908381e+00 5.946484431644652457e-02
8.797499999998487397e+01 1.001041264136002251e+00 6.001182465062767507e-02
8.812500000000000000e+01 9.995634628951375333e-01 5.986466232894876310e-02
8.827500000001514024e+01 9.994474635642998095e-01 6.049943357702008973e-02
8.842500000001409433e+01 1.000395252794812784e+00 5.960447396137947412e-02
8.857499999998586304e+01 1.000707913712553854e+00 6.028402248320633566e-02
8.872499999998480291e+01 1.000014620739094973e+00 5.994305770083192125e-02
8.887500000000000000e+01 9.994884517520257194e-01 5.960630485458325023e-02
8.902500000001521130e+01 9.997887045220258395e-01 5.935445827743502517e-02
8.917500000001436433e+01 1.000453058036481213e+00 5.974663334608990711e-02
8.932499999998557882e+01 9.998570298398177236e-01 5.917539944050529549e-02
8.947499999998473186e+01 9.996813292339009616e-01 5.983095559881224101e-02
8.962500000000000000e+01 1.002114381986935143e+00 5.935345366610771112e-02
8.977500000001528235e+01 1.001601881823280582e+00 5.965441439581006117e-02
8.992500000001462013e+01 1.001218303697714918e+00 5.904296915741148732e-02
9.007499999998532303e+01 1.001995754330620381e+00 5.985433231227647172e-02
9.022499999998467501e+01 1.001062099329309341e+00 5.918979055828020586e-02
9.037500000000000000e+01 1.002746927074040784e+00 5.922744226266667827e-02
9.052500000001533920e+01 1.001175985407258828e+00 5.824959466172083267e-02
9.067500000001489013e+01 1.001718916664549486e+00 5.913674915937607024e-02
9.082499999998505302e+01 1.001641022687647320e+00 5.976682690070459630e-02
9.097499999998460396e+01 1.002039071140233828e+00 5.942622336622387785e-02
9.112500000000000000e+01 1.001464966253703626e+00 5.885880659216936872e-02
9.127500000001541025e+01 1.001704987987848350e+00 5.938507394475183582e-02
9.142500000001514593e+01 1.002972379367478517e+00 5.819988429034874539e-02
9.157499999998479723e+01 1.003149774246809622e+00 5.901120937780484493e-02
9.172499999998454712e+01 1.002134250283650996e+00 5.960892195623624518e-02
9.187500000000000000e+01 1.003062928536961440e+00 5.870341122058731625e-02
9.202500000001548131e+01 1.003507051493798485e+00 5.860788685259847586e-02
9.217500000001541594e+01 1.002906411748561544e+00 5.866206087131754093e-02
9.232499999998454143e+01 1.003334368295063284e+00 5.821173032647825041e-02
9.247499999998447606e+01 1.003245048376951942e+00 5.905091120192242082e-02
9.262500000000000000e+01 1.002056356540460769e+00 5.864288535629912785e-02
9.277500000001553815e+01 1.003592673648574296e+00 5.882342108629234900e-02
9.292500000001565752e+01 1.003137435293356416e+00 5.763968733710583825e-02
9.307499999998428564e+01 1.003643959214272074e+00 5.840683175531208304e-02
9.322499999998441922e+01 1.003535307181363301e+00 5.807738713534853214e-02
9.337500000000000000e+01 1.003982010818944559e+00 5.759515771408529189e-02
9.352500000001559499e+01 1.004792548134272323e+00 5.866567807903640824e-02
9.367500000001591332e+01 1.004352117520594279e+00 5.868564347375481577e-02
9.382499999998402984e+01 1.004288247400768164e+00 5.814590559598064451e-02
9.397499999998436238e+01 1.004688091053075771e+00 5.871664114967544562e-02
9.412500000000000000e+01 1.004610867386479756e+00 5.816363695042928855e-02
9.427500000001566605e+01 1.003387136159115345e+00 5.754292810952568032e-02
9.442500000001615490e+01 1.003711952066761004e+00 5.818390917130587814e-02
9.457499999998380247e+01 1.005046265201993139e+00 5.850872362121740250e-02
9.472499999998429132e+01 1.004586427078444588e+00 5.807576330371413270e-02
9.487500000000000000e+01 1.004607362203798759e+00 5.769022502826434695e-02
9.502500000001572289e+01 1.004177449745424111e+00 5.804971271623959178e-02
9.517500000001639648e+01 1.004319158501203013e+00 5.781229223993429589e-02
9.532499999998356088e+01 1.005577729136618359e+00 5.787643191479215771e-02
9.547499999998423448e+01 1.005997902653491538e+00 5.785120496079723673e-02
9.562500000000000000e+01 1.005597756498021189e+00 5.727514552440641366e-02
9.577500000001577973e+01 1.004770644228899279e+00 5.809320609147325398e-02
9.592500000001662386e+01 1.005799490153830744e+00 5.815425284695838887e-02
9.607499999998331930e+01 1.005233064840536095e+00 5.805755742974735151e-02
9.622499999998417763e+01 1.005992454053309837e+00 5.810376279404011468e-02
9.637500000000000000e+01 1.006373492249079904e+00 5.800750112228259675e-02
9.652500000001585079e+01 1.006644925398662460e+00 5.800351498467121864e-02
9.667500000001686544e+01 1.006160674111379549e+00 5.780998342521708605e-02
9.682499999998309193e+01 1.006685092255108938e+00 5.746868238205776747e-02
9.697499999998412079e+01 1.006169869201224421e+00 5.729560213498249843e-02
9.712500000000000000e+01 1.006224438024670098e+00 5.779255994968555965e-02
9.727500000001590763e+01 1.007786318670933046e+00 5.747815273142134473e-02
9.742500000001709282e+01 1.007442424817833304e+00 5.828645026614288210e-02
9.757499999998287876e+01 1.006333671853351763e+00 5.742203979537954112e-02
9.772499999998406395e+01 1.006809901773619176e+00 5.659856077812428637e-02
9.787500000000000000e+01 1.007258984220935627e+00 5.776046516197294589e-02
9.802500000001595026e+01 1.006560847486659860e+00 5.706176235902656046e-02
9.817500000001732019e+01 1.006537727627124790e+00 5.714716643314336070e-02
9.832499999998263718e+01 1.006632301229866133e+00 5.774934184330118153e-02
9.847499999998402131e+01 1.007970596921602846e+00 5.738553675950788108e-02
9.862500000000000000e+01 1.007260966964727000e+00 5.703114509992279757e-02
9.877500000001600711e+01 1.008950913357117729e+00 5.708170876967841312e-02
9.892500000001753335e+01 1.008419854753252798e+00 5.729473906333458488e-02
9.907499999998242401e+01 1.006997781125067881e+00 5.696241984064626118e-02
9.922499999998395026e+01 1.007538655387020476e+00 5.712436879743535562e-02
9.937500000000000000e+01 1.006985568261206110e+00 5.733662789952228417e-02
9.952500000001606395e+01 1.007544092756590848e+00 5.696576783882439932e-02
9.967500000001776073e+01 1.008084225396580269e+00 5.630708940424290071e-02
9.982499999998221085e+01 1.007327860866048530e+00 5.735504063441608513e-02
9.997499999998389342e+01 1.008251778736729998e+00 5.739432826282496458e-02
1.001250000000000000e+02 1.008158463659493576e+00 5.650909409357877944e-02
1.002750000000161208e+02 1.008857419529481936e+00 5.661631791103961114e-02
1.004250000000179597e+02 1.008925896392855126e+00 5.623431015649908021e-02
1.005749999999819835e+02 1.009277585638813868e+00 5.666387677160023006e-02
1.007249999999838508e+02 1.008460055764025753e+00 5.663065249916395677e-02
1.008750000000000000e+02 1.008923860513560200e+00 5.611079387011220360e-02
1.010250000000161776e+02 1.009790387536918965e+00 5.639985844799857290e-02
1.011750000000181871e+02 1.009253431328951844e+00 5.663547513334757366e-02
1.013249999999817845e+02 9.867060311463928812e-01 5.614478406880628325e-02
1.014749999999837939e+02 9.658784983574270067e-01 5.544954271545320806e-02
1.016250000000000000e+02 9.528365477212081824e-01 5.435089153018380498e-02
1.017750000000162345e+02 9.418886733859133109e-01 5.442287567780604990e-02
1.019250000000184002e+02 9.341831317023686632e-01 5.338993368305027659e-02
1.020749999999815714e+02 9.268490705725447310e-01 5.432834204314823667e-02
1.022249999999837513e+02 9.193529950227269376e-01 5.311745641081428576e-02
1.023750000000000000e+02 9.120133445042473141e-01 5.333946331075625769e-02
1.025250000000162771e+02 9.060074416988609380e-01 5.279680918767960807e-02
1.026750000000185992e+02 9.003652703871098950e-01 5.267716781451413366e-02
1.028249999999813582e+02 8.950445887022736580e-01 5.210723537654078641e-02
1.029749999999836945e+02 8.896655509109899773e-01 5.209470457004879845e-02
1.031250000000000000e+02 8.850622084670807244e-01 5.183351152623102975e-02
1.032750000000163340e+02 8.790033450090372069e-01 5.232920550022666928e-02
1.034250000000187981e+02 8.756977646966365159e-01 5.211818162742109378e-02
1.035749999999811592e+02 8.699816310377797013e-01 5.191141246196915443e-02
1.037249999999836376e+02 8.669480165985092857e-01 5.167259220264926178e-02
1.038750000000000000e+02 8.626276446894858285e-01 5.074298332467293976e-02
1.040250000000163766e+02 8.582647477091659427e-01 5.126195846860071709e-02
1.041750000000189971e+02 8.552786057604470082e-01 5.060958586094637529e-02
1.043249999999809603e+02 8.512132555126408207e-01 5.065774367165259279e-02
1.044749999999835950e+02 8.459072969480374571e-01 5.028881677506922415e-02
1.046250000000000000e+02 8.436236679519720782e-01 5.082504406051134571e-02
1.047750000000164334e+02 8.396836488428131018e-01 5.041474887641297226e-02
1.049250000000191818e+02 8.370158837369102711e-01 5.014890436786862554e-02
1.050749999999807613e+02 8.328465035856261744e-01 4.992418894010999114e-02
1.052249999999839503e+02 8.299953857197234219e-01 4.927220383146380805e-02
1.053750000000000000e+02 8.263235671405696481e-01 4.960442662353097693e-02
1.055250000000157229e+02 8.231381024075468122e-01 4.899139204285082178e-02
1.056750000000193808e+02 8.211161740476198290e-01 4.984073497761486171e-02
1.058249999999805766e+02 8.168405921585228935e-01 4.909473279442273796e-02
1.059749999999847319e+02 8.137968429169727402e-01 4.894846548831437161e-02
1.061250000000000000e+02 8.114294833450345079e-01 4.935423268699082322e-02
1.062750000000149555e+02 8.084528270177939735e-01 4.862716968345299345e-02
1.064250000000195797e+02 8.058908952745060805e-01 4.898660889819444336e-02
1.065749999999803919e+02 8.031672060279091419e-01 4.851069261265257559e-02
1.067249999999854850e+02 7.999408554293571116e-01 4.838387153542503261e-02
1.068750000000000000e+02 7.975128110544047466e-01 4.833948529992408011e-02
1.070250000000141881e+02 7.943565788316088172e-01 4.797453845985078652e-02
1.071750000000197645e+02 7.920434326772426425e-01 4.788537730102729317e-02
1.073249999999802071e+02 7.891352911085138810e-01 4.826922460757503835e-02
1.074749999999862524e+02 7.872894256655255107e-01 4.799701535926839679e-02
1.076250000000000000e+02 7.846959085508621312e-01 4.836223933668869213e-02
1.077750000000134492e+02 7.820311698306645631e-01 4.788113648355657448e-02
1.079250000000199492e+02 7.802517955297891827e-01 4.731187540391018631e-02
1.080749999999800224e+02 7.778919956720381501e-01 4.743962597493922573e-02
1.082249999999869914e+02 7.751101226849536063e-01 4.751183255485615098e-02
1.083750000000000000e+02 7.720601724567285329e-01 4.734166106637256732e-02
1.085250000000127244e+02 7.702557668295614279e-01 4.689030082363870866e-02
1.086750000000201481e+02 7.680199594444653277e-01 4.676051080163649842e-02
1.088249999999798376e+02 7.660271218649690184e-01 4.667982064372756118e-02
1.089749999999877161e+02 7.627910387778348289e-01 4.704012541882972298e-02
1.091250000000000000e+02 7.608091393438398686e-01 4.712865504228234970e-02
1.092750000000119854e+02 7.592146123447462980e-01 4.713944462573485539e-02
1.094250000000203045e+02 7.564377270886883942e-01 4.694470571197488507e-02
1.095749999999796529e+02 7.550514497648378454e-01 4.690343203732331295e-02
1.097249999999884409e+02 7.517774486196394657e-01 4.594864879237908067e-02
1.098750000000000000e+02 7.512628361529900545e-01 4.697512475441902730e-02
1.100250000000112749e+02 7.481068995986569492e-01 4.641373735711373100e-02
1.101750000000204892e+02 7.464839303138108839e-01 4.624428211083059931e-02
1.103249999999794682e+02 7.440680461890076813e-01 4.566889733274412388e-02
1.104749999999891372e+02 7.415096576164705855e-01 4.601659823611092132e-02
1.106250000000000000e+02 7.403346195051339063e-01 4.559638953787545357e-02
1.107750000000105643e+02 7.379544658401101520e-01 4.606984726404592112e-02
1.109250000000206740e+02 7.363607318945714075e-01 4.531458997744806233e-02
1.110749999999792976e+02 7.331144156093932773e-01 4.605115050388292053e-02
1.112249999999898620e+02 7.313469981605144055e-01 4.574657247043278224e-02
1.113750000000000000e+02 7.299441160866618761e-01 4.557022073330673634e-02
1.115250000000098822e+02 7.280777888491913874e-01 4.544237751534254549e-02
1.116750000000208445e+02 7.267325961765934705e-01 4.520854677823041984e-02
1.118249999999791129e+02 7.240729315398197752e-01 4.509179605855560130e-02
1.119749999999905299e+02 7.229317693338113138e-01 4.559389671791417437e-02
1.121250000000000000e+02 7.204852725966910398e-01 4.492352897458100347e-02
1.122750000000091859e+02 7.191467755626783642e-01 4.476932883441779587e-02
1.124250000000210008e+02 7.174691332165483715e-01 4.462275732694385294e-02
1.125749999999789566e+02 7.157320320563235194e-01 4.496705784241447623e-02
1.127249999999912120e+02 7.139320850835856325e-01 4.455861707867590782e-02
1.128750000000000000e+02 7.125367422614582447e-01 4.471771755774367474e-02
1.130250000000085180e+02 7.096975391654408716e-01 4.443948386153191710e-02
1.131750000000211855e+02 7.078549878739792689e-01 4.448917718880592009e-02
1.133249999999787860e+02 7.067743999362888774e-01 4.442512605018485161e-02
1.134749999999919083e+02 7.059140778295025509e-01 4.398214636777713488e-02
1.136250000000000000e+02 7.030756531665884879e-01 4.413434943265744093e-02
1.137750000000078359e+02 7.010938250830428542e-01 4.307460513975061578e-02
1.139250000000213561e+02 7.002672769787806617e-01 4.408712925369558805e-02
1.140749999999786297e+02 6.987321190905025903e-01 4.399661670700342336e-02
1.142249999999925620e+02 6.963521995285826272e-01 4.401839673545412945e-02
1.143750000000000000e+02 6.939235674072796733e-01 4.400765938091138335e-02
1.145250000000071680e+02 6.929222178308687141e-01 4.362506105744466678e-02
1.146750000000215124e+02 6.921123124728389975e-01 4.384021474659265810e-02
1.148249999999784308e+02 6.900457859735813493e-01 4.333485729559691246e-02
1.149749999999932157e+02 6.883471016678170962e-01 4.315417707342228404e-02
1.151250000000000000e+02 6.863774022452682200e-01 4.355544238787049244e-02
1.152750000000065285e+02 6.853806639017432367e-01 4.316325359620100388e-02
1.154250000000216829e+02 6.836015465377733857e-01 4.356696194820095652e-02
1.155749999999783029e+02 6.824478449696331772e-01 4.289938156654731632e-02
1.157249999999938694e+02 6.808126543094518146e-01 4.302075203715378937e-02
1.158750000000000000e+02 6.793783301305824640e-01 4.313070750016618354e-02
1.160250000000058748e+02 6.780755639598864404e-01 4.259921804380436411e-02
1.161750000000218392e+02 6.759884148845696217e-01 4.286290224284746569e-02
1.163249999999781323e+02 6.747341752613600363e-01 4.295037121138309960e-02
1.164749999999945089e+02 6.731334784146346673e-01 4.289873081815418626e-02
1.166250000000000000e+02 6.719912318317041722e-01 4.293450887744841571e-02
1.167750000000052495e+02 6.702423457396093909e-01 4.262291716080146564e-02
1.169250000000220098e+02 6.690236850898418908e-01 4.231292771086317406e-02
1.170749999999779760e+02 6.672406693604023831e-01 4.291083257930338596e-02
1.172249999999951484e+02 6.669828485247171201e-01 4.203503733341158038e-02
1.173750000000000000e+02 6.649850318321789411e-01 4.172937468668545813e-02
1.175250000000046242e+02 6.636108344685560656e-01 4.198493619096246160e-02
1.176750000000221377e+02 6.622428111686755603e-01 4.214163415518323158e-02
1.178249999999778055e+02 6.612178173991410945e-01 4.185997408990794338e-02
1.179749999999957453e+02 6.593296622125335293e-01 4.192504977452950199e-02
1.181250000000000000e+02 6.572794878336781776e-01 4.114390098771763399e-02
1.182750000000039989e+02 6.563417456744939926e-01 4.214433945325939124e-02
1.184250000000223082e+02 6.553389730706330463e-01 4.128224152218705478e-02
1.185749999999776634e+02 6.535372500309741817e-01 4.142353243892033660e-02
1.187249999999963705e+02 6.521824055701028744e-01 4.158958659202843799e-02
1.188750000000000000e+02 6.510268808792140094e-01 4.114278620638512490e-02
1.190250000000033879e+02 6.490417501931156075e-01 4.176666736506877420e-02
1.191750000000224645e+02 6.487013516424614545e-01 4.136480468362114388e-02
1.193249999999775071e+02 6.470570428263362484e-01 4.137652373837467923e-02
1.194749999999969816e+02 6.457661874158167059e-01 4.119092031402486753e-02
1.196250000000000000e+02 6.443564064262170543e-01 4.145657009356307904e-02
1.197750000000027910e+02 6.436835275055096117e-01 4.095980707857731218e-02
1.199250000000226066e+02 6.418805008618836405e-01 4.099742462096721968e-02
1.200749999999773650e+02 6.404518051597075656e-01 4.061647357983583229e-02
1.202249999999975927e+02 6.391788120195572853e-01 4.069315695405944372e-02
1.203750000000000000e+02 6.381591050473474080e-01 4.065268052479600880e-02
1.205250000000021799e+02 6.375927798810349101e-01 4.023652876754275215e-02
1.206750000000227772e+02 6.357431620726355925e-01 4.024788630535380829e-02
1.208249999999772086e+02 6.349924050031172662e-01 4.069825559804386012e-02
1.209749999999981753e+02 6.331648863652583614e-01 4.067613465236710052e-02
1.211250000000000000e+02 6.312420010938276649e-01 4.059437814270882433e-02
1.212750000000015973e+02 6.307444856939721234e-01 3.998230410719724043e-02
1.214250000000229193e+02 6.295335939246451407e-01 3.973498866772073868e-02
1.215749999999770665e+02 6.275170960759738348e-01 4.010998267535919454e-02
1.217249999999987580e+02 6.273169827582957270e-01 3.974624260891801431e-02
1.218750000000000000e+02 6.252942519892080719e-01 4.008925049822532893e-02
1.220250000000010147e+02 6.249343348011824339e-01 3.972700479215126451e-02
1.221750000000230472e+02 6.229871482582649556e-01 4.007439720101779040e-02
1.223249999999769244e+02 6.232331563180067979e-01 3.989052285758510480e-02
1.224749999999993406e+02 6.217418770024356611e-01 4.000560470674566216e-02
1.226250000000000000e+02 6.208585743006558300e-01 3.975750722984950497e-02
1.227750000000004320e+02 6.189827097132758471e-01 4.020643918000887246e-02
1.229250000000231893e+02 6.172185459938224206e-01 3.976968604512212679e-02
1.230749999999767681e+02 6.166585787454245127e-01 3.968133471232782733e-02
1.232249999999999233e+02 6.145829934664736038e-01 3.967489076627981476e-02
1.233750000000000000e+02 6.143434579677453655e-01 3.956215308156321719e-02
1.235249999999998494e+02 6.139317522487348633e-01 3.929381344240895357e-02
1.236750000000233314e+02 6.119036185908955927e-01 3.925668873586056484e-02
1.238249999999766402e+02 6.108278518068065432e-01 3.952055779858722889e-02
1.239750000000004775e+02 6.102016046099252300e-01 3.894679459141012906e-02
1.241250000000000000e+02 6.087443778976514563e-01 3.915847963341186760e-02
1.242749999999992951e+02 6.084698750968868808e-01 3.952017062157986427e-02
1.244250000000234735e+02 6.068073445465406168e-01 3.898625989649957130e-02
1.245749999999764839e+02 6.056622008374431543e-01 3.974121283880446831e-02
1.247250000000010317e+02 6.049897418032164076e-01 3.896656065715110862e-02
1.248750000000000000e+02 6.030192709741991619e-01 3.879471830864888310e-02
1.250249999999987551e+02 6.020941948311228087e-01 3.818030940233203829e-02
1.251750000000236156e+02 6.009006850024860569e-01 3.884835351789620028e-02
1.253249999999763702e+02 6.007632535681382002e-01 3.872312795133411173e-02
1.254750000000015859e+02 5.998664836468786676e-01 3.878599355014959726e-02
1.256250000000000000e+02 5.981125276596030993e-01 3.863932102084573217e-02
1.257749999999982009e+02 5.971493453627148007e-01 3.864086303382240073e-02
1.259250000000237577e+02 5.969738613102458791e-01 3.904645999773739135e-02
1.260749999999762281e+02 5.952645058063180672e-01 3.897088395986882114e-02
1.262250000000021259e+02 5.930694712492473597e-01 3.902346186830092656e-02
1.263750000000000000e+02 5.927614353173444872e-01 3.808513887887762794e-02
1.265249999999976609e+02 5.904712431491757618e-01 3.840936374767001810e-02
1.266750000000238856e+02 5.645673795783922033e-01 3.734593121524942133e-02
1.268249999999760860e+02 5.492959855067636177e-01 3.681263526360878391e-02
1.269750000000026660e+02 5.360372744744513751e-01 3.636804484034514978e-02
1.271250000000000000e+02 5.270342848529979696e-01 3.651256881805805404e-02
1.272749999999971209e+02 5.182211659327256026e-01 3.611576673753658789e-02
1.274250000000240277e+02 5.105317445073445093e-01 3.584381776021412780e-02
1.275749999999759439e+02 5.033806843661235986e-01 3.508124940810156828e-02
1.277250000000031918e+02 4.966253453004541019e-01 3.489944308216971769e-02
1.278750000000000000e+02 4.897145553794409745e-01 3.435974718538627182e-02
1.280249999999965951e+02 4.835455936578781921e-01 3.474815525566925245e-02
1.281750000000241414e+02 4.781102163105605540e-01 3.455692778201988058e-02
1.283249999999758018e+02 4.722599425500459969e-01 3.395037567859376243e-02
1.284750000000037176e+02 4.667337506735020902e-01 3.366126965505279733e-02
1.286250000000000000e+02 4.618500948590418265e-01 3.349089441204709805e-02
1.287749999999960835e+02 4.566544516702543688e-01 3.350467752978668334e-02
1.289250000000242835e+02 4.517261201261234538e-01 3.300814772086469590e-02
1.290749999999756881e+02 4.469716453171018178e-01 3.304437826957969809e-02
1.292250000000042292e+02 4.429410240684976685e-01 3.296542581053139853e-02
1.293750000000000000e+02 4.383586111435787691e-01 3.235136395953040062e-02
1.295249999999955719e+02 4.340202272315690779e-01 3.208321863198692475e-02
1.296750000000243972e+02 4.293222888137221971e-01 3.242036833819054997e-02
1.298249999999755460e+02 4.249317481618798409e-01 3.207149753079912430e-02
1.299750000000047692e+02 4.211045696524507997e-01 3.189924910877419556e-02
1.301250000000000000e+02 4.171420290767873795e-01 3.179838373288453035e-02
1.302749999999950319e+02 4.128740382317765967e-01 3.166956611655524084e-02
1.304250000000245393e+02 4.097134431078732208e-01 3.148879159219473978e-02
1.305749999999754323e+02 4.053615009023248117e-01 3.125435525038553625e-02
1.307250000000052523e+02 4.015864286996180810e-01 3.140315273259653567e-02
1.308750000000000000e+02 3.983641507791966796e-01 3.109370202188391566e-02
1.310249999999945487e+02 3.945208231572850388e-01 3.109776933756939685e-02
1.311750000000246530e+02 3.907852333196182304e-01 3.093319374613074865e-02
1.313249999999753186e+02 3.866489571465102082e-01 3.030861167076602525e-02
1.314750000000057639e+02 3.833766759972989657e-01 3.020466580804019932e-02
1.316250000000000000e+02 3.805910533434166965e-01 3.028159705985802516e-02
1.317749999999940655e+02 3.772713480241138839e-01 2.960385070524631720e-02
1.319250000000247951e+02 3.732676347015674856e-01 2.948441422916596791e-02
1.320749999999751765e+02 3.698740797082332166e-01 2.947318882541974036e-02
1.322250000000062471e+02 3.671820151434148638e-01 2.950774539278034486e-02
1.323750000000000000e+02 3.635473544078613450e-01 2.941644157335801188e-02
1.325249999999935540e+02 3.612470251190646464e-01 2.935969421065456886e-02
1.326750000000249088e+02 3.574830361439104154e-01 2.923924549820096364e-02
1.328249999999750628e+02 3.542282097554997344e-01 2.875014219879802949e-02
1.329750000000067303e+02 3.515259639296060556e-01 2.871059059053302637e-02
1.331250000000000000e+02 3.487282957774793801e-01 2.876292561218728172e-02
1.332749999999930424e+02 3.451316391984832199e-01 2.845077595177386218e-02
1.334250000000250225e+02 3.422930396295137401e-01 2.853402432917837711e-02
1.335749999999749491e+02 3.388594425782697761e-01 2.831559166814821490e-02
1.337250000000072134e+02 3.363129744373020702e-01 2.788958668082682987e-02
1.338750000000000000e+02 3.332743044638652452e-01 2.786885871623472066e-02
1.340249999999925876e+02 3.306771786264899871e-01 2.785862036991051255e-02
1.341750000000251362e+02 3.278813797131948649e-01 2.770766114328259561e-02
1.343249999999748354e+02 3.245747618354418718e-01 2.728261371847364239e-02
1.344750000000077250e+02 3.222376809356977123e-01 2.711772400494846108e-02
1.346250000000000000e+02 3.195021836512164093e-01 2.722421387038017823e-02
1.347749999999921044e+02 3.168557889036383579e-01 2.723106973903636693e-02
1.349250000000252783e+02 3.135998910668413298e-01 2.687089701734255917e-02
1.350749999999746933e+02 3.116304227908577307e-01 2.648939236505332834e-02
1.352250000000081798e+02 3.085467440379366932e-01 2.690128048486895712e-02
1.353750000000000000e+02 3.056881203942790060e-01 2.651298192867010059e-02
1.355249999999916213e+02 3.025060720018247773e-01 2.592516009744993619e-02
1.356750000000253920e+02 3.004568163370895384e-01 2.633792015578076406e-02
1.358249999999746080e+02 2.974916518335191107e-01 2.618463637352013568e-02
1.359750000000086345e+02 2.953285654435115481e-01 2.593004417817319426e-02
1.361250000000000000e+02 2.921659554389215430e-01 2.558511474127702148e-02
1.362749999999911665e+02 2.898276154568152352e-01 2.590779503293673056e-02
1.364250000000255056e+02 2.874363658444025194e-01 2.559892167723769665e-02
1.365749999999744659e+02 2.851488562360920964e-01 2.532497220539623242e-02
1.367250000000091177e+02 2.828226927735172369e-01 2.562521305493684065e-02
1.368750000000000000e+02 2.801948736181735788e-01 2.525480061897883780e-02
1.370249999999907118e+02 2.773618011254366245e-01 2.547143257900210192e-02
1.371750000000256193e+02 2.746057177370455071e-01 2.514142397162345138e-02
1.373249999999743522e+02 2.727996779952140960e-01 2.486775117312368596e-02
1.374750000000095724e+02 2.707387993683634253e-01 2.459485670455140160e-02
1.376250000000000000e+02 2.678557675631731416e-01 2.460586695749712380e-02
1.377749999999902286e+02 2.655889702581843426e-01 2.427053267376018397e-02
1.379250000000257330e+02 2.631015236053036999e-01 2.451138512604320030e-02
1.380749999999742386e+02 2.611935161835199914e-01 2.440078999650597755e-02
1.382250000000100272e+02 2.589881653287953722e-01 2.428180819743388022e-02
1.383750000000000000e+02 2.566585930228497681e-01 2.424404623471025991e-02
1.385249999999898023e+02 2.535840286392622711e-01 2.387311926507204238e-02
1.386750000000258467e+02 2.516261301893940594e-01 2.353890080604319202e-02
1.388249999999741249e+02 2.493236092711264285e-01 2.328332336718642176e-02
1.389750000000104535e+02 2.473399367192724019e-01 2.389750580621825132e-02
1.391250000000000000e+02 2.448583813198227377e-01 2.365329518525766117e-02
1.392749999999893475e+02 2.428091006192367729e-01 2.309372390765202301e-02
1.394250000000259604e+02 2.407619752743486441e-01 2.331816457301083556e-02
1.395749999999740112e+02 2.386656607661655216e-01 2.303954601849262512e-02
1.397250000000109367e+02 2.367636822623714887e-01 2.306297298563676421e-02
1.398750000000000000e+02 2.336392448314225934e-01 2.295808568833413929e-02
1.400249999999889212e+02 2.317947561617951235e-01 2.244125413572450878e-02
1.401750000000260741e+02 2.298638620331426019e-01 2.292821475160327499e-02
1.403249999999738975e+02 2.274936525097932538e-01 2.266061170407026107e-02
1.404750000000113346e+02 2.252030043210608568e-01 2.227065065712162048e-02
1.406250000000000000e+02 2.235785306734020539e-01 2.206082490967689255e-02
1.407749999999884665e+02 2.211721414832873434e-01 2.235087551846859019e-02
1.409250000000261593e+02 2.191444130603308060e-01 2.210800091968252029e-02
1.410749999999738122e+02 2.171483974536725647e-01 2.168335596064184523e-02
1.412250000000117893e+02 2.150876363604966868e-01 2.187054911348541159e-02
1.413750000000000000e+02 2.130617030558136782e-01 2.174083223846436097e-02
1.415249999999880401e+02 2.107098575412494901e-01 2.134764359229318620e-02
1.416750000000263014e+02 2.088394770242116283e-01 2.135978148933065021e-02
1.418249999999736986e+02 2.066787778832469835e-01 2.128311785864189440e-02
1.419750000000122441e+02 2.044980736089954676e-01 2.121946475242825897e-02
1.421250000000000000e+02 2.027878825365716509e-01 2.093155654000932245e-02
1.422749999999876138e+02 2.008250631260700969e-01 2.107483993560217359e-02
1.424250000000264151e+02 1.985011873101307778e-01 2.105523130440202159e-02
1.425749999999735849e+02 1.962220985710393661e-01 2.051045981355566553e-02
1.427250000000126420e+02 1.946176344531800328e-01 2.059736230380202274e-02
1.428750000000000000e+02 1.928722428233835551e-01 2.039273677520577963e-02
1.430249999999871875e+02 1.904317598976539017e-01 2.030883265599000426e-02
1.431750000000265004e+02 1.890976382881551510e-01 2.030203391971995355e-02
1.433249999999734712e+02 1.871639648868496930e-01 2.012683509497126613e-02
1.434750000000130683e+02 1.852998289444582614e-01 1.995274130221811465e-02
1.436250000000000000e+02 1.833295225689336172e-01 1.998710375796583852e-02
1.437749999999867612e+02 1.812400442430644465e-01 1.960253204778361971e-02
1.439250000000266141e+02 1.786181939012803088e-01 1.965056071615887967e-02
1.440749999999733575e+02 1.774037375512250436e-01 1.938501648410361280e-02
1.442250000000134946e+02 1.756771153418810461e-01 1.937254166897748459e-02
1.443750000000000000e+02 1.738191200737216335e-01 1.946231037521833906e-02
1.445249999999863348e+02 1.718510362705421290e-01 1.923672288829018223e-02
1.446750000000266994e+02 1.704377049736376659e-01 1.922638188652428526e-02
1.448249999999732722e+02 1.681864169993739500e-01 1.902059197903654617e-02
1.449750000000139210e+02 1.661706561157256790e-01 1.901411070854914370e-02
1.451250000000000000e+02 1.643951058517810759e-01 1.881153911000050388e-02
1.452749999999859369e+02 1.624185737881374547e-01 1.859201629325058988e-02
1.454250000000268130e+02 1.608102596046139254e-01 1.852885176691710864e-02
1.455749999999731870e+02 1.588913638796646821e-01 1.859252728044898800e-02
1.457250000000142904e+02 1.571625350113896591e-01 1.830656366454274514e-02
1.458750000000000000e+02 1.551983381268381146e-01 1.830850725357975953e-02
1.460249999999855390e+02 1.536940107010273671e-01 1.827276770141333245e-02
1.461750000000269267e+02 1.518150186723792039e-01 1.817984595839049547e-02
1.463249999999730733e+02 1.499568464638229848e-01 1.785475548355394335e-02
1.464750000000146883e+02 1.484543550569036030e-01 1.775434616725462059e-02
1.466250000000000000e+02 1.469058542976993120e-01 1.780331767447899602e-02
1.467749999999851411e+02 1.448907406353521776e-01 1.759792008853328094e-02
1.469250000000270120e+02 1.432035873521088354e-01 1.732198720519567345e-02
1.470749999999729596e+02 1.416585555162110932e-01 1.729939079895102122e-02
1.472250000000150862e+02 1.398709738538544967e-01 1.706466297100886834e-02
1.473750000000000000e+02 1.380996126466423057e-01 1.713833410464466259e-02
1.475249999999847432e+02 1.360427707515305396e-01 1.692149590240937460e-02
1.476750000000270973e+02 1.342082421197652031e-01 1.671688316202660576e-02
1.478249999999728743e+02 1.331844604605222082e-01 1.672377261396611886e-02
1.479750000000154841e+02 1.314034851644035884e-01 1.663400354844226867e-02
1.481250000000000000e+02 1.293814872865929055e-01 1.635129278699201660e-02
1.482749999999843453e+02 1.280257225330129756e-01 1.627349430841986203e-02
1.484250000000272109e+02 1.262039077397150988e-01 1.634231673091371753e-02
1.485749999999727606e+02 1.245107829858920212e-01 1.620382452435263632e-02
1.487250000000158821e+02 1.232819449400698458e-01 1.606914728610527726e-02
1.488750000000000000e+02 1.214982815939312233e-01 1.602034017156125575e-02
1.490249999999839474e+02 1.197464677170184816e-01 1.579559596170239041e-02
1.491750000000273246e+02 1.182735284658599506e-01 1.572157229131511055e-02
1.493249999999726754e+02 1.165966633677095049e-01 1.568868843594301357e-02
1.494750000000162800e+02 1.149843470264270695e-01 1.557286309606244548e-02
1.496250000000000000e+02 1.134512982164896933e-01 1.525158958712996039e-02
1.497749999999835779e+02 1.118197621123427632e-01 1.518661834719191826e-02
1.499250000000274099e+02 1.100233749606029932e-01 1.520071201006500256e-02
1.500749999999725617e+02 1.087844712072659897e-01 1.516673707630918425e-02
1.502250000000166494e+02 1.071133197418402128e-01 1.483711376531717321e-02
1.503750000000000000e+02 1.056661992166491176e-01 1.497305423032746670e-02
1.505249999999831800e+02 1.042764557440149231e-01 1.465975453018631726e-02
1.506750000000274952e+02 1.025918395984022624e-01 1.459595402675060646e-02
1.508249999999724764e+02 1.010151758924513477e-01 1.456298126936082619e-02
1.509750000000170473e+02 9.968665273026611207e-02 1.422384204917845167e-02
1.511250000000000000e+02 9.801264822791602715e-02 1.433631117753992983e-02
1.512749999999828106e+02 9.648489548447813924e-02 1.392942835883412625e-02
1.514250000000275804e+02 9.500873482553735816e-02 1.430649734578150548e-02
1.515749999999723912e+02 9.337625963438718479e-02 1.393962050375479114e-02
1.517250000000174168e+02 9.208049767498474591e-02 1.404867118365620525e-02
1.518750000000000000e+02 9.035460626075141055e-02 1.365110797797573598e-02
1.520249999999824411e+02 8.889114712640348859e-02 1.362334034213307128e-02
1.521750000000276941e+02 8.732214940991887830e-02 1.355747592598621244e-02
1.523249999999722775e+02 8.589963273340532612e-02 1.332822937920570203e-02
1.524750000000177863e+02 8.458565186923973356e-02 1.310253747393890118e-02
1.526250000000000000e+02 8.298741784825938717e-02 1.317292341090469526e-02
1.527749999999820716e+02 8.173565254150627624e-02 1.281395551100818903e-02
1.529250000000277794e+02 8.032851241817021148e-02 1.298611081905102181e-02
1.530749999999721922e+02 7.849852855962952125e-02 1.281475887450117881e-02
1.532250000000181558e+02 7.707782739913564274e-02 1.252528350681577675e-02
1.533750000000000000e+02 7.573141712019496041e-02 1.246772191401034242e-02
1.535249999999817021e+02 7.431803804686804016e-02 1.231920044631278598e-02
1.536750000000278646e+02 7.294443361782651514e-02 1.230153733657681457e-02
1.538249999999721069e+02 7.152038851934887365e-02 1.211476271884597694e-02
1.539750000000185253e+02 7.022341914383380124e-02 1.190956472656860485e-02
1.541250000000000000e+02 6.854399532059543554e-02 1.189076607132644528e-02
1.542749999999813326e+02 6.731824028099916979e-02 1.165610591290975120e-02
1.544250000000279783e+02 6.604846571854844361e-02 1.146129795888745952e-02
1.545749999999720217e+02 6.468254789788746573e-02 1.141534967077840503e-02
1.547250000000188948e+02 6.301643011181620735e-02 1.139614506293966378e-02
1.548750000000000000e+02 6.156883874644506621e-02 1.124360043656169941e-02
1.550249999999809631e+02 6.041759387558919697e-02 1.116052617091789143e-02
1.551750000000280636e+02 5.913996905188969450e-02 1.097575599044001843e-02
1.553249999999719080e+02 5.765984854069684806e-02 1.080193868477374343e-02
1.554750000000192358e+02 5.629355767807847633e-02 1.059090643611533544e-02
1.556250000000000000e+02 5.486770219532992321e-02 1.064172827782326053e-02
1.557749999999806221e+02 5.364613946502887892e-02 1.039569678541032820e-02
1.559250000000281489e+02 5.237815085210961036e-02 1.033065970678868732e-02
1.560749999999718511e+02 5.099440076492207236e-02 1.010064077087078141e-02
1.562250000000196053e+02 4.951775339664411107e-02 9.977531729260391211e-03
1.563750000000000000e+02 4.824652113593429908e-02 9.864772198102968875e-03
1.565249999999802810e+02 4.697611909841226119e-02 9.634545540550897014e-03
1.566750000000282341e+02 4.561387250826523521e-02 9.496766794650788115e-03
1.568249999999717659e+02 4.439050229918866525e-02 9.425430551152145023e-03
1.569750000000199748e+02 4.286495642418548108e-02 9.184713412131704363e-03
1.571250000000000000e+02 4.153393776182125186e-02 9.196692315654406494e-03
1.572749999999799115e+02 4.027239915648928026e-02 9.096574254990191788e-03
1.574250000000283194e+02 3.897832868576002474e-02 8.861919074470429175e-03
1.575749999999716522e+02 3.778165723949322014e-02 8.624758077010767285e-03
1.577250000000202874e+02 3.640394801945300018e-02 8.471218204644224287e-03
1.578750000000000000e+02 3.516840128308371116e-02 8.409349197603364218e-03
1.580249999999795705e+02 3.377251961167598848e-02 8.152090518968788807e-03
1.581750000000284047e+02 3.248836478054865223e-02 7.949054884823400849e-03
1.583249999999715669e+02 3.123522708720417179e-02 7.889431084758913998e-03
1.584750000000206569e+02 2.992239021840997076e-02 7.665135693933987533e-03
1.586250000000000000e+02 2.863165050397513747e-02 7.545775353137170773e-03
1.587749999999792294e+02 2.726061212464688660e-02 7.327324806734328289e-03
1.589250000000284899e+02 2.609268004700200996e-02 7.145134656105426967e-03
1.590749999999715101e+02 2.483883736562138289e-02 7.068959688379791197e-03
1.592250000000209980e+02 2.343813996845025421e-02 6.757680231385528209e-03
1.593750000000000000e+02 2.227552567128613867e-02 6.592159067642750989e-03
1.595249999999788884e+02 2.096478222660779281e-02 6.427017952594379392e-03
1.596750000000285752e+02 1.977833355374034388e-02 6.222779490782890353e-03
1.598249999999713964e+02 1.843975252249624094e-02 6.005599257783194450e-03
1.599750000000213390e+02 1.730150867000167236e-02 5.780549040202681739e-03
1.601250000000000000e+02 1.606078664536027614e-02 5.544092622184772050e-03
1.602749999999785473e+02 1.477434638592381271e-02 5.311094057941540166e-03
1.604250000000286605e+02 1.352812065231816067e-02 5.112197486841869518e-03
1.605749999999713395e+02 1.221787491467866103e-02 4.874456835039434402e-03
1.607250000000216517e+02 1.098985311489465710e-02 4.606092981065655796e-03
1.608750000000000000e+02 9.794596362020511690e-03 4.388193237988112158e-03
1.610249999999782062e+02 8.587318983195993405e-03 4.090564804158840738e-03
1.611750000000287457e+02 7.364739724623774533e-03 3.782826335998192360e-03
1.613249999999712543e+02 6.132355888800060384e-03 3.417156063534787860e-03
1.614750000000219927e+02 4.883772112412596358e-03 3.083097317325112722e-03
1.616250000000000000e+02 3.703034277263209800e-03 2.691107079404431255e-03
1.617749999999778652e+02 2.494957610190869958e-03 2.211364401108584666e-03
1.619250000000288310e+02 1.307557327575387162e-03 1.592145228449343749e-03
1.620749999999711406e+02 2.008869949998531000e-04 6.285636285394125260e-04
