# Radius RDF_mean RDF_std
7.500000000000896228e-02 3.519865915092101200e-02 3.824517332591656493e-01
2.249999999999577616e-01 3.142737424189376988e-02 2.099625983892935144e-01
3.750000000000000000e-01 3.528246548223273188e-02 1.716126947616737064e-01
5.249999999999700462e-01 3.813188074683072915e-02 1.517338415275863162e-01
6.750000000001169509e-01 3.850435333043923658e-02 1.356379191152480845e-01
8.249999999998777200e-01 3.756047394243260812e-02 1.189409551864335224e-01
9.750000000001839418e-01 4.129073477319614854e-02 1.173329726124905936e-01
1.125000000000000000e+00 4.455703281406194621e-02 1.112792404561595699e-01
1.274999999999773648e+00 4.850907647690130137e-02 1.098726862052639835e-01
1.424999999999764455e+00 5.339345476464833762e-02 1.095453018512598381e-01
1.575000000000282396e+00 5.860457025297947931e-02 1.082447153286287406e-01
1.725000000000170397e+00 6.416649975649400817e-02 1.084901258023271003e-01
1.875000000000000000e+00 7.046436336689472502e-02 1.076802475361480077e-01
2.025000000000070521e+00 8.031440084040226968e-02 1.121691246154200294e-01
2.174999999999594813e+00 9.003400869022880337e-02 1.145925122389229167e-01
2.325000000000426059e+00 9.858057649296164682e-02 1.155813409541816827e-01
2.474999999999678124e+00 1.102942111778212886e-01 1.197717261036222447e-01
2.625000000000000000e+00 1.234347536891163971e-01 1.215205545585442276e-01
2.775000000000444444e+00 1.394356150148500506e-01 1.254092118446731019e-01
2.924999999999512212e+00 1.572120820196129809e-01 1.295315539523879955e-01
3.075000000000499334e+00 1.763816665582354781e-01 1.340254634174948001e-01
3.224999999999414779e+00 2.031816288196790776e-01 1.400768180260960893e-01
3.375000000000000000e+00 2.295362296481886499e-01 1.471865480422530070e-01
3.525000000000659384e+00 2.605485347078307368e-01 1.533355206538785376e-01
3.674999999999857714e+00 3.019849977153727938e-01 1.608627562537914557e-01
3.825000000000022382e+00 3.506226845486319910e-01 1.689713251448385911e-01
3.974999999999250466e+00 4.059863314015608182e-01 1.788199576100429344e-01
4.125000000000000000e+00 4.822978179415426392e-01 1.935837407735677140e-01
4.275000000000798828e+00 5.730441689253337190e-01 2.051909753761914645e-01
4.425000000000374634e+00 7.034902312786677214e-01 2.200612780589435991e-01
4.574999999999541878e+00 8.870625394488560467e-01 2.460361005050418493e-01
4.724999999999138112e+00 1.082651425920800436e+00 2.659428718927174251e-01
4.875000000000000000e+00 1.195697162028673821e+00 2.794454185816098724e-01
5.025000000000897415e+00 1.206617290570027423e+00 2.771938465945472108e-01
5.175000000000743228e+00 1.128780188930409878e+00 2.611710281450860260e-01
5.324999999999196376e+00 1.019840426103231446e+00 2.480030706391894157e-01
5.474999999999057287e+00 9.019283297044504710e-01 2.252778846478288299e-01
5.625000000000000000e+00 8.082282591701925867e-01 2.095581003980385715e-01
5.775000000000969358e+00 7.226119287808926428e-01 1.984871994843628584e-01
5.925000000001017675e+00 6.549995211829108266e-01 1.870615522017998744e-01
6.074999999998936140e+00 6.041298376902768386e-01 1.781615622100050922e-01
6.224999999998995115e+00 5.692065439801841098e-01 1.696098063330857830e-01
6.375000000000000000e+00 5.403684349453722335e-01 1.635568131710147532e-01
6.525000000001025313e+00 5.178171654783143563e-01 1.563769791321301117e-01
6.675000000001229949e+00 5.116376526580254103e-01 1.533959277204056670e-01
6.824999999998733635e+00 5.050943121748411313e-01 1.535237024659193150e-01
6.974999999999387690e+00 5.046763202991438879e-01 1.511300200386030135e-01
7.125000000000000000e+00 5.138342607103193460e-01 1.518083240532084599e-01
7.275000000000346745e+00 5.210075460918000001e-01 1.490605866787538536e-01
7.425000000001398703e+00 5.414354593466457199e-01 1.533599857785949705e-01
7.574999999998571099e+00 5.583866497481578817e-01 1.540841666745746130e-01
7.725000000000012079e+00 5.853953607493547207e-01 1.550181161344014735e-01
7.875000000000000000e+00 6.142884361818287120e-01 1.597317415098558346e-01
8.024999999999771205e+00 6.469417997056792213e-01 1.611707904514692868e-01
8.175000000001539036e+00 6.827448086375502712e-01 1.625747263676466103e-01
8.324999999998437872e+00 7.219084929310500831e-01 1.666733274320442437e-01
8.475000000000525446e+00 7.645992764084843518e-01 1.702729752229200644e-01
8.625000000000000000e+00 8.023144471824026347e-01 1.718973179263236783e-01
8.774999999999291589e+00 8.367489146730826555e-01 1.744423207319531766e-01
8.925000000001652722e+00 8.722408026848765816e-01 1.761166345956946266e-01
9.074999999998325961e+00 8.972922256966970878e-01 1.776370468942486680e-01
9.225000000000957101e+00 9.179620890623327867e-01 1.776096811977326273e-01
9.375000000000000000e+00 9.358083134526419267e-01 1.787548770666107234e-01
9.524999999998890132e+00 9.428905159559296534e-01 1.784171189051598772e-01
9.675000000001750422e+00 9.460987694387292812e-01 1.794051759999700790e-01
9.824999999998231814e+00 9.346836964607470044e-01 1.731903806129650447e-01
9.975000000001321254e+00 9.256787367054229998e-01 1.725430194600419964e-01
1.012500000000000000e+01 9.022341313963713194e-01 1.712377842708384668e-01
1.027499999999854730e+01 8.812663944959411300e-01 1.659029826116771578e-01
1.042500000000183391e+01 8.570855415551453804e-01 1.634161184571944203e-01
1.057499999999815010e+01 8.324940554973585538e-01 1.603392991219378672e-01
1.072500000000163745e+01 8.101347066929733831e-01 1.560733899752633769e-01
1.087500000000000000e+01 7.953220841481886128e-01 1.541501348832125529e-01
1.102499999999824887e+01 7.757302162874604168e-01 1.514057538318224483e-01
1.117500000000190674e+01 7.678853536690914972e-01 1.494267057306131741e-01
1.132499999999808082e+01 7.584500734150938506e-01 1.494156071387891804e-01
1.147500000000190923e+01 7.578475079606757925e-01 1.469674722655287813e-01
1.162500000000000000e+01 7.597449447913501297e-01 1.453712845233272599e-01
1.177499999999798952e+01 7.662113944788745412e-01 1.446108703387434802e-01
1.192500000000196891e+01 7.768082641021215595e-01 1.450733351707272634e-01
1.207499999999801865e+01 7.860851689362151618e-01 1.451532165623084514e-01
1.222500000000215081e+01 8.023607876798377614e-01 1.453742774466230403e-01
1.237500000000000000e+01 8.184246961464526349e-01 1.463327595582687990e-01
1.252499999999776215e+01 8.360760492130167032e-01 1.466797434103611908e-01
1.267500000000202398e+01 8.566494746412998129e-01 1.494796405067287670e-01
1.282499999999796536e+01 8.781359720627893717e-01 1.490661512122335441e-01
1.297500000000236220e+01 8.976699607255549385e-01 1.512976861034557585e-01
1.312500000000000000e+01 9.120379645327396645e-01 1.510360975325048261e-01
1.327499999999756142e+01 9.286191317331002892e-01 1.513606126936397900e-01
1.342500000000173088e+01 9.439097731802730262e-01 1.543923285508325138e-01
1.357499999999841833e+01 9.567326152361477209e-01 1.512180845987475264e-01
1.372500000000255049e+01 9.593626736337520500e-01 1.508287840976302030e-01
1.387500000000000000e+01 9.664523476507372868e-01 1.519577776061681873e-01
1.402499999999738023e+01 9.654287694119986218e-01 1.495491106168833351e-01
1.417500000000102034e+01 9.649101817239739143e-01 1.469669423226596383e-01
1.432499999999911111e+01 9.596263711795314233e-01 1.496821315543972186e-01
1.447500000000271925e+01 9.569315212255699032e-01 1.467306045432912875e-01
1.462500000000000000e+01 9.462744778829119685e-01 1.445694188509389078e-01
1.477499999999721680e+01 9.403687221806106278e-01 1.435122346966231643e-01
1.492500000000038618e+01 9.339836601081733525e-01 1.440872406192317545e-01
1.507499999999973639e+01 9.186591531298942126e-01 1.402964968164635284e-01
1.522500000000287201e+01 9.130803006179107895e-01 1.397827346814281280e-01
1.537500000000000000e+01 9.040311602006584346e-01 1.400963791068807474e-01
1.552499999999706937e+01 9.005111757894982416e-01 1.387443007137825757e-01
1.567499999999980886e+01 8.939448936511354971e-01 1.358082927065045742e-01
1.582500000000029772e+01 8.923864976361470802e-01 1.361017358981246317e-01
1.597500000000300879e+01 8.905426017104153269e-01 1.355104102007179123e-01
1.612500000000000000e+01 8.913134662357464766e-01 1.335990158431619446e-01
1.627499999999693969e+01 8.942270722462238863e-01 1.361847010786846335e-01
1.642499999999928662e+01 8.983770842497779130e-01 1.340098148796846078e-01
1.657500000000081286e+01 9.042570423575257976e-01 1.345132774096993444e-01
1.672500000000313847e+01 9.110762909074535676e-01 1.344946158692414961e-01
1.687500000000000000e+01 9.225438198052083871e-01 1.338822844572981619e-01
1.702499999999681535e+01 9.307800664826682002e-01 1.365231676300539543e-01
1.717499999999880700e+01 9.398276211863813012e-01 1.352307224878949998e-01
1.732500000000128182e+01 9.472945262398133615e-01 1.362157992450581112e-01
1.747500000000325215e+01 9.586491139923184468e-01 1.346459162538034549e-01
1.762500000000000000e+01 9.679631266503521125e-01 1.351442072486420121e-01
1.777499999999670521e+01 9.755481300538438871e-01 1.340014179028175823e-01
1.792499999999837357e+01 9.779392359633527487e-01 1.330173880308410106e-01
1.807500000000171170e+01 9.882366084572767884e-01 1.330141632033059185e-01
1.822500000000335874e+01 9.879921500697974590e-01 1.329883030871516214e-01
1.837500000000000000e+01 9.919864680708262439e-01 1.337842330829646098e-01
1.852499999999660218e+01 9.913508611333925469e-01 1.331385259452232406e-01
1.867499999999797211e+01 9.921575769569204173e-01 1.325886971805847747e-01
1.882500000000210960e+01 9.905390831907250337e-01 1.304286461574110378e-01
1.897500000000345466e+01 9.885321153570354458e-01 1.295901537214275423e-01
1.912500000000000000e+01 9.851943656725735687e-01 1.313954192836953028e-01
1.927499999999650626e+01 9.820732432100811593e-01 1.298797599255933632e-01
1.942499999999759908e+01 9.810226769659408097e-01 1.285721249786964671e-01
1.957500000000247198e+01 9.762345867828603474e-01 1.275627070587074807e-01
1.972500000000354348e+01 9.744254551636468697e-01 1.266705392613694803e-01
1.987500000000000000e+01 9.704124852767742615e-01 1.275108185694718566e-01
2.002499999999642100e+01 9.648368679991495833e-01 1.260434789038936965e-01
2.017499999999725446e+01 9.644317334703303990e-01 1.243288598514827870e-01
2.032500000000281304e+01 9.634651078719729256e-01 1.257481633580870839e-01
2.047500000000362874e+01 9.632586137296549333e-01 1.244602531253466149e-01
2.062500000000000000e+01 9.651502814212282733e-01 1.239859158542347128e-01
2.077499999999633928e+01 9.628016248011830314e-01 1.231190547636393379e-01
2.092499999999693472e+01 9.678189437147489693e-01 1.235666726283083661e-01
2.107500000000312212e+01 9.688518913026640256e-01 1.247867155090456176e-01
2.122500000000370690e+01 9.744336861526552429e-01 1.222458169196989214e-01
2.137500000000000000e+01 9.787285645076042595e-01 1.225001043545192458e-01
2.152499999999626468e+01 9.827766987320105674e-01 1.241075489598046089e-01
2.167499999999663984e+01 9.870631405321435015e-01 1.207340156184231600e-01
2.182500000000341700e+01 9.930071079935011147e-01 1.215733661528221182e-01
2.197500000000377796e+01 9.983693793810121120e-01 1.220391697975978934e-01
2.212500000000000000e+01 9.994530005291397678e-01 1.219038587199916673e-01
2.227499999999619718e+01 1.002258821962217938e+00 1.219195687516970439e-01
2.242499999999636273e+01 1.007844009094095661e+00 1.215944988401895105e-01
2.257500000000369056e+01 1.010414792215424074e+00 1.184142953764282663e-01
2.272500000000384546e+01 1.010867542865091284e+00 1.206334774598332299e-01
2.287500000000000000e+01 1.014746293762241347e+00 1.206937814681849352e-01
2.302499999999612967e+01 1.015098045855333808e+00 1.187097684510116657e-01
2.317499999999610338e+01 1.011913987456360964e+00 1.188835362847517063e-01
2.332500000000394635e+01 1.012352187503452905e+00 1.180021813139391085e-01
2.347500000000390941e+01 1.013510395083027094e+00 1.172854283790996099e-01
2.362500000000000000e+01 1.010905224762606469e+00 1.181505194499802569e-01
2.377499999999606928e+01 1.009932385627415607e+00 1.172710350406556273e-01
2.392499999999586180e+01 1.007199727218993868e+00 1.159269431167324338e-01
2.407500000000418439e+01 1.004562474173480213e+00 1.155996230991368223e-01
2.422500000000396625e+01 1.002810214349451723e+00 1.150057448769972734e-01
2.437500000000000000e+01 1.001566886849970084e+00 1.160759267449305576e-01
2.452499999999600888e+01 1.001157609927067593e+00 1.153017556437906099e-01
2.467499999999563087e+01 1.001653781298612156e+00 1.154893494390898112e-01
2.482500000000441176e+01 9.992942881855826354e-01 1.127721922845118241e-01
2.497500000000402309e+01 9.976602650731121180e-01 1.129019094838802501e-01
2.512500000000000000e+01 1.000717642944780383e+00 1.125651602058161393e-01
2.527499999999595559e+01 1.003960059758261192e+00 1.118182677470499625e-01
2.542499999999541771e+01 1.002451038891147839e+00 1.125685677035709181e-01
2.557500000000462137e+01 1.004425024930105215e+00 1.133093629787962769e-01
2.572500000000407638e+01 1.005187309085732172e+00 1.122241417736187657e-01
2.587500000000000000e+01 1.008638347364796406e+00 1.117205130117416706e-01
2.602499999999590585e+01 1.010365024508368625e+00 1.113952586626123925e-01
2.617499999999521521e+01 1.012471732692239446e+00 1.111683118296918626e-01
2.632500000000482032e+01 1.012712364868115333e+00 1.111616580485643990e-01
2.647500000000383480e+01 1.016137522452371433e+00 1.121187567807815505e-01
2.662500000000000000e+01 1.018263450629453004e+00 1.110787313838520474e-01
2.677499999999647073e+01 1.017839631362213115e+00 1.090080345678643425e-01
2.692499999999502691e+01 1.021086769505342051e+00 1.108607690182895206e-01
2.707500000000501217e+01 1.020670576680830166e+00 1.114763010390859704e-01
2.722500000000308873e+01 1.023472700393943224e+00 1.085979048953049642e-01
2.737500000000000000e+01 1.025821640149612746e+00 1.077594627263840643e-01
2.752499999999719549e+01 1.024039153213178288e+00 1.087810444151544320e-01
2.767499999999484928e+01 1.023745438394138674e+00 1.078669135501929555e-01
2.782500000000518625e+01 1.023685301249562585e+00 1.089206356100586859e-01
2.797500000000238529e+01 1.022946146400852019e+00 1.080201804334132015e-01
2.812500000000000000e+01 1.022144478552227120e+00 1.060836109500406937e-01
2.827499999999788827e+01 1.022048220571120991e+00 1.070480191701430467e-01
2.842499999999467164e+01 1.021088380206081059e+00 1.074805555777823690e-01
2.857500000000536033e+01 1.020651133314615322e+00 1.062751728312936877e-01
2.872500000000171028e+01 1.017594855287718980e+00 1.051892397718393046e-01
2.887500000000000000e+01 1.020375823931454873e+00 1.063587406881786185e-01
2.902499999999854552e+01 1.018094254988851866e+00 1.049039467500082479e-01
2.917499999999451177e+01 1.019150698084791973e+00 1.040439389670703152e-01
2.932500000000552021e+01 1.016796925868758583e+00 1.050975759703428464e-01
2.947500000000107434e+01 1.018413258614037975e+00 1.035657383648467683e-01
2.962500000000000000e+01 1.017311264877648780e+00 1.037097760613481662e-01
2.977499999999917080e+01 1.017819449817947142e+00 1.042407948806268886e-01
2.992499999999435900e+01 1.021080377591229604e+00 1.025326281361384206e-01
3.007500000000566942e+01 1.021236575236405431e+00 1.024337784853207867e-01
3.022500000000047393e+01 1.020680012475437604e+00 1.037296293985812551e-01
3.037500000000000000e+01 1.022837650030326007e+00 1.029525559878141372e-01
3.052499999999976410e+01 1.024108220820135529e+00 1.028587553789199610e-01
3.067499999999420623e+01 1.024967824378727244e+00 1.010642236152089340e-01
3.082500000000581508e+01 1.025326623303881135e+00 1.031328676472592493e-01
3.097499999999989839e+01 1.025558165430474622e+00 1.015382827482923522e-01
3.112500000000000000e+01 1.027173814294307652e+00 1.020814760773257057e-01
3.127500000000032898e+01 1.025940226067115768e+00 1.008323932223389174e-01
3.142499999999406768e+01 1.028952734228446353e+00 1.013299068367647937e-01
3.157500000000595364e+01 1.028177278970473951e+00 9.956444542945924736e-02
3.172499999999935127e+01 1.029741072744806196e+00 1.016500626437341348e-01
3.187500000000000000e+01 1.030538849348683117e+00 1.005184284721722943e-01
3.202500000000086544e+01 1.031333077990534530e+00 1.006431028119846721e-01
3.217499999999394333e+01 1.028553736719440836e+00 1.004885348944211804e-01
3.232500000000609219e+01 1.030164535753093080e+00 9.974914297377876493e-02
3.247499999999882903e+01 1.031664648112154747e+00 9.964825445894394396e-02
3.262500000000000000e+01 1.029185096610279126e+00 9.978923062103015051e-02
3.277500000000137703e+01 1.030521580438739981e+00 9.875794374411069054e-02
3.292499999999381544e+01 1.030281438252603765e+00 9.771415133467048486e-02
3.307500000000621299e+01 1.028327439823821576e+00 9.867272643931740417e-02
3.322499999999832454e+01 1.028548672100064731e+00 9.828548735550539373e-02
3.337500000000000000e+01 1.026846020016448646e+00 9.719636461744983469e-02
3.352500000000186731e+01 1.028913952775135865e+00 9.755823345804605362e-02
3.367499999999368754e+01 1.027837990770219312e+00 9.817521028630632474e-02
3.382500000000633378e+01 1.027305813799764378e+00 9.732051290925168574e-02
3.397499999999784848e+01 1.025865346460358429e+00 9.676921397126789226e-02
3.412500000000000000e+01 1.027747432182541276e+00 9.757926210299935899e-02
3.427500000000233626e+01 1.028591597536465896e+00 9.668932559558233997e-02
3.442499999999357385e+01 1.026438583507729430e+00 9.727658593883339866e-02
3.457500000000644746e+01 1.027069314284549062e+00 9.505240031552339430e-02
3.472499999999739373e+01 1.026918075116583617e+00 9.585082264602834412e-02
3.487500000000000000e+01 1.027373705260184567e+00 9.611747299662515287e-02
3.502500000000278391e+01 1.028142174063760628e+00 9.577353955202159985e-02
3.517499999999346016e+01 1.028058877787731529e+00 9.481993252591339183e-02
3.532500000000656115e+01 1.029559000836811622e+00 9.431557651560969202e-02
3.547499999999695319e+01 1.030202173228608631e+00 9.563076820108590281e-02
3.562500000000000000e+01 1.028900915576851371e+00 9.458695930079978609e-02
3.577500000000321734e+01 1.028887869789334220e+00 9.412249598993645272e-02
3.592499999999336069e+01 1.028482145440976936e+00 9.439435746357684176e-02
3.607500000000666773e+01 1.029543356810736610e+00 9.431452712653380643e-02
3.622499999999653397e+01 1.028249028891727868e+00 9.509060666438645670e-02
3.637500000000000000e+01 1.028818618941795604e+00 9.380610955988662181e-02
3.652500000000362235e+01 1.030091668320697984e+00 9.382605555909162565e-02
3.667499999999325411e+01 1.031169210469889297e+00 9.342405193277930620e-02
3.682500000000676721e+01 1.029840703552124426e+00 9.365632101181683988e-02
3.697499999999613607e+01 1.030518688231250479e+00 9.352031641018590524e-02
3.712500000000000000e+01 1.028423045727232754e+00 9.306074951935082440e-02
3.727500000000402736e+01 1.029039730740384240e+00 9.348390319089465439e-02
3.742499999999315463e+01 1.028659736141498415e+00 9.282968721405526757e-02
3.757500000000686668e+01 1.027848688745319317e+00 9.421740768340333694e-02
3.772499999999575238e+01 1.026364310052696016e+00 9.253882354425600754e-02
3.787500000000000000e+01 1.027084759445291651e+00 9.268085568919000317e-02
3.802500000000440394e+01 1.026386222782113888e+00 9.259308044979297492e-02
3.817499999999306226e+01 1.026565815200651155e+00 9.080841013726177746e-02
3.832500000000695906e+01 1.028182321818689404e+00 9.212396088720170573e-02
3.847499999999537579e+01 1.026041894440383961e+00 9.085337808793959857e-02
3.862500000000000000e+01 1.026643831642551241e+00 9.145612686435118655e-02
3.877500000000476632e+01 1.027256511306434472e+00 9.124823978744057984e-02
3.892499999999297700e+01 1.027329174193854833e+00 8.998290637954833859e-02
3.907500000000705143e+01 1.026931577697480114e+00 9.119537114992036508e-02
3.922499999999502052e+01 1.027224458346987612e+00 8.968458571654525091e-02
3.937500000000000000e+01 1.026921279805881548e+00 9.098603250852689561e-02
3.952500000000512159e+01 1.026992521624236376e+00 9.037836454999002844e-02
3.967499999999288463e+01 1.026930148536025378e+00 9.011934757191274181e-02
3.982500000000712959e+01 1.026568373306304238e+00 9.004323326013471962e-02
3.997499999999467946e+01 1.025957736858609470e+00 8.993449338895116718e-02
4.012500000000000000e+01 1.026159182997268049e+00 8.950650242709512483e-02
4.027500000000545555e+01 1.026832002319029824e+00 9.014190993475625080e-02
4.042499999999279936e+01 1.027679413543153508e+00 8.951073388110755702e-02
4.057500000000721485e+01 1.027403657865894493e+00 8.977843702904327039e-02
4.072499999999434550e+01 1.028056742045396543e+00 8.844325921448449590e-02
4.087500000000000000e+01 1.027503296287475720e+00 8.998398344806934901e-02
4.102500000000578240e+01 1.027068039743155081e+00 8.933342003668684472e-02
4.117499999999272120e+01 1.027741923265387047e+00 8.975256024823694001e-02
4.132500000000730012e+01 1.025540814036359327e+00 8.842656025439146750e-02
4.147499999999402576e+01 1.027023100204560002e+00 8.751582686934752942e-02
4.162500000000000000e+01 1.025714749068031173e+00 8.829927031056414299e-02
4.177500000000609504e+01 1.026046782197151730e+00 8.791963985206013854e-02
4.192499999999264304e+01 1.026336710119971407e+00 8.751304465348923312e-02
4.207500000000737828e+01 1.025014174650222376e+00 8.810971677030587923e-02
4.222499999999372022e+01 1.025720276882302606e+00 8.746444701067687677e-02
4.237500000000000000e+01 1.024292106026049476e+00 8.730121195092853392e-02
4.252500000000640057e+01 1.023116413241702771e+00 8.648619216788686059e-02
4.267499999999256488e+01 1.024704726133962129e+00 8.655784203355840201e-02
4.282500000000744933e+01 1.026212930046713545e+00 8.632407101346495359e-02
4.297499999999342180e+01 1.023458860195285425e+00 8.638699652185244382e-02
4.312500000000000000e+01 1.023499760533837177e+00 8.637839284197905421e-02
4.327500000000669900e+01 1.023850475284846739e+00 8.684621479469162297e-02
4.342499999999249383e+01 1.022591393544992178e+00 8.599792310993063793e-02
4.357500000000752038e+01 1.024080192284599011e+00 8.690823193334352992e-02
4.372499999999313758e+01 1.023667743196825963e+00 8.577444944190387721e-02
4.387500000000000000e+01 1.024281697585222028e+00 8.511978509131092052e-02
4.402500000000697611e+01 1.023607246917919378e+00 8.572456591556464056e-02
4.417499999999242277e+01 1.024567260304697358e+00 8.675877441715143523e-02
4.432500000000759144e+01 1.023306502258347184e+00 8.505997620256436353e-02
4.447499999999286047e+01 1.021052246982950162e+00 8.593925908904360977e-02
4.462500000000000000e+01 1.022887965129323451e+00 8.399510120988758211e-02
4.477500000000724611e+01 1.021940299937887930e+00 8.518830065394188134e-02
4.492499999999235882e+01 1.023383735878288237e+00 8.368135015764176232e-02
4.507500000000766249e+01 1.023347816617688144e+00 8.485118394616139592e-02
4.522499999999259757e+01 1.024016775925598699e+00 8.456027498226846573e-02
4.537500000000000000e+01 1.020788127334740114e+00 8.411592632891087828e-02
4.552500000000750902e+01 1.021906376527021987e+00 8.384220028078685771e-02
4.567499999999228777e+01 1.022060182318552224e+00 8.359203652574878629e-02
4.582500000000772644e+01 1.021008693818644453e+00 8.389372065884442842e-02
4.597499999999233466e+01 1.021177412732089396e+00 8.379731501496694157e-02
4.612500000000000000e+01 1.021133133725455666e+00 8.358896346218191997e-02
4.627500000000776481e+01 1.020144452906439625e+00 8.319563632287416133e-02
4.642499999999223093e+01 1.020145091455103792e+00 8.375274936682118587e-02
4.657500000000779039e+01 1.020692963690218003e+00 8.307196749958865867e-02
4.672499999999207887e+01 1.019721271169570675e+00 8.254820740065400841e-02
4.687500000000000000e+01 1.018537901019662906e+00 8.387899844493813817e-02
4.702500000000801350e+01 1.018678655022902335e+00 8.285311074404309861e-02
4.717499999999216698e+01 1.018585348460459450e+00 8.330810451959196061e-02
4.732500000000784723e+01 1.020059187546314750e+00 8.279846689790289205e-02
4.747499999999183729e+01 1.019809191961011052e+00 8.324560337461524295e-02
4.762500000000000000e+01 1.019522497393465787e+00 8.208859642031395010e-02
4.777500000000825509e+01 1.018913955421268724e+00 8.242415913159040208e-02
4.792499999999211013e+01 1.020087648222896881e+00 8.117978151141365395e-02
4.807500000000790408e+01 1.017598439628774054e+00 8.309596305778355063e-02
4.822499999999160281e+01 1.017367806145441422e+00 8.236973624401167093e-02
4.837500000000000000e+01 1.018822525511334787e+00 8.205462487037624986e-02
4.852500000000848956e+01 1.016659527307177235e+00 8.129216358032939627e-02
4.867499999999204618e+01 1.016369353700410150e+00 8.144179939770532228e-02
4.882500000000796092e+01 1.014379089455395677e+00 8.055460374131025170e-02
4.897499999999137543e+01 1.016190269297591042e+00 8.174061605320437351e-02
4.912500000000000000e+01 1.016501066825573840e+00 8.069271389701410113e-02
4.927500000000870983e+01 1.017388452667614684e+00 8.070571746885375763e-02
4.942499999999198934e+01 1.017594533207267116e+00 8.064481831336497986e-02
4.957500000000802487e+01 1.016689978767895131e+00 8.099521572276868753e-02
4.972499999999115516e+01 1.016896290972710837e+00 8.077621356129828512e-02
4.987500000000000000e+01 1.014510927404666862e+00 8.070788439160929417e-02
5.002500000000893010e+01 1.016671316150032922e+00 8.033681633837104485e-02
5.017499999999193960e+01 1.017233482656626053e+00 8.022588605285342622e-02
5.032500000000807461e+01 1.015635939809836685e+00 8.080890597596269986e-02
5.047499999999094200e+01 1.015007991295598710e+00 7.956293477556099225e-02
5.062500000000000000e+01 1.016480163815788318e+00 8.065240637810880409e-02
5.077500000000914326e+01 1.016946503708509475e+00 8.028829053031448504e-02
5.092499999999188276e+01 1.013772728809897661e+00 8.003707503151960556e-02
5.107500000000812435e+01 1.015746272497183078e+00 7.989283423322586508e-02
5.122499999999072884e+01 1.014412448345919371e+00 8.009668913550523073e-02
5.137500000000000000e+01 1.015161384304980707e+00 7.984562800904786151e-02
5.152500000000934932e+01 1.013346023893751058e+00 7.920597827488340403e-02
5.167499999999183302e+01 1.014128981538146679e+00 7.910264527538714285e-02
5.182500000000818119e+01 1.013322242249349081e+00 7.882623234786544086e-02
5.197499999999052989e+01 1.013269941937879226e+00 7.914279177712731095e-02
5.212500000000000000e+01 1.014840409092669038e+00 7.837959936555177753e-02
5.227500000000954827e+01 1.012792299583756384e+00 7.816554371272702029e-02
5.242499999999178328e+01 1.014741806559099402e+00 7.825615252137221867e-02
5.257500000000806040e+01 1.012535302786271796e+00 7.842817135102020387e-02
5.272499999999033804e+01 1.014715257492682765e+00 7.801008170546880338e-02
5.287500000000000000e+01 1.013163269042281156e+00 7.759746427233740751e-02
5.302500000000974723e+01 1.012965467033408951e+00 7.733253025778781542e-02
5.317499999999255778e+01 1.013690177803980408e+00 7.766552304329350787e-02
5.332500000000729301e+01 1.012892042692640437e+00 7.776549221609022067e-02
5.347499999999015330e+01 1.012590291924910568e+00 7.737469887272385716e-02
5.362500000000000000e+01 1.014326195671797270e+00 7.661575832341174785e-02
5.377500000000993197e+01 1.013416665128490823e+00 7.790083844651182754e-02
5.392499999999331095e+01 1.013370073000531502e+00 7.697398937459389023e-02
5.407500000000654694e+01 1.012856469661246539e+00 7.632490210309786360e-02
5.422499999998996145e+01 1.012609993360328087e+00 7.746483317483350561e-02
5.437500000000000000e+01 1.013086767327343152e+00 7.802955237811176614e-02
5.452500000001011671e+01 1.012278462158590964e+00 7.692530615652799775e-02
5.467499999999403570e+01 1.013586419715317710e+00 7.767828276029893619e-02
5.482500000000581508e+01 1.009505156952381855e+00 7.614408846954166810e-02
5.497499999998977671e+01 1.012168965583970071e+00 7.684337862537472807e-02
5.512500000000000000e+01 1.012064640697595053e+00 7.655168640905153643e-02
5.527500000001029434e+01 1.010088032260133106e+00 7.703642733250536112e-02
5.542499999999475335e+01 1.011745413970377649e+00 7.619693489743052661e-02
5.557500000000510454e+01 1.010348093887006193e+00 7.686156149452352815e-02
5.572499999998960618e+01 1.010241898071037037e+00 7.581317042191346167e-02
5.587500000000000000e+01 1.010081151491163398e+00 7.637429872877948833e-02
5.602500000001046487e+01 1.010059820982910583e+00 7.523331161724006177e-02
5.617499999999544258e+01 1.009446701194835816e+00 7.578093903383449625e-02
5.632500000000441531e+01 1.010066601713258017e+00 7.587990926819175586e-02
5.647499999998942855e+01 1.010900237615448560e+00 7.535884158737544969e-02
5.662500000000000000e+01 1.008860061321640522e+00 7.462840242806301205e-02
5.677500000001062830e+01 1.009499847185136634e+00 7.557874612797746416e-02
5.692499999999611759e+01 1.009177843721549950e+00 7.512373462569656157e-02
5.707500000000374030e+01 1.009658703693140591e+00 7.602421275844377380e-02
5.722499999998926512e+01 1.008916743506463876e+00 7.468395923948248361e-02
5.737500000000000000e+01 1.008799815658706134e+00 7.414501727913172524e-02
5.752500000001079172e+01 1.006913949317867596e+00 7.429818720708707136e-02
5.767499999999677129e+01 1.009053294605812168e+00 7.410962933167457301e-02
5.782500000000310081e+01 1.009100513312545466e+00 7.391194599066093496e-02
5.797499999998910170e+01 1.007206281518690627e+00 7.442381337759118587e-02
5.812500000000000000e+01 1.007515389541385309e+00 7.532196408366334528e-02
5.827500000001095515e+01 1.007201099968049407e+00 7.373502191920076887e-02
5.842499999999741078e+01 1.006474771645587074e+00 7.384882778495692468e-02
5.857500000000246132e+01 1.005565986637401155e+00 7.517875226149228762e-02
5.872499999998893827e+01 1.006340646644103831e+00 7.414575842650258930e-02
5.887500000000000000e+01 1.005843588403228406e+00 7.355379442392351308e-02
5.902500000001111857e+01 1.007330804696868087e+00 7.412195984503831825e-02
5.917499999999803606e+01 1.006515632329973542e+00 7.218365905139267902e-02
5.932500000000184315e+01 1.006241218190095932e+00 7.444189400578207771e-02
5.947499999998878906e+01 1.005337262888325478e+00 7.337664776293548186e-02
5.962500000000000000e+01 1.006426016051645611e+00 7.331682263153982415e-02
5.977500000001126779e+01 1.005465145509384817e+00 7.305544853405421257e-02
5.992499999999864002e+01 1.004251582775377516e+00 7.319419613865373042e-02
6.007500000000123919e+01 1.005551992591268373e+00 7.325133240611739205e-02
6.022499999998863984e+01 1.003842777472244485e+00 7.284194669824474444e-02
6.037500000000000000e+01 1.003958206216807314e+00 7.260819139194818472e-02
6.052500000001142411e+01 1.004720562793799843e+00 7.320349940595238802e-02
6.067499999999923688e+01 1.004739499553876092e+00 7.226151252173315664e-02
6.082500000000064944e+01 1.005443984108358668e+00 7.101949571339800926e-02
6.097499999998849773e+01 1.003257652822308277e+00 7.210614476482796187e-02
6.112500000000000000e+01 1.003327856016058561e+00 7.081678709871876143e-02
6.127500000001155911e+01 1.004082424508127458e+00 7.181843836204768183e-02
6.142499999999980531e+01 1.003075318951488271e+00 7.212852330466330841e-02
6.157500000000007390e+01 1.001950626092334984e+00 7.128450847056944095e-02
6.172499999998834852e+01 1.000883842142139546e+00 7.256357604681257234e-02
6.187500000000000000e+01 1.003235433789381625e+00 7.242577335917706194e-02
6.202500000001170122e+01 1.001454244467991250e+00 7.194139886319801669e-02
6.217500000000037375e+01 1.001496273969695761e+00 7.098400443332011922e-02
6.232499999999951967e+01 1.002050419049084429e+00 7.222588579029361189e-02
6.247499999998820641e+01 1.001669771523519215e+00 7.120046441007137072e-02
6.262500000000000000e+01 1.000873923139869781e+00 7.098132441795867997e-02
6.277500000001184333e+01 1.001909697183504200e+00 7.081957033104797905e-02
6.292500000000092086e+01 1.002071504387350487e+00 7.084566521219025359e-02
6.307499999999897256e+01 1.000993882427064108e+00 7.125208832333444764e-02
6.322499999998807851e+01 9.993084840199419894e-01 7.126196846992878531e-02
6.337500000000000000e+01 1.000073348928998351e+00 7.007093564293233323e-02
6.352500000001197833e+01 9.994953824874978077e-01 7.032724116037893103e-02
6.367500000000146798e+01 1.000267555372445605e+00 6.996457105260724119e-02
6.382499999999843254e+01 9.996849555697883138e-01 7.000229029730864472e-02
6.397499999998793641e+01 9.995265756505596899e-01 7.092492858402954514e-02
6.412500000000000000e+01 9.996786770490208029e-01 7.069031920381935175e-02
6.427500000001211333e+01 1.000868113104727675e+00 6.971243123182063739e-02
6.442500000000200089e+01 9.989997624092176176e-01 6.947570042249817668e-02
6.457499999999791385e+01 9.978384777182791598e-01 7.061836598434534373e-02
6.472499999998781561e+01 9.986063338871888906e-01 6.970367965503630747e-02
6.487500000000000000e+01 9.995615045624705042e-01 6.989116505730291751e-02
6.502500000001224123e+01 9.981585381557009917e-01 7.009087069102439005e-02
6.517500000000251248e+01 9.972302456317103658e-01 6.977075193080317650e-02
6.532499999999740226e+01 9.972275085525136307e-01 6.917034307555749995e-02
6.547499999998768772e+01 9.966977545081403544e-01 6.947612525171026343e-02
6.562500000000000000e+01 9.965410856276375462e-01 6.869446085883665343e-02
6.577500000001236913e+01 9.973851692359190224e-01 6.877874829519912969e-02
6.592500000000300986e+01 9.961297767387904400e-01 6.924961786969237310e-02
6.607499999999690488e+01 9.972791711266565384e-01 6.813843131654261087e-02
6.622499999998755982e+01 9.968179407447615992e-01 6.834506207166660130e-02
6.637500000000000000e+01 9.963398557360465535e-01 6.873262150745235166e-02
6.652500000001249703e+01 9.950971979668543632e-01 6.842660802250735697e-02
6.667500000000349303e+01 9.957846604279961822e-01 6.902688605001795763e-02
6.682499999999640750e+01 9.959484215495250092e-01 6.811327966582404747e-02
6.697499999998743192e+01 9.959031064111941722e-01 6.798954598530296267e-02
6.712500000000000000e+01 9.965495130799391088e-01 6.826643484063775469e-02
6.727500000001261071e+01 9.956537849269794238e-01 6.796750244223934145e-02
6.742500000000397620e+01 9.961230794100360830e-01 6.788831162360382809e-02
6.757499999999593854e+01 9.955517802560015506e-01 6.793193085242195395e-02
6.772499999998731823e+01 9.961134227542175479e-01 6.811446585993251313e-02
6.787500000000000000e+01 9.944663001546247827e-01 6.691270905603562136e-02
6.802500000001272440e+01 9.940373368298731638e-01 6.739093030168294418e-02
6.817500000000444516e+01 9.952361408384161612e-01 6.757134907035532156e-02
6.832499999999546958e+01 9.960285882931152468e-01 6.728421708373433230e-02
6.847499999998720455e+01 9.952011022492133208e-01 6.738928840398988873e-02
6.862500000000000000e+01 9.946684949788164865e-01 6.746630255187648084e-02
6.877500000001283809e+01 9.946390383350834918e-01 6.665563133000396157e-02
6.892500000000489990e+01 9.946138135863321628e-01 6.679966812849633118e-02
6.907499999999501483e+01 9.966843116487763554e-01 6.735843582072090219e-02
6.922499999998709086e+01 9.953123195586668359e-01 6.663217666777070114e-02
6.937500000000000000e+01 9.941034539044421026e-01 6.650681286008987281e-02
6.952500000001295177e+01 9.942513737040732380e-01 6.739275334760053138e-02
6.967500000000535465e+01 9.923093620587226660e-01 6.653682525733800590e-02
6.982499999999456008e+01 9.949274311753220079e-01 6.687770070373973141e-02
6.997499999998697717e+01 9.934813910258278868e-01 6.703450635810939695e-02
7.012500000000000000e+01 9.929943299805571444e-01 6.654150038388936816e-02
7.027500000001306546e+01 9.950959854195092769e-01 6.624600592037245550e-02
7.042500000000579519e+01 9.939230079676684149e-01 6.687924899319966365e-02
7.057499999999413376e+01 9.945954606394903363e-01 6.601605948354466458e-02
7.072499999998686349e+01 9.946927249926884596e-01 6.620483459712792063e-02
7.087500000000000000e+01 9.935830325261355567e-01 6.670944471143257226e-02
7.102500000001316494e+01 9.942222963002428360e-01 6.693005615286821974e-02
7.117500000000620730e+01 9.940720221743686302e-01 6.610861480086192843e-02
7.132499999999369322e+01 9.943898802084355504e-01 6.649153755143905054e-02
7.147499999998676401e+01 9.935469219670729490e-01 6.585290760491017970e-02
7.162500000000000000e+01 9.940295283478987054e-01 6.651550444385867511e-02
7.177500000001327862e+01 9.930809437647157845e-01 6.627836198227626818e-02
7.192500000000663363e+01 9.939732386628038485e-01 6.570334588751822191e-02
7.207499999999328111e+01 9.928669497852748993e-01 6.585591851555151754e-02
7.222499999998666453e+01 9.940122752691064045e-01 6.534027225558229623e-02
7.237500000000000000e+01 9.930854857075258613e-01 6.662951692989346753e-02
7.252500000001337810e+01 9.946667531278226004e-01 6.595576257404328624e-02
7.267500000000704574e+01 9.935932476540003666e-01 6.531170843102133972e-02
7.282499999999286899e+01 9.942844426425819782e-01 6.545969682154081926e-02
7.297499999998655085e+01 9.943259456187114598e-01 6.564931752151888233e-02
7.312500000000000000e+01 9.934544339790017942e-01 6.583163706457165198e-02
7.327500000001347757e+01 9.942128651112585036e-01 6.591976790890347049e-02
7.342500000000745786e+01 9.928233888323776402e-01 6.465722666340113778e-02
7.357499999999247109e+01 9.935112432766650681e-01 6.511197436483004419e-02
7.372499999998646558e+01 9.929387774720640492e-01 6.565186561918961994e-02
7.387500000000000000e+01 9.934998091679838605e-01 6.452134699571533683e-02
7.402500000001359126e+01 9.940263013171256601e-01 6.521212685435191780e-02
7.417500000000785576e+01 9.924033916421556301e-01 6.469889251872733282e-02
7.432499999999207319e+01 9.938644416393783709e-01 6.483734764766835301e-02
7.447499999998635190e+01 9.930307565860874153e-01 6.460856672272381751e-02
7.462500000000000000e+01 9.928397095175814924e-01 6.447205261872300530e-02
7.477500000001367653e+01 9.934656370381490520e-01 6.454172463424331929e-02
7.492500000000823945e+01 9.937279109387215925e-01 6.434012741831346416e-02
7.507499999999168949e+01 9.943277947439521647e-01 6.511307406649800844e-02
7.522499999998626663e+01 9.939572938198938390e-01 6.424607604644530512e-02
7.537500000000000000e+01 9.927677159839770615e-01 6.458372468746639838e-02
7.552500000001377600e+01 9.935032517591684265e-01 6.445672941908986431e-02
7.567500000000862315e+01 9.931756260256212610e-01 6.449042809697988488e-02
7.582499999999130580e+01 9.932397295931700842e-01 6.463142029772910024e-02
7.597499999998616715e+01 9.931563191587549078e-01 6.451982628483796112e-02
7.612500000000000000e+01 9.928973679913783990e-01 6.440180776141808672e-02
7.627500000001386127e+01 9.945339363535176114e-01 6.441339308130718255e-02
7.642500000000899263e+01 9.929648005336458860e-01 6.366554166081657418e-02
7.657499999999093632e+01 9.934838372279773955e-01 6.438963512165143954e-02
7.672499999998608189e+01 9.941024278852020890e-01 6.361137518837119142e-02
7.687500000000000000e+01 9.935273281913740151e-01 6.396959686413324075e-02
7.702500000001396074e+01 9.942311481198922163e-01 6.408720799797812395e-02
7.717500000000934790e+01 9.922755143971868641e-01 6.424179196286501636e-02
7.732499999999058105e+01 9.940186857566948309e-01 6.387515518700986883e-02
7.747499999998598241e+01 9.936644109948495895e-01 6.356462132683919630e-02
7.762500000000000000e+01 9.922507682705706822e-01 6.375258261938276938e-02
7.777500000001404601e+01 9.935422413306193024e-01 6.425545428455690933e-02
7.792500000000971738e+01 9.930376744686333357e-01 6.343539147498991615e-02
7.807499999999021156e+01 9.928474081185868494e-01 6.343514291450641496e-02
7.822499999998589715e+01 9.926032326219478286e-01 6.330785976581138064e-02
7.837500000000000000e+01 9.925604853839290476e-01 6.385302839283053811e-02
7.852500000001413127e+01 9.936797437695608082e-01 6.339194329350693324e-02
7.867500000001005844e+01 9.939039424529184652e-01 6.339901198100457436e-02
7.882499999998987050e+01 9.934064417739706387e-01 6.384227593251723398e-02
7.897499999998581188e+01 9.937453127821153087e-01 6.313503563944668218e-02
7.912500000000000000e+01 9.932476159629916035e-01 6.309221000419232284e-02
7.927500000001423075e+01 9.947387341390931947e-01 6.320586810407768930e-02
7.942500000001041371e+01 9.940645650118801191e-01 6.277134407098572400e-02
7.957499999998951523e+01 9.937562825958279333e-01 6.277189660389610737e-02
7.972499999998572662e+01 9.926304125777322129e-01 6.303088189318656331e-02
7.987500000000000000e+01 9.938356756083724930e-01 6.294853068057393308e-02
8.002500000001430180e+01 9.943617282939850588e-01 6.267989509723738417e-02
8.017500000001075477e+01 9.939458332499291338e-01 6.227931372832162804e-02
8.032499999998918838e+01 9.938879227243114789e-01 6.290968289039486350e-02
8.047499999998564135e+01 9.940485306871316151e-01 6.267562901125568742e-02
8.062500000000000000e+01 9.942447921496812002e-01 6.279862556601267798e-02
8.077500000001438707e+01 9.953565916859145046e-01 6.221947026680454962e-02
8.092500000001108162e+01 9.959625190271127471e-01 6.251942339180689701e-02
8.107499999998886153e+01 9.952164649275586639e-01 6.268378928148560236e-02
8.122499999998557030e+01 9.950500603351687401e-01 6.226258758201040633e-02
8.137500000000000000e+01 9.949835237189590398e-01 6.251974363398987711e-02
8.152500000001447233e+01 9.943351364542135640e-01 6.192845850168934158e-02
8.167500000001139426e+01 9.952190388272513788e-01 6.283697102689358993e-02
8.182499999998853468e+01 9.950139053592399474e-01 6.173614356547195425e-02
8.197499999998548503e+01 9.950111791970067676e-01 6.227541444642957502e-02
8.212500000000000000e+01 9.959686003689738332e-01 6.267340996900315486e-02
8.227500000001455760e+01 9.962372590281423079e-01 6.147381230063351382e-02
8.242500000001172111e+01 9.965613699625905930e-01 6.181212764450852437e-02
8.257499999998822204e+01 9.960744038680725554e-01 6.210489263484888361e-02
8.272499999998539977e+01 9.966825610482017428e-01 6.100303302777707048e-02
8.287500000000000000e+01 9.953753812726374717e-01 6.130793707561153078e-02
8.302500000001462865e+01 9.964152625719427947e-01 6.067240439522745415e-02
8.317500000001203375e+01 9.959558771247638553e-01 6.136181975193679555e-02
8.332499999998789519e+01 9.956671160915557817e-01 6.090992179787373811e-02
8.347499999998531450e+01 9.953191546801573031e-01 6.146984677979287770e-02
8.362500000000000000e+01 9.959860096126040840e-01 6.074616990463414107e-02
8.377500000001469971e+01 9.963987574176936812e-01 6.116817179946132388e-02
8.392500000001234639e+01 9.956529182612056106e-01 6.119124504344727877e-02
8.407499999998758256e+01 9.968307071508119011e-01 6.157448675566444540e-02
8.422499999998524345e+01 9.966195934286695701e-01 6.115964136716138533e-02
8.437500000000000000e+01 9.964986237531013868e-01 6.199772757063937850e-02
8.452500000001478497e+01 9.964401759633882971e-01 6.087817879692247747e-02
8.467500000001264482e+01 9.973669751246800885e-01 6.095696077012431602e-02
8.482499999998728413e+01 9.962560996415744663e-01 6.064684770201921732e-02
8.497499999998517239e+01 9.978837621729664820e-01 6.073397747535209251e-02
8.512500000000000000e+01 9.971461894911463064e-01 6.061431190923188134e-02
8.527500000001485603e+01 9.968844188653113170e-01 6.153128970253823188e-02
8.542500000001294325e+01 9.968391536242335871e-01 6.120839888513232574e-02
8.557499999998699991e+01 9.964172491029975598e-01 6.023585182262405913e-02
8.572499999998510134e+01 9.987232763822144754e-01 6.149690140388072712e-02
8.587500000000000000e+01 9.974080602952078989e-01 6.062430300537061112e-02
8.602500000001494129e+01 9.976486151568467742e-01 6.112590455983256399e-02
8.617500000001324167e+01 9.980433268806150338e-01 6.052416805243449049e-02
8.632499999998670148e+01 9.967073876786280984e-01 6.074189459755741788e-02
8.647499999998503029e+01 9.978655600154503480e-01 6.039286136757664875e-02
8.662500000000000000e+01 9.980325480865972487e-01 6.040019640592258349e-02
8.677500000001501235e+01 9.985383129165273930e-01 6.041518199376593595e-02
8.692500000001352589e+01 9.975610788195744538e-01 6.045099700563448530e-02
8.707499999998641727e+01 9.992161750609451776e-01 5.991883006313773741e-02
8.722499999998494502e+01 9.994524728998926966e-01 6.029588749234318645e-02
8.737500000000000000e+01 9.988549316762488361e-01 6.030689183701785222e-02
8.752500000001508340e+01 9.987524381212627977e-01 5.961405497248233043e-02
8.767500000001381011e+01 9.986621242231670248e-01 5.984651007139919071e-02
8.782499999998613305e+01 9.993396874888709203e-01 5.981015100609965440e-02
8.797499999998487397e+01 1.000316442967075004e+00 6.006196132361241863e-02
8.812500000000000000e+01 9.998612428383067963e-01 6.008702562940713976e-02
8.827500000001514024e+01 9.994659764327267215e-01 6.016040351765470501e-02
8.842500000001409433e+01 9.998841692306650319e-01 5.986652443528606149e-02
8.857499999998586304e+01 1.000497156046178837e+00 5.969756384444393355e-02
8.872499999998480291e+01 9.990607304169402125e-01 5.975279501058830545e-02
8.887500000000000000e+01 1.001006159659152406e+00 5.931587578995684007e-02
8.902500000001521130e+01 1.001163707304085770e+00 5.923097407234730050e-02
8.917500000001436433e+01 9.995786950928932102e-01 5.905933877863913523e-02
8.932499999998557882e+01 1.000522343746246268e+00 5.917089179625958234e-02
8.947499999998473186e+01 1.000716088043809959e+00 5.997213523852208683e-02
8.962500000000000000e+01 1.002084576387930914e+00 6.008716295595709078e-02
8.977500000001528235e+01 1.001651941578409311e+00 6.019103903489007867e-02
8.992500000001462013e+01 1.001184054237882259e+00 5.903244174005537609e-02
9.007499999998532303e+01 1.001006267421375107e+00 5.992285354113988799e-02
9.022499999998467501e+01 1.001401365192563064e+00 5.925245617029806927e-02
9.037500000000000000e+01 1.000821815662670700e+00 5.945515701556849247e-02
9.052500000001533920e+01 1.000972197849345546e+00 5.876624239221478474e-02
9.067500000001489013e+01 1.001273543894768858e+00 5.881687675867663251e-02
9.082499999998505302e+01 1.002414034017754974e+00 5.969085524157954903e-02
9.097499999998460396e+01 1.001365787794286089e+00 5.906343459372551119e-02
9.112500000000000000e+01 1.001916416820316735e+00 5.808667427543325046e-02
9.127500000001541025e+01 1.001639912406018018e+00 5.935105034462048734e-02
9.142500000001514593e+01 1.001907097083904352e+00 5.848011244134573156e-02
9.157499999998479723e+01 1.003338527245254186e+00 5.894777690128373548e-02
9.172499999998454712e+01 1.002422741415973428e+00 5.794094365653147671e-02
9.187500000000000000e+01 1.002296699222105403e+00 5.849067194811606585e-02
9.202500000001548131e+01 1.002630739162314599e+00 5.875311797644634099e-02
9.217500000001541594e+01 1.002684451123323939e+00 5.859752166988252409e-02
9.232499999998454143e+01 1.003024945244026522e+00 5.856682829551711211e-02
9.247499999998447606e+01 1.003791862598687024e+00 5.881114233047030071e-02
9.262500000000000000e+01 1.002913420479302209e+00 5.867680006415389171e-02
9.277500000001553815e+01 1.003359614812909140e+00 5.822477292523504239e-02
9.292500000001565752e+01 1.004577159072186587e+00 5.786352290354444122e-02
9.307499999998428564e+01 1.003164487052859544e+00 5.869179068755677603e-02
9.322499999998441922e+01 1.004540915734477124e+00 5.749138714811295736e-02
9.337500000000000000e+01 1.003176258380556130e+00 5.783270603584164671e-02
9.352500000001559499e+01 1.002648329208450040e+00 5.837144607902498838e-02
9.367500000001591332e+01 1.004302464449999377e+00 5.836315345643679209e-02
9.382499999998402984e+01 1.004097991620649166e+00 5.775423144552745830e-02
9.397499999998436238e+01 1.004985727265633066e+00 5.846624518395854286e-02
9.412500000000000000e+01 1.003638246497585040e+00 5.756830793490404913e-02
9.427500000001566605e+01 1.004064520666773985e+00 5.858660613925296967e-02
9.442500000001615490e+01 1.004373283203843004e+00 5.811638284084535283e-02
9.457499999998380247e+01 1.004962193029816708e+00 5.829608108331580524e-02
9.472499999998429132e+01 1.004360156619400923e+00 5.817377477450632467e-02
9.487500000000000000e+01 1.005267875344648010e+00 5.929676822951461534e-02
9.502500000001572289e+01 1.003865243049462563e+00 5.819293452548002926e-02
9.517500000001639648e+01 1.005007968615923675e+00 5.775025623638772865e-02
9.532499999998356088e+01 1.005395742138646575e+00 5.784129048191346406e-02
9.547499999998423448e+01 1.005281960899355509e+00 5.827465417749044113e-02
9.562500000000000000e+01 1.005429815183119135e+00 5.800861899279359524e-02
9.577500000001577973e+01 1.005274663511966482e+00 5.816689010674819249e-02
9.592500000001662386e+01 1.006704716476787720e+00 5.794723283092034771e-02
9.607499999998331930e+01 1.005602375332538490e+00 5.805635142981621644e-02
9.622499999998417763e+01 1.006113297165484033e+00 5.702210186180503571e-02
9.637500000000000000e+01 1.005342380888732956e+00 5.779112306860795245e-02
9.652500000001585079e+01 1.006162729685095680e+00 5.811083629997450262e-02
9.667500000001686544e+01 1.006733469905677136e+00 5.787684442814407942e-02
9.682499999998309193e+01 1.006610439055255712e+00 5.774712090310673424e-02
9.697499999998412079e+01 1.006276814635624905e+00 5.778336534980073325e-02
9.712500000000000000e+01 1.007471825697274115e+00 5.711070044543842261e-02
9.727500000001590763e+01 1.006551516056159334e+00 5.790752706466457261e-02
9.742500000001709282e+01 1.006627264697647961e+00 5.740073000791136304e-02
9.757499999998287876e+01 1.006499545260822970e+00 5.788454643786276888e-02
9.772499999998406395e+01 1.008018115076525278e+00 5.706964510614859210e-02
9.787500000000000000e+01 1.008490070329166377e+00 5.756240450282210097e-02
9.802500000001595026e+01 1.006753210909709262e+00 5.717387360659353934e-02
9.817500000001732019e+01 1.007490392416973579e+00 5.663687889061730374e-02
9.832499999998263718e+01 1.007746842333157256e+00 5.666276195012854427e-02
9.847499999998402131e+01 1.007816132853227353e+00 5.751999875502964571e-02
9.862500000000000000e+01 1.007001581589485939e+00 5.670411064950572899e-02
9.877500000001600711e+01 1.009071182124141375e+00 5.717815880440902526e-02
9.892500000001753335e+01 1.008208909324929348e+00 5.701883007607587428e-02
9.907499999998242401e+01 1.007600793372697590e+00 5.698693495834283168e-02
9.922499999998395026e+01 1.009491602623863837e+00 5.758499164692143513e-02
9.937500000000000000e+01 1.008211038200201415e+00 5.720435545863160332e-02
9.952500000001606395e+01 1.008851079965707997e+00 5.692974213079039086e-02
9.967500000001776073e+01 1.009183355836579477e+00 5.639845758967629297e-02
9.982499999998221085e+01 1.008722219398652031e+00 5.707074284045598328e-02
9.997499999998389342e+01 1.008549156041381067e+00 5.675433084858973187e-02
1.001250000000000000e+02 1.009313233295807022e+00 5.677752855004969401e-02
1.002750000000161208e+02 1.009281779187652495e+00 5.697694379478381033e-02
1.004250000000179597e+02 1.009235710687095500e+00 5.654662578990308358e-02
1.005749999999819835e+02 1.008882927188234468e+00 5.688875178409393690e-02
1.007249999999838508e+02 1.009299991147096565e+00 5.724148677735536872e-02
1.008750000000000000e+02 1.010510261402175258e+00 5.604138798633324925e-02
1.010250000000161776e+02 1.009334336751090966e+00 5.678380599254097272e-02
1.011750000000181871e+02 1.008682504579693662e+00 5.628831507693793368e-02
1.013249999999817845e+02 9.876672295947110936e-01 5.588659706558045392e-02
1.014749999999837939e+02 9.669534864430952004e-01 5.492734269543095293e-02
1.016250000000000000e+02 9.534402007054143535e-01 5.502298978271191743e-02
1.017750000000162345e+02 9.425161400964033875e-01 5.511590752713572267e-02
1.019250000000184002e+02 9.346382389320110340e-01 5.380640889095848062e-02
1.020749999999815714e+02 9.260691975482523430e-01 5.377839707191402890e-02
1.022249999999837513e+02 9.186332935495024055e-01 5.398388562045038086e-02
1.023750000000000000e+02 9.127691364005559027e-01 5.335171103465882053e-02
1.025250000000162771e+02 9.060558740337080197e-01 5.285348781003113006e-02
1.026750000000185992e+02 9.009798909615235329e-01 5.212371862942087597e-02
1.028249999999813582e+02 8.946243344880036030e-01 5.214758323586932837e-02
1.029749999999836945e+02 8.898968881256094088e-01 5.283119029360822116e-02
1.031250000000000000e+02 8.856159397543331702e-01 5.228723592888994548e-02
1.032750000000163340e+02 8.811605820557587565e-01 5.232822044421717861e-02
1.034250000000187981e+02 8.769858540310420114e-01 5.208147824248664237e-02
1.035749999999811592e+02 8.707092471945020451e-01 5.143581487968088006e-02
1.037249999999836376e+02 8.676136800471441202e-01 5.183629691331050060e-02
1.038750000000000000e+02 8.628775509337561767e-01 5.140957040150011953e-02
1.040250000000163766e+02 8.582753216875230740e-01 5.101787473504754838e-02
1.041750000000189971e+02 8.546791702661514778e-01 5.081516705802395506e-02
1.043249999999809603e+02 8.504327299755086722e-01 5.138377731266057652e-02
1.044749999999835950e+02 8.466114987484706367e-01 5.071314775242671130e-02
1.046250000000000000e+02 8.435942306026174009e-01 5.078675383481823236e-02
1.047750000000164334e+02 8.395537700258515201e-01 4.989204312716176426e-02
1.049250000000191818e+02 8.356479655271142892e-01 5.029624829995237023e-02
1.050749999999807613e+02 8.334955390565315092e-01 5.151890864914326906e-02
1.052249999999839503e+02 8.292520002648583466e-01 5.015384871921980958e-02
1.053750000000000000e+02 8.262161995986698759e-01 5.021153357958629132e-02
1.055250000000157229e+02 8.229451155465320467e-01 4.915923662236551528e-02
1.056750000000193808e+02 8.210816760546039150e-01 4.938571119821341671e-02
1.058249999999805766e+02 8.177846755293214365e-01 4.924211852926395350e-02
1.059749999999847319e+02 8.144071522936172647e-01 4.974293373101362770e-02
1.061250000000000000e+02 8.104821460522201315e-01 4.846458507166691992e-02
1.062750000000149555e+02 8.089901456627933696e-01 4.906451469321209541e-02
1.064250000000195797e+02 8.065051206766461478e-01 4.927896454954618088e-02
1.065749999999803919e+02 8.030147504568757588e-01 4.825093866104625956e-02
1.067249999999854850e+02 8.000203624899827615e-01 4.864911611061370489e-02
1.068750000000000000e+02 7.977027720720439863e-01 4.837809385252724720e-02
1.070250000000141881e+02 7.946690172917167949e-01 4.828048140010468559e-02
1.071750000000197645e+02 7.921055983253836308e-01 4.831678991175513554e-02
1.073249999999802071e+02 7.897297245556257339e-01 4.814457697620627002e-02
1.074749999999862524e+02 7.862393609909243963e-01 4.823130571745180839e-02
1.076250000000000000e+02 7.854168766066382812e-01 4.800314114944913280e-02
1.077750000000134492e+02 7.823000266068254049e-01 4.789420531712069301e-02
1.079250000000199492e+02 7.798053914092177852e-01 4.770992527423016660e-02
1.080749999999800224e+02 7.769012664188190698e-01 4.733138645313023085e-02
1.082249999999869914e+02 7.754278085008122767e-01 4.738501009309244172e-02
1.083750000000000000e+02 7.730820877215837106e-01 4.779115302833377571e-02
1.085250000000127244e+02 7.698280475781865695e-01 4.704084935400579953e-02
1.086750000000201481e+02 7.680387565857180743e-01 4.734454316098596349e-02
1.088249999999798376e+02 7.666174049152827408e-01 4.681993908962728268e-02
1.089749999999877161e+02 7.627754656811739364e-01 4.697092603120178733e-02
1.091250000000000000e+02 7.614885178165758939e-01 4.625907795511238763e-02
1.092750000000119854e+02 7.591671585195353122e-01 4.708519128882344973e-02
1.094250000000203045e+02 7.569851392459181483e-01 4.615170842868240864e-02
1.095749999999796529e+02 7.535961680226225257e-01 4.704848028912684416e-02
1.097249999999884409e+02 7.531075805492750685e-01 4.641762685286612150e-02
1.098750000000000000e+02 7.505898112465851924e-01 4.613149164916349743e-02
1.100250000000112749e+02 7.477167174290205720e-01 4.626331714215032448e-02
1.101750000000204892e+02 7.466305486061645125e-01 4.648657239742487457e-02
1.103249999999794682e+02 7.443346768012003567e-01 4.579208185199771380e-02
1.104749999999891372e+02 7.425391725961630884e-01 4.556731930195629526e-02
1.106250000000000000e+02 7.406891628999677790e-01 4.577288617392580305e-02
1.107750000000105643e+02 7.377226792027268276e-01 4.633994782314417027e-02
1.109250000000206740e+02 7.363491157364095985e-01 4.564900792904883625e-02
1.110749999999792976e+02 7.338808955267580592e-01 4.541302130192269304e-02
1.112249999999898620e+02 7.323421630252442416e-01 4.561642513136329041e-02
1.113750000000000000e+02 7.304968992618794399e-01 4.566198691547983940e-02
1.115250000000098822e+02 7.292931779108857704e-01 4.535611103478860706e-02
1.116750000000208445e+02 7.267584866483208783e-01 4.482901702454558657e-02
1.118249999999791129e+02 7.239652929586950503e-01 4.446700449829962126e-02
1.119749999999905299e+02 7.224720413676738451e-01 4.492644113331732691e-02
1.121250000000000000e+02 7.213788330790409375e-01 4.461183017598410738e-02
1.122750000000091859e+02 7.186012226577813689e-01 4.465017362717178806e-02
1.124250000000210008e+02 7.170548537535584854e-01 4.541004247960574863e-02
1.125749999999789566e+02 7.162490517951267677e-01 4.457376226431587762e-02
1.127249999999912120e+02 7.146056582587331230e-01 4.462061386998131957e-02
1.128750000000000000e+02 7.128329878977278655e-01 4.481979340353277330e-02
1.130250000000085180e+02 7.101774652697703250e-01 4.449323411966776137e-02
1.131750000000211855e+02 7.087927412896217749e-01 4.405531295697832223e-02
1.133249999999787860e+02 7.073992035909737464e-01 4.450445117736210460e-02
1.134749999999919083e+02 7.056565104530331256e-01 4.430155917889008060e-02
1.136250000000000000e+02 7.039416519234734659e-01 4.474937072373212643e-02
1.137750000000078359e+02 7.018631086450146661e-01 4.419177062683577600e-02
1.139250000000213561e+02 6.999737617170453952e-01 4.353783018121946263e-02
1.140749999999786297e+02 6.986806010630317587e-01 4.348846866036455011e-02
1.142249999999925620e+02 6.963555011568686171e-01 4.411781791835048261e-02
1.143750000000000000e+02 6.952336939243102254e-01 4.343515666379049733e-02
1.145250000000071680e+02 6.936181341904191777e-01 4.385569161576269304e-02
1.146750000000215124e+02 6.926497363305936794e-01 4.383625296368161284e-02
1.148249999999784308e+02 6.902540701608099738e-01 4.368633332488883192e-02
1.149749999999932157e+02 6.887893673040317299e-01 4.313197812366949963e-02
1.151250000000000000e+02 6.865805029309230978e-01 4.359782156159286437e-02
1.152750000000065285e+02 6.855346996115391223e-01 4.294641916696913947e-02
1.154250000000216829e+02 6.838357032789315060e-01 4.340783454203887143e-02
1.155749999999783029e+02 6.829310501959193758e-01 4.338339334906504696e-02
1.157249999999938694e+02 6.812805684664503536e-01 4.312409127292540084e-02
1.158750000000000000e+02 6.798770998499416018e-01 4.285743432923898311e-02
1.160250000000058748e+02 6.778420763787875725e-01 4.307602070050781801e-02
1.161750000000218392e+02 6.773144918248238389e-01 4.243334584365348466e-02
1.163249999999781323e+02 6.751329442652824753e-01 4.288867533853613773e-02
1.164749999999945089e+02 6.738155853224149228e-01 4.296356019257167175e-02
1.166250000000000000e+02 6.719427265595649956e-01 4.243165736058027160e-02
1.167750000000052495e+02 6.706059371127617297e-01 4.231236680307841336e-02
1.169250000000220098e+02 6.691113081302777488e-01 4.251715963008783489e-02
1.170749999999779760e+02 6.672261737105251722e-01 4.208588891996872111e-02
1.172249999999951484e+02 6.654174449145791037e-01 4.218866235652792007e-02
1.173750000000000000e+02 6.644690740033056819e-01 4.239227558957274489e-02
1.175250000000046242e+02 6.636490741155759432e-01 4.221307429554570223e-02
1.176750000000221377e+02 6.619212597891349636e-01 4.193156422312534215e-02
1.178249999999778055e+02 6.601578353474768512e-01 4.170339883116393892e-02
1.179749999999957453e+02 6.593808091153000595e-01 4.205043246562739645e-02
1.181250000000000000e+02 6.580103322530828081e-01 4.139446737626491235e-02
1.182750000000039989e+02 6.557268824828136333e-01 4.218913001387913225e-02
1.184250000000223082e+02 6.554997920597875893e-01 4.219448341883835080e-02
1.185749999999776634e+02 6.530076957932741122e-01 4.126739601422420300e-02
1.187249999999963705e+02 6.523507594131686682e-01 4.098946346753531977e-02
1.188750000000000000e+02 6.510498813549961961e-01 4.110757298991359748e-02
1.190250000000033879e+02 6.502037907227415925e-01 4.122818874047436133e-02
1.191750000000224645e+02 6.480803198292515166e-01 4.075078533247938201e-02
1.193249999999775071e+02 6.469743426753845617e-01 4.184677091629498968e-02
1.194749999999969816e+02 6.453303208402275670e-01 4.108821713089630401e-02
1.196250000000000000e+02 6.442439640757421371e-01 4.102150962345513935e-02
1.197750000000027910e+02 6.431524567022064431e-01 4.160663426806002901e-02
1.199250000000226066e+02 6.415149291540062082e-01 4.098122619695258179e-02
1.200749999999773650e+02 6.401536933190951073e-01 4.059747855802648547e-02
1.202249999999975927e+02 6.387623944095167650e-01 4.048637469414539253e-02
1.203750000000000000e+02 6.380860029514976439e-01 4.085684681422085268e-02
1.205250000000021799e+02 6.365893985403754396e-01 4.040491147629215324e-02
1.206750000000227772e+02 6.353467878145380165e-01 4.130627130259448970e-02
1.208249999999772086e+02 6.334491928253620507e-01 4.043812002765896640e-02
1.209749999999981753e+02 6.334631184432046869e-01 4.037463210854991963e-02
1.211250000000000000e+02 6.322834828705634624e-01 4.096999287138901324e-02
1.212750000000015973e+02 6.306429022620768654e-01 4.078116146431597783e-02
1.214250000000229193e+02 6.291518325327835059e-01 3.976612760629368720e-02
1.215749999999770665e+02 6.282926019178455279e-01 3.997168000545345962e-02
1.217249999999987580e+02 6.271388362129894922e-01 4.025317085211138624e-02
1.218750000000000000e+02 6.249414918007966113e-01 3.953791871732896535e-02
1.220250000000010147e+02 6.246574700004445813e-01 3.962453242472473158e-02
1.221750000000230472e+02 6.233413573381240136e-01 3.997898041952444720e-02
1.223249999999769244e+02 6.223789072327430283e-01 4.044123962811392581e-02
1.224749999999993406e+02 6.218029483645054478e-01 3.989287324234788018e-02
1.226250000000000000e+02 6.209229027078706498e-01 3.996634672030235924e-02
1.227750000000004320e+02 6.181146972835930287e-01 3.956713590513123019e-02
1.229250000000231893e+02 6.170388149050102244e-01 3.967382792795198093e-02
1.230749999999767681e+02 6.168365586751122231e-01 3.958644280015357481e-02
1.232249999999999233e+02 6.152203398509761278e-01 3.952986213540665705e-02
1.233750000000000000e+02 6.141957142833676109e-01 3.965480493492007374e-02
1.235249999999998494e+02 6.135722551444733330e-01 3.944443548828995699e-02
1.236750000000233314e+02 6.120172069174424356e-01 3.912193393334192221e-02
1.238249999999766402e+02 6.102638976330461151e-01 3.908414268233199179e-02
1.239750000000004775e+02 6.099339110652601814e-01 3.862864688894673826e-02
1.241250000000000000e+02 6.091406223342158421e-01 3.882120923616653313e-02
1.242749999999992951e+02 6.079628392058777919e-01 3.952880414622887695e-02
1.244250000000234735e+02 6.063097602406841702e-01 3.913535972906273530e-02
1.245749999999764839e+02 6.055658311247367198e-01 3.899745693809088254e-02
1.247250000000010317e+02 6.042600270242685090e-01 3.875038819814568408e-02
1.248750000000000000e+02 6.039288087560648055e-01 3.830608722233627000e-02
1.250249999999987551e+02 6.027794259623637796e-01 3.855925405312841947e-02
1.251750000000236156e+02 6.010839642770738900e-01 3.907242370448842789e-02
1.253249999999763702e+02 6.006509099522594486e-01 3.867015777224377948e-02
1.254750000000015859e+02 5.990622334082623679e-01 3.832910428940136671e-02
1.256250000000000000e+02 5.982015875221370349e-01 3.883483289778066200e-02
1.257749999999982009e+02 5.969307092866917852e-01 3.821783019406541776e-02
1.259250000000237577e+02 5.965708022719196091e-01 3.852431809517783967e-02
1.260749999999762281e+02 5.953844071904966784e-01 3.896162651263972848e-02
1.262250000000021259e+02 5.946255899976035098e-01 3.879507152371534928e-02
1.263750000000000000e+02 5.932583049017969845e-01 3.814928352827250124e-02
1.265249999999976609e+02 5.895363082616318362e-01 3.825878318307504578e-02
1.266750000000238856e+02 5.649955907324565318e-01 3.725087444352412347e-02
1.268249999999760860e+02 5.488781928556939471e-01 3.702409076474395822e-02
1.269750000000026660e+02 5.373262980228021846e-01 3.679291010577122323e-02
1.271250000000000000e+02 5.275554168482925466e-01 3.596456606950747953e-02
1.272749999999971209e+02 5.186589638862203477e-01 3.582600893497789318e-02
1.274250000000240277e+02 5.107739393788793825e-01 3.538591460626336338e-02
1.275749999999759439e+02 5.034696146589036081e-01 3.530876326068958099e-02
1.277250000000031918e+02 4.964924756031335318e-01 3.543788884815677470e-02
1.278750000000000000e+02 4.897347082215738889e-01 3.443696247236775060e-02
1.280249999999965951e+02 4.837672606677653198e-01 3.463638296227679325e-02
1.281750000000241414e+02 4.784936952519643349e-01 3.421570982459978816e-02
1.283249999999758018e+02 4.727443637170108404e-01 3.398882269880978274e-02
1.284750000000037176e+02 4.676021466926435499e-01 3.401922782223695124e-02
1.286250000000000000e+02 4.617003185293210854e-01 3.410581620813452064e-02
1.287749999999960835e+02 4.566827613220625914e-01 3.335007654840177471e-02
1.289250000000242835e+02 4.522585024053146219e-01 3.305276583767587095e-02
1.290749999999756881e+02 4.468535567909937556e-01 3.309099191561479247e-02
1.292250000000042292e+02 4.429541568075889280e-01 3.277174415240680788e-02
1.293750000000000000e+02 4.381067063158365360e-01 3.251461886175989469e-02
1.295249999999955719e+02 4.340966574410756729e-01 3.265374081332054340e-02
1.296750000000243972e+02 4.294846666100751165e-01 3.277152097545263376e-02
1.298249999999755460e+02 4.256686241656751357e-01 3.223760616316625333e-02
1.299750000000047692e+02 4.215693006645147567e-01 3.204919166312859141e-02
1.301250000000000000e+02 4.174154260999739519e-01 3.194930676532671543e-02
1.302749999999950319e+02 4.135449231119656122e-01 3.177900537063615971e-02
1.304250000000245393e+02 4.097671774721118321e-01 3.166497111962655181e-02
1.305749999999754323e+02 4.055624724320385233e-01 3.109409911652727398e-02
1.307250000000052523e+02 4.020958538747470001e-01 3.099269898581852659e-02
1.308750000000000000e+02 3.984100161353030245e-01 3.094085557437152925e-02
1.310249999999945487e+02 3.941864613202829548e-01 3.100121541224744315e-02
1.311750000000246530e+02 3.906163269057381648e-01 3.050899560589795043e-02
1.313249999999753186e+02 3.871060390791346562e-01 3.017691433778538559e-02
1.314750000000057639e+02 3.841805570360938282e-01 3.047496255507596910e-02
1.316250000000000000e+02 3.804093535766678857e-01 2.959076852556934492e-02
1.317749999999940655e+02 3.770030437477184249e-01 3.048473446993577030e-02
1.319250000000247951e+02 3.733781694876053825e-01 2.973237302726918982e-02
1.320749999999751765e+02 3.701574793124138840e-01 2.994161216638063783e-02
1.322250000000062471e+02 3.676279047564071645e-01 2.939897853633982594e-02
1.323750000000000000e+02 3.642023732976324979e-01 2.940240895109404867e-02
1.325249999999935540e+02 3.609339963773222082e-01 2.958666889782483878e-02
1.326750000000249088e+02 3.576452954343253277e-01 2.937063744343935967e-02
1.328249999999750628e+02 3.545928217164023843e-01 2.906080251485055471e-02
1.329750000000067303e+02 3.513817962417876140e-01 2.851447361699533181e-02
1.331250000000000000e+02 3.485439218485935076e-01 2.869899718717264236e-02
1.332749999999930424e+02 3.452552028383481519e-01 2.858837820940265950e-02
1.334250000000250225e+02 3.421891650030139398e-01 2.823864768720166230e-02
1.335749999999749491e+02 3.389512013351807518e-01 2.827032111585325164e-02
1.337250000000072134e+02 3.367115597931767401e-01 2.807481163363509044e-02
1.338750000000000000e+02 3.333966100622228201e-01 2.785258865257062358e-02
1.340249999999925876e+02 3.306180874247804380e-01 2.790495723439220463e-02
1.341750000000251362e+02 3.274651587776415962e-01 2.734968656387268618e-02
1.343249999999748354e+02 3.252303322998069679e-01 2.747975286689961424e-02
1.344750000000077250e+02 3.220091182139386277e-01 2.713047105119392385e-02
1.346250000000000000e+02 3.191688258765281727e-01 2.690266993843385204e-02
1.347749999999921044e+02 3.167702103738904151e-01 2.743221439503265927e-02
1.349250000000252783e+02 3.141037073387338840e-01 2.681285516231122698e-02
1.350749999999746933e+02 3.110308422361932612e-01 2.692597766260084249e-02
1.352250000000081798e+02 3.085427931016312963e-01 2.689347195524475695e-02
1.353750000000000000e+02 3.057573012439494531e-01 2.693549201697182510e-02
1.355249999999916213e+02 3.031602437246541104e-01 2.640226357758211628e-02
1.356750000000253920e+02 3.000994001701070002e-01 2.620134769891932155e-02
1.358249999999746080e+02 2.985654927601263386e-01 2.622171685199943189e-02
1.359750000000086345e+02 2.955629273297500359e-01 2.608160378218233114e-02
1.361250000000000000e+02 2.932164204732696233e-01 2.616266124294099743e-02
1.362749999999911665e+02 2.898751226231612299e-01 2.566056878949802070e-02
1.364250000000255056e+02 2.878003405653275504e-01 2.589307100272150719e-02
1.365749999999744659e+02 2.856201230305089322e-01 2.545042694973174632e-02
1.367250000000091177e+02 2.826392658607732034e-01 2.533306913839479188e-02
1.368750000000000000e+02 2.800844329459508675e-01 2.498489710710066758e-02
1.370249999999907118e+02 2.780214262180807361e-01 2.547862162787874890e-02
1.371750000000256193e+02 2.751147873602681204e-01 2.466579049320154898e-02
1.373249999999743522e+02 2.725818089962842583e-01 2.497135832366254027e-02
1.374750000000095724e+02 2.707792623270159904e-01 2.468082824976122053e-02
1.376250000000000000e+02 2.680108206938574544e-01 2.434082337666210877e-02
1.377749999999902286e+02 2.655168886014232510e-01 2.414930079154226084e-02
1.379250000000257330e+02 2.634916172409911828e-01 2.442081677192206590e-02
1.380749999999742386e+02 2.607348802313390057e-01 2.403032696697400203e-02
1.382250000000100272e+02 2.585616306637352757e-01 2.389999192873940373e-02
1.383750000000000000e+02 2.565650206420900248e-01 2.405340261968949914e-02
1.385249999999898023e+02 2.540048752678045751e-01 2.423278244438769463e-02
1.386750000000258467e+02 2.517201800203683337e-01 2.363316405123757832e-02
1.388249999999741249e+02 2.499733234009605676e-01 2.356614732062503950e-02
1.389750000000104535e+02 2.475079564282967048e-01 2.343499582942542431e-02
1.391250000000000000e+02 2.446690829218741980e-01 2.348202291568489419e-02
1.392749999999893475e+02 2.429397518465641614e-01 2.322321699036751161e-02
1.394250000000259604e+02 2.407439427124735687e-01 2.299482285779036808e-02
1.395749999999740112e+02 2.378057564693393522e-01 2.301956739043523048e-02
1.397250000000109367e+02 2.363266567611942426e-01 2.285642010890037712e-02
1.398750000000000000e+02 2.341930856000100369e-01 2.290721120495226026e-02
1.400249999999889212e+02 2.320066286223147478e-01 2.254665880533364072e-02
1.401750000000260741e+02 2.301003940811203741e-01 2.264656169021932522e-02
1.403249999999738975e+02 2.278369852353435976e-01 2.254057112360120449e-02
1.404750000000113346e+02 2.255229270487061344e-01 2.237842633830226108e-02
1.406250000000000000e+02 2.236828974913298851e-01 2.243080255446214602e-02
1.407749999999884665e+02 2.216114884732228174e-01 2.229399369586072821e-02
1.409250000000261593e+02 2.190266649418315392e-01 2.222381089252213962e-02
1.410749999999738122e+02 2.170555020784543099e-01 2.207611197387029933e-02
1.412250000000117893e+02 2.148940317183258286e-01 2.150765025716668000e-02
1.413750000000000000e+02 2.130472536883472878e-01 2.174132318430822830e-02
1.415249999999880401e+02 2.106103736079492084e-01 2.144485136138934295e-02
1.416750000000263014e+02 2.090335758593030724e-01 2.153331405879129259e-02
1.418249999999736986e+02 2.069491208874789379e-01 2.117425262453552157e-02
1.419750000000122441e+02 2.046614361882568289e-01 2.111597673377998627e-02
1.421250000000000000e+02 2.028648339964565506e-01 2.103721401414349393e-02
1.422749999999876138e+02 2.004829017997591944e-01 2.061075235034623768e-02
1.424250000000264151e+02 1.987962085448966854e-01 2.083686098409327433e-02
1.425749999999735849e+02 1.967162958219614288e-01 2.071472779794578806e-02
1.427250000000126420e+02 1.943115629856987936e-01 2.057873242035951691e-02
1.428750000000000000e+02 1.926296223944146124e-01 2.045466698811541570e-02
1.430249999999871875e+02 1.905796404980020786e-01 2.031430554408404296e-02
1.431750000000265004e+02 1.884742491291042654e-01 1.990606434272121708e-02
1.433249999999734712e+02 1.869946857456339373e-01 2.014314042902965243e-02
1.434750000000130683e+02 1.847642657451455117e-01 2.026339796174917926e-02
1.436250000000000000e+02 1.831991085390061724e-01 1.992372402444175447e-02
1.437749999999867612e+02 1.811521721898895765e-01 1.998641986900072734e-02
1.439250000000266141e+02 1.795922951101953102e-01 1.993929660232817216e-02
1.440749999999733575e+02 1.771454692111076035e-01 1.949832658275536812e-02
1.442250000000134946e+02 1.750563034908487192e-01 1.947662940972208490e-02
1.443750000000000000e+02 1.735620414314381910e-01 1.936698447774496887e-02
1.445249999999863348e+02 1.716970796473747396e-01 1.944190692953950278e-02
1.446750000000266994e+02 1.695992072057183608e-01 1.901146989576473975e-02
1.448249999999732722e+02 1.678782735750797006e-01 1.888418183120452523e-02
1.449750000000139210e+02 1.661062730831345258e-01 1.886747441662980918e-02
1.451250000000000000e+02 1.641246301210095293e-01 1.840099420203530206e-02
1.452749999999859369e+02 1.619556270947794807e-01 1.898180286887860349e-02
1.454250000000268130e+02 1.605208922048559361e-01 1.853767159646413018e-02
1.455749999999731870e+02 1.591286208557373683e-01 1.833598962537690003e-02
1.457250000000142904e+02 1.571403218046850125e-01 1.836018117471116193e-02
1.458750000000000000e+02 1.547603477115258586e-01 1.807184207846564139e-02
1.460249999999855390e+02 1.534135801676446698e-01 1.799143796592091171e-02
1.461750000000269267e+02 1.516453850258822622e-01 1.775841030662295150e-02
1.463249999999730733e+02 1.496542244217470008e-01 1.784356606298276651e-02
1.464750000000146883e+02 1.479797528939195139e-01 1.775580147219522897e-02
1.466250000000000000e+02 1.466501485348990774e-01 1.775999733086268753e-02
1.467749999999851411e+02 1.446697694194256922e-01 1.751760027387695012e-02
1.469250000000270120e+02 1.427638073184776535e-01 1.750817769034741442e-02
1.470749999999729596e+02 1.412519174527588905e-01 1.717246142622204721e-02
1.472250000000150862e+02 1.397569835815154482e-01 1.716499693839471444e-02
1.473750000000000000e+02 1.376598959668338396e-01 1.706385976639814700e-02
1.475249999999847432e+02 1.362464282317893405e-01 1.690111718558143239e-02
1.476750000000270973e+02 1.341616357547137650e-01 1.680189800672599043e-02
1.478249999999728743e+02 1.328164524455539564e-01 1.695327080459614610e-02
1.479750000000154841e+02 1.309077832452913703e-01 1.653565103174870626e-02
1.481250000000000000e+02 1.294555338932451838e-01 1.635686102137047862e-02
1.482749999999843453e+02 1.278904963332733458e-01 1.654634728403741803e-02
1.484250000000272109e+02 1.259589256140767055e-01 1.637200174989406412e-02
1.485749999999727606e+02 1.244052318518070049e-01 1.616325928761408806e-02
1.487250000000158821e+02 1.232227775856384877e-01 1.605813794162739769e-02
1.488750000000000000e+02 1.212265970891496653e-01 1.584787029286408369e-02
1.490249999999839474e+02 1.195906225261801903e-01 1.588785991771897790e-02
1.491750000000273246e+02 1.182305508600592081e-01 1.576610236657859099e-02
1.493249999999726754e+02 1.164903795974624040e-01 1.576999605858652592e-02
1.494750000000162800e+02 1.149162254726260185e-01 1.566841728317175733e-02
1.496250000000000000e+02 1.132681425250015306e-01 1.548136156150980991e-02
1.497749999999835779e+02 1.116380488351374073e-01 1.529673173913404308e-02
1.499250000000274099e+02 1.103998536275267034e-01 1.518574919183685382e-02
1.500749999999725617e+02 1.088219557982319924e-01 1.506638672511558148e-02
1.502250000000166494e+02 1.070859142765334532e-01 1.476736726477058392e-02
1.503750000000000000e+02 1.055834378520613681e-01 1.487745934154211663e-02
1.505249999999831800e+02 1.040142216829104960e-01 1.459227252368974423e-02
1.506750000000274952e+02 1.026056056956313467e-01 1.452833401339009671e-02
1.508249999999724764e+02 1.008332690619316852e-01 1.455791622411241847e-02
1.509750000000170473e+02 9.944497575397924505e-02 1.438186439186002127e-02
1.511250000000000000e+02 9.785855271550414347e-02 1.426957229800117875e-02
1.512749999999828106e+02 9.645165549189023413e-02 1.411290243193477276e-02
1.514250000000275804e+02 9.494377350384215764e-02 1.410442460212290097e-02
1.515749999999723912e+02 9.344260804116508168e-02 1.398202434224079908e-02
1.517250000000174168e+02 9.189863420763021151e-02 1.383249598919122740e-02
1.518750000000000000e+02 9.053008223347304428e-02 1.368470362823705384e-02
1.520249999999824411e+02 8.895605878903754815e-02 1.355662115723130744e-02
1.521750000000276941e+02 8.768108337694649479e-02 1.343873596919537179e-02
1.523249999999722775e+02 8.610306218361052366e-02 1.331272221358327339e-02
1.524750000000177863e+02 8.440777468300751651e-02 1.321347421542258364e-02
1.526250000000000000e+02 8.328063705166985353e-02 1.304283988739045504e-02
1.527749999999820716e+02 8.168155076159744343e-02 1.302611248503793978e-02
1.529250000000277794e+02 8.004614385705584312e-02 1.269984566518503333e-02
1.530749999999721922e+02 7.867714567927933111e-02 1.281137989300181260e-02
1.532250000000181558e+02 7.734015803483684781e-02 1.270846650570205301e-02
1.533750000000000000e+02 7.590947996105029683e-02 1.259433340837308284e-02
1.535249999999817021e+02 7.412602451787413116e-02 1.224883926918197107e-02
1.536750000000278646e+02 7.297674547811769385e-02 1.225936005821255149e-02
1.538249999999721069e+02 7.169854337284468915e-02 1.203005704617823683e-02
1.539750000000185253e+02 7.022321503684120225e-02 1.191648601066500578e-02
1.541250000000000000e+02 6.873424180992343535e-02 1.191610075614146606e-02
1.542749999999813326e+02 6.739442785491898957e-02 1.189356039993339290e-02
1.544250000000279783e+02 6.585655369711351792e-02 1.163502233238717688e-02
1.545749999999720217e+02 6.455974580154548448e-02 1.162131285790482527e-02
1.547250000000188948e+02 6.326199931820458700e-02 1.137909493139973791e-02
1.548750000000000000e+02 6.172244986703317310e-02 1.123567844094275001e-02
1.550249999999809631e+02 6.026636135706327224e-02 1.114349310574637604e-02
1.551750000000280636e+02 5.914584238105356079e-02 1.093935660839450569e-02
1.553249999999719080e+02 5.764366190017292807e-02 1.082765386237260520e-02
1.554750000000192358e+02 5.612861323439668343e-02 1.074790955524553004e-02
1.556250000000000000e+02 5.492868897136891221e-02 1.049612793233523772e-02
1.557749999999806221e+02 5.359328135524627640e-02 1.037816345615038584e-02
1.559250000000281489e+02 5.230236638704655744e-02 1.029931129454090405e-02
1.560749999999718511e+02 5.093379118845679787e-02 1.020091006853772637e-02
1.562250000000196053e+02 4.935742299324637899e-02 9.906090893143098750e-03
1.563750000000000000e+02 4.827867704243266056e-02 9.905069045541156636e-03
1.565249999999802810e+02 4.685022889780721123e-02 9.636932467799314006e-03
1.566750000000282341e+02 4.542612065065920052e-02 9.514149799871448113e-03
1.568249999999717659e+02 4.431054360432165606e-02 9.542734128399371629e-03
1.569750000000199748e+02 4.301090677183550676e-02 9.226878359777557562e-03
1.571250000000000000e+02 4.174415364298736386e-02 9.038320769933065948e-03
1.572749999999799115e+02 4.013771754632217831e-02 8.820272187342806727e-03
1.574250000000283194e+02 3.903163094983867765e-02 8.860043760160378826e-03
1.575749999999716522e+02 3.770586855339521509e-02 8.680188055487930363e-03
1.577250000000202874e+02 3.632843066432427798e-02 8.565978530736430632e-03
1.578750000000000000e+02 3.490921875726928081e-02 8.428701902131326487e-03
1.580249999999795705e+02 3.374944999982948390e-02 8.116446303843815810e-03
1.581750000000284047e+02 3.235127049746406441e-02 7.985654925528863635e-03
1.583249999999715669e+02 3.117984583084237177e-02 7.876155304058650788e-03
1.584750000000206569e+02 2.991663919236186783e-02 7.673442881800506682e-03
1.586250000000000000e+02 2.866493528804211696e-02 7.521909959488343178e-03
1.587749999999792294e+02 2.737205039703345319e-02 7.320346605989136619e-03
1.589250000000284899e+02 2.605728284713223694e-02 7.152385063821544223e-03
1.590749999999715101e+02 2.470350653830283294e-02 6.916588262092996167e-03
1.592250000000209980e+02 2.342333668336225860e-02 6.774997291680049522e-03
1.593750000000000000e+02 2.224318628696815917e-02 6.630925370179721265e-03
1.595249999999788884e+02 2.104102352942322299e-02 6.362256656141027956e-03
1.596750000000285752e+02 1.978699367252314406e-02 6.357713065590468900e-03
1.598249999999713964e+02 1.853630087696368431e-02 6.045485153826989089e-03
1.599750000000213390e+02 1.720721181339206207e-02 5.856332421845234643e-03
1.601250000000000000e+02 1.601171970665333372e-02 5.576272713695876009e-03
1.602749999999785473e+02 1.478434667346923380e-02 5.345743512271065000e-03
1.604250000000286605e+02 1.344368743867794050e-02 5.058932700020366685e-03
1.605749999999713395e+02 1.219634596455188187e-02 4.883801283288200304e-03
1.607250000000216517e+02 1.106787160811302170e-02 4.635735914161567828e-03
1.608750000000000000e+02 9.841871728401561589e-03 4.354741416452792037e-03
1.610249999999782062e+02 8.493637010607220025e-03 4.110744915225331662e-03
1.611750000000287457e+02 7.356160202572280607e-03 3.734680434599225735e-03
1.613249999999712543e+02 6.108978948406274673e-03 3.434880004094264389e-03
1.614750000000219927e+02 4.926395397496838476e-03 3.079731229505451584e-03
1.616250000000000000e+02 3.746979128484657917e-03 2.723107292955658214e-03
1.617749999999778652e+02 2.530896811147415222e-03 2.194439620297248747e-03
1.619250000000288310e+02 1.329683130654450056e-03 1.603358417016203510e-03
1.620749999999711406e+02 2.008869949998531542e-04 6.273659996967849428e-04
