# Radius RDF_mean RDF_std
7.500000000000896228e-02 1.257094969675749034e-03 7.257115370980830871e-02
2.249999999999577616e-01 1.117417750822888778e-03 3.949285369141909696e-02
3.750000000000000000e-01 1.089482307052315772e-03 3.019866695152172154e-02
5.249999999999700462e-01 1.376818300121058570e-03 2.990064711089003915e-02
6.750000000001169509e-01 1.303654042626703827e-03 2.460346357315390878e-02
8.249999999998777200e-01 1.333282543595490756e-03 2.249824346855563290e-02
9.750000000001839418e-01 1.837292647987633738e-03 2.469177066379949631e-02
1.125000000000000000e+00 2.374512720498633041e-03 2.624837843695022183e-02
1.274999999999773648e+00 3.352253252468659177e-03 2.855064417149373243e-02
1.424999999999764455e+00 3.815393504454468038e-03 2.892600861483612257e-02
1.575000000000282396e+00 4.948564325072769832e-03 3.154199194232384235e-02
1.725000000000170397e+00 6.558756363525634729e-03 3.413656484296483801e-02
1.875000000000000000e+00 8.514723261270338781e-03 3.771272989885664229e-02
2.025000000000070521e+00 1.050683079593182565e-02 4.115621903186589270e-02
2.174999999999594813e+00 1.407368391338144169e-02 4.530839198625005032e-02
2.325000000000426059e+00 2.032979391819767639e-02 5.217637490896995245e-02
2.474999999999678124e+00 2.291976182085650807e-02 5.463674351437953353e-02
2.625000000000000000e+00 3.175062723409641935e-02 6.180584483450161926e-02
2.775000000000444444e+00 3.955885341510965991e-02 6.724305518215487054e-02
2.924999999999512212e+00 5.140121653785495459e-02 7.485732211201510944e-02
3.075000000000499334e+00 6.744365613731746756e-02 8.470786073818035999e-02
3.224999999999414779e+00 8.413765866807114413e-02 9.105649714540582640e-02
3.375000000000000000e+00 1.090041015927667722e-01 1.018847145555235867e-01
3.525000000000659384e+00 1.457606075122633016e-01 1.126762964806853756e-01
3.674999999999857714e+00 1.923611853597787524e-01 1.276843840874655189e-01
3.825000000000022382e+00 2.668902999998351011e-01 1.482634301772489116e-01
3.974999999999250466e+00 3.756579269759235395e-01 1.710078607224567726e-01
4.125000000000000000e+00 5.041865079286877993e-01 1.965815303964773553e-01
4.275000000000798828e+00 6.028101194061421531e-01 2.094355236382404728e-01
4.425000000000374634e+00 6.421695647917645688e-01 2.118313236136135091e-01
4.574999999999541878e+00 6.502546985218983222e-01 2.104556367393535243e-01
4.724999999999138112e+00 6.291128450093986801e-01 2.036726443962651456e-01
4.875000000000000000e+00 6.024063561095129860e-01 1.976911709109314685e-01
5.025000000000897415e+00 5.837798938282375838e-01 1.886980715290808852e-01
5.175000000000743228e+00 5.637251094449593491e-01 1.846395912775210257e-01
5.324999999999196376e+00 5.533401552671540768e-01 1.803117655385654827e-01
5.474999999999057287e+00 5.539770704494755282e-01 1.789302133078123636e-01
5.625000000000000000e+00 5.552057707626085747e-01 1.781138913970555238e-01
5.775000000000969358e+00 5.671838360150572855e-01 1.762197495366904232e-01
5.925000000001017675e+00 5.900920480018254644e-01 1.770670108723460534e-01
6.074999999998936140e+00 6.092358160238940945e-01 1.784854058221363449e-01
6.224999999998995115e+00 6.336768362000946286e-01 1.785393166591248137e-01
6.375000000000000000e+00 6.646039264387062495e-01 1.828504915292753219e-01
6.525000000001025313e+00 6.965558410517488364e-01 1.840789264132141334e-01
6.675000000001229949e+00 7.261206539447678798e-01 1.869379345898876943e-01
6.824999999998733635e+00 7.559607368925720383e-01 1.890781125880020563e-01
6.974999999999387690e+00 7.758393649766964772e-01 1.879430815424373291e-01
7.125000000000000000e+00 7.944531448182811095e-01 1.892965550254853413e-01
7.275000000000346745e+00 8.065495405955561692e-01 1.891851212726215481e-01
7.425000000001398703e+00 8.033768037686968011e-01 1.838050632578688837e-01
7.574999999998571099e+00 8.052170396025611909e-01 1.862868780608481212e-01
7.725000000000012079e+00 8.067864648101397140e-01 1.840309324582618811e-01
7.875000000000000000e+00 8.094534279184059100e-01 1.811388917638444840e-01
8.024999999999771205e+00 8.145309652268931666e-01 1.790397860126874408e-01
8.175000000001539036e+00 8.262612288453156095e-01 1.782793665505860714e-01
8.324999999998437872e+00 8.346846344448404231e-01 1.787466539439556690e-01
8.475000000000525446e+00 8.438333419455283924e-01 1.772933912249765598e-01
8.625000000000000000e+00 8.532723403734656653e-01 1.777090672420904016e-01
8.774999999999291589e+00 8.594231832001941740e-01 1.782896000621085886e-01
8.925000000001652722e+00 8.691491237398497605e-01 1.758678164358781215e-01
9.074999999998325961e+00 8.664397213307419854e-01 1.754174099393086272e-01
9.225000000000957101e+00 8.692590275813313339e-01 1.755322271045145210e-01
9.375000000000000000e+00 8.619782878202694176e-01 1.696761235089801201e-01
9.524999999998890132e+00 8.554316803622415977e-01 1.702837448767517969e-01
9.675000000001750422e+00 8.484871316124826812e-01 1.683557104200760213e-01
9.824999999998231814e+00 8.441760573590244565e-01 1.649490228108869971e-01
9.975000000001321254e+00 8.415762476815449311e-01 1.642341292894184401e-01
1.012500000000000000e+01 8.294716121886220872e-01 1.615524429881068091e-01
1.027499999999854730e+01 8.277190425881161273e-01 1.624738410961586443e-01
1.042500000000183391e+01 8.229600857836150141e-01 1.581391550702746229e-01
1.057499999999815010e+01 8.215457390238667390e-01 1.561154539114515127e-01
1.072500000000163745e+01 8.215100975374520775e-01 1.559985668043752938e-01
1.087500000000000000e+01 8.198166518791554225e-01 1.567280060570850064e-01
1.102499999999824887e+01 8.183916297028070996e-01 1.560120103954783788e-01
1.117500000000190674e+01 8.187512971065000755e-01 1.550046779044275125e-01
1.132499999999808082e+01 8.225813421771387413e-01 1.527698807242931500e-01
1.147500000000190923e+01 8.248049324021470285e-01 1.525153930315695239e-01
1.162500000000000000e+01 8.230187249316998077e-01 1.510470031084294174e-01
1.177499999999798952e+01 8.249211992516016778e-01 1.506284885141973007e-01
1.192500000000196891e+01 8.286443248118758875e-01 1.494660889450103169e-01
1.207499999999801865e+01 8.305832076454189306e-01 1.500714064171963236e-01
1.222500000000215081e+01 8.330837774192870748e-01 1.482149547066403672e-01
1.237500000000000000e+01 8.364532157216687525e-01 1.479160891682327894e-01
1.252499999999776215e+01 8.403516776128761023e-01 1.476189350245810938e-01
1.267500000000202398e+01 8.454918269814634124e-01 1.461071153548297585e-01
1.282499999999796536e+01 8.519305654239850423e-01 1.483848989065320312e-01
1.297500000000236220e+01 8.557135078070048362e-01 1.452571276328769589e-01
1.312500000000000000e+01 8.621636195358383103e-01 1.464858542298423383e-01
1.327499999999756142e+01 8.674381424650632333e-01 1.469020973823452203e-01
1.342500000000173088e+01 8.708601483595402870e-01 1.438685532543766965e-01
1.357499999999841833e+01 8.773897813489878184e-01 1.452479787639920916e-01
1.372500000000255049e+01 8.785948942797002781e-01 1.456641244758344056e-01
1.387500000000000000e+01 8.889292261514082361e-01 1.458864057340653608e-01
1.402499999999738023e+01 8.918315730055330626e-01 1.436427888825390353e-01
1.417500000000102034e+01 8.989359753524315266e-01 1.439607701350986702e-01
1.432499999999911111e+01 8.969624905183560815e-01 1.449449707229862883e-01
1.447500000000271925e+01 8.974181702518481130e-01 1.430342804971755644e-01
1.462500000000000000e+01 9.050654005607420283e-01 1.436351165354547432e-01
1.477499999999721680e+01 9.068483167201708550e-01 1.429421343633880959e-01
1.492500000000038618e+01 9.140322784705252612e-01 1.423700788467383294e-01
1.507499999999973639e+01 9.168808745077765554e-01 1.412667760725950239e-01
1.522500000000287201e+01 9.227118361327009133e-01 1.426223793210912860e-01
1.537500000000000000e+01 9.244819490975715315e-01 1.420071901958666338e-01
1.552499999999706937e+01 9.283535014141655051e-01 1.393735645512457211e-01
1.567499999999980886e+01 9.319544732924679442e-01 1.418584951558795881e-01
1.582500000000029772e+01 9.391532108129103662e-01 1.402737739578729381e-01
1.597500000000300879e+01 9.385463174460302316e-01 1.413721060777631267e-01
1.612500000000000000e+01 9.435462494718918069e-01 1.393200164899172366e-01
1.627499999999693969e+01 9.470810605949048222e-01 1.401220659052536677e-01
1.642499999999928662e+01 9.505857499157847057e-01 1.370030623180632234e-01
1.657500000000081286e+01 9.523944889489672772e-01 1.380217462963592434e-01
1.672500000000313847e+01 9.530001262862785039e-01 1.370741477755652027e-01
1.687500000000000000e+01 9.548558164331649722e-01 1.376430587252952253e-01
1.702499999999681535e+01 9.583069390051455194e-01 1.350238571874061710e-01
1.717499999999880700e+01 9.595989620122072905e-01 1.351126156851954196e-01
1.732500000000128182e+01 9.605674900105360958e-01 1.353093684627663662e-01
1.747500000000325215e+01 9.570431257120288748e-01 1.331951006650216041e-01
1.762500000000000000e+01 9.619772148585746807e-01 1.338594407023560862e-01
1.777499999999670521e+01 9.602119250370153569e-01 1.344058854629202049e-01
1.792499999999837357e+01 9.607326389865062932e-01 1.322899926067146181e-01
1.807500000000171170e+01 9.607561299016450507e-01 1.329872957144296597e-01
1.822500000000335874e+01 9.609051160729920049e-01 1.327676723753373200e-01
1.837500000000000000e+01 9.630767044348625960e-01 1.314141333792780142e-01
1.852499999999660218e+01 9.630059991180875967e-01 1.309688539276491481e-01
1.867499999999797211e+01 9.627782409721884482e-01 1.300875099816743985e-01
1.882500000000210960e+01 9.627026933841422718e-01 1.288612687251568800e-01
1.897500000000345466e+01 9.641802479800316572e-01 1.298133086510114276e-01
1.912500000000000000e+01 9.635542563187753373e-01 1.292929252437421406e-01
1.927499999999650626e+01 9.660163414443506680e-01 1.261858682927714526e-01
1.942499999999759908e+01 9.656495541836218610e-01 1.282409633902083235e-01
1.957500000000247198e+01 9.675135907735596952e-01 1.273853697114242789e-01
1.972500000000354348e+01 9.690704536515065692e-01 1.275127757467881540e-01
1.987500000000000000e+01 9.715762864059326320e-01 1.268648036009352997e-01
2.002499999999642100e+01 9.706326878780703327e-01 1.258875928214761852e-01
2.017499999999725446e+01 9.737703757791354997e-01 1.256772597113892664e-01
2.032500000000281304e+01 9.768493810054370563e-01 1.259419221444656456e-01
2.047500000000362874e+01 9.794350775702056477e-01 1.259785439324006273e-01
2.062500000000000000e+01 9.782606391413363189e-01 1.255073645444591823e-01
2.077499999999633928e+01 9.808396517788133817e-01 1.245666064016756058e-01
2.092499999999693472e+01 9.834823169988008429e-01 1.233758384333533686e-01
2.107500000000312212e+01 9.856429818822033395e-01 1.234311997500976144e-01
2.122500000000370690e+01 9.851034462839706185e-01 1.249794869468370956e-01
2.137500000000000000e+01 9.871900633970540628e-01 1.237474651907202877e-01
2.152499999999626468e+01 9.892534389009798312e-01 1.215090933358118630e-01
2.167499999999663984e+01 9.925381008614398981e-01 1.220645995701600400e-01
2.182500000000341700e+01 9.940957263177554459e-01 1.211632505176153118e-01
2.197500000000377796e+01 9.969349467819393906e-01 1.224935105028608362e-01
2.212500000000000000e+01 9.961334175414239267e-01 1.213505232166933040e-01
2.227499999999619718e+01 9.976057364291275320e-01 1.218023464696844083e-01
2.242499999999636273e+01 9.999580855775230814e-01 1.201521216807616976e-01
2.257500000000369056e+01 1.000104664479636529e+00 1.207857880656943994e-01
2.272500000000384546e+01 1.000198139464593572e+00 1.205190024259029519e-01
2.287500000000000000e+01 1.003726448131891935e+00 1.185810851569015084e-01
2.302499999999612967e+01 1.002718185513352900e+00 1.177337903415499876e-01
2.317499999999610338e+01 1.003658114559499603e+00 1.187764543885073548e-01
2.332500000000394635e+01 1.005830923137722710e+00 1.172640045347371901e-01
2.347500000000390941e+01 1.005560842441994618e+00 1.186314159256690731e-01
2.362500000000000000e+01 1.007922783575286640e+00 1.182436802089131822e-01
2.377499999999606928e+01 1.007307158908403721e+00 1.169693416388639384e-01
2.392499999999586180e+01 1.009807181257450504e+00 1.168097122179807129e-01
2.407500000000418439e+01 1.010823146525050342e+00 1.170389925263093794e-01
2.422500000000396625e+01 1.010608354558663491e+00 1.154268680727667529e-01
2.437500000000000000e+01 1.010278877321867830e+00 1.158113429703508113e-01
2.452499999999600888e+01 1.014949774207001498e+00 1.151509424857239117e-01
2.467499999999563087e+01 1.012661959437329839e+00 1.156566684884056811e-01
2.482500000000441176e+01 1.014388289518358910e+00 1.149615513855924004e-01
2.497500000000402309e+01 1.014840562992014306e+00 1.140856571353583843e-01
2.512500000000000000e+01 1.014910933114841374e+00 1.131308054286677967e-01
2.527499999999595559e+01 1.015644452864137071e+00 1.123477463962040401e-01
2.542499999999541771e+01 1.017014552099333002e+00 1.145526094495879776e-01
2.557500000000462137e+01 1.017977811264961119e+00 1.120391153068500262e-01
2.572500000000407638e+01 1.017528585454693379e+00 1.126156247558116469e-01
2.587500000000000000e+01 1.018715755058892336e+00 1.128203605572993817e-01
2.602499999999590585e+01 1.016528533370258280e+00 1.109746363167708055e-01
2.617499999999521521e+01 1.017431674735920222e+00 1.104155675912229795e-01
2.632500000000482032e+01 1.019738009594179928e+00 1.113073412398113138e-01
2.647500000000383480e+01 1.019375818087190577e+00 1.092882473613349392e-01
2.662500000000000000e+01 1.021250969285087962e+00 1.097154216817178701e-01
2.677499999999647073e+01 1.017873670348321768e+00 1.101368617552116180e-01
2.692499999999502691e+01 1.018880725408138455e+00 1.106400139746247790e-01
2.707500000000501217e+01 1.020398960593192683e+00 1.086289963969965106e-01
2.722500000000308873e+01 1.019831857846322576e+00 1.087723538866918332e-01
2.737500000000000000e+01 1.021932107951200708e+00 1.085556258070308061e-01
2.752499999999719549e+01 1.022284244068405012e+00 1.085172291798553873e-01
2.767499999999484928e+01 1.019734544597484582e+00 1.076188357140600432e-01
2.782500000000518625e+01 1.022834813817243838e+00 1.063157368292127758e-01
2.797500000000238529e+01 1.023105670516751609e+00 1.077795771893652055e-01
2.812500000000000000e+01 1.023263013720801418e+00 1.069232681013437963e-01
2.827499999999788827e+01 1.025240419291642002e+00 1.075075544125992794e-01
2.842499999999467164e+01 1.024482647186646833e+00 1.079898745252558245e-01
2.857500000000536033e+01 1.025052615439419723e+00 1.067923415281083338e-01
2.872500000000171028e+01 1.025102414627947489e+00 1.050544285565064989e-01
2.887500000000000000e+01 1.025237679541451064e+00 1.051601059462391186e-01
2.902499999999854552e+01 1.024468516906578142e+00 1.070237888382504082e-01
2.917499999999451177e+01 1.027069211471324017e+00 1.053915886895334386e-01
2.932500000000552021e+01 1.026757233326703878e+00 1.051218729319548795e-01
2.947500000000107434e+01 1.026999675739391327e+00 1.065253741064051685e-01
2.962500000000000000e+01 1.028493575489759060e+00 1.057231281203907386e-01
2.977499999999917080e+01 1.029111139142537379e+00 1.036458697874915735e-01
2.992499999999435900e+01 1.027445667993236667e+00 1.036387304494294642e-01
3.007500000000566942e+01 1.029920248717702380e+00 1.051829635707105248e-01
3.022500000000047393e+01 1.027400115692159499e+00 1.043547510488793684e-01
3.037500000000000000e+01 1.029109674479856906e+00 1.038620122211317970e-01
3.052499999999976410e+01 1.029611228693116054e+00 1.035004502470076998e-01
3.067499999999420623e+01 1.028417407722571841e+00 1.026950911303664005e-01
3.082500000000581508e+01 1.030332573264224560e+00 1.025613821948297422e-01
3.097499999999989839e+01 1.030916291770151094e+00 1.023644365466128137e-01
3.112500000000000000e+01 1.031265178806060057e+00 1.021298132839436462e-01
3.127500000000032898e+01 1.032784409790906910e+00 1.021414943775132839e-01
3.142499999999406768e+01 1.031055893115661926e+00 1.012260688938891179e-01
3.157500000000595364e+01 1.031898797649513533e+00 1.015935708160258383e-01
3.172499999999935127e+01 1.032599997947709625e+00 1.001413797628959851e-01
3.187500000000000000e+01 1.031336488431401133e+00 9.941862960637309898e-02
3.202500000000086544e+01 1.028987678320331334e+00 9.989534114742155968e-02
3.217499999999394333e+01 1.032483257358921769e+00 9.888162220419415005e-02
3.232500000000609219e+01 1.030924820568473566e+00 9.934706753153710324e-02
3.247499999999882903e+01 1.032578195187890735e+00 9.988463864365523803e-02
3.262500000000000000e+01 1.032910143543410708e+00 9.936070329616809860e-02
3.277500000000137703e+01 1.031145812952281915e+00 9.920930465977649548e-02
3.292499999999381544e+01 1.032879625426065040e+00 9.902883395069493611e-02
3.307500000000621299e+01 1.031910588070716228e+00 9.874161119043745050e-02
3.322499999999832454e+01 1.034303499636189727e+00 9.746615508689726592e-02
3.337500000000000000e+01 1.030848949391794056e+00 9.852026258567060657e-02
3.352500000000186731e+01 1.032206210443672445e+00 9.707440979825500416e-02
3.367499999999368754e+01 1.029941548351250846e+00 9.781389958096183002e-02
3.382500000000633378e+01 1.033092352950649939e+00 9.733808910204871934e-02
3.397499999999784848e+01 1.032814981859310421e+00 9.703269759482362200e-02
3.412500000000000000e+01 1.033466523583045582e+00 9.917398792034419486e-02
3.427500000000233626e+01 1.033477855080891850e+00 9.700019501282586276e-02
3.442499999999357385e+01 1.033157696780649948e+00 9.602291603570681233e-02
3.457500000000644746e+01 1.031454148799163306e+00 9.697821698146806557e-02
3.472499999999739373e+01 1.031978131254420283e+00 9.663944383335465460e-02
3.487500000000000000e+01 1.031711809334751484e+00 9.582193948377926151e-02
3.502500000000278391e+01 1.032284934574094759e+00 9.518458347389703589e-02
3.517499999999346016e+01 1.033403541688657556e+00 9.591054661083148192e-02
3.532500000000656115e+01 1.032584747469415420e+00 9.509195915771828655e-02
3.547499999999695319e+01 1.031337899621225684e+00 9.479236853135614149e-02
3.562500000000000000e+01 1.029893358973953843e+00 9.409580742956642763e-02
3.577500000000321734e+01 1.031149937956285179e+00 9.468433340729723313e-02
3.592499999999336069e+01 1.030312237769830830e+00 9.437640659302298785e-02
3.607500000000666773e+01 1.030791740103558229e+00 9.298594120174040467e-02
3.622499999999653397e+01 1.030556739464078886e+00 9.478960169301586802e-02
3.637500000000000000e+01 1.031050286506522307e+00 9.485761460322886252e-02
3.652500000000362235e+01 1.030995985099021350e+00 9.401223949560644222e-02
3.667499999999325411e+01 1.029373115680223716e+00 9.235821756498832635e-02
3.682500000000676721e+01 1.032476933261100571e+00 9.311754106276133591e-02
3.697499999999613607e+01 1.032743040858460359e+00 9.421999660411128907e-02
3.712500000000000000e+01 1.031101462214820907e+00 9.258171338525182648e-02
3.727500000000402736e+01 1.031083458578410328e+00 9.297405298656917505e-02
3.742499999999315463e+01 1.031688688416456445e+00 9.250049332502337240e-02
3.757500000000686668e+01 1.030047559454086326e+00 9.255650311927386686e-02
3.772499999999575238e+01 1.032068305584416201e+00 9.158151200492524457e-02
3.787500000000000000e+01 1.030531605982607513e+00 9.190554400889458520e-02
3.802500000000440394e+01 1.030858373262660832e+00 9.231003291141148814e-02
3.817499999999306226e+01 1.030223492312811961e+00 9.243034650099347938e-02
3.832500000000695906e+01 1.031469793269069068e+00 9.136973118270116934e-02
3.847499999999537579e+01 1.029872807635824117e+00 9.203859961039796700e-02
3.862500000000000000e+01 1.030386638672009747e+00 9.083036951876102827e-02
3.877500000000476632e+01 1.030925672446161956e+00 9.118993991919227549e-02
3.892499999999297700e+01 1.029362164003517321e+00 9.034623365409043261e-02
3.907500000000705143e+01 1.030525920256328831e+00 9.150807772775265692e-02
3.922499999999502052e+01 1.031317027566308608e+00 9.026382713631919685e-02
3.937500000000000000e+01 1.030134653995029348e+00 9.087792445097982175e-02
3.952500000000512159e+01 1.029754791026299188e+00 9.025932055016579192e-02
3.967499999999288463e+01 1.030299036315506234e+00 9.019123408994139668e-02
3.982500000000712959e+01 1.029103869940055649e+00 9.037869197927891896e-02
3.997499999999467946e+01 1.027790312452302679e+00 8.974054584196161644e-02
4.012500000000000000e+01 1.028620896074957658e+00 8.976946739279016707e-02
4.027500000000545555e+01 1.027740294401405796e+00 8.979030094508798354e-02
4.042499999999279936e+01 1.029368756381192851e+00 8.879141295869145967e-02
4.057500000000721485e+01 1.027597295415134893e+00 8.980836453926882568e-02
4.072499999999434550e+01 1.026943182781284492e+00 8.900463641445492680e-02
4.087500000000000000e+01 1.026882053024172681e+00 8.847174513674299634e-02
4.102500000000578240e+01 1.026782301520312357e+00 8.898200872359539326e-02
4.117499999999272120e+01 1.026590158657471274e+00 8.897231055760999874e-02
4.132500000000730012e+01 1.026504358698531627e+00 8.831494544467105579e-02
4.147499999999402576e+01 1.026915500755671617e+00 8.829190970019248907e-02
4.162500000000000000e+01 1.027508657565297190e+00 8.778192892972851158e-02
4.177500000000609504e+01 1.026314601352867673e+00 8.817860477338992919e-02
4.192499999999264304e+01 1.025073618275069931e+00 8.801788257526671488e-02
4.207500000000737828e+01 1.025161321239072221e+00 8.680413368740488855e-02
4.222499999999372022e+01 1.027155999911610440e+00 8.749196953758177353e-02
4.237500000000000000e+01 1.027823838324338546e+00 8.831826364749237324e-02
4.252500000000640057e+01 1.025325382591707912e+00 8.774226220199900228e-02
4.267499999999256488e+01 1.024501470005290571e+00 8.687702338192436480e-02
4.282500000000744933e+01 1.025575209364491869e+00 8.813341473205410503e-02
4.297499999999342180e+01 1.025776331957305443e+00 8.633744172314793131e-02
4.312500000000000000e+01 1.023496116780301168e+00 8.663605613776841075e-02
4.327500000000669900e+01 1.024538936308099446e+00 8.675360187008601676e-02
4.342499999999249383e+01 1.024276204765148801e+00 8.580961468009896953e-02
4.357500000000752038e+01 1.024155920897233729e+00 8.621417576100119662e-02
4.372499999999313758e+01 1.022303554373238610e+00 8.610444549406526260e-02
4.387500000000000000e+01 1.023154968019821975e+00 8.457345766362545092e-02
4.402500000000697611e+01 1.023390235634116907e+00 8.655146753806983173e-02
4.417499999999242277e+01 1.023144402387694774e+00 8.504307947697899162e-02
4.432500000000759144e+01 1.022488291544866978e+00 8.511461249195584333e-02
4.447499999999286047e+01 1.020945545836002388e+00 8.573244052719330988e-02
4.462500000000000000e+01 1.021722423294700199e+00 8.488460720985176178e-02
4.477500000000724611e+01 1.022054007020565480e+00 8.449975779207984095e-02
4.492499999999235882e+01 1.022272847279599661e+00 8.334274721890880255e-02
4.507500000000766249e+01 1.021187119273802235e+00 8.365024532661233247e-02
4.522499999999259757e+01 1.022111328492286031e+00 8.493564089643347581e-02
4.537500000000000000e+01 1.021274342579211014e+00 8.235595886104797592e-02
4.552500000000750902e+01 1.019684887448267796e+00 8.352518248531208556e-02
4.567499999999228777e+01 1.020205846826886864e+00 8.402709727307738907e-02
4.582500000000772644e+01 1.020875646124087543e+00 8.424516240332020900e-02
4.597499999999233466e+01 1.022547981200927047e+00 8.401987611385182408e-02
4.612500000000000000e+01 1.020403405425983845e+00 8.392501709505316432e-02
4.627500000000776481e+01 1.019718629812981670e+00 8.282083158622599584e-02
4.642499999999223093e+01 1.019393000711270147e+00 8.257617679061175775e-02
4.657500000000779039e+01 1.019601187167969547e+00 8.276395139995541828e-02
4.672499999999207887e+01 1.019417927225576115e+00 8.320129483475877108e-02
4.687500000000000000e+01 1.020049767236526073e+00 8.286352675689676039e-02
4.702500000000801350e+01 1.019894982957405105e+00 8.353331726147110448e-02
4.717499999999216698e+01 1.019797142710502369e+00 8.247357455553627759e-02
4.732500000000784723e+01 1.019496051500732747e+00 8.295177721849257557e-02
4.747499999999183729e+01 1.019045932087381257e+00 8.263491305185155511e-02
4.762500000000000000e+01 1.019893356906831805e+00 8.326446013742209995e-02
4.777500000000825509e+01 1.017493720968349002e+00 8.224380081432540457e-02
4.792499999999211013e+01 1.018176758947135330e+00 8.155585700229252277e-02
4.807500000000790408e+01 1.017613475086028840e+00 8.237335515013208265e-02
4.822499999999160281e+01 1.018529103831272042e+00 8.192434497929339254e-02
4.837500000000000000e+01 1.018137132646726339e+00 8.252659258354823335e-02
4.852500000000848956e+01 1.017808464183114436e+00 8.299541620210104664e-02
4.867499999999204618e+01 1.017397885948331027e+00 8.145662818369618641e-02
4.882500000000796092e+01 1.017133369729459114e+00 8.227579642981369679e-02
4.897499999999137543e+01 1.017471748957845756e+00 8.128621072011371629e-02
4.912500000000000000e+01 1.016205505565525691e+00 8.123431791140174607e-02
4.927500000000870983e+01 1.016383286928278729e+00 8.082970391168890767e-02
4.942499999999198934e+01 1.016727220339974425e+00 8.184493359393338330e-02
4.957500000000802487e+01 1.015598975014586847e+00 8.051171060697728810e-02
4.972499999999115516e+01 1.016992358562155863e+00 8.147675918446302401e-02
4.987500000000000000e+01 1.015567643326545255e+00 8.121632339817062840e-02
5.002500000000893010e+01 1.015506571485476517e+00 8.178445679703441606e-02
5.017499999999193960e+01 1.016227556138788568e+00 8.043565347985577596e-02
5.032500000000807461e+01 1.013843033869477495e+00 8.028111834024233284e-02
5.047499999999094200e+01 1.015463135635785941e+00 8.053336822260429018e-02
5.062500000000000000e+01 1.014774860170501780e+00 8.043775378369447115e-02
5.077500000000914326e+01 1.014183494380767048e+00 7.966317792554525323e-02
5.092499999999188276e+01 1.014676825093929535e+00 7.977666249305910562e-02
5.107500000000812435e+01 1.015494607375987846e+00 8.015751147685652722e-02
5.122499999999072884e+01 1.013654755672638519e+00 7.982927744737347564e-02
5.137500000000000000e+01 1.015283117589145245e+00 8.029710977695377061e-02
5.152500000000934932e+01 1.016529932550573001e+00 7.924653921433907899e-02
5.167499999999183302e+01 1.014130197885476425e+00 7.932821662938077667e-02
5.182500000000818119e+01 1.014095419329110959e+00 7.946317135446163971e-02
5.197499999999052989e+01 1.013670229032606063e+00 7.938124692298927088e-02
5.212500000000000000e+01 1.015334203231831545e+00 7.866964063346620906e-02
5.227500000000954827e+01 1.015780830953561420e+00 7.853364758301013826e-02
5.242499999999178328e+01 1.012756951316083009e+00 7.752076339812377648e-02
5.257500000000806040e+01 1.014902443100065055e+00 7.871046406893562886e-02
5.272499999999033804e+01 1.013830701335740381e+00 7.840397619031448662e-02
5.287500000000000000e+01 1.014276526195094563e+00 7.812144739443759034e-02
5.302500000000974723e+01 1.013024736008876880e+00 7.823885893758877885e-02
5.317499999999255778e+01 1.013742187374895298e+00 7.801677185306471474e-02
5.332500000000729301e+01 1.013004609565213432e+00 7.850699311450144713e-02
5.347499999999015330e+01 1.013793905995922895e+00 7.827891053421408285e-02
5.362500000000000000e+01 1.013183968121261547e+00 7.797040988715747689e-02
5.377500000000993197e+01 1.013158349937143932e+00 7.830854476445939238e-02
5.392499999999331095e+01 1.013295474875304913e+00 7.756060993279335902e-02
5.407500000000654694e+01 1.012494393763824663e+00 7.722267453230265144e-02
5.422499999998996145e+01 1.012452349362281678e+00 7.880657420770581512e-02
5.437500000000000000e+01 1.012639992885244533e+00 7.751161519700858205e-02
5.452500000001011671e+01 1.013596077518829519e+00 7.615636692303651145e-02
5.467499999999403570e+01 1.013953144265224759e+00 7.769259154499087716e-02
5.482500000000581508e+01 1.012766839751033210e+00 7.692453873942982356e-02
5.497499999998977671e+01 1.012758925569742896e+00 7.699457979176463351e-02
5.512500000000000000e+01 1.013145571338193163e+00 7.556799677890850553e-02
5.527500000001029434e+01 1.012423693108358114e+00 7.677951569986268821e-02
5.542499999999475335e+01 1.010135629297893578e+00 7.706809925715489562e-02
5.557500000000510454e+01 1.012126009579616071e+00 7.682716141430155632e-02
5.572499999998960618e+01 1.010672773152614834e+00 7.659847949632736519e-02
5.587500000000000000e+01 1.010023218255426070e+00 7.559152003426235222e-02
5.602500000001046487e+01 1.011206969226094987e+00 7.684447141619250854e-02
5.617499999999544258e+01 1.010994712668399576e+00 7.639550819805494830e-02
5.632500000000441531e+01 1.011433615772599826e+00 7.629135111025868443e-02
5.647499999998942855e+01 1.012261394895582534e+00 7.650009676282606974e-02
5.662500000000000000e+01 1.009752515498783865e+00 7.553925221135747436e-02
5.677500000001062830e+01 1.009463313381531835e+00 7.430361185362602261e-02
5.692499999999611759e+01 1.010768397348099867e+00 7.516976744832315482e-02
5.707500000000374030e+01 1.009576108754270063e+00 7.560492087608002010e-02
5.722499999998926512e+01 1.010520377106920886e+00 7.559438179254621137e-02
5.737500000000000000e+01 1.008748874555362107e+00 7.496450426611504791e-02
5.752500000001079172e+01 1.008924973474047748e+00 7.455788672470668732e-02
5.767499999999677129e+01 1.010225929358624430e+00 7.449311574919392775e-02
5.782500000000310081e+01 1.009472261241316504e+00 7.510550754330162782e-02
5.797499999998910170e+01 1.007703373406225955e+00 7.483480739453407526e-02
5.812500000000000000e+01 1.007437530756171373e+00 7.481707023948235002e-02
5.827500000001095515e+01 1.006768046660180049e+00 7.413189378562991261e-02
5.842499999999741078e+01 1.008068060177964576e+00 7.414628504261602804e-02
5.857500000000246132e+01 1.007358004221151626e+00 7.449799507495140360e-02
5.872499999998893827e+01 1.008014097461550573e+00 7.380387398778137653e-02
5.887500000000000000e+01 1.007580568034369017e+00 7.312361952199354642e-02
5.902500000001111857e+01 1.008434024001045426e+00 7.366945691465530410e-02
5.917499999999803606e+01 1.008028182593444955e+00 7.277271357682132957e-02
5.932500000000184315e+01 1.006840894340819137e+00 7.358255577201271158e-02
5.947499999998878906e+01 1.006711137172121795e+00 7.334071921262656779e-02
5.962500000000000000e+01 1.007513390023310862e+00 7.307795629805390047e-02
5.977500000001126779e+01 1.004726976819541706e+00 7.418690361875820982e-02
5.992499999999864002e+01 1.005826491492081587e+00 7.272331428968881184e-02
6.007500000000123919e+01 1.005383542911599370e+00 7.249069223758211611e-02
6.022499999998863984e+01 1.005989075359452700e+00 7.267086311636747342e-02
6.037500000000000000e+01 1.005413104949828051e+00 7.307775277787700863e-02
6.052500000001142411e+01 1.005102208726349922e+00 7.197825574002014726e-02
6.067499999999923688e+01 1.003679230331405270e+00 7.311536493995832164e-02
6.082500000000064944e+01 1.004281442521109957e+00 7.215589466861960233e-02
6.097499999998849773e+01 1.004038505171251039e+00 7.216375814141963441e-02
6.112500000000000000e+01 1.003190064011204363e+00 7.212373900993530873e-02
6.127500000001155911e+01 1.004032674115608037e+00 7.301103601250175101e-02
6.142499999999980531e+01 1.002465957897803905e+00 7.162956774183330821e-02
6.157500000000007390e+01 1.003463427346953596e+00 7.199531222566604716e-02
6.172499999998834852e+01 1.002178105168840094e+00 7.176578179588005701e-02
6.187500000000000000e+01 1.002586823576740560e+00 7.129415823894473536e-02
6.202500000001170122e+01 1.001043319832605194e+00 7.113579447679184431e-02
6.217500000000037375e+01 1.002078065811308871e+00 7.100167217929038987e-02
6.232499999999951967e+01 1.001872923088670264e+00 7.152183500215134049e-02
6.247499999998820641e+01 1.002288509743893608e+00 7.142502541955693396e-02
6.262500000000000000e+01 1.000840300240490421e+00 7.143270970837298228e-02
6.277500000001184333e+01 1.000981018900453989e+00 7.035559713773251178e-02
6.292500000000092086e+01 1.000875840757075252e+00 7.181709301251262834e-02
6.307499999999897256e+01 1.000600759981134624e+00 7.109954064223243664e-02
6.322499999998807851e+01 1.000903587917806314e+00 7.047324213950982574e-02
6.337500000000000000e+01 1.000213191446339023e+00 6.980807296913095483e-02
6.352500000001197833e+01 1.000149408284393582e+00 7.099362669401484971e-02
6.367500000000146798e+01 9.988382082848198396e-01 7.059690553735041563e-02
6.382499999999843254e+01 9.983224871870680639e-01 6.945877307589347349e-02
6.397499999998793641e+01 1.000351866603691464e+00 6.993468313865204566e-02
6.412500000000000000e+01 9.981059605742804708e-01 7.144641754890936058e-02
6.427500000001211333e+01 9.983216523493503303e-01 7.094954118358577644e-02
6.442500000000200089e+01 9.974763213574858733e-01 6.925167384179685415e-02
6.457499999999791385e+01 9.987972377222513742e-01 7.066326859683719208e-02
6.472499999998781561e+01 9.976070672021376540e-01 6.957401775064614435e-02
6.487500000000000000e+01 9.979003952557142787e-01 7.026429308677724361e-02
6.502500000001224123e+01 9.974727181780077556e-01 6.946927110554981799e-02
6.517500000000251248e+01 9.956616495686650969e-01 6.889352131131855350e-02
6.532499999999740226e+01 9.980602798470044057e-01 6.929378766052915473e-02
6.547499999998768772e+01 9.960329677448679364e-01 6.930626142926547828e-02
6.562500000000000000e+01 9.969438349112491604e-01 6.864853091908232341e-02
6.577500000001236913e+01 9.972179388142610179e-01 6.917279109993189345e-02
6.592500000000300986e+01 9.962193989816062745e-01 6.924378057347482796e-02
6.607499999999690488e+01 9.961248126357732380e-01 6.977018432734623243e-02
6.622499999998755982e+01 9.978439276547058645e-01 6.825138434654047515e-02
6.637500000000000000e+01 9.961963906604119900e-01 6.867963486352735014e-02
6.652500000001249703e+01 9.947627285048032952e-01 6.896017813389848650e-02
6.667500000000349303e+01 9.947571137336295166e-01 6.862639394365364909e-02
6.682499999999640750e+01 9.945657581709772543e-01 6.918983222656041598e-02
6.697499999998743192e+01 9.949514869268751838e-01 6.798072238333664752e-02
6.712500000000000000e+01 9.966998026461417748e-01 6.790242785344446919e-02
6.727500000001261071e+01 9.949927706638498348e-01 6.906747370649042594e-02
6.742500000000397620e+01 9.937794852285345426e-01 6.770457749526616331e-02
6.757499999999593854e+01 9.943309610568249468e-01 6.720638165777659268e-02
6.772499999998731823e+01 9.951380024418274850e-01 6.749035665863406530e-02
6.787500000000000000e+01 9.941407982158926293e-01 6.786012082741217644e-02
6.802500000001272440e+01 9.941228063518844360e-01 6.812014275187049106e-02
6.817500000000444516e+01 9.938052560617868236e-01 6.732653419428967501e-02
6.832499999999546958e+01 9.939205508814695778e-01 6.709863792894169010e-02
6.847499999998720455e+01 9.947123084767793832e-01 6.746479968491322921e-02
6.862500000000000000e+01 9.940997110253193547e-01 6.764094750980977067e-02
6.877500000001283809e+01 9.931721990575020920e-01 6.767186671337843684e-02
6.892500000000489990e+01 9.921730339807185439e-01 6.737097939299056815e-02
6.907499999999501483e+01 9.944203577692570795e-01 6.707847981950919303e-02
6.922499999998709086e+01 9.924971350491131883e-01 6.715441639776960348e-02
6.937500000000000000e+01 9.924536016955914919e-01 6.676147363337887886e-02
6.952500000001295177e+01 9.927556069817926598e-01 6.762355049887001923e-02
6.967500000000535465e+01 9.930554098089404702e-01 6.674896709194447220e-02
6.982499999999456008e+01 9.935740174360506716e-01 6.725281041952707595e-02
6.997499999998697717e+01 9.919925486448146756e-01 6.649290972125289356e-02
7.012500000000000000e+01 9.923435984668358412e-01 6.670754868089762146e-02
7.027500000001306546e+01 9.929847277347548795e-01 6.768350280807330921e-02
7.042500000000579519e+01 9.906488490068899866e-01 6.669187289947328678e-02
7.057499999999413376e+01 9.925853555409720475e-01 6.626747262608695399e-02
7.072499999998686349e+01 9.915813149616975464e-01 6.626195795647811526e-02
7.087500000000000000e+01 9.910209532546034872e-01 6.624584020099749671e-02
7.102500000001316494e+01 9.920881994897062794e-01 6.601950750084559227e-02
7.117500000000620730e+01 9.920364732420845488e-01 6.712083515341674134e-02
7.132499999999369322e+01 9.910860953915336946e-01 6.638683166764758337e-02
7.147499999998676401e+01 9.919908327408809567e-01 6.635722892944355411e-02
7.162500000000000000e+01 9.908997348335190081e-01 6.577126558886071950e-02
7.177500000001327862e+01 9.907620392159890432e-01 6.579553385640952989e-02
7.192500000000663363e+01 9.922337547996594731e-01 6.562824556836156786e-02
7.207499999999328111e+01 9.914620382374812468e-01 6.564563861035899173e-02
7.222499999998666453e+01 9.910390215730867647e-01 6.628424832157035762e-02
7.237500000000000000e+01 9.924862487271634004e-01 6.573342208335936077e-02
7.252500000001337810e+01 9.912369335190742703e-01 6.522609912305089852e-02
7.267500000000704574e+01 9.918812287393311555e-01 6.476489852678500581e-02
7.282499999999286899e+01 9.920654305127880601e-01 6.551148902530630480e-02
7.297499999998655085e+01 9.924146789262024981e-01 6.605352659270875837e-02
7.312500000000000000e+01 9.911697444546333502e-01 6.550420494790201720e-02
7.327500000001347757e+01 9.916026024072491785e-01 6.549200867009671856e-02
7.342500000000745786e+01 9.913805331487652861e-01 6.554379137489170504e-02
7.357499999999247109e+01 9.924245801428347447e-01 6.581660955664159207e-02
7.372499999998646558e+01 9.918615719826198163e-01 6.562890162879282674e-02
7.387500000000000000e+01 9.917100973109905793e-01 6.511441223543645851e-02
7.402500000001359126e+01 9.921829016689195369e-01 6.491263416502426886e-02
7.417500000000785576e+01 9.927419217671200613e-01 6.491836475967641129e-02
7.432499999999207319e+01 9.923718263541574380e-01 6.494725124215466883e-02
7.447499999998635190e+01 9.917276651908657481e-01 6.462676380313456259e-02
7.462500000000000000e+01 9.925845002875577361e-01 6.414656577604793686e-02
7.477500000001367653e+01 9.924027172192635415e-01 6.459392477132831767e-02
7.492500000000823945e+01 9.908710294444120770e-01 6.384610861603923215e-02
7.507499999999168949e+01 9.932703781960262601e-01 6.540679898348730759e-02
7.522499999998626663e+01 9.929792747690412424e-01 6.425022851142443703e-02
7.537500000000000000e+01 9.927793904978022832e-01 6.483914434029058871e-02
7.552500000001377600e+01 9.922161962340967367e-01 6.427667877377957195e-02
7.567500000000862315e+01 9.925323356034101430e-01 6.424547335416339044e-02
7.582499999999130580e+01 9.915598727148106084e-01 6.414904089914916230e-02
7.597499999998616715e+01 9.917664412061065748e-01 6.417510541192855689e-02
7.612500000000000000e+01 9.934452054379353525e-01 6.340511465463714857e-02
7.627500000001386127e+01 9.928742908150598456e-01 6.408077028273817533e-02
7.642500000000899263e+01 9.925404230365300062e-01 6.382278212633582526e-02
7.657499999999093632e+01 9.914387493292207143e-01 6.353975018467747371e-02
7.672499999998608189e+01 9.933413713672375467e-01 6.359714769212596042e-02
7.687500000000000000e+01 9.916124557237444570e-01 6.393381294151302685e-02
7.702500000001396074e+01 9.941336324763485610e-01 6.383568172228099025e-02
7.717500000000934790e+01 9.921684149553241516e-01 6.387383262099277648e-02
7.732499999999058105e+01 9.929018099155504373e-01 6.308899468545935141e-02
7.747499999998598241e+01 9.928458186589997903e-01 6.400957836419536584e-02
7.762500000000000000e+01 9.927973313008696676e-01 6.290263369382666225e-02
7.777500000001404601e+01 9.932331196167633047e-01 6.321108771327502152e-02
7.792500000000971738e+01 9.937862045500239772e-01 6.451949429481516896e-02
7.807499999999021156e+01 9.933115229120669243e-01 6.364799866528152161e-02
7.822499999998589715e+01 9.936377546887148471e-01 6.298554186960060586e-02
7.837500000000000000e+01 9.920560434471290545e-01 6.390708736513406318e-02
7.852500000001413127e+01 9.941115825063578937e-01 6.405345722612855452e-02
7.867500000001005844e+01 9.932124803008690606e-01 6.311656460941375557e-02
7.882499999998987050e+01 9.932365964022357163e-01 6.313667041632632648e-02
7.897499999998581188e+01 9.931229333795977832e-01 6.267609011525723806e-02
7.912500000000000000e+01 9.935391507837628700e-01 6.348072767414532358e-02
7.927500000001423075e+01 9.926122575016385063e-01 6.293160073103222507e-02
7.942500000001041371e+01 9.931141268258083521e-01 6.338421614660168235e-02
7.957499999998951523e+01 9.933269824915140767e-01 6.275681242376028590e-02
7.972499999998572662e+01 9.936214244164750520e-01 6.280112755763471444e-02
7.987500000000000000e+01 9.945132084840480058e-01 6.269481206125697426e-02
8.002500000001430180e+01 9.936261647581522416e-01 6.308321595453007802e-02
8.017500000001075477e+01 9.944891240600244320e-01 6.241188235460950334e-02
8.032499999998918838e+01 9.938977040421581588e-01 6.223170265270033807e-02
8.047499999998564135e+01 9.943687599120856202e-01 6.366446934859540385e-02
8.062500000000000000e+01 9.953120560340215084e-01 6.244206762125747295e-02
8.077500000001438707e+01 9.947772619397524663e-01 6.232848013308331381e-02
8.092500000001108162e+01 9.947093075760417014e-01 6.213662384067215882e-02
8.107499999998886153e+01 9.937217507113743631e-01 6.211163233735220168e-02
8.122499999998557030e+01 9.939260649867768249e-01 6.232054860130668839e-02
8.137500000000000000e+01 9.953523488175859413e-01 6.163240104521761770e-02
8.152500000001447233e+01 9.940949738764427446e-01 6.184434506064465792e-02
8.167500000001139426e+01 9.958285394186093820e-01 6.206690995341353906e-02
8.182499999998853468e+01 9.945868080154314228e-01 6.220005162680453115e-02
8.197499999998548503e+01 9.941807834347884398e-01 6.205899313989197974e-02
8.212500000000000000e+01 9.942496138838086139e-01 6.220031182637206918e-02
8.227500000001455760e+01 9.951447972799676300e-01 6.131990118333317114e-02
8.242500000001172111e+01 9.962083005231219257e-01 6.149759751534248503e-02
8.257499999998822204e+01 9.964911519733664624e-01 6.115197428651585748e-02
8.272499999998539977e+01 9.965875856047416992e-01 6.142464788944385079e-02
8.287500000000000000e+01 9.958023764267445177e-01 6.198420406200000343e-02
8.302500000001462865e+01 9.951479473179574153e-01 6.203630065641566743e-02
8.317500000001203375e+01 9.972110828624428658e-01 6.200949215177949808e-02
8.332499999998789519e+01 9.956693790888012652e-01 6.252080426407959080e-02
8.347499999998531450e+01 9.970031875640642527e-01 6.140806828628677522e-02
8.362500000000000000e+01 9.972866989070876542e-01 6.145066993493839697e-02
8.377500000001469971e+01 9.973268543902317207e-01 6.146095557328593029e-02
8.392500000001234639e+01 9.974514964975271791e-01 6.101616929803551498e-02
8.407499999998758256e+01 9.961915063187686270e-01 6.206341541738158440e-02
8.422499999998524345e+01 9.978110164735428667e-01 6.086988769431596336e-02
8.437500000000000000e+01 9.959440120761088311e-01 6.136852860033430862e-02
8.452500000001478497e+01 9.962739761847989595e-01 6.055703910882458130e-02
8.467500000001264482e+01 9.974352672635693473e-01 6.064580034108086465e-02
8.482499999998728413e+01 9.970674871993744359e-01 6.091712335728179800e-02
8.497499999998517239e+01 9.970627116190755590e-01 6.077432244875951434e-02
8.512500000000000000e+01 9.982264420260337223e-01 6.103465411147603742e-02
8.527500000001485603e+01 9.974914066738844731e-01 6.099061307168362339e-02
8.542500000001294325e+01 9.966541027697570776e-01 6.092612100025014688e-02
8.557499999998699991e+01 9.977062947774221202e-01 6.109456664133783299e-02
8.572499999998510134e+01 9.965360997741435911e-01 6.085421611767076466e-02
8.587500000000000000e+01 9.982812563935075101e-01 6.090273728665838993e-02
8.602500000001494129e+01 9.975667815988081832e-01 6.091641430033848531e-02
8.617500000001324167e+01 9.991118758394583743e-01 6.182374467497054465e-02
8.632499999998670148e+01 9.981909272098854480e-01 6.060871222982808226e-02
8.647499999998503029e+01 9.987232484018139234e-01 6.045697890617968834e-02
8.662500000000000000e+01 9.993407975701859014e-01 6.071096268428864684e-02
8.677500000001501235e+01 9.986763000048187733e-01 6.051124180953830478e-02
8.692500000001352589e+01 9.991113874850883203e-01 6.073992388319104929e-02
8.707499999998641727e+01 9.985380006572646128e-01 6.028707078006717568e-02
8.722499999998494502e+01 9.984515529154374125e-01 6.021252240518293330e-02
8.737500000000000000e+01 9.985747379762859310e-01 6.000544585151145610e-02
8.752500000001508340e+01 9.988716484982762545e-01 5.999757411005698926e-02
8.767500000001381011e+01 9.992983784493338906e-01 6.003766004928949573e-02
8.782499999998613305e+01 9.995440146245637703e-01 5.946949441173576822e-02
8.797499999998487397e+01 1.000470766646211818e+00 6.032384406051301967e-02
8.812500000000000000e+01 1.000036344577344583e+00 6.031688973397132669e-02
8.827500000001514024e+01 9.995243631716156374e-01 5.993739379937180339e-02
8.842500000001409433e+01 9.992959610952905081e-01 5.928763476286805917e-02
8.857499999998586304e+01 9.999525213359162779e-01 5.928082922243210068e-02
8.872499999998480291e+01 1.000155950942784866e+00 6.047099265471840568e-02
8.887500000000000000e+01 1.000553181134212100e+00 6.087706991971545550e-02
8.902500000001521130e+01 1.001007673612258397e+00 6.053810760178025829e-02
8.917500000001436433e+01 1.001361606068950749e+00 6.008066028162598049e-02
8.932499999998557882e+01 1.000265858374601580e+00 5.939212124327580833e-02
8.947499999998473186e+01 1.001412952089587360e+00 5.883173840742416533e-02
8.962500000000000000e+01 1.000221200469141758e+00 5.951738589533413920e-02
8.977500000001528235e+01 1.001387990142284634e+00 5.967660614550080594e-02
8.992500000001462013e+01 1.001271425308891461e+00 6.021317747208759091e-02
9.007499999998532303e+01 1.001416925422849546e+00 6.000227721719456064e-02
9.022499999998467501e+01 1.001012637571017327e+00 5.948754687002901637e-02
9.037500000000000000e+01 1.001762811233332329e+00 5.899958011267826541e-02
9.052500000001533920e+01 1.001700208937828407e+00 5.925566439528919677e-02
9.067500000001489013e+01 1.002360461409212311e+00 5.974627856017556554e-02
9.082499999998505302e+01 1.002019569865412407e+00 5.887902269944897404e-02
9.097499999998460396e+01 1.001083209150364306e+00 5.807549515270760826e-02
9.112500000000000000e+01 1.002130933437912264e+00 5.855135853064134116e-02
9.127500000001541025e+01 1.003476834252972072e+00 5.912038064273264504e-02
9.142500000001514593e+01 1.002651660306302928e+00 5.922241541045254049e-02
9.157499999998479723e+01 1.001718683331279669e+00 5.952837561259956972e-02
9.172499999998454712e+01 1.001938268184269898e+00 5.856656995997566034e-02
9.187500000000000000e+01 1.003943408115716807e+00 5.902834864637922924e-02
9.202500000001548131e+01 1.002746510744686459e+00 5.820830417994774658e-02
9.217500000001541594e+01 1.003542630683583070e+00 5.907561139762347591e-02
9.232499999998454143e+01 1.003247226049661212e+00 5.831505096051007447e-02
9.247499999998447606e+01 1.002697214613479826e+00 5.891893400582736556e-02
9.262500000000000000e+01 1.003196733380698591e+00 5.896231113657166706e-02
9.277500000001553815e+01 1.003371471003675408e+00 5.796268077900704890e-02
9.292500000001565752e+01 1.003282523736196863e+00 5.895884983251706984e-02
9.307499999998428564e+01 1.004474256428999235e+00 5.865069333570584187e-02
9.322499999998441922e+01 1.004230771628249030e+00 5.849884043920289961e-02
9.337500000000000000e+01 1.003956431376456182e+00 5.890994588858831232e-02
9.352500000001559499e+01 1.004126869135361311e+00 5.821050790623525512e-02
9.367500000001591332e+01 1.004514496481184960e+00 5.822211505403444148e-02
9.382499999998402984e+01 1.004266810129771148e+00 5.771780870408069197e-02
9.397499999998436238e+01 1.004607495179783427e+00 5.818362307860562577e-02
9.412500000000000000e+01 1.002969131406160175e+00 5.805927819553007713e-02
9.427500000001566605e+01 1.003254792827645625e+00 5.789756348906526656e-02
9.442500000001615490e+01 1.004010499640978660e+00 5.835134291124963873e-02
9.457499999998380247e+01 1.005261596299094506e+00 5.808124220031888468e-02
9.472499999998429132e+01 1.004602020497176174e+00 5.778533259905757613e-02
9.487500000000000000e+01 1.004653405998469307e+00 5.800749743635944672e-02
9.502500000001572289e+01 1.005206342786900686e+00 5.756418597656989128e-02
9.517500000001639648e+01 1.004828666654131286e+00 5.721928346483393102e-02
9.532499999998356088e+01 1.006222266421097800e+00 5.802743275665842027e-02
9.547499999998423448e+01 1.004962667335446147e+00 5.735292075561961023e-02
9.562500000000000000e+01 1.006592258296249431e+00 5.846806716878393678e-02
9.577500000001577973e+01 1.006045786764052430e+00 5.747421298773081749e-02
9.592500000001662386e+01 1.006027189138430700e+00 5.802808131953653831e-02
9.607499999998331930e+01 1.005196755305886258e+00 5.735287623592224410e-02
9.622499999998417763e+01 1.005321938082212485e+00 5.749077022681875482e-02
9.637500000000000000e+01 1.007232751716029107e+00 5.792707213350874879e-02
9.652500000001585079e+01 1.006255522243076683e+00 5.801857257318850797e-02
9.667500000001686544e+01 1.006215288012307196e+00 5.726070439813284868e-02
9.682499999998309193e+01 1.007198576438438797e+00 5.727355802127929302e-02
9.697499999998412079e+01 1.006497511122949051e+00 5.742953205275683898e-02
9.712500000000000000e+01 1.006572929989228316e+00 5.720361757283896204e-02
9.727500000001590763e+01 1.007347256202724139e+00 5.816288941203395790e-02
9.742500000001709282e+01 1.005383718095615331e+00 5.791268825326204711e-02
9.757499999998287876e+01 1.006784589854257783e+00 5.786280669756385664e-02
9.772499999998406395e+01 1.006768095084935588e+00 5.786549818489918062e-02
9.787500000000000000e+01 1.007682190139201239e+00 5.755849437582000183e-02
9.802500000001595026e+01 1.007142746841407366e+00 5.724896975527817011e-02
9.817500000001732019e+01 1.007589628332582699e+00 5.690910881665914994e-02
9.832499999998263718e+01 1.005753005968851976e+00 5.731998529555674265e-02
9.847499999998402131e+01 1.006787542579740791e+00 5.761272690385765144e-02
9.862500000000000000e+01 1.007214124642663133e+00 5.682212737654450396e-02
9.877500000001600711e+01 1.008208937789075943e+00 5.702114295600341221e-02
9.892500000001753335e+01 1.007563683172947089e+00 5.688183573259421311e-02
9.907499999998242401e+01 1.008475018388193867e+00 5.707842513260531769e-02
9.922499999998395026e+01 1.008693130359175516e+00 5.790347036312409185e-02
9.937500000000000000e+01 1.006961533237883399e+00 5.735703089123426329e-02
9.952500000001606395e+01 1.007537777283242786e+00 5.641987411507545791e-02
9.967500000001776073e+01 1.007771449321854806e+00 5.693592262845086766e-02
9.982499999998221085e+01 1.008527028093573197e+00 5.727504357815945552e-02
9.997499999998389342e+01 1.007393282522120792e+00 5.649137857117942502e-02
1.001250000000000000e+02 1.008260788992850321e+00 5.700725123273951700e-02
1.002750000000161208e+02 1.007816578743068847e+00 5.711745914750146480e-02
1.004250000000179597e+02 1.008627973960414925e+00 5.708334554725905119e-02
1.005749999999819835e+02 1.007765509437407614e+00 5.650110932527728502e-02
1.007249999999838508e+02 1.009031661121307932e+00 5.648349271135104377e-02
1.008750000000000000e+02 1.008908283128556516e+00 5.668767904375507372e-02
1.010250000000161776e+02 1.008481963522456226e+00 5.656511997351228865e-02
1.011750000000181871e+02 1.009760990800280034e+00 5.722501171431694511e-02
1.013249999999817845e+02 9.869935532379041643e-01 5.580516370027755607e-02
1.014749999999837939e+02 9.664632225019847978e-01 5.491002072464782474e-02
1.016250000000000000e+02 9.515516203905785009e-01 5.437684846481196516e-02
1.017750000000162345e+02 9.421681307545179962e-01 5.441000107385189632e-02
1.019250000000184002e+02 9.340064538957445484e-01 5.425185005765092994e-02
1.020749999999815714e+02 9.258299708053085997e-01 5.385129604283974553e-02
1.022249999999837513e+02 9.192678359846772063e-01 5.344018967636497697e-02
1.023750000000000000e+02 9.119083563529385428e-01 5.316900819028586023e-02
1.025250000000162771e+02 9.052877004189735510e-01 5.312958366384296777e-02
1.026750000000185992e+02 8.993799797352026726e-01 5.275330942259627565e-02
1.028249999999813582e+02 8.948324749388550936e-01 5.224426569083932825e-02
1.029749999999836945e+02 8.899414464809283221e-01 5.231600478487582334e-02
1.031250000000000000e+02 8.851716138232322839e-01 5.298688449094961228e-02
1.032750000000163340e+02 8.801052430688713901e-01 5.237490034435302033e-02
1.034250000000187981e+02 8.757840627317780013e-01 5.217365529366246174e-02
1.035749999999811592e+02 8.718932164370019056e-01 5.141145169511911889e-02
1.037249999999836376e+02 8.669986155042557208e-01 5.158699841369360217e-02
1.038750000000000000e+02 8.621822911887995211e-01 5.112527653525954924e-02
1.040250000000163766e+02 8.587055315497686969e-01 5.102319963412884490e-02
1.041750000000189971e+02 8.544423525192853530e-01 5.140916275644456801e-02
1.043249999999809603e+02 8.509746695514646131e-01 5.076431858035342776e-02
1.044749999999835950e+02 8.478550571606868758e-01 5.031724667393259326e-02
1.046250000000000000e+02 8.441946924531260610e-01 5.021677610433697425e-02
1.047750000000164334e+02 8.399533048623156750e-01 5.053075190810348005e-02
1.049250000000191818e+02 8.366935977737528507e-01 5.032132229003613566e-02
1.050749999999807613e+02 8.331491874089266281e-01 4.975708217400547084e-02
1.052249999999839503e+02 8.306673894454965623e-01 4.970348776806200741e-02
1.053750000000000000e+02 8.267420023107806548e-01 4.934079624377826073e-02
1.055250000000157229e+02 8.248169094068497076e-01 4.966683797518818555e-02
1.056750000000193808e+02 8.210766203142488839e-01 4.924752528629943588e-02
1.058249999999805766e+02 8.176127270324081708e-01 4.968742292000406097e-02
1.059749999999847319e+02 8.148917225178322621e-01 4.940559922206597815e-02
1.061250000000000000e+02 8.127789725739635873e-01 4.909963350486774847e-02
1.062750000000149555e+02 8.081370007586514692e-01 4.859597291510138473e-02
1.064250000000195797e+02 8.058657947172094271e-01 4.794074332596995336e-02
1.065749999999803919e+02 8.039168038259226767e-01 4.880237425419606256e-02
1.067249999999854850e+02 8.006122483857577299e-01 4.832722012697269337e-02
1.068750000000000000e+02 7.979015548087685650e-01 4.858183648250569142e-02
1.070250000000141881e+02 7.951047867229249499e-01 4.894210479136568842e-02
1.071750000000197645e+02 7.922891629279072978e-01 4.782981045624160044e-02
1.073249999999802071e+02 7.898653022334642948e-01 4.831125632024639571e-02
1.074749999999862524e+02 7.884915464890492887e-01 4.738458131519118072e-02
1.076250000000000000e+02 7.852019586280807317e-01 4.794719707563694505e-02
1.077750000000134492e+02 7.825079386257051128e-01 4.784127760686292946e-02
1.079250000000199492e+02 7.801210483346587843e-01 4.796680983883758187e-02
1.080749999999800224e+02 7.779516080867516781e-01 4.816236781829662944e-02
1.082249999999869914e+02 7.752820331081620164e-01 4.730853061542038274e-02
1.083750000000000000e+02 7.715358754082479731e-01 4.756677479479807374e-02
1.085250000000127244e+02 7.701871348305261433e-01 4.750122493005438234e-02
1.086750000000201481e+02 7.678389285148524701e-01 4.683141859030112014e-02
1.088249999999798376e+02 7.665131523804682434e-01 4.678065071437919470e-02
1.089749999999877161e+02 7.633447488814776305e-01 4.732270559183414382e-02
1.091250000000000000e+02 7.614726781319617332e-01 4.708993616320482356e-02
1.092750000000119854e+02 7.599485648413377703e-01 4.750410971215143774e-02
1.094250000000203045e+02 7.570575148301943447e-01 4.727558526565102393e-02
1.095749999999796529e+02 7.544735245163985971e-01 4.674539827828516625e-02
1.097249999999884409e+02 7.527217735490117079e-01 4.624915533631064612e-02
1.098750000000000000e+02 7.509298990552142339e-01 4.641821573510099969e-02
1.100250000000112749e+02 7.481751671964179673e-01 4.659430936193489914e-02
1.101750000000204892e+02 7.466368240972786063e-01 4.609212048447280247e-02
1.103249999999794682e+02 7.440181953800996117e-01 4.558157942440941440e-02
1.104749999999891372e+02 7.424174173015191114e-01 4.598916550494398098e-02
1.106250000000000000e+02 7.396243963584238079e-01 4.535506798688317132e-02
1.107750000000105643e+02 7.379238257460619677e-01 4.555360578179602771e-02
1.109250000000206740e+02 7.361139593639013379e-01 4.545333733318510094e-02
1.110749999999792976e+02 7.345879583962691139e-01 4.533175419612105184e-02
1.112249999999898620e+02 7.325583189370967752e-01 4.558934267781907662e-02
1.113750000000000000e+02 7.300389272897608306e-01 4.554930410380179234e-02
1.115250000000098822e+02 7.293013500144743810e-01 4.541308645448929870e-02
1.116750000000208445e+02 7.270171099474316279e-01 4.517453646213832191e-02
1.118249999999791129e+02 7.257839072105967126e-01 4.528717350295893840e-02
1.119749999999905299e+02 7.224422909620489275e-01 4.513431068271389623e-02
1.121250000000000000e+02 7.211274140851070547e-01 4.499517772451640252e-02
1.122750000000091859e+02 7.198252877440449726e-01 4.486551289411223886e-02
1.124250000000210008e+02 7.180925091966218199e-01 4.494296751455380268e-02
1.125749999999789566e+02 7.159796543610336128e-01 4.430961411707780295e-02
1.127249999999912120e+02 7.132376021451379833e-01 4.410151752506579620e-02
1.128750000000000000e+02 7.127536363880081494e-01 4.442550742829345922e-02
1.130250000000085180e+02 7.107666677118710252e-01 4.422690935936799544e-02
1.131750000000211855e+02 7.083756534512195557e-01 4.391285108604605497e-02
1.133249999999787860e+02 7.070156689906930136e-01 4.434566980902013983e-02
1.134749999999919083e+02 7.056678655739276884e-01 4.403269612246076686e-02
1.136250000000000000e+02 7.037325509780221200e-01 4.404969812558628961e-02
1.137750000000078359e+02 7.022857312122748885e-01 4.359495274024364347e-02
1.139250000000213561e+02 7.009365138443587329e-01 4.369621859202697800e-02
1.140749999999786297e+02 6.986648977070711863e-01 4.345725749327341431e-02
1.142249999999925620e+02 6.969863872950765593e-01 4.345810468996736536e-02
1.143750000000000000e+02 6.953177750304778693e-01 4.425329259846429164e-02
1.145250000000071680e+02 6.933876256170666830e-01 4.304626703011037864e-02
1.146750000000215124e+02 6.920566791005131613e-01 4.414008601848989216e-02
1.148249999999784308e+02 6.900129422121265010e-01 4.309754234815967033e-02
1.149749999999932157e+02 6.893037949476324977e-01 4.401642102896762693e-02
1.151250000000000000e+02 6.875389525375520394e-01 4.320162560781955902e-02
1.152750000000065285e+02 6.850894955157962318e-01 4.337645442360953119e-02
1.154250000000216829e+02 6.842751555815210773e-01 4.316582610765393874e-02
1.155749999999783029e+02 6.823214012835199238e-01 4.282381364211110264e-02
1.157249999999938694e+02 6.804949180565827982e-01 4.310089840868856076e-02
1.158750000000000000e+02 6.796164594473823595e-01 4.317143212416078846e-02
1.160250000000058748e+02 6.779152105399183226e-01 4.263964241366079849e-02
1.161750000000218392e+02 6.759391806938077618e-01 4.286382851184759868e-02
1.163249999999781323e+02 6.747846968086048669e-01 4.257521201073977829e-02
1.164749999999945089e+02 6.732870064330399584e-01 4.267716844132105058e-02
1.166250000000000000e+02 6.723574466363809732e-01 4.269610636051619085e-02
1.167750000000052495e+02 6.701443832970992442e-01 4.282668778024022183e-02
1.169250000000220098e+02 6.683939280845091480e-01 4.278431186675148851e-02
1.170749999999779760e+02 6.679555196495838842e-01 4.227885233986799357e-02
1.172249999999951484e+02 6.664297696331742404e-01 4.232571398145007491e-02
1.173750000000000000e+02 6.647411098902487048e-01 4.195342689402856845e-02
1.175250000000046242e+02 6.637547011126049279e-01 4.177371011073880563e-02
1.176750000000221377e+02 6.615513688749641297e-01 4.174740522289687589e-02
1.178249999999778055e+02 6.605693985849503402e-01 4.188374750818137787e-02
1.179749999999957453e+02 6.585094470373630271e-01 4.176569390219839195e-02
1.181250000000000000e+02 6.573742022906485793e-01 4.114606662906718226e-02
1.182750000000039989e+02 6.557340567724315727e-01 4.173286215765877050e-02
1.184250000000223082e+02 6.548796039778503886e-01 4.126838189346937469e-02
1.185749999999776634e+02 6.533912118002529468e-01 4.152363745000415413e-02
1.187249999999963705e+02 6.512495770434357789e-01 4.102540582936307911e-02
1.188750000000000000e+02 6.509573507052831554e-01 4.127172396314546937e-02
1.190250000000033879e+02 6.495117415911461078e-01 4.126839793125351707e-02
1.191750000000224645e+02 6.487148007390582949e-01 4.139892214993972502e-02
1.193249999999775071e+02 6.471363190856829206e-01 4.173794604167518213e-02
1.194749999999969816e+02 6.449944115963947011e-01 4.055507230230385313e-02
1.196250000000000000e+02 6.443083294399140071e-01 4.098944950862129510e-02
1.197750000000027910e+02 6.428181759692995767e-01 4.082095693979407441e-02
1.199250000000226066e+02 6.409069532670617075e-01 4.127034583999898004e-02
1.200749999999773650e+02 6.404944673458514703e-01 4.087417394135728355e-02
1.202249999999975927e+02 6.392666439825032132e-01 4.107593206356537074e-02
1.203750000000000000e+02 6.385760480725933830e-01 4.094924081540012029e-02
1.205250000000021799e+02 6.364277310686485833e-01 4.019344728642196968e-02
1.206750000000227772e+02 6.355053896037483607e-01 4.073682228000946592e-02
1.208249999999772086e+02 6.342453789834792133e-01 4.073655159841805401e-02
1.209749999999981753e+02 6.333204970052338512e-01 4.022798143364165330e-02
1.211250000000000000e+02 6.319243870113139261e-01 4.034041433107157792e-02
1.212750000000015973e+02 6.306107687274981055e-01 4.062863495296037408e-02
1.214250000000229193e+02 6.298159679439824243e-01 4.025336386292715368e-02
1.215749999999770665e+02 6.290476861058829083e-01 4.042330532670116577e-02
1.217249999999987580e+02 6.276435847580127403e-01 4.070404687727104814e-02
1.218750000000000000e+02 6.258517574916576676e-01 4.025952979075080734e-02
1.220250000000010147e+02 6.252372120157569935e-01 3.987975910602618856e-02
1.221750000000230472e+02 6.224577638818462599e-01 4.006174854799920970e-02
1.223249999999769244e+02 6.228192630018062337e-01 3.990806817741811285e-02
1.224749999999993406e+02 6.212620305861701331e-01 3.969891761182152423e-02
1.226250000000000000e+02 6.199231213670557405e-01 3.981375491587170468e-02
1.227750000000004320e+02 6.199093404993137879e-01 3.886941700124754706e-02
1.229250000000231893e+02 6.178451760061638431e-01 3.973320916088014104e-02
1.230749999999767681e+02 6.172359282734424246e-01 3.927567336093328726e-02
1.232249999999999233e+02 6.156896144998285081e-01 3.964799180908706866e-02
1.233750000000000000e+02 6.143001537843906235e-01 3.941108787051278428e-02
1.235249999999998494e+02 6.128947315856286826e-01 3.930350698114838670e-02
1.236750000000233314e+02 6.129393814969814613e-01 3.912040426586107372e-02
1.238249999999766402e+02 6.111275952267960498e-01 3.930060982790565399e-02
1.239750000000004775e+02 6.106672798386582057e-01 3.905513053237703175e-02
1.241250000000000000e+02 6.086575332703410002e-01 3.931270593128514262e-02
1.242749999999992951e+02 6.083057522573542819e-01 3.951275960773194262e-02
1.244250000000234735e+02 6.069098923781027777e-01 3.913098968106561160e-02
1.245749999999764839e+02 6.056962581966428560e-01 3.891144068506384446e-02
1.247250000000010317e+02 6.043197447047287119e-01 3.869209400036150576e-02
1.248750000000000000e+02 6.038397173407945573e-01 3.857691995172239652e-02
1.250249999999987551e+02 6.019041600786587676e-01 3.873209439354682176e-02
1.251750000000236156e+02 6.009817798048048276e-01 3.876992377448092164e-02
1.253249999999763702e+02 6.004159412735065038e-01 3.875443267334893055e-02
1.254750000000015859e+02 5.986652428669347881e-01 3.830439528111711373e-02
1.256250000000000000e+02 5.978395942044981703e-01 3.874028101941073832e-02
1.257749999999982009e+02 5.971041189287022988e-01 3.826947619309073456e-02
1.259250000000237577e+02 5.959912957165147684e-01 3.869330497658881457e-02
1.260749999999762281e+02 5.958769750390146003e-01 3.883943050225902721e-02
1.262250000000021259e+02 5.951984906760003913e-01 3.857720452585559900e-02
1.263750000000000000e+02 5.932732259103429273e-01 3.811711524565895154e-02
1.265249999999976609e+02 5.897923969622334006e-01 3.821141630635042918e-02
1.266750000000238856e+02 5.663186788463919763e-01 3.746640798182938187e-02
1.268249999999760860e+02 5.488221898075690275e-01 3.683563714283217411e-02
1.269750000000026660e+02 5.372560056480468749e-01 3.610148755072323939e-02
1.271250000000000000e+02 5.276441675059350134e-01 3.641639227539739121e-02
1.272749999999971209e+02 5.189555207627859490e-01 3.605542570642449041e-02
1.274250000000240277e+02 5.104871037010814128e-01 3.563593486843080055e-02
1.275749999999759439e+02 5.035950039082809360e-01 3.541756175361601006e-02
1.277250000000031918e+02 4.964752517534800069e-01 3.540638571632834242e-02
1.278750000000000000e+02 4.905543390571275864e-01 3.480287465136987918e-02
1.280249999999965951e+02 4.843112408381988199e-01 3.464520999650463201e-02
1.281750000000241414e+02 4.783384892609766070e-01 3.423929926960812137e-02
1.283249999999758018e+02 4.728513869980807138e-01 3.385672246844634303e-02
1.284750000000037176e+02 4.676170684270558597e-01 3.401697585559483594e-02
1.286250000000000000e+02 4.616839481963854741e-01 3.348530973061406013e-02
1.287749999999960835e+02 4.573944073969189450e-01 3.324345743897764993e-02
1.289250000000242835e+02 4.522904355914731389e-01 3.339281672930991679e-02
1.290749999999756881e+02 4.473249369694353716e-01 3.276980171512865886e-02
1.292250000000042292e+02 4.429911230361418539e-01 3.323629386310676670e-02
1.293750000000000000e+02 4.378356110528130452e-01 3.255115270527125793e-02
1.295249999999955719e+02 4.343591891448368991e-01 3.211946441909865890e-02
1.296750000000243972e+02 4.296884870977364379e-01 3.262901178305873534e-02
1.298249999999755460e+02 4.251411429527104380e-01 3.212577002754344463e-02
1.299750000000047692e+02 4.211318925475416863e-01 3.222572090218341762e-02
1.301250000000000000e+02 4.173219590964655223e-01 3.162112946929369894e-02
1.302749999999950319e+02 4.137494935464871570e-01 3.118524282699730935e-02
1.304250000000245393e+02 4.098524777633295035e-01 3.156056807826961713e-02
1.305749999999754323e+02 4.056050735826436382e-01 3.125569906144747001e-02
1.307250000000052523e+02 4.019100182634320340e-01 3.093724199577167072e-02
1.308750000000000000e+02 3.982993149354895346e-01 3.070046840673374897e-02
1.310249999999945487e+02 3.952255255081547070e-01 3.110463840393818888e-02
1.311750000000246530e+02 3.907852333196189520e-01 3.026554415445630031e-02
1.313249999999753186e+02 3.879323762065450265e-01 3.036946405315901071e-02
1.314750000000057639e+02 3.837868632891718867e-01 2.988007824032336973e-02
1.316250000000000000e+02 3.808544105611851860e-01 3.001906687968394077e-02
1.317749999999940655e+02 3.767981785268949557e-01 3.034865174699331522e-02
1.319250000000247951e+02 3.735180055208084382e-01 2.945605203691417651e-02
1.320749999999751765e+02 3.698797905314925027e-01 2.962694673080411636e-02
1.322250000000062471e+02 3.675661076885082257e-01 2.950035991448861361e-02
1.323750000000000000e+02 3.635447428791241387e-01 2.915334393456645370e-02
1.325249999999935540e+02 3.606105333441907979e-01 2.918979804017702781e-02
1.326750000000249088e+02 3.573359368455935048e-01 2.887346394111864334e-02
1.328249999999750628e+02 3.540990221301572038e-01 2.873559803191090556e-02
1.329750000000067303e+02 3.510513922621675276e-01 2.881947312866254066e-02
1.331250000000000000e+02 3.478531688192471605e-01 2.854815308583978986e-02
1.332749999999930424e+02 3.451613510660861972e-01 2.852434293007338056e-02
1.334250000000250225e+02 3.422268519423332656e-01 2.829882367741111404e-02
1.335749999999749491e+02 3.395961007010587784e-01 2.821259111000509051e-02
1.337250000000072134e+02 3.362610361332651343e-01 2.782358726465442023e-02
1.338750000000000000e+02 3.331642059501813136e-01 2.818456178849124832e-02
1.340249999999925876e+02 3.301127638546162979e-01 2.754625411837913901e-02
1.341750000000251362e+02 3.273888008569952879e-01 2.753521184222348928e-02
1.343249999999748354e+02 3.244280656608680147e-01 2.754673722395199059e-02
1.344750000000077250e+02 3.224975600221984817e-01 2.732578710546177889e-02
1.346250000000000000e+02 3.199018394707310309e-01 2.736993665656179547e-02
1.347749999999921044e+02 3.162378512910166695e-01 2.695700134675972984e-02
1.349250000000252783e+02 3.137307947861193158e-01 2.676574036857141611e-02
1.350749999999746933e+02 3.101539236834076618e-01 2.646921007033981380e-02
1.352250000000081798e+02 3.085634774152382076e-01 2.689254245876300520e-02
1.353750000000000000e+02 3.057141212505321004e-01 2.652560462874788139e-02
1.355249999999916213e+02 3.029663807114355012e-01 2.641620280808567103e-02
1.356750000000253920e+02 3.003319638976825745e-01 2.637102211573219557e-02
1.358249999999746080e+02 2.981353547979275209e-01 2.605351206424224089e-02
1.359750000000086345e+02 2.955606160685435579e-01 2.603786858247321076e-02
1.361250000000000000e+02 2.932944550186785126e-01 2.572424551141628407e-02
1.362749999999911665e+02 2.901080461086448792e-01 2.584238317380200059e-02
1.364250000000255056e+02 2.883331719131111970e-01 2.575018011320583805e-02
1.365749999999744659e+02 2.849716709667066694e-01 2.557350475203877191e-02
1.367250000000091177e+02 2.831194398215809427e-01 2.533520818658940854e-02
1.368750000000000000e+02 2.802766134920007257e-01 2.539903204544869189e-02
1.370249999999907118e+02 2.777971169897779369e-01 2.532364561549860921e-02
1.371750000000256193e+02 2.752653088465236708e-01 2.493278537914829507e-02
1.373249999999743522e+02 2.734166683535353415e-01 2.491088925539573437e-02
1.374750000000095724e+02 2.702491289873764080e-01 2.492931448193717869e-02
1.376250000000000000e+02 2.680998791930702119e-01 2.448266025808986182e-02
1.377749999999902286e+02 2.655435770629451242e-01 2.441594058354187857e-02
1.379250000000257330e+02 2.635189602528372199e-01 2.439601367344800334e-02
1.380749999999742386e+02 2.615235519803757458e-01 2.420419451621523207e-02
1.382250000000100272e+02 2.591909739222033604e-01 2.458871115172712660e-02
1.383750000000000000e+02 2.566386066890959938e-01 2.388703055142105472e-02
1.385249999999898023e+02 2.540107739267490339e-01 2.378176144446003323e-02
1.386750000000258467e+02 2.523592656187966243e-01 2.362666816964394470e-02
1.388249999999741249e+02 2.492674667261107757e-01 2.361916462362134012e-02
1.389750000000104535e+02 2.472334262442382746e-01 2.349578097530026499e-02
1.391250000000000000e+02 2.450203466555390119e-01 2.323361791381055308e-02
1.392749999999893475e+02 2.429914256480470158e-01 2.332505952564407903e-02
1.394250000000259604e+02 2.406014854736656661e-01 2.302482249092095007e-02
1.395749999999740112e+02 2.384429727982263492e-01 2.303008439743001526e-02
1.397250000000109367e+02 2.361260253936939280e-01 2.290372690363250141e-02
1.398750000000000000e+02 2.340715327173315541e-01 2.282119132298323846e-02
1.400249999999889212e+02 2.316136321409907051e-01 2.264570319232626916e-02
1.401750000000260741e+02 2.298856095294975199e-01 2.252150894851551871e-02
1.403249999999738975e+02 2.275402364673364264e-01 2.243562135263982293e-02
1.404750000000113346e+02 2.255506685999133509e-01 2.267188994316343686e-02
1.406250000000000000e+02 2.230316664261493831e-01 2.208663649357718584e-02
1.407749999999884665e+02 2.209328223912097322e-01 2.217886486418004302e-02
1.409250000000261593e+02 2.190857620088811075e-01 2.193580578253188917e-02
1.410749999999738122e+02 2.170626307403420441e-01 2.199598325104117069e-02
1.412250000000117893e+02 2.146020670165711131e-01 2.162103532190850011e-02
1.413750000000000000e+02 2.128783072379565044e-01 2.139865418388164214e-02
1.415249999999880401e+02 2.106974220495867189e-01 2.163058948865977452e-02
1.416750000000263014e+02 2.088042064930349107e-01 2.116238261496484335e-02
1.418249999999736986e+02 2.063089397897540922e-01 2.111635173007690019e-02
1.419750000000122441e+02 2.045009512696057130e-01 2.128178809383093201e-02
1.421250000000000000e+02 2.024882583177662343e-01 2.084171783814673176e-02
1.422749999999876138e+02 2.008403046570678419e-01 2.072639276954165236e-02
1.424250000000264151e+02 1.989343411499551462e-01 2.087250344612655642e-02
1.425749999999735849e+02 1.966380442501166059e-01 2.067308064120042949e-02
1.427250000000126420e+02 1.944489648531146642e-01 2.057534126672484059e-02
1.428750000000000000e+02 1.927923958463058640e-01 2.045409766930114670e-02
1.430249999999871875e+02 1.909876854829155590e-01 2.042315511281687923e-02
1.431750000000265004e+02 1.890058859400981228e-01 2.033444233103079424e-02
1.433249999999734712e+02 1.864688678950695289e-01 2.004304913644102890e-02
1.434750000000130683e+02 1.848356741717202545e-01 2.002835992787662875e-02
1.436250000000000000e+02 1.827588517802631041e-01 1.993520056145272820e-02
1.437749999999867612e+02 1.807442884803749927e-01 1.954512942124286834e-02
1.439250000000266141e+02 1.789516286795835576e-01 1.972329107094615216e-02
1.440749999999733575e+02 1.768734585522169500e-01 1.951190954992230997e-02
1.442250000000134946e+02 1.757483703349625448e-01 1.945394307417634347e-02
1.443750000000000000e+02 1.736898188768407070e-01 1.922527150406121155e-02
1.445249999999863348e+02 1.716451084144121897e-01 1.913108639030610889e-02
1.446750000000266994e+02 1.697953635488359814e-01 1.873480121533202536e-02
1.448249999999732722e+02 1.681577726810596640e-01 1.935835547226671949e-02
1.449750000000139210e+02 1.661246992035735059e-01 1.899306347263791592e-02
1.451250000000000000e+02 1.645705144522003338e-01 1.876897864855718231e-02
1.452749999999859369e+02 1.625293348661738801e-01 1.865362286905065947e-02
1.454250000000268130e+02 1.607797885042658581e-01 1.852543811106143259e-02
1.455749999999731870e+02 1.587601061531386248e-01 1.852433738250402681e-02
1.457250000000142904e+02 1.570426268276282622e-01 1.811290637161957345e-02
1.458750000000000000e+02 1.556117683319467870e-01 1.811066321362973103e-02
1.460249999999855390e+02 1.537734265619775664e-01 1.798651463157695946e-02
1.461750000000269267e+02 1.518945680376579399e-01 1.786387656496516221e-02
1.463249999999730733e+02 1.500837801947448868e-01 1.777543154723030747e-02
1.464750000000146883e+02 1.480361816321043578e-01 1.760510471881535782e-02
1.466250000000000000e+02 1.463372144077508541e-01 1.749771523667610629e-02
1.467749999999851411e+02 1.446117430633056811e-01 1.752228785284181897e-02
1.469250000000270120e+02 1.427199576555917282e-01 1.734116977096050727e-02
1.470749999999729596e+02 1.413596135031948697e-01 1.759326574707512428e-02
1.472250000000150862e+02 1.393866219288766306e-01 1.698340330064360831e-02
1.473750000000000000e+02 1.376739703125503256e-01 1.703957941600517043e-02
1.475249999999847432e+02 1.360193373594500710e-01 1.681611598934887666e-02
1.476750000000270973e+02 1.345755598644181039e-01 1.679911344892511676e-02
1.478249999999728743e+02 1.327133421698405702e-01 1.664629423808620251e-02
1.479750000000154841e+02 1.314455369981578359e-01 1.667138161027773013e-02
1.481250000000000000e+02 1.297417484272696819e-01 1.647816684267509532e-02
1.482749999999843453e+02 1.279801525754205582e-01 1.640349407491733386e-02
1.484250000000272109e+02 1.268041880562099377e-01 1.630563803607163256e-02
1.485749999999727606e+02 1.249209305790605212e-01 1.600580006364032276e-02
1.487250000000158821e+02 1.227475369423715185e-01 1.612393714244568163e-02
1.488750000000000000e+02 1.214275634050408226e-01 1.593137555501611402e-02
1.490249999999839474e+02 1.202363572681947740e-01 1.597360560875750457e-02
1.491750000000273246e+02 1.183342027328719570e-01 1.571199904917206652e-02
1.493249999999726754e+02 1.165335244942951459e-01 1.573272803019862623e-02
1.494750000000162800e+02 1.150293408922094529e-01 1.529762293504952075e-02
1.496250000000000000e+02 1.131238444056751197e-01 1.526868404804498404e-02
1.497749999999835779e+02 1.119886757245264070e-01 1.522315245252301406e-02
1.499250000000274099e+02 1.100120554461186673e-01 1.510514933648580450e-02
1.500749999999725617e+02 1.088313792987548184e-01 1.512351270411083255e-02
1.502250000000166494e+02 1.071183405904460872e-01 1.484175261819042912e-02
1.503750000000000000e+02 1.055861547655455451e-01 1.504309959790984218e-02
1.505249999999831800e+02 1.039507510184394939e-01 1.473429152346966350e-02
1.506750000000274952e+02 1.023592759861263329e-01 1.451934729314009569e-02
1.508249999999724764e+02 1.011239449251336020e-01 1.439440392506442963e-02
1.509750000000170473e+02 9.928031900269360110e-02 1.446633808370724646e-02
1.511250000000000000e+02 9.773669040744309422e-02 1.441155165815041252e-02
1.512749999999828106e+02 9.635588276324690005e-02 1.409216552335343549e-02
1.514250000000275804e+02 9.461170284980788270e-02 1.400332515768258276e-02
1.515749999999723912e+02 9.324646556362709005e-02 1.400009154172627245e-02
1.517250000000174168e+02 9.194896771852703599e-02 1.362510647500091154e-02
1.518750000000000000e+02 9.005931827363590492e-02 1.358761435805430802e-02
1.520249999999824411e+02 8.871625774236370499e-02 1.357328258938510571e-02
1.521750000000276941e+02 8.716498672355031674e-02 1.330272872321955346e-02
1.523249999999722775e+02 8.587446194950588974e-02 1.324727471092410590e-02
1.524750000000177863e+02 8.437232291472000767e-02 1.330395424973990909e-02
1.526250000000000000e+02 8.312146679588609810e-02 1.296010421550026701e-02
1.527749999999820716e+02 8.158342700107744372e-02 1.302164501178528465e-02
1.529250000000277794e+02 7.985317145611998957e-02 1.292340770727631004e-02
1.530749999999721922e+02 7.866113173062137809e-02 1.278009854546216170e-02
1.532250000000181558e+02 7.724642457079013147e-02 1.253421394019219905e-02
1.533750000000000000e+02 7.564351267977240112e-02 1.253229344530802820e-02
1.535249999999817021e+02 7.434157915116938742e-02 1.249629462576412435e-02
1.536750000000278646e+02 7.288349099525255614e-02 1.217088323122080158e-02
1.538249999999721069e+02 7.161293914851558917e-02 1.218831010689214178e-02
1.539750000000185253e+02 7.026138304452557437e-02 1.202575687988534543e-02
1.541250000000000000e+02 6.867592402219778458e-02 1.184573571948251310e-02
1.542749999999813326e+02 6.728218359494590739e-02 1.165156565335653122e-02
1.544250000000279783e+02 6.590275097056598474e-02 1.150610824268128926e-02
1.545749999999720217e+02 6.457743418297212656e-02 1.146613115376717527e-02
1.547250000000188948e+02 6.323071920423939396e-02 1.134734981787785708e-02
1.548750000000000000e+02 6.196128776522647624e-02 1.123773117590607003e-02
1.550249999999809631e+02 6.011715608409450018e-02 1.108612718191702082e-02
1.551750000000280636e+02 5.890523841392402565e-02 1.094445407946494087e-02
1.553249999999719080e+02 5.756718002369838605e-02 1.081482045142177079e-02
1.554750000000192358e+02 5.608798353687183963e-02 1.064822171356197104e-02
1.556250000000000000e+02 5.497856888422191640e-02 1.058006188044180278e-02
1.557749999999806221e+02 5.343127730121783464e-02 1.048688342520580352e-02
1.559250000000281489e+02 5.216672025676077906e-02 1.023080461856536866e-02
1.560749999999718511e+02 5.088546461586015979e-02 1.013583854634340052e-02
1.562250000000196053e+02 4.941636503615168263e-02 9.964101070386269243e-03
1.563750000000000000e+02 4.839705097323041688e-02 9.848852170954516122e-03
1.565249999999802810e+02 4.682774133406319289e-02 9.650415595157696425e-03
1.566750000000282341e+02 4.542170767964678890e-02 9.510940945120059317e-03
1.568249999999717659e+02 4.391115092544986553e-02 9.434899110801276204e-03
1.569750000000199748e+02 4.272160875763247184e-02 9.274172323083426997e-03
1.571250000000000000e+02 4.158474159989543339e-02 9.109481926996614021e-03
1.572749999999799115e+02 4.022144394789509136e-02 8.925959176989593791e-03
1.574250000000283194e+02 3.866590155735877971e-02 8.880361074422556469e-03
1.575749999999716522e+02 3.748528358806739458e-02 8.710074849620203993e-03
1.577250000000202874e+02 3.621804381804119566e-02 8.555277402616957155e-03
1.578750000000000000e+02 3.506369313517405939e-02 8.495152837776822480e-03
1.580249999999795705e+02 3.379300383598824592e-02 8.277526808765081276e-03
1.581750000000284047e+02 3.236239699000431624e-02 8.029983587336499834e-03
1.583249999999715669e+02 3.101608405127776608e-02 7.783152971964807897e-03
1.584750000000206569e+02 2.968441672675365892e-02 7.613160959841373809e-03
1.586250000000000000e+02 2.852763555376559845e-02 7.461068571820244320e-03
1.587749999999792294e+02 2.731286737137876564e-02 7.367054051039963539e-03
1.589250000000284899e+02 2.593626001852743918e-02 7.204780101023614859e-03
1.590749999999715101e+02 2.466616708375806571e-02 6.898151275254170087e-03
1.592250000000209980e+02 2.357117215710809524e-02 6.783200656787255305e-03
1.593750000000000000e+02 2.206867192647194928e-02 6.625007866144600951e-03
1.595249999999788884e+02 2.086411218593962891e-02 6.415218862604507230e-03
1.596750000000285752e+02 1.968937051533524440e-02 6.199478088975937315e-03
1.598249999999713964e+02 1.846138250007547596e-02 6.052674088030063348e-03
1.599750000000213390e+02 1.721546278834549040e-02 5.793720527271117859e-03
1.601250000000000000e+02 1.596402664223002879e-02 5.590608381833302339e-03
1.602749999999785473e+02 1.471414857658200244e-02 5.315777029758538344e-03
1.604250000000286605e+02 1.350069455043962675e-02 5.104962994057035686e-03
1.605749999999713395e+02 1.223333661522426306e-02 4.867856300618350791e-03
1.607250000000216517e+02 1.104792703089925270e-02 4.605096527586068078e-03
1.608750000000000000e+02 9.698678159983110600e-03 4.331728771261401066e-03
1.610249999999782062e+02 8.598834058993318555e-03 4.073183136126809663e-03
1.611750000000287457e+02 7.331396582105607213e-03 3.767702231412158476e-03
1.613249999999712543e+02 6.058718526559651180e-03 3.425879780957003223e-03
1.614750000000219927e+02 4.931455696182637100e-03 3.102790435240589898e-03
1.616250000000000000e+02 3.721506670475762876e-03 2.689863109328014760e-03
1.617749999999778652e+02 2.518463790275969529e-03 2.207842781881569263e-03
1.619250000000288310e+02 1.323472378912962655e-03 1.604267425807503773e-03
1.620749999999711406e+02 2.032138713898128937e-04 6.302064879479141873e-04
