# Radius RDF_mean RDF_std
7.500000000000896228e-02 1.743430652847777765e+03 8.380214089038015013e-01
2.249999999999577616e-01 9.414244550682886181e-02 5.118195667689030559e-01
3.750000000000000000e-01 8.715858456418537625e-02 3.818533566317209305e-01
5.249999999999700462e-01 9.015166782531687517e-02 3.292675428143782557e-01
6.750000000001169509e-01 8.864847489861746310e-02 2.860217490955498931e-01
8.249999999998777200e-01 1.040722259743663142e-01 2.835940165916909783e-01
9.750000000001839418e-01 9.960060144354164480e-02 2.556382577748190221e-01
1.125000000000000000e+00 1.082777800547354979e-01 2.434485693162530273e-01
1.274999999999773648e+00 1.108215486992610993e-01 2.334722269811667084e-01
1.424999999999764455e+00 1.254889539904374129e-01 2.363811522890159333e-01
1.575000000000282396e+00 1.360057033858700637e-01 2.349146867266847793e-01
1.725000000000170397e+00 1.465882047248034115e-01 2.350468171094150238e-01
1.875000000000000000e+00 1.562150015650474455e-01 2.272401612633642154e-01
2.025000000000070521e+00 1.693508680136178168e-01 2.275430469212259832e-01
2.174999999999594813e+00 1.884197517766945384e-01 2.345972887909942295e-01
2.325000000000426059e+00 2.032438705811282498e-01 2.342063564453664981e-01
2.474999999999678124e+00 2.263786779735438293e-01 2.350964103587379339e-01
2.625000000000000000e+00 2.469892307086773153e-01 2.415820924058959818e-01
2.775000000000444444e+00 2.788485796698847441e-01 2.519559136620452278e-01
2.924999999999512212e+00 3.087296312706118151e-01 2.607103433763047762e-01
3.075000000000499334e+00 3.482050863158603349e-01 2.671269263044145359e-01
3.224999999999414779e+00 3.850023880771175078e-01 2.729678598395708367e-01
3.375000000000000000e+00 4.326827767477780529e-01 2.835656945305726206e-01
3.525000000000659384e+00 4.855239564439865485e-01 2.907143605370248740e-01
3.674999999999857714e+00 5.509496633763900642e-01 3.042413376134966430e-01
3.825000000000022382e+00 6.277422867526910588e-01 3.164789221512770423e-01
3.974999999999250466e+00 7.192480728386135835e-01 3.322942209651851275e-01
4.125000000000000000e+00 8.279456033006201698e-01 3.520056134822975302e-01
4.275000000000798828e+00 9.638463244105026639e-01 3.715043423309222770e-01
4.425000000000374634e+00 1.160248941390442212e+00 4.009629995108331402e-01
4.574999999999541878e+00 1.437443446909992817e+00 4.392054184176004683e-01
4.724999999999138112e+00 1.748106953016451248e+00 4.694798112390816125e-01
4.875000000000000000e+00 1.972298201090034730e+00 4.993534764345475829e-01
5.025000000000897415e+00 2.001770511214851833e+00 4.965439641185053765e-01
5.175000000000743228e+00 1.889201187132934390e+00 4.699600833691469082e-01
5.324999999999196376e+00 1.702153803775656504e+00 4.473762712009186626e-01
5.474999999999057287e+00 1.495931533594802021e+00 4.125692738753994893e-01
5.625000000000000000e+00 1.333112899264210505e+00 3.841879132221838744e-01
5.775000000000969358e+00 1.178741491868794622e+00 3.590850585343019485e-01
5.925000000001017675e+00 1.067215283074719689e+00 3.305494997969710691e-01
6.074999999998936140e+00 9.672802602470729205e-01 3.144001762824800150e-01
6.224999999998995115e+00 9.098843293365589391e-01 3.021020036268483033e-01
6.375000000000000000e+00 8.611741414224381996e-01 2.870630304254670473e-01
6.525000000001025313e+00 8.248276925169020224e-01 2.773382203671556634e-01
6.675000000001229949e+00 8.028364046410467747e-01 2.722774106529516347e-01
6.824999999998733635e+00 7.877610953562167451e-01 2.720167220679914899e-01
6.974999999999387690e+00 7.893024465874096673e-01 2.643178344673844382e-01
7.125000000000000000e+00 7.971128931225243130e-01 2.623770666094583093e-01
7.275000000000346745e+00 8.068908138003725306e-01 2.622922299222788522e-01
7.425000000001398703e+00 8.223686728896968390e-01 2.606171477309328077e-01
7.574999999998571099e+00 8.469666986119391838e-01 2.656516415537056863e-01
7.725000000000012079e+00 8.746614566356183396e-01 2.680151030586362393e-01
7.875000000000000000e+00 8.980925910024386560e-01 2.658027415095353674e-01
8.024999999999771205e+00 9.413252450810447591e-01 2.700121908177579577e-01
8.175000000001539036e+00 9.688011899634583202e-01 2.724524382653361609e-01
8.324999999998437872e+00 1.004309404031814790e+00 2.729214867579886072e-01
8.475000000000525446e+00 1.046785577020344249e+00 2.744574545604973603e-01
8.625000000000000000e+00 1.084388339609954954e+00 2.807000437163910123e-01
8.774999999999291589e+00 1.110534170960463918e+00 2.809674829364167126e-01
8.925000000001652722e+00 1.139005510563583901e+00 2.817209368919078027e-01
9.074999999998325961e+00 1.158799147033132915e+00 2.805093132349801288e-01
9.225000000000957101e+00 1.181498933423278608e+00 2.854498634742206886e-01
9.375000000000000000e+00 1.188668776286381012e+00 2.795026939679006728e-01
9.524999999998890132e+00 1.189554985346974014e+00 2.776246483470844462e-01
9.675000000001750422e+00 1.177836268745317216e+00 2.751587514680178814e-01
9.824999999998231814e+00 1.168432989091847451e+00 2.742367314654406418e-01
9.975000000001321254e+00 1.154996173717580010e+00 2.682636662465385791e-01
1.012500000000000000e+01 1.126257766807167826e+00 2.655655473968353553e-01
1.027499999999854730e+01 1.098701003496619144e+00 2.612061223398937093e-01
1.042500000000183391e+01 1.071436814274159266e+00 2.525007130766696584e-01
1.057499999999815010e+01 1.044209057009671149e+00 2.471320966643453521e-01
1.072500000000163745e+01 1.017133414741643760e+00 2.426263635389074580e-01
1.087500000000000000e+01 9.939777678388825866e-01 2.381776513026089281e-01
1.102499999999824887e+01 9.790061786061640126e-01 2.376875874001860844e-01
1.117500000000190674e+01 9.677662661405533884e-01 2.331896941092408970e-01
1.132499999999808082e+01 9.631956009154352127e-01 2.313349132104473571e-01
1.147500000000190923e+01 9.552114181997629627e-01 2.278430645279577449e-01
1.162500000000000000e+01 9.588255331073096688e-01 2.285005098217873232e-01
1.177499999999798952e+01 9.655396824200536132e-01 2.285634656282407584e-01
1.192500000000196891e+01 9.698922535220408925e-01 2.254040279181895312e-01
1.207499999999801865e+01 9.795086199949841754e-01 2.259163753857392487e-01
1.222500000000215081e+01 9.986835456434263181e-01 2.238755257035839052e-01
1.237500000000000000e+01 1.010993868400214879e+00 2.275947339884412668e-01
1.252499999999776215e+01 1.025403082829578150e+00 2.267464540017697094e-01
1.267500000000202398e+01 1.038077784544783499e+00 2.273348429531548420e-01
1.282499999999796536e+01 1.055288343686183961e+00 2.274838896771353702e-01
1.297500000000236220e+01 1.072096126527607884e+00 2.293083856114418451e-01
1.312500000000000000e+01 1.077126859350289179e+00 2.251487811637113423e-01
1.327499999999756142e+01 1.095220910077729037e+00 2.289628647772754821e-01
1.342500000000173088e+01 1.097830166757825188e+00 2.267240155297637338e-01
1.357499999999841833e+01 1.103576587301642542e+00 2.289569773974227396e-01
1.372500000000255049e+01 1.107837267483843702e+00 2.245653601675760558e-01
1.387500000000000000e+01 1.106306994322132864e+00 2.268736947576217300e-01
1.402499999999738023e+01 1.098216988321118581e+00 2.201331093506473935e-01
1.417500000000102034e+01 1.102669610190946337e+00 2.200412651150293886e-01
1.432499999999911111e+01 1.088679345867514359e+00 2.188949462541769642e-01
1.447500000000271925e+01 1.086203872848187535e+00 2.164613942755503895e-01
1.462500000000000000e+01 1.073511828736690932e+00 2.142199931361168930e-01
1.477499999999721680e+01 1.064536097569497741e+00 2.117715788845266067e-01
1.492500000000038618e+01 1.053121308833961045e+00 2.097076332589982162e-01
1.507499999999973639e+01 1.044010075744593813e+00 2.070459681430826537e-01
1.522500000000287201e+01 1.033431146450395799e+00 2.078826015243717407e-01
1.537500000000000000e+01 1.025442005588994787e+00 2.031899851219372832e-01
1.552499999999706937e+01 1.022744936745943578e+00 2.032731132984559597e-01
1.567499999999980886e+01 1.016663025874277704e+00 1.994670034645930623e-01
1.582500000000029772e+01 1.013623675691047277e+00 2.006356307498405878e-01
1.597500000000300879e+01 1.008500996674054795e+00 2.019410108197650378e-01
1.612500000000000000e+01 1.003267030961511264e+00 1.997583583630155313e-01
1.627499999999693969e+01 1.007691962143586251e+00 1.976090425952037044e-01
1.642499999999928662e+01 1.010757930442967467e+00 1.979526829668001586e-01
1.657500000000081286e+01 1.008838621908649369e+00 1.997182783154066721e-01
1.672500000000313847e+01 1.010249621713964929e+00 1.971673236596251377e-01
1.687500000000000000e+01 1.024329402727655491e+00 1.942177196222630853e-01
1.702499999999681535e+01 1.026771543014379340e+00 1.954626835756967107e-01
1.717499999999880700e+01 1.030528761589352804e+00 1.935920329572346221e-01
1.732500000000128182e+01 1.036143749349079712e+00 1.947595462491699680e-01
1.747500000000325215e+01 1.038047520024091730e+00 1.926634937151426308e-01
1.762500000000000000e+01 1.044497921385681538e+00 1.923634570072850769e-01
1.777499999999670521e+01 1.046970926671313640e+00 1.898692724172438007e-01
1.792499999999837357e+01 1.046267695040381751e+00 1.905694538933842830e-01
1.807500000000171170e+01 1.052631863363087117e+00 1.912430821864917474e-01
1.822500000000335874e+01 1.048665519765331844e+00 1.911230705002038288e-01
1.837500000000000000e+01 1.049891512007358418e+00 1.888119518234580574e-01
1.852499999999660218e+01 1.042557547455511768e+00 1.875386047551398927e-01
1.867499999999797211e+01 1.042567590098343988e+00 1.881955969001113949e-01
1.882500000000210960e+01 1.041929726552613733e+00 1.872331664102380999e-01
1.897500000000345466e+01 1.034325816037628298e+00 1.843779505636130855e-01
1.912500000000000000e+01 1.032651754854598591e+00 1.846932300111275294e-01
1.927499999999650626e+01 1.025469922474527618e+00 1.829330645865190896e-01
1.942499999999759908e+01 1.022142787325327262e+00 1.831325478668802409e-01
1.957500000000247198e+01 1.021249182900056063e+00 1.809577668012584406e-01
1.972500000000354348e+01 1.015965353832060103e+00 1.781119057407708761e-01
1.987500000000000000e+01 1.005951113507545625e+00 1.783025061887415774e-01
2.002499999999642100e+01 1.004976020239346290e+00 1.780510199443324781e-01
2.017499999999725446e+01 1.003638453782331075e+00 1.754571976625651231e-01
2.032500000000281304e+01 1.002020659002212488e+00 1.749480965449660974e-01
2.047500000000362874e+01 1.002323722488130953e+00 1.766706395602836155e-01
2.062500000000000000e+01 9.989775642415787971e-01 1.737696296886294400e-01
2.077499999999633928e+01 9.978701874811112260e-01 1.723066078937797174e-01
2.092499999999693472e+01 1.003155778178936863e+00 1.752144592623879338e-01
2.107500000000312212e+01 1.000522333729693569e+00 1.714044921140853162e-01
2.122500000000370690e+01 1.002436253957726731e+00 1.701311791760713177e-01
2.137500000000000000e+01 1.003423496800786685e+00 1.711382889522375106e-01
2.152499999999626468e+01 1.005351846724026776e+00 1.723950101013687342e-01
2.167499999999663984e+01 1.010695656000129450e+00 1.721672647300951653e-01
2.182500000000341700e+01 1.006352762264938638e+00 1.701500017086261807e-01
2.197500000000377796e+01 1.006210848913140499e+00 1.695312047285211787e-01
2.212500000000000000e+01 1.012306619038272126e+00 1.710891850183909879e-01
2.227499999999619718e+01 1.007157400789062462e+00 1.691055329021280418e-01
2.242499999999636273e+01 1.012240337878781204e+00 1.681857803013679931e-01
2.257500000000369056e+01 1.008752586906683568e+00 1.666613807476059750e-01
2.272500000000384546e+01 1.012928127578853310e+00 1.679269716118024780e-01
2.287500000000000000e+01 1.006305210162577124e+00 1.675940256808443884e-01
2.302499999999612967e+01 1.007783418339058157e+00 1.671205809572552936e-01
2.317499999999610338e+01 1.007913523421250623e+00 1.658712560240714617e-01
2.332500000000394635e+01 1.005503512550768752e+00 1.647893265291097975e-01
2.347500000000390941e+01 9.997747248073294291e-01 1.634282580970414234e-01
2.362500000000000000e+01 1.001006765853233338e+00 1.637683307824688017e-01
2.377499999999606928e+01 1.000274829530202636e+00 1.615724850430153015e-01
2.392499999999586180e+01 9.974161918646043956e-01 1.607285635623533215e-01
2.407500000000418439e+01 9.955069520502917158e-01 1.633185013606339164e-01
2.422500000000396625e+01 9.936914109007025653e-01 1.606872855400405531e-01
2.437500000000000000e+01 9.918646923404229598e-01 1.596113286690480360e-01
2.452499999999600888e+01 9.924899337039294611e-01 1.584416782335052454e-01
2.467499999999563087e+01 9.869991361911276684e-01 1.577080858178427081e-01
2.482500000000441176e+01 9.885729011783418452e-01 1.562466666303567175e-01
2.497500000000402309e+01 9.860632808483209555e-01 1.575190222284099106e-01
2.512500000000000000e+01 9.827230476873185516e-01 1.552620252602756878e-01
2.527499999999595559e+01 9.883278164756119644e-01 1.569000640907101396e-01
2.542499999999541771e+01 9.856959530367223055e-01 1.561423299090416161e-01
2.557500000000462137e+01 9.895979399798547904e-01 1.575306354531871567e-01
2.572500000000407638e+01 9.853547728974804132e-01 1.536860437537669322e-01
2.587500000000000000e+01 9.875252247967931662e-01 1.531376251771908170e-01
2.602499999999590585e+01 9.876636524286438457e-01 1.518627566707896892e-01
2.617499999999521521e+01 9.881630939567446203e-01 1.547425284169000326e-01
2.632500000000482032e+01 9.868398461759900764e-01 1.522181977090882321e-01
2.647500000000383480e+01 9.886416860193186773e-01 1.519163715023489625e-01
2.662500000000000000e+01 9.889501206041642067e-01 1.512646163007115852e-01
2.677499999999647073e+01 9.880954262954031453e-01 1.517289800961744706e-01
2.692499999999502691e+01 9.914359027322015017e-01 1.522162962971276290e-01
2.707500000000501217e+01 9.888473858326088939e-01 1.516357573749058940e-01
2.722500000000308873e+01 9.891409634856492827e-01 1.484463410193619659e-01
2.737500000000000000e+01 9.877437169037639464e-01 1.509350812423051191e-01
2.752499999999719549e+01 9.868343942786562684e-01 1.499404225332125751e-01
2.767499999999484928e+01 9.879767144963766956e-01 1.493278256226830136e-01
2.782500000000518625e+01 9.862853140699779919e-01 1.490217352409855811e-01
2.797500000000238529e+01 9.856680566968720747e-01 1.477163591285951261e-01
2.812500000000000000e+01 9.842461381153251310e-01 1.498037525636487788e-01
2.827499999999788827e+01 9.840308232742310812e-01 1.485911521014620096e-01
2.842499999999467164e+01 9.822057804755768284e-01 1.484305805994909355e-01
2.857500000000536033e+01 9.828217032385284657e-01 1.450172678219745492e-01
2.872500000000171028e+01 9.813218120983108195e-01 1.446942424371266689e-01
2.887500000000000000e+01 9.818706240724242029e-01 1.447063585296277932e-01
2.902499999999854552e+01 9.763350976284304039e-01 1.431227034085990057e-01
2.917499999999451177e+01 9.784141424136452159e-01 1.444435040986369601e-01
2.932500000000552021e+01 9.781270556293790719e-01 1.435948806667375344e-01
2.947500000000107434e+01 9.780795957531961404e-01 1.446103176725377359e-01
2.962500000000000000e+01 9.795602255604453079e-01 1.443756718151234797e-01
2.977499999999917080e+01 9.766350764999092160e-01 1.407128604542244865e-01
2.992499999999435900e+01 9.800635846625265213e-01 1.439422665236271548e-01
3.007500000000566942e+01 9.794326814193851094e-01 1.412106257981535495e-01
3.022500000000047393e+01 9.817880519744047740e-01 1.406849100278665665e-01
3.037500000000000000e+01 9.768941914884003985e-01 1.427448392328045101e-01
3.052499999999976410e+01 9.791359314094756350e-01 1.406333812161884300e-01
3.067499999999420623e+01 9.786530442653164075e-01 1.404993632938315584e-01
3.082500000000581508e+01 9.812783418197983387e-01 1.415641418746689251e-01
3.097499999999989839e+01 9.805137842571803874e-01 1.376863718960893712e-01
3.112500000000000000e+01 9.813034790514219008e-01 1.388362874689512416e-01
3.127500000000032898e+01 9.789946123234638531e-01 1.401266109492353418e-01
3.142499999999406768e+01 9.782819062025273071e-01 1.408576926251081385e-01
3.157500000000595364e+01 9.803170955841326029e-01 1.400491779179845186e-01
3.172499999999935127e+01 9.821824656532659459e-01 1.375159092740328159e-01
3.187500000000000000e+01 9.780277740624615523e-01 1.368050537981330139e-01
3.202500000000086544e+01 9.814506467621414432e-01 1.380498422616786847e-01
3.217499999999394333e+01 9.801922090282356725e-01 1.387181656251042783e-01
3.232500000000609219e+01 9.785273911054435114e-01 1.368784604875329103e-01
3.247499999999882903e+01 9.788889174183388331e-01 1.379655565531882344e-01
3.262500000000000000e+01 9.791180383352682259e-01 1.358904012638335601e-01
3.277500000000137703e+01 9.814373436708325737e-01 1.358324385409878099e-01
3.292499999999381544e+01 9.786937733087210933e-01 1.370020922787962836e-01
3.307500000000621299e+01 9.776474138241213474e-01 1.345540458053114119e-01
3.322499999999832454e+01 9.806154233503948658e-01 1.356240836381831238e-01
3.337500000000000000e+01 9.798052437579299889e-01 1.333802592951601751e-01
3.352500000000186731e+01 9.802397230134084483e-01 1.354034413304329998e-01
3.367499999999368754e+01 9.750745324921656909e-01 1.342797369916691186e-01
3.382500000000633378e+01 9.759107913736191353e-01 1.337037865081333599e-01
3.397499999999784848e+01 9.772521242113819673e-01 1.318249021189663861e-01
3.412500000000000000e+01 9.770307875085226801e-01 1.325328265087129531e-01
3.427500000000233626e+01 9.768425633289122834e-01 1.322077256750798513e-01
3.442499999999357385e+01 9.784617411392589892e-01 1.338305466997239679e-01
3.457500000000644746e+01 9.793578790291074254e-01 1.337132728718042896e-01
3.472499999999739373e+01 9.777646662626992002e-01 1.310668136141631968e-01
3.487500000000000000e+01 9.772124619684131597e-01 1.318721040616223639e-01
3.502500000000278391e+01 9.777363446444117256e-01 1.316840215511226597e-01
3.517499999999346016e+01 9.792403496121209194e-01 1.322867831999336441e-01
3.532500000000656115e+01 9.796675437919131202e-01 1.306305248535626629e-01
3.547499999999695319e+01 9.784486629865494223e-01 1.312659965880040025e-01
3.562500000000000000e+01 9.807493262927724498e-01 1.319016019885869695e-01
3.577500000000321734e+01 9.769358506337696424e-01 1.289582687631004587e-01
3.592499999999336069e+01 9.799129647058587578e-01 1.298305152781041305e-01
3.607500000000666773e+01 9.773839339975615159e-01 1.280909183655863093e-01
3.622499999999653397e+01 9.807023830580022805e-01 1.292905396990293720e-01
3.637500000000000000e+01 9.797011969307705126e-01 1.298829561033708335e-01
3.652500000000362235e+01 9.782849002685655160e-01 1.280205977247175775e-01
3.667499999999325411e+01 9.798314056755541568e-01 1.283505520091410834e-01
3.682500000000676721e+01 9.794946047428400027e-01 1.268556235168072366e-01
3.697499999999613607e+01 9.805034776865562129e-01 1.288997561572061690e-01
3.712500000000000000e+01 9.773104954416877987e-01 1.261727379889757694e-01
3.727500000000402736e+01 9.791682186335568527e-01 1.271573596999766020e-01
3.742499999999315463e+01 9.791098725605847930e-01 1.276281816284077220e-01
3.757500000000686668e+01 9.779730485379527494e-01 1.274543587632679942e-01
3.772499999999575238e+01 9.808856297448589334e-01 1.257129934729576404e-01
3.787500000000000000e+01 9.786405511188381867e-01 1.271818803135308373e-01
3.802500000000440394e+01 9.790149832804830865e-01 1.252186077232972927e-01
3.817499999999306226e+01 9.766434209268723965e-01 1.245657806057991895e-01
3.832500000000695906e+01 9.769718972549240599e-01 1.277426205920162150e-01
3.847499999999537579e+01 9.795832910678869965e-01 1.259144640618657940e-01
3.862500000000000000e+01 9.779238752708780957e-01 1.255147795188200355e-01
3.877500000000476632e+01 9.805421814082103671e-01 1.255793379512518126e-01
3.892499999999297700e+01 9.803596816692137228e-01 1.242138360911609479e-01
3.907500000000705143e+01 9.766574303113801925e-01 1.235000622624368438e-01
3.922499999999502052e+01 9.805645222418208906e-01 1.244978322326168868e-01
3.937500000000000000e+01 9.786185030599654500e-01 1.254683695992076520e-01
3.952500000000512159e+01 9.795815148204265466e-01 1.242874959634924642e-01
3.967499999999288463e+01 9.810774708960499080e-01 1.256429347886984793e-01
3.982500000000712959e+01 9.798696231365102705e-01 1.244191484355333249e-01
3.997499999999467946e+01 9.790906577327374016e-01 1.228351092351401552e-01
4.012500000000000000e+01 9.805027468774012434e-01 1.240915711380440739e-01
4.027500000000545555e+01 9.803592847436038982e-01 1.224823801149661773e-01
4.042499999999279936e+01 9.805853863458469100e-01 1.227840455160277705e-01
4.057500000000721485e+01 9.794543533725111883e-01 1.214474056827236914e-01
4.072499999999434550e+01 9.800262994962374297e-01 1.210132693069485843e-01
4.087500000000000000e+01 9.813183190804547484e-01 1.222081704195364660e-01
4.102500000000578240e+01 9.804835167687869779e-01 1.231238055768448525e-01
4.117499999999272120e+01 9.817705632024894546e-01 1.225133077790874908e-01
4.132500000000730012e+01 9.806816119938487342e-01 1.213011880010490262e-01
4.147499999999402576e+01 9.813888099973591128e-01 1.213731164297281173e-01
4.162500000000000000e+01 9.818749776480774072e-01 1.211035774596253140e-01
4.177500000000609504e+01 9.836290426578224722e-01 1.191744661524660465e-01
4.192499999999264304e+01 9.797679755367001420e-01 1.193806113460492563e-01
4.207500000000737828e+01 9.829182992485772097e-01 1.207970960393359300e-01
4.222499999999372022e+01 9.833400254504989224e-01 1.217555050251684090e-01
4.237500000000000000e+01 9.831417140540881228e-01 1.201211046524035264e-01
4.252500000000640057e+01 9.808193430480238728e-01 1.191925334168380951e-01
4.267499999999256488e+01 9.806474873753897592e-01 1.205861342999063057e-01
4.282500000000744933e+01 9.818359365200003408e-01 1.193931696815367371e-01
4.297499999999342180e+01 9.830058512147539229e-01 1.193166072894952384e-01
4.312500000000000000e+01 9.812409645329603913e-01 1.203188929740714452e-01
4.327500000000669900e+01 9.837439895567787751e-01 1.189293514834147414e-01
4.342499999999249383e+01 9.811622619738399331e-01 1.188018067130491157e-01
4.357500000000752038e+01 9.807028429695315852e-01 1.192158354534562786e-01
4.372499999999313758e+01 9.815532648359315271e-01 1.170041823861004276e-01
4.387500000000000000e+01 9.831256259768675898e-01 1.183844584438348557e-01
4.402500000000697611e+01 9.792605627605384111e-01 1.179424728880515416e-01
4.417499999999242277e+01 9.823980202183547616e-01 1.165683109690424935e-01
4.432500000000759144e+01 9.816670925690679228e-01 1.170711118700685088e-01
4.447499999999286047e+01 9.835853051717334816e-01 1.187199078093622018e-01
4.462500000000000000e+01 9.839694316759854953e-01 1.173172006943629525e-01
4.477500000000724611e+01 9.822761811570969170e-01 1.173760315465718490e-01
4.492499999999235882e+01 9.844921416439982309e-01 1.171723660617652457e-01
4.507500000000766249e+01 9.833634115588713032e-01 1.160004657604616213e-01
4.522499999999259757e+01 9.826160313106914179e-01 1.174755165096829645e-01
4.537500000000000000e+01 9.836702339353550206e-01 1.151039008097761857e-01
4.552500000000750902e+01 9.838573356463850006e-01 1.165569688839518114e-01
4.567499999999228777e+01 9.835725719059733585e-01 1.158312591097992450e-01
4.582500000000772644e+01 9.837135047592118209e-01 1.153866712838442499e-01
4.597499999999233466e+01 9.842800689701693972e-01 1.158718269715381527e-01
4.612500000000000000e+01 9.835483788651504522e-01 1.167598349081251236e-01
4.627500000000776481e+01 9.844106285280288526e-01 1.137433758359897989e-01
4.642499999999223093e+01 9.856815993139254051e-01 1.144387985562237559e-01
4.657500000000779039e+01 9.839106212897845705e-01 1.140748929820505492e-01
4.672499999999207887e+01 9.831088005546632091e-01 1.135388763986620447e-01
4.687500000000000000e+01 9.846425979333069956e-01 1.142761997206242497e-01
4.702500000000801350e+01 9.866290822606583744e-01 1.142763541512389625e-01
4.717499999999216698e+01 9.842287497449832001e-01 1.130260901972042348e-01
4.732500000000784723e+01 9.839992224388884878e-01 1.142254814781145378e-01
4.747499999999183729e+01 9.852632424678604561e-01 1.138410522108567746e-01
4.762500000000000000e+01 9.861906737644529075e-01 1.144132527369208507e-01
4.777500000000825509e+01 9.849112139337996563e-01 1.145517097585200678e-01
4.792499999999211013e+01 9.861946103993765034e-01 1.128907666611885796e-01
4.807500000000790408e+01 9.862776210186945391e-01 1.137575617381495346e-01
4.822499999999160281e+01 9.861424533864848740e-01 1.129764364931883508e-01
4.837500000000000000e+01 9.844697256113197348e-01 1.140062041697446071e-01
4.852500000000848956e+01 9.869302999022248057e-01 1.131233015856047269e-01
4.867499999999204618e+01 9.861435478912747854e-01 1.132257377486039912e-01
4.882500000000796092e+01 9.859821315561633215e-01 1.124143003806662017e-01
4.897499999999137543e+01 9.872360160424843434e-01 1.109501998469273887e-01
4.912500000000000000e+01 9.877670105593959748e-01 1.133461057648277870e-01
4.927500000000870983e+01 9.858826295767617598e-01 1.109699975104049274e-01
4.942499999999198934e+01 9.854098498561790764e-01 1.134786897597992450e-01
4.957500000000802487e+01 9.893610003802506547e-01 1.132030867008356201e-01
4.972499999999115516e+01 9.866786099293786139e-01 1.112407624125267419e-01
4.987500000000000000e+01 9.886500579056872740e-01 1.117746383989451781e-01
5.002500000000893010e+01 9.893431646353125775e-01 1.105148215004527895e-01
5.017499999999193960e+01 9.896913899777182166e-01 1.118209907161990674e-01
5.032500000000807461e+01 9.893193779036630886e-01 1.112460542555691878e-01
5.047499999999094200e+01 9.906842309759008591e-01 1.105010961616274268e-01
5.062500000000000000e+01 9.894994914345180970e-01 1.103805489483628277e-01
5.077500000000914326e+01 9.900003542723572192e-01 1.109791825047143493e-01
5.092499999999188276e+01 9.901267539164033682e-01 1.087129285552708435e-01
5.107500000000812435e+01 9.867057173386726276e-01 1.104866688416001330e-01
5.122499999999072884e+01 9.890938562479953955e-01 1.095546322318546595e-01
5.137500000000000000e+01 9.912233598021285008e-01 1.100374686345220038e-01
5.152500000000934932e+01 9.897613120099917339e-01 1.112107451208516479e-01
5.167499999999183302e+01 9.897527727913731921e-01 1.094269773838741078e-01
5.182500000000818119e+01 9.895405281028165634e-01 1.104502948973539456e-01
5.197499999999052989e+01 9.893803002077675712e-01 1.076543362621804611e-01
5.212500000000000000e+01 9.912854036848564032e-01 1.083919312348253644e-01
5.227500000000954827e+01 9.869860817103472961e-01 1.094898756793068056e-01
5.242499999999178328e+01 9.895081877901096279e-01 1.086556732948032872e-01
5.257500000000806040e+01 9.869301372959838892e-01 1.081244773914858959e-01
5.272499999999033804e+01 9.893927512827570547e-01 1.076879236129801992e-01
5.287500000000000000e+01 9.891584016473935481e-01 1.085110441685507437e-01
5.302500000000974723e+01 9.894564279140420915e-01 1.097093211324535605e-01
5.317499999999255778e+01 9.896948530419382717e-01 1.077817574398250572e-01
5.332500000000729301e+01 9.903091242453680998e-01 1.058759826181918939e-01
5.347499999999015330e+01 9.902229345378618097e-01 1.069047267718544886e-01
5.362500000000000000e+01 9.902661598279611788e-01 1.073674595211638189e-01
5.377500000000993197e+01 9.905510953058326296e-01 1.075596296492911663e-01
5.392499999999331095e+01 9.911340037037892348e-01 1.083092218411854518e-01
5.407500000000654694e+01 9.890751154937960088e-01 1.075465572283966775e-01
5.422499999998996145e+01 9.902268639325444433e-01 1.076037046691157711e-01
5.437500000000000000e+01 9.896857277263213515e-01 1.067529485994001548e-01
5.452500000001011671e+01 9.910092913763784983e-01 1.071254988397055130e-01
5.467499999999403570e+01 9.880042209405570652e-01 1.067260427042229926e-01
5.482500000000581508e+01 9.900967112235662393e-01 1.058545799505078572e-01
5.497499999998977671e+01 9.907566194338218724e-01 1.057950599382458112e-01
5.512500000000000000e+01 9.922646822863350202e-01 1.061129344359012655e-01
5.527500000001029434e+01 9.905487623696407340e-01 1.073474766717749940e-01
5.542499999999475335e+01 9.902914467747641059e-01 1.061489640824878067e-01
5.557500000000510454e+01 9.910488869031574000e-01 1.055660080315760779e-01
5.572499999998960618e+01 9.918360876491509881e-01 1.065343979410572767e-01
5.587500000000000000e+01 9.914637718507827158e-01 1.045424624389825891e-01
5.602500000001046487e+01 9.905728856185320730e-01 1.051783571587959626e-01
5.617499999999544258e+01 9.907295808986446017e-01 1.052303542042154622e-01
5.632500000000441531e+01 9.921163122017473412e-01 1.040211077071540591e-01
5.647499999998942855e+01 9.912997953746818247e-01 1.040099846820625173e-01
5.662500000000000000e+01 9.922747328541569045e-01 1.050702324157063300e-01
5.677500000001062830e+01 9.929843537834482925e-01 1.027089315164895628e-01
5.692499999999611759e+01 9.919114207190935506e-01 1.045354324330405871e-01
5.707500000000374030e+01 9.914762538492305488e-01 1.036212085606496996e-01
5.722499999998926512e+01 9.909939412629613642e-01 1.039585210972836793e-01
5.737500000000000000e+01 9.918879171015216878e-01 1.033890393309082611e-01
5.752500000001079172e+01 9.924898635336969477e-01 1.028911962172348732e-01
5.767499999999677129e+01 9.922353582624762192e-01 1.030371418048382087e-01
5.782500000000310081e+01 9.927876272274533953e-01 1.034604493376323764e-01
5.797499999998910170e+01 9.922821411089646215e-01 1.040772591811698067e-01
5.812500000000000000e+01 9.931212466241045034e-01 1.023356165341379187e-01
5.827500000001095515e+01 9.943216739424437511e-01 1.033867340619655101e-01
5.842499999999741078e+01 9.938494930691045282e-01 1.009951576169211274e-01
5.857500000000246132e+01 9.927036999502334425e-01 1.040888141668022682e-01
5.872499999998893827e+01 9.921652819966876313e-01 1.023427748615297617e-01
5.887500000000000000e+01 9.937648007285792007e-01 1.028948582647096210e-01
5.902500000001111857e+01 9.931870220732044174e-01 1.030436192835640780e-01
5.917499999999803606e+01 9.947195459879730750e-01 1.024273634256019222e-01
5.932500000000184315e+01 9.956923213796571304e-01 1.027457368354253026e-01
5.947499999998878906e+01 9.948984603973959340e-01 1.015965475472104113e-01
5.962500000000000000e+01 9.953440782162407130e-01 1.016629318841501262e-01
5.977500000001126779e+01 9.945435086189243767e-01 9.994281337543635402e-02
5.992499999999864002e+01 9.956013848488735052e-01 1.006823815370704034e-01
6.007500000000123919e+01 9.946106104478353860e-01 1.021953984758452866e-01
6.022499999998863984e+01 9.956223469793856751e-01 1.018266676512722402e-01
6.037500000000000000e+01 9.957441446758115156e-01 1.030986679859129118e-01
6.052500000001142411e+01 9.950251983684327284e-01 1.010562269235462801e-01
6.067499999999923688e+01 9.960853822265848256e-01 1.010836754045578850e-01
6.082500000000064944e+01 9.953763739628037621e-01 1.009896526371773795e-01
6.097499999998849773e+01 9.980983577643049998e-01 1.020256680228172896e-01
6.112500000000000000e+01 9.947914356555168647e-01 9.998072684243287933e-02
6.127500000001155911e+01 9.968511793112903030e-01 9.981561981969973296e-02
6.142499999999980531e+01 9.976985134828927348e-01 9.920743751275402922e-02
6.157500000000007390e+01 9.970391259326971678e-01 9.901205475905044961e-02
6.172499999998834852e+01 9.963411927620483555e-01 1.006320042939286008e-01
6.187500000000000000e+01 9.969316739232511049e-01 9.978518613837684959e-02
6.202500000001170122e+01 9.982509577294660374e-01 1.002914273437350845e-01
6.217500000000037375e+01 9.983588439428427996e-01 9.957038795402164966e-02
6.232499999999951967e+01 9.979438079648281779e-01 1.007165501062985830e-01
6.247499999998820641e+01 9.986575727726576535e-01 1.001987766773067834e-01
6.262500000000000000e+01 9.965516241483286519e-01 9.926411076855495841e-02
6.277500000001184333e+01 9.990796064373600460e-01 9.934625733187009422e-02
6.292500000000092086e+01 9.974971170900625017e-01 9.971741416371718292e-02
6.307499999999897256e+01 9.977088934714236634e-01 9.973134831456173521e-02
6.322499999998807851e+01 9.994088925544976076e-01 9.989525762625407757e-02
6.337500000000000000e+01 9.993543005242452315e-01 1.000028308642439967e-01
6.352500000001197833e+01 9.991871691202609540e-01 9.714306767591904257e-02
6.367500000000146798e+01 9.994433117134813305e-01 9.875436639506260383e-02
6.382499999999843254e+01 1.001168554137595201e+00 1.003456066841666994e-01
6.397499999998793641e+01 1.001610435307230595e+00 9.838006170506262416e-02
6.412500000000000000e+01 1.000034976480965732e+00 1.000470705087084522e-01
6.427500000001211333e+01 1.000273058815300820e+00 9.760886731696837015e-02
6.442500000000200089e+01 9.998661188958845036e-01 9.777609854645707976e-02
6.457499999999791385e+01 9.993880674911974626e-01 9.715637573063967691e-02
6.472499999998781561e+01 1.000098921734537516e+00 9.740003118578340058e-02
6.487500000000000000e+01 1.000671817344940040e+00 9.765733253036278094e-02
6.502500000001224123e+01 1.001236270092192848e+00 9.831117083009263680e-02
6.517500000000251248e+01 1.002037295786189608e+00 9.827127782743395878e-02
6.532499999999740226e+01 9.990753852376836885e-01 9.865012182766262627e-02
6.547499999998768772e+01 1.000249203794384423e+00 9.908462566351439182e-02
6.562500000000000000e+01 9.991448286181560112e-01 9.733325344821058822e-02
6.577500000001236913e+01 1.003587984475875272e+00 9.725696571806191626e-02
6.592500000000300986e+01 1.000564647615888481e+00 9.739201614507958515e-02
6.607499999999690488e+01 1.002547269455879242e+00 9.634371941440846021e-02
6.622499999998755982e+01 1.001199977343466774e+00 9.700952475217575199e-02
6.637500000000000000e+01 1.001457250249127684e+00 9.710850457074517161e-02
6.652500000001249703e+01 1.002629847080534153e+00 9.654635643804561351e-02
6.667500000000349303e+01 1.002178546166119233e+00 9.698239471024230896e-02
6.682499999999640750e+01 1.002125258561024301e+00 9.656738100819733939e-02
6.697499999998743192e+01 1.004184729822855671e+00 9.618984207316294555e-02
6.712500000000000000e+01 1.001686045263295410e+00 9.667420445185755107e-02
6.727500000001261071e+01 1.003861573339169366e+00 9.677560640570341544e-02
6.742500000000397620e+01 1.002169906640894448e+00 9.639246732494385905e-02
6.757499999999593854e+01 1.003688249547339595e+00 9.607030305248863422e-02
6.772499999998731823e+01 1.003383598793311293e+00 9.607070636784735551e-02
6.787500000000000000e+01 1.001860704083113562e+00 9.531685541168954945e-02
6.802500000001272440e+01 1.003094334178476377e+00 9.460526404255083233e-02
6.817500000000444516e+01 1.003980487915709929e+00 9.552038823063085937e-02
6.832499999999546958e+01 1.004710041076746885e+00 9.788491024642997917e-02
6.847499999998720455e+01 1.004008110417561106e+00 9.620906546033139439e-02
6.862500000000000000e+01 1.003299173229619035e+00 9.485641093952930369e-02
6.877500000001283809e+01 1.003955981023829214e+00 9.500826855055921616e-02
6.892500000000489990e+01 1.002846258155612347e+00 9.602540057169564602e-02
6.907499999999501483e+01 1.004119052473780194e+00 9.497893297657244993e-02
6.922499999998709086e+01 1.003859112588323610e+00 9.508723699687537945e-02
6.937500000000000000e+01 1.004430205950838761e+00 9.451758323103132131e-02
6.952500000001295177e+01 1.004615513748916333e+00 9.423980247978849811e-02
6.967500000000535465e+01 1.003691326344621881e+00 9.332904767593599993e-02
6.982499999999456008e+01 1.004620970152004800e+00 9.382258879352292635e-02
6.997499999998697717e+01 1.004802880842041723e+00 9.427884111903883646e-02
7.012500000000000000e+01 1.005650878657428526e+00 9.415615464602591911e-02
7.027500000001306546e+01 1.004407700630664646e+00 9.439762674533508369e-02
7.042500000000579519e+01 1.005383233710032798e+00 9.419255174570730083e-02
7.057499999999413376e+01 1.003635589927268867e+00 9.313145270830314182e-02
7.072499999998686349e+01 1.004243358496770488e+00 9.252052071403620015e-02
7.087500000000000000e+01 1.003841991686074131e+00 9.392875001394955514e-02
7.102500000001316494e+01 1.005535266060783695e+00 9.339892216857449692e-02
7.117500000000620730e+01 1.005279463172013443e+00 9.222891745330889790e-02
7.132499999999369322e+01 1.003557464484314821e+00 9.373578973598760411e-02
7.147499999998676401e+01 1.005050725986536220e+00 9.398724691390242247e-02
7.162500000000000000e+01 1.003894542729479866e+00 9.265768241686531126e-02
7.177500000001327862e+01 1.005746908999091582e+00 9.234758243968872737e-02
7.192500000000663363e+01 1.006771837465979536e+00 9.257241689317177724e-02
7.207499999999328111e+01 1.005574815132554756e+00 9.366706025248380807e-02
7.222499999998666453e+01 1.003538609700093343e+00 9.339016353554052685e-02
7.237500000000000000e+01 1.003644649223101704e+00 9.210653515096935140e-02
7.252500000001337810e+01 1.004642046544553802e+00 9.203665896369227217e-02
7.267500000000704574e+01 1.005652624131262440e+00 9.279285201114269299e-02
7.282499999999286899e+01 1.001721283566857856e+00 9.166111067173023097e-02
7.297499999998655085e+01 1.007541592530129426e+00 9.177280168067095123e-02
7.312500000000000000e+01 1.004970283453307855e+00 9.176635680749237189e-02
7.327500000001347757e+01 1.005030915749315357e+00 9.240733804496698012e-02
7.342500000000745786e+01 1.004305455450198892e+00 9.315945808359775426e-02
7.357499999999247109e+01 1.004284329321554425e+00 9.252037467116987213e-02
7.372499999998646558e+01 1.003602557655644434e+00 9.255004192846352784e-02
7.387500000000000000e+01 1.003817772414857590e+00 9.157243381073285060e-02
7.402500000001359126e+01 1.004223162844200212e+00 9.208747664884681106e-02
7.417500000000785576e+01 1.002420324326042778e+00 9.137083813530114118e-02
7.432499999999207319e+01 1.004128391620515703e+00 9.178201722966844445e-02
7.447499999998635190e+01 1.003791388249973160e+00 9.101365590245057147e-02
7.462500000000000000e+01 1.004200310489771431e+00 9.182929019264376991e-02
7.477500000001367653e+01 1.005234668579719326e+00 9.117604318001565344e-02
7.492500000000823945e+01 1.004410072297670098e+00 9.168998599191385823e-02
7.507499999999168949e+01 1.005243967079700429e+00 9.060470221016130032e-02
7.522499999998626663e+01 1.005679317967136388e+00 9.205034630424110964e-02
7.537500000000000000e+01 1.004044045488092785e+00 9.126601194697867014e-02
7.552500000001377600e+01 1.005147504833125760e+00 9.125975229352933926e-02
7.567500000000862315e+01 1.005609528698920174e+00 9.060965844849409867e-02
7.582499999999130580e+01 1.005240779658121753e+00 8.973415642710856621e-02
7.597499999998616715e+01 1.003384331735331925e+00 9.045339455078242608e-02
7.612500000000000000e+01 1.003176648007786387e+00 8.969973877928157091e-02
7.627500000001386127e+01 1.003785594973344963e+00 9.048560630338053912e-02
7.642500000000899263e+01 1.004840379738514589e+00 9.043990630773648953e-02
7.657499999999093632e+01 1.003893962564530007e+00 9.081631341595777784e-02
7.672499999998608189e+01 1.003742613649722504e+00 8.980066074211220939e-02
7.687500000000000000e+01 1.004706275165619722e+00 9.040511719004962199e-02
7.702500000001396074e+01 1.004656753658730084e+00 9.096469358450563758e-02
7.717500000000934790e+01 1.004903882425890460e+00 9.003220934511517448e-02
7.732499999999058105e+01 1.005850741610945676e+00 8.942190251529839873e-02
7.747499999998598241e+01 1.004407928346208845e+00 8.920186159018810013e-02
7.762500000000000000e+01 1.005954520455298429e+00 8.988328116747461294e-02
7.777500000001404601e+01 1.004289170875297899e+00 8.849881888984906242e-02
7.792500000000971738e+01 1.003482814866343720e+00 8.909570062028737691e-02
7.807499999999021156e+01 1.004673681000130214e+00 8.909237490956897765e-02
7.822499999998589715e+01 1.005414030735746866e+00 9.006030823876384761e-02
7.837500000000000000e+01 1.003304537255543361e+00 8.913754984420553529e-02
7.852500000001413127e+01 1.003572412811371883e+00 8.894247413748147812e-02
7.867500000001005844e+01 1.005238169548413829e+00 8.852122176117770136e-02
7.882499999998987050e+01 1.003467985908041760e+00 8.831018349824792946e-02
7.897499999998581188e+01 1.004225879485625139e+00 8.879519236054082831e-02
7.912500000000000000e+01 1.003800461539390954e+00 8.990605633450118872e-02
7.927500000001423075e+01 1.006763000151461585e+00 8.846741670894127385e-02
7.942500000001041371e+01 1.004611579936883103e+00 8.862812954612392380e-02
7.957499999998951523e+01 1.003982471741232896e+00 8.874163192319628468e-02
7.972499999998572662e+01 1.003319464693671170e+00 8.855088442500565205e-02
7.987500000000000000e+01 1.003213722119240758e+00 8.821453482146388025e-02
8.002500000001430180e+01 1.003185348968392843e+00 8.736384281841225175e-02
8.017500000001075477e+01 1.004638000224632011e+00 8.872900644620189403e-02
8.032499999998918838e+01 1.004158697716199811e+00 8.860538542622993508e-02
8.047499999998564135e+01 1.004013907958389185e+00 8.816133498658471068e-02
8.062500000000000000e+01 1.003985816426341104e+00 8.826859520775177936e-02
8.077500000001438707e+01 1.004308773102581709e+00 8.833416102331485831e-02
8.092500000001108162e+01 1.003361398657101500e+00 8.782066757855826189e-02
8.107499999998886153e+01 1.005753502411592226e+00 8.774777006412860791e-02
8.122499999998557030e+01 1.002380212443679808e+00 8.746360721565948904e-02
8.137500000000000000e+01 1.002886035936927378e+00 8.709541999206081575e-02
8.152500000001447233e+01 1.002821780354059333e+00 8.838156369391680922e-02
8.167500000001139426e+01 1.003646615817101351e+00 8.923548844336062769e-02
8.182499999998853468e+01 1.003268560137207555e+00 8.816438485886576859e-02
8.197499999998548503e+01 1.001398249094783255e+00 8.779114882424128574e-02
8.212500000000000000e+01 1.002730891148007952e+00 8.665217582461434698e-02
8.227500000001455760e+01 1.003932620699104605e+00 8.773523919139174232e-02
8.242500000001172111e+01 1.005868905693479087e+00 8.659425029535296192e-02
8.257499999998822204e+01 1.003665689446373355e+00 8.668380060892662275e-02
8.272499999998539977e+01 1.003720241408814218e+00 8.693158653520008383e-02
8.287500000000000000e+01 1.003232319636655712e+00 8.738584452799176561e-02
8.302500000001462865e+01 1.002441823551227129e+00 8.591926175195920001e-02
8.317500000001203375e+01 1.002389467761566566e+00 8.672476581921538530e-02
8.332499999998789519e+01 1.004315160063864454e+00 8.732164188911996361e-02
8.347499999998531450e+01 1.003793533437997265e+00 8.595346401835138317e-02
8.362500000000000000e+01 1.002520648576053830e+00 8.556236349911651440e-02
8.377500000001469971e+01 1.002294461548826066e+00 8.602004343354653637e-02
8.392500000001234639e+01 1.003083896092079375e+00 8.570658891280476255e-02
8.407499999998758256e+01 1.003486993242097558e+00 8.632530675925778607e-02
8.422499999998524345e+01 1.002790142408603646e+00 8.680091904886876042e-02
8.437500000000000000e+01 1.001966893753005294e+00 8.619040740869028661e-02
8.452500000001478497e+01 1.003998361868010614e+00 8.647273450491127500e-02
8.467500000001264482e+01 1.002835913529821044e+00 8.573925115070481218e-02
8.482499999998728413e+01 1.002627529701564324e+00 8.558139893666942555e-02
8.497499999998517239e+01 1.002590009154208373e+00 8.596442700283316030e-02
8.512500000000000000e+01 1.003368532697884730e+00 8.524371402947646115e-02
8.527500000001485603e+01 1.002063532207105201e+00 8.586994641097543679e-02
8.542500000001294325e+01 1.004269883562054266e+00 8.528258911047632840e-02
8.557499999998699991e+01 1.001680301399344941e+00 8.473170129314153143e-02
8.572499999998510134e+01 1.001387408532875334e+00 8.572711745585490095e-02
8.587500000000000000e+01 1.002062422398368513e+00 8.563502331992804695e-02
8.602500000001494129e+01 1.004050995088122233e+00 8.639210984120179737e-02
8.617500000001324167e+01 1.002758435921228042e+00 8.459637278855218490e-02
8.632499999998670148e+01 1.002173002152932479e+00 8.505878252804252582e-02
8.647499999998503029e+01 1.003615343049619524e+00 8.467632293930320297e-02
8.662500000000000000e+01 1.000914615168584598e+00 8.464172507946959856e-02
8.677500000001501235e+01 1.000797534587747561e+00 8.548125142984937253e-02
8.692500000001352589e+01 9.993250610908088749e-01 8.448894380266629145e-02
8.707499999998641727e+01 1.002340324948298056e+00 8.360519778607664043e-02
8.722499999998494502e+01 1.002008818216556740e+00 8.353914985021916595e-02
8.737500000000000000e+01 1.001288552438727830e+00 8.393598567200437344e-02
8.752500000001508340e+01 1.001507203219047293e+00 8.527564555947519942e-02
8.767500000001381011e+01 1.002101481575330411e+00 8.394944121074583709e-02
8.782499999998613305e+01 1.000664772223509802e+00 8.368647494620957972e-02
8.797499999998487397e+01 1.000354666656125158e+00 8.408669768209019180e-02
8.812500000000000000e+01 1.001979938218403365e+00 8.506778280727979313e-02
8.827500000001514024e+01 9.996642777349550313e-01 8.426121029005204099e-02
8.842500000001409433e+01 9.997235226583223167e-01 8.350911515111379690e-02
8.857499999998586304e+01 1.000628436074056271e+00 8.292367644144373051e-02
8.872499999998480291e+01 1.000753859172945681e+00 8.542782898740465536e-02
8.887500000000000000e+01 1.000610820087815656e+00 8.429691306544462304e-02
8.902500000001521130e+01 9.993456676821081963e-01 8.287313283705759204e-02
8.917500000001436433e+01 9.983631861076464054e-01 8.329048844450635813e-02
8.932499999998557882e+01 9.990038377599328445e-01 8.309153853522184552e-02
8.947499999998473186e+01 1.000202221058444696e+00 8.346766397960869721e-02
8.962500000000000000e+01 1.000188940291399708e+00 8.254787863747080345e-02
8.977500000001528235e+01 9.987502261220869704e-01 8.296915798059602276e-02
8.992500000001462013e+01 1.000528072236761767e+00 8.313368123295851453e-02
9.007499999998532303e+01 9.991905798770448488e-01 8.349900058157162797e-02
9.022499999998467501e+01 1.000097943364766540e+00 8.328299430935880154e-02
9.037500000000000000e+01 9.999020324829234196e-01 8.273209595594972765e-02
9.052500000001533920e+01 9.985513960753530371e-01 8.321355054143744767e-02
9.067500000001489013e+01 9.983351233949276926e-01 8.215306482806006283e-02
9.082499999998505302e+01 9.986808114392106139e-01 8.279546291702588601e-02
9.097499999998460396e+01 9.998848407937270810e-01 8.208278497864691936e-02
9.112500000000000000e+01 9.992673780104134318e-01 8.170423553426234275e-02
9.127500000001541025e+01 9.978613968767896525e-01 8.225345228590733027e-02
9.142500000001514593e+01 9.985355938127637998e-01 8.136094044997420338e-02
9.157499999998479723e+01 9.993537798543380424e-01 8.166745670926400802e-02
9.172499999998454712e+01 9.987843954135188218e-01 8.117961043709825963e-02
9.187500000000000000e+01 9.991992856301625814e-01 8.260863239869724317e-02
9.202500000001548131e+01 9.981614096681131754e-01 8.170069087495648863e-02
9.217500000001541594e+01 9.978776909165134601e-01 8.186836216361950691e-02
9.232499999998454143e+01 9.971721180280568309e-01 8.177131407010732045e-02
9.247499999998447606e+01 9.989177733705132400e-01 8.122348598876649728e-02
9.262500000000000000e+01 9.990854729899916187e-01 8.235288142670496581e-02
9.277500000001553815e+01 9.990202489919649542e-01 8.180477404561764532e-02
9.292500000001565752e+01 9.974833826425537620e-01 8.069636452176946750e-02
9.307499999998428564e+01 9.992024262486270958e-01 8.264619488516995738e-02
9.322499999998441922e+01 9.986653704873542647e-01 8.124447016394707732e-02
9.337500000000000000e+01 9.973108249035672612e-01 8.150684767614582715e-02
9.352500000001559499e+01 9.963947773812371622e-01 8.135179968120469229e-02
9.367500000001591332e+01 9.976435850910151393e-01 8.073132327752073623e-02
9.382499999998402984e+01 9.969175107080692211e-01 8.070876412012696621e-02
9.397499999998436238e+01 9.980852490522001963e-01 8.151040825814943880e-02
9.412500000000000000e+01 9.974469285632732163e-01 8.090986774797646885e-02
9.427500000001566605e+01 9.974300194505123507e-01 8.089983069956596662e-02
9.442500000001615490e+01 9.980754936840700031e-01 8.138806612826827991e-02
9.457499999998380247e+01 9.976641968035405705e-01 8.223702013613998218e-02
9.472499999998429132e+01 9.959012246196298213e-01 8.207657702382331610e-02
9.487500000000000000e+01 9.962108290572045943e-01 8.040986565102382910e-02
9.502500000001572289e+01 9.954961853784186632e-01 8.044629658811955353e-02
9.517500000001639648e+01 9.982463364399201122e-01 8.093432483111556719e-02
9.532499999998356088e+01 9.962040799947975422e-01 8.034514783309493202e-02
9.547499999998423448e+01 9.968127814087121008e-01 8.057873439674952121e-02
9.562500000000000000e+01 9.951282094774125397e-01 7.954914410234188715e-02
9.577500000001577973e+01 9.963995270868438725e-01 8.050453270769616920e-02
9.592500000001662386e+01 9.970443822896951636e-01 8.108854005029395018e-02
9.607499999998331930e+01 9.950762085281654734e-01 7.997117849120170818e-02
9.622499999998417763e+01 9.954265202097264398e-01 7.957288019686911684e-02
9.637500000000000000e+01 9.959635719593344927e-01 7.986414298342360552e-02
9.652500000001585079e+01 9.959148498170385944e-01 8.020365288795210101e-02
9.667500000001686544e+01 9.942753239209718430e-01 8.109502194487734628e-02
9.682499999998309193e+01 9.950836604190395063e-01 8.024886916650575408e-02
9.697499999998412079e+01 9.942678145850113447e-01 8.046037054466863292e-02
9.712500000000000000e+01 9.939825656983386493e-01 7.920122193098395880e-02
9.727500000001590763e+01 9.946183215560380209e-01 7.991565531521550858e-02
9.742500000001709282e+01 9.951017973710964970e-01 8.040583706760459637e-02
9.757499999998287876e+01 9.943160629605689582e-01 8.075008920632539833e-02
9.772499999998406395e+01 9.938337487865541720e-01 7.907134806166322971e-02
9.787500000000000000e+01 9.951767442416308285e-01 7.990039088485045848e-02
9.802500000001595026e+01 9.941893145384745889e-01 7.896001519145409708e-02
9.817500000001732019e+01 9.949533750010423061e-01 7.904196334640611887e-02
9.832499999998263718e+01 9.944429867717988758e-01 7.960593559302378552e-02
9.847499999998402131e+01 9.947530682940095570e-01 8.080088112866419536e-02
9.862500000000000000e+01 9.941024169830308121e-01 7.993096664938244278e-02
9.877500000001600711e+01 9.940754486349652197e-01 7.885628694979882058e-02
9.892500000001753335e+01 9.941146413619171840e-01 7.820313963210585861e-02
9.907499999998242401e+01 9.935104177600294628e-01 7.913763676155927129e-02
9.922499999998395026e+01 9.945645104530801417e-01 8.003727395456421145e-02
9.937500000000000000e+01 9.934313963605027054e-01 7.878677377665138648e-02
9.952500000001606395e+01 9.948234663415135293e-01 7.976533874281950542e-02
9.967500000001776073e+01 9.927178395319830040e-01 8.026277867789864684e-02
9.982499999998221085e+01 9.933776642215920161e-01 7.833796836620167403e-02
9.997499999998389342e+01 9.926441855273185899e-01 7.832983523834327610e-02
1.001250000000000000e+02 9.936166527106451429e-01 7.912840149467421924e-02
1.002750000000161208e+02 9.926668762638377608e-01 7.824435662508405498e-02
1.004250000000179597e+02 9.931438310665460234e-01 7.931870883728414645e-02
1.005749999999819835e+02 9.947749031300853195e-01 7.917787757286995354e-02
1.007249999999838508e+02 9.936947280772732150e-01 7.823286507005847157e-02
1.008750000000000000e+02 9.937025745325255288e-01 7.712484838996201686e-02
1.010250000000161776e+02 9.929090424182840380e-01 7.896042379264532618e-02
1.011750000000181871e+02 9.918146943157643003e-01 7.795883534121313130e-02
1.013249999999817845e+02 9.711423083525680955e-01 7.754500081245559173e-02
1.014749999999837939e+02 9.532329096146686664e-01 7.684222001985958894e-02
1.016250000000000000e+02 9.401752974755881453e-01 7.586789641749992763e-02
1.017750000000162345e+02 9.296617187262967708e-01 7.620321758605141937e-02
1.019250000000184002e+02 9.227003076244449931e-01 7.593562316602153750e-02
1.020749999999815714e+02 9.139865536614089070e-01 7.532407038339894445e-02
1.022249999999837513e+02 9.062913816987763216e-01 7.291081960393297479e-02
1.023750000000000000e+02 8.992014132321051179e-01 7.330336590090714977e-02
1.025250000000162771e+02 8.939591320711681721e-01 7.327811339924938938e-02
1.026750000000185992e+02 8.892433315465616550e-01 7.343343768025667462e-02
1.028249999999813582e+02 8.826102598300871183e-01 7.331827915457959921e-02
1.029749999999836945e+02 8.778679633538720717e-01 7.236069996330200815e-02
1.031250000000000000e+02 8.715675606240891327e-01 7.192709368718251672e-02
1.032750000000163340e+02 8.683060176140084963e-01 7.279776053788450385e-02
1.034250000000187981e+02 8.629475338705397958e-01 7.271955507839913957e-02
1.035749999999811592e+02 8.608336329106356377e-01 7.115404656576410081e-02
1.037249999999836376e+02 8.548154897557277421e-01 7.105003755061291282e-02
1.038750000000000000e+02 8.503916177680463928e-01 7.084884519986786588e-02
1.040250000000163766e+02 8.461369987623538202e-01 7.066664944068166976e-02
1.041750000000189971e+02 8.432672699750813905e-01 7.140280933378539974e-02
1.043249999999809603e+02 8.409221272226611310e-01 7.047437319953912815e-02
1.044749999999835950e+02 8.350263112473769178e-01 7.027969373048981172e-02
1.046250000000000000e+02 8.318039714258627093e-01 7.028127364879419026e-02
1.047750000000164334e+02 8.293521338975746726e-01 7.049044563083219084e-02
1.049250000000191818e+02 8.257673248648195186e-01 7.011877471171881759e-02
1.050749999999807613e+02 8.221478866298042032e-01 7.112671241738026395e-02
1.052249999999839503e+02 8.178518303925521593e-01 6.979471250715575670e-02
1.053750000000000000e+02 8.171689929782439688e-01 6.978926222243497790e-02
1.055250000000157229e+02 8.125211446785766123e-01 6.814690767438423558e-02
1.056750000000193808e+02 8.113237997711740812e-01 6.908002066017568388e-02
1.058249999999805766e+02 8.062596716117280682e-01 6.871254901782772317e-02
1.059749999999847319e+02 8.050722064442507042e-01 6.829324528479856216e-02
1.061250000000000000e+02 8.025294286409884181e-01 6.890006808509414882e-02
1.062750000000149555e+02 8.000109803700680144e-01 6.851804299223210326e-02
1.064250000000195797e+02 7.951673465949650188e-01 6.748608126681929220e-02
1.065749999999803919e+02 7.920181920439773871e-01 6.811848192696072501e-02
1.067249999999854850e+02 7.900445821461793416e-01 6.794614492686754104e-02
1.068750000000000000e+02 7.893997700688154540e-01 6.878688510562189218e-02
1.070250000000141881e+02 7.860881181551013785e-01 6.822888283030090206e-02
1.071750000000197645e+02 7.836255588040302866e-01 6.756166810997341066e-02
1.073249999999802071e+02 7.792770662659681546e-01 6.728599323429491907e-02
1.074749999999862524e+02 7.779508387961213689e-01 6.728206108912707095e-02
1.076250000000000000e+02 7.753820174584642455e-01 6.697683365411465084e-02
1.077750000000134492e+02 7.738806104482994774e-01 6.624471262361864010e-02
1.079250000000199492e+02 7.700176971491458078e-01 6.692152502909096135e-02
1.080749999999800224e+02 7.687041232080451536e-01 6.707979869040055221e-02
1.082249999999869914e+02 7.652400832014092380e-01 6.683187875478371898e-02
1.083750000000000000e+02 7.627843485132466128e-01 6.661249258077531210e-02
1.085250000000127244e+02 7.618093975642966642e-01 6.699561337672657602e-02
1.086750000000201481e+02 7.597798710925049992e-01 6.640646302928700229e-02
1.088249999999798376e+02 7.569334707048247513e-01 6.675164620326007325e-02
1.089749999999877161e+02 7.551769480713959037e-01 6.507073817932094995e-02
1.091250000000000000e+02 7.520014107166742567e-01 6.510799293547914202e-02
1.092750000000119854e+02 7.511629924017033666e-01 6.537960727935709926e-02
1.094250000000203045e+02 7.477770693755162457e-01 6.579771176129839416e-02
1.095749999999796529e+02 7.462612497578537951e-01 6.433263264778960044e-02
1.097249999999884409e+02 7.444809131098620858e-01 6.565840317475632459e-02
1.098750000000000000e+02 7.421522584569455461e-01 6.485021380029319660e-02
1.100250000000112749e+02 7.397539734004708878e-01 6.437114096323205692e-02
1.101750000000204892e+02 7.374928630471421220e-01 6.529288604639550686e-02
1.103249999999794682e+02 7.369345378657249368e-01 6.341703680266085053e-02
1.104749999999891372e+02 7.338089197053588864e-01 6.367266113363817537e-02
1.106250000000000000e+02 7.323656317097967383e-01 6.421306232238213618e-02
1.107750000000105643e+02 7.301829464304155914e-01 6.357322147760736952e-02
1.109250000000206740e+02 7.284906430805877520e-01 6.314962312957958512e-02
1.110749999999792976e+02 7.265392119181115493e-01 6.373521139996803087e-02
1.112249999999898620e+02 7.262392198357465745e-01 6.389412358298732220e-02
1.113750000000000000e+02 7.221752409564456965e-01 6.277760730231261854e-02
1.115250000000098822e+02 7.209035272860977450e-01 6.286774120823257483e-02
1.116750000000208445e+02 7.189997876749750771e-01 6.320487414047167019e-02
1.118249999999791129e+02 7.166216999433504542e-01 6.289974409271474609e-02
1.119749999999905299e+02 7.147888587834188012e-01 6.321760471388016001e-02
1.121250000000000000e+02 7.147850406238296372e-01 6.282589720052385307e-02
1.122750000000091859e+02 7.127949610332076080e-01 6.272105548787285101e-02
1.124250000000210008e+02 7.101672480257736897e-01 6.263131965200380291e-02
1.125749999999789566e+02 7.072707192790856912e-01 6.226478482841794893e-02
1.127249999999912120e+02 7.073555463300614798e-01 6.318498423231674876e-02
1.128750000000000000e+02 7.065703440100338240e-01 6.209483985875711293e-02
1.130250000000085180e+02 7.038997760128895553e-01 6.235577819875097461e-02
1.131750000000211855e+02 7.033850391823792680e-01 6.277974688128722114e-02
1.133249999999787860e+02 7.019781375271756385e-01 6.199131810277028198e-02
1.134749999999919083e+02 6.994549527176308068e-01 6.231146844251819750e-02
1.136250000000000000e+02 6.986931075572160310e-01 6.177370787984103051e-02
1.137750000000078359e+02 6.962864243244767382e-01 6.108800063644979905e-02
1.139250000000213561e+02 6.945260743215693200e-01 6.128390177841005343e-02
1.140749999999786297e+02 6.930656870641358491e-01 6.142166708557674631e-02
1.142249999999925620e+02 6.912079875242022053e-01 6.203562554963198972e-02
1.143750000000000000e+02 6.884313675703661595e-01 6.052432450231670646e-02
1.145250000000071680e+02 6.872442977222776861e-01 6.060135841318687461e-02
1.146750000000215124e+02 6.861748887715064527e-01 6.131757989120208835e-02
1.148249999999784308e+02 6.855297687735700807e-01 6.145247155986366394e-02
1.149749999999932157e+02 6.844560934283252518e-01 6.133598097063438365e-02
1.151250000000000000e+02 6.823200292736475436e-01 5.980408762202473610e-02
1.152750000000065285e+02 6.807833113808990921e-01 6.046960696837039295e-02
1.154250000000216829e+02 6.794645959271420343e-01 6.112020024724955369e-02
1.155749999999783029e+02 6.772144359740892572e-01 5.974305957518210447e-02
1.157249999999938694e+02 6.759260336820179793e-01 6.057952275035054929e-02
1.158750000000000000e+02 6.738869812954050298e-01 6.065361837161856173e-02
1.160250000000058748e+02 6.732048288284909754e-01 6.008228385246330155e-02
1.161750000000218392e+02 6.713163065950806807e-01 6.002084505977566681e-02
1.163249999999781323e+02 6.705689843850605181e-01 5.974175051882190529e-02
1.164749999999945089e+02 6.691733189662784076e-01 6.023919608440816975e-02
1.166250000000000000e+02 6.680022121455072570e-01 5.952699785651325431e-02
1.167750000000052495e+02 6.669519918326768382e-01 5.967427286630748451e-02
1.169250000000220098e+02 6.660474583207121047e-01 5.973667029692888292e-02
1.170749999999779760e+02 6.647452700782930934e-01 5.975050928003800693e-02
1.172249999999951484e+02 6.618635846207120421e-01 5.888234229426405481e-02
1.173750000000000000e+02 6.625455446610002408e-01 5.924712953653714365e-02
1.175250000000046242e+02 6.596510254255939509e-01 5.923718570889800056e-02
1.176750000000221377e+02 6.587701096835008041e-01 5.869066772727767750e-02
1.178249999999778055e+02 6.571440615171418864e-01 5.913559157028392549e-02
1.179749999999957453e+02 6.557485798481977879e-01 5.839887825032097357e-02
1.181250000000000000e+02 6.546769686816413802e-01 5.870339217624744726e-02
1.182750000000039989e+02 6.538137385847639926e-01 5.792069587659662289e-02
1.184250000000223082e+02 6.530752998404520948e-01 5.894834706488395054e-02
1.185749999999776634e+02 6.516877858314396033e-01 5.811294582452974228e-02
1.187249999999963705e+02 6.488335935125451037e-01 5.804283504014842027e-02
1.188750000000000000e+02 6.495318499531305134e-01 5.791534099579923739e-02
1.190250000000033879e+02 6.462154648422631098e-01 5.843608766832449064e-02
1.191750000000224645e+02 6.456273100939969867e-01 5.820570866166119295e-02
1.193249999999775071e+02 6.441330394001179016e-01 5.777067657411066176e-02
1.194749999999969816e+02 6.435395063280813233e-01 5.803132415895936175e-02
1.196250000000000000e+02 6.421535346768514341e-01 5.796177914127100678e-02
1.197750000000027910e+02 6.406120280868152772e-01 5.760713859016419747e-02
1.199250000000226066e+02 6.398191481348710630e-01 5.704162772197506059e-02
1.200749999999773650e+02 6.392046559757583735e-01 5.758368642938087312e-02
1.202249999999975927e+02 6.369955603691587198e-01 5.723230046426352330e-02
1.203750000000000000e+02 6.356394324508096716e-01 5.735480807641750445e-02
1.205250000000021799e+02 6.336973760743610518e-01 5.792448019243828794e-02
1.206750000000227772e+02 6.316101400778593167e-01 5.669758668023731907e-02
1.208249999999772086e+02 6.316521166520715491e-01 5.681446151712750414e-02
1.209749999999981753e+02 6.306652443321475454e-01 5.703657683555921759e-02
1.211250000000000000e+02 6.299278244124221215e-01 5.660101391263879650e-02
1.212750000000015973e+02 6.285562956457605432e-01 5.628756290164083076e-02
1.214250000000229193e+02 6.278331380978520171e-01 5.684172512095022473e-02
1.215749999999770665e+02 6.251414631803756672e-01 5.672174576091464082e-02
1.217249999999987580e+02 6.258339773145010776e-01 5.618287221822295535e-02
1.218750000000000000e+02 6.243979110426045587e-01 5.687855736485857017e-02
1.220250000000010147e+02 6.226408640564645713e-01 5.633569540669664671e-02
1.221750000000230472e+02 6.206550788915693451e-01 5.581467396341312920e-02
1.223249999999769244e+02 6.203302509302309753e-01 5.647431565787617430e-02
1.224749999999993406e+02 6.182869828053206840e-01 5.567475877665852002e-02
1.226250000000000000e+02 6.178464158544361151e-01 5.577341899195054770e-02
1.227750000000004320e+02 6.165924118458674386e-01 5.580574758134163038e-02
1.229250000000231893e+02 6.144742593547155574e-01 5.562355263853532156e-02
1.230749999999767681e+02 6.141283016675241901e-01 5.579987019988464497e-02
1.232249999999999233e+02 6.136852506599738133e-01 5.595758939364187806e-02
1.233750000000000000e+02 6.112971360341457050e-01 5.554815423491409748e-02
1.235249999999998494e+02 6.097930831793669793e-01 5.537189337398581296e-02
1.236750000000233314e+02 6.094412676193587952e-01 5.592579097223718265e-02
1.238249999999766402e+02 6.078608741779862878e-01 5.480437860291048624e-02
1.239750000000004775e+02 6.080390159456051657e-01 5.504927131426481934e-02
1.241250000000000000e+02 6.061613199156510312e-01 5.480126916854996533e-02
1.242749999999992951e+02 6.057427553718839341e-01 5.499716701118020218e-02
1.244250000000234735e+02 6.039279226750733365e-01 5.501949471339438735e-02
1.245749999999764839e+02 6.029323142898220800e-01 5.518034330515108471e-02
1.247250000000010317e+02 6.027912744529462241e-01 5.449327141029217114e-02
1.248750000000000000e+02 6.011083356178960058e-01 5.462164812482530468e-02
1.250249999999987551e+02 5.988864785927695555e-01 5.527041377538231132e-02
1.251750000000236156e+02 5.984003037756767673e-01 5.422792680624596157e-02
1.253249999999763702e+02 5.976484766644224456e-01 5.519667025781028330e-02
1.254750000000015859e+02 5.969896171751352121e-01 5.465443527403466423e-02
1.256250000000000000e+02 5.957414339038655804e-01 5.424312086337289285e-02
1.257749999999982009e+02 5.944007775498677537e-01 5.368819306039759875e-02
1.259250000000237577e+02 5.934895843851634156e-01 5.417219273123884821e-02
1.260749999999762281e+02 5.922405480277882495e-01 5.418784330460674897e-02
1.262250000000021259e+02 5.916677194807240525e-01 5.441233225203887663e-02
1.263750000000000000e+02 5.895300422340628010e-01 5.386032027073819201e-02
1.265249999999976609e+02 5.874411499788521063e-01 5.378907699870721232e-02
1.266750000000238856e+02 5.641277560760732390e-01 5.229269174759673677e-02
1.268249999999760860e+02 5.477003942373457335e-01 5.092219832138759894e-02
1.269750000000026660e+02 5.358298624672526156e-01 5.124596301824273920e-02
1.271250000000000000e+02 5.273623409050577360e-01 5.172952530234804780e-02
1.272749999999971209e+02 5.185187105091291215e-01 5.014796720870900310e-02
1.274250000000240277e+02 5.115392455768237312e-01 5.054234693874241208e-02
1.275749999999759439e+02 5.042180086463360356e-01 4.919525821742164184e-02
1.277250000000031918e+02 4.971172092355459204e-01 4.904943951887866943e-02
1.278750000000000000e+02 4.918802486096999216e-01 4.854098352117259402e-02
1.280249999999965951e+02 4.855032840275709805e-01 4.803668403817349525e-02
1.281750000000241414e+02 4.800254042973265411e-01 4.808272114737948549e-02
1.283249999999758018e+02 4.736213668509302033e-01 4.809143767943372533e-02
1.284750000000037176e+02 4.680948085468773501e-01 4.751234109268397815e-02
1.286250000000000000e+02 4.629412874993737992e-01 4.701296812796036673e-02
1.287749999999960835e+02 4.587998839898740355e-01 4.693196031301495597e-02
1.289250000000242835e+02 4.536623437724559005e-01 4.705197706296451038e-02
1.290749999999756881e+02 4.486750418710180321e-01 4.561903575509163727e-02
1.292250000000042292e+02 4.445845620458757086e-01 4.619321260644838889e-02
1.293750000000000000e+02 4.396553015683363208e-01 4.604192597267733195e-02
1.295249999999955719e+02 4.357904964650685664e-01 4.540090495651195879e-02
1.296750000000243972e+02 4.313224439679012590e-01 4.538101579596697660e-02
1.298249999999755460e+02 4.266274828552378273e-01 4.529322484341612859e-02
1.299750000000047692e+02 4.232418003577722576e-01 4.464129802426974880e-02
1.301250000000000000e+02 4.187370060565580032e-01 4.474953397831839957e-02
1.302749999999950319e+02 4.152451736101971380e-01 4.452943032409835411e-02
1.304250000000245393e+02 4.117883606435982502e-01 4.523937348695602351e-02
1.305749999999754323e+02 4.077209307295714957e-01 4.389143350629304274e-02
1.307250000000052523e+02 4.035282064907995681e-01 4.363721951237910235e-02
1.308750000000000000e+02 3.999338985951920722e-01 4.419218924716073610e-02
1.310249999999945487e+02 3.962542758086622929e-01 4.326359740997548498e-02
1.311750000000246530e+02 3.933741733314957689e-01 4.343226809108750863e-02
1.313249999999753186e+02 3.894165762830565369e-01 4.279138991216126231e-02
1.314750000000057639e+02 3.857027439094332655e-01 4.246847027530144258e-02
1.316250000000000000e+02 3.820231626744900466e-01 4.243516705439272924e-02
1.317749999999940655e+02 3.788103413535211517e-01 4.257222860426124189e-02
1.319250000000247951e+02 3.763004328935204423e-01 4.181614666160055060e-02
1.320749999999751765e+02 3.721857733728936024e-01 4.189491856900664363e-02
1.322250000000062471e+02 3.689303968028745384e-01 4.191379797021355103e-02
1.323750000000000000e+02 3.666329943173738948e-01 4.172517757895705115e-02
1.325249999999935540e+02 3.633760948488822251e-01 4.164515107826004953e-02
1.326750000000249088e+02 3.598641024026517088e-01 4.076583281107060835e-02
1.328249999999750628e+02 3.563974261458747739e-01 4.080435018512329481e-02
1.329750000000067303e+02 3.534514297536234251e-01 4.049596045328373445e-02
1.331250000000000000e+02 3.506622154003096181e-01 3.998636077760971824e-02
1.332749999999930424e+02 3.468865258547100261e-01 4.020789500727475763e-02
1.334250000000250225e+02 3.445217510035083475e-01 3.986099825957768045e-02
1.335749999999749491e+02 3.412889321266270870e-01 3.995602579732089599e-02
1.337250000000072134e+02 3.388299845560594492e-01 3.952004509160818996e-02
1.338750000000000000e+02 3.353229819242535270e-01 3.965079421863181020e-02
1.340249999999925876e+02 3.321009952009841282e-01 3.891352176143348524e-02
1.341750000000251362e+02 3.299678716062234285e-01 3.867475367907596134e-02
1.343249999999748354e+02 3.269148816729069429e-01 3.873689402433105194e-02
1.344750000000077250e+02 3.242538471939983014e-01 3.881311257724735786e-02
1.346250000000000000e+02 3.212018881032527862e-01 3.877177588027728300e-02
1.347749999999921044e+02 3.187947139032472621e-01 3.841455100573335640e-02
1.349250000000252783e+02 3.165769025190214303e-01 3.794133348361105468e-02
1.350749999999746933e+02 3.136218119904660151e-01 3.820023404751057838e-02
1.352250000000081798e+02 3.111204304299504120e-01 3.769428948373888116e-02
1.353750000000000000e+02 3.077660995399050248e-01 3.767564003518072274e-02
1.355249999999916213e+02 3.051464120359077548e-01 3.727082102738196040e-02
1.356750000000253920e+02 3.024333763843044531e-01 3.708715392743307249e-02
1.358249999999746080e+02 3.004824873899377691e-01 3.720801147055751573e-02
1.359750000000086345e+02 2.970469881498006282e-01 3.664682930498488339e-02
1.361250000000000000e+02 2.955246730915927489e-01 3.676462732417483392e-02
1.362749999999911665e+02 2.916478779032716795e-01 3.628012779772207819e-02
1.364250000000255056e+02 2.897132811239103711e-01 3.621905862703564405e-02
1.365749999999744659e+02 2.877166619777397627e-01 3.564554482223813991e-02
1.367250000000091177e+02 2.850274934590407150e-01 3.610143334070583382e-02
1.368750000000000000e+02 2.822721226027692931e-01 3.584046516273189237e-02
1.370249999999907118e+02 2.800172737689151647e-01 3.546831744277809811e-02
1.371750000000256193e+02 2.778122606923202342e-01 3.567837937189989594e-02
1.373249999999743522e+02 2.751012625774137965e-01 3.518193320612322816e-02
1.374750000000095724e+02 2.729777497471605474e-01 3.537094855605085048e-02
1.376250000000000000e+02 2.697741789782940325e-01 3.475415248829244463e-02
1.377749999999902286e+02 2.674977655233372609e-01 3.463190619740948856e-02
1.379250000000257330e+02 2.657863795102671789e-01 3.448629970861397803e-02
1.380749999999742386e+02 2.632388276804422667e-01 3.427938698270091566e-02
1.382250000000100272e+02 2.606499680297102439e-01 3.487391763607106121e-02
1.383750000000000000e+02 2.585536608506676104e-01 3.410641812502467063e-02
1.385249999999898023e+02 2.557159401047093272e-01 3.373525241805035157e-02
1.386750000000258467e+02 2.541226432930433488e-01 3.347630214450509484e-02
1.388249999999741249e+02 2.507140427852146969e-01 3.351753730323144692e-02
1.389750000000104535e+02 2.494611007443957862e-01 3.309864694188937445e-02
1.391250000000000000e+02 2.468970663335396665e-01 3.337310025004799202e-02
1.392749999999893475e+02 2.448932020624105532e-01 3.274843110453068418e-02
1.394250000000259604e+02 2.426466033972499992e-01 3.291435425882206778e-02
1.395749999999740112e+02 2.402841452085845431e-01 3.259794360931105028e-02
1.397250000000109367e+02 2.381588799894953368e-01 3.254134183541271264e-02
1.398750000000000000e+02 2.357820356671314899e-01 3.250345198947518499e-02
1.400249999999889212e+02 2.344548328589183550e-01 3.233352053044277058e-02
1.401750000000260741e+02 2.316736124514063577e-01 3.208519518963058592e-02
1.403249999999738975e+02 2.295944098259419253e-01 3.194352446122753625e-02
1.404750000000113346e+02 2.267334878034503454e-01 3.191451931416280918e-02
1.406250000000000000e+02 2.252615852896872051e-01 3.147457197586418787e-02
1.407749999999884665e+02 2.231324595313627923e-01 3.131435458352807566e-02
1.409250000000261593e+02 2.215506672243892916e-01 3.117964005189029914e-02
1.410749999999738122e+02 2.192566992068216980e-01 3.113422101496950839e-02
1.412250000000117893e+02 2.173294445963784016e-01 3.085799950951781737e-02
1.413750000000000000e+02 2.154631879289101437e-01 3.085408065174210027e-02
1.415249999999880401e+02 2.134090254190827429e-01 3.075421812420895198e-02
1.416750000000263014e+02 2.112150249384977252e-01 3.023185739475898678e-02
1.418249999999736986e+02 2.088563686230700545e-01 3.035059605817615885e-02
1.419750000000122441e+02 2.067448624700979620e-01 3.021311727964292801e-02
1.421250000000000000e+02 2.046276415775059865e-01 2.962635009492164614e-02
1.422749999999876138e+02 2.031810945698444837e-01 2.988060221947843806e-02
1.424250000000264151e+02 2.012062473826692621e-01 2.946711202192946882e-02
1.425749999999735849e+02 1.991883842113887360e-01 2.942656521472935063e-02
1.427250000000126420e+02 1.972390595037957772e-01 2.885110394197877223e-02
1.428750000000000000e+02 1.955406276137830746e-01 2.914140636072980878e-02
1.430249999999871875e+02 1.931645846027505442e-01 2.878332834551436403e-02
1.431750000000265004e+02 1.915999750533583512e-01 2.913340487390947767e-02
1.433249999999734712e+02 1.898377859334617612e-01 2.880966546757793983e-02
1.434750000000130683e+02 1.876140314805436193e-01 2.842251865144824335e-02
1.436250000000000000e+02 1.858789418016026096e-01 2.835568477101656562e-02
1.437749999999867612e+02 1.840377417768641055e-01 2.796124525866783977e-02
1.439250000000266141e+02 1.820304959841632653e-01 2.782007144274546012e-02
1.440749999999733575e+02 1.802638849123914255e-01 2.785379865395989224e-02
1.442250000000134946e+02 1.786351781280335060e-01 2.783035776933500544e-02
1.443750000000000000e+02 1.765222551964003017e-01 2.776348944698747365e-02
1.445249999999863348e+02 1.744032804599714714e-01 2.732006253807545831e-02
1.446750000000266994e+02 1.733726643887545105e-01 2.712322411501106451e-02
1.448249999999732722e+02 1.710508488308468689e-01 2.714668763602691784e-02
1.449750000000139210e+02 1.696460392083039004e-01 2.708337713848112116e-02
1.451250000000000000e+02 1.672224326259531269e-01 2.633617813240166430e-02
1.452749999999859369e+02 1.656051180840107107e-01 2.656975091938483177e-02
1.454250000000268130e+02 1.643243770709867380e-01 2.659074550464355854e-02
1.455749999999731870e+02 1.622090756251519938e-01 2.631132338051996380e-02
1.457250000000142904e+02 1.604289547078574518e-01 2.623711232116378300e-02
1.458750000000000000e+02 1.587046312941872428e-01 2.589957570131046910e-02
1.460249999999855390e+02 1.568202838613584338e-01 2.575185604711160287e-02
1.461750000000269267e+02 1.550098931805619362e-01 2.544153121285077160e-02
1.463249999999730733e+02 1.535584568425179819e-01 2.555987431673356625e-02
1.464750000000146883e+02 1.520456258543827766e-01 2.565155594034094697e-02
1.466250000000000000e+02 1.495777973312838460e-01 2.503105167778301235e-02
1.467749999999851411e+02 1.479993260159949975e-01 2.505605015523263562e-02
1.469250000000270120e+02 1.464292113341931212e-01 2.496695328685587939e-02
1.470749999999729596e+02 1.444768158519317558e-01 2.446996449890330091e-02
1.472250000000150862e+02 1.430548032769745070e-01 2.433232532220212449e-02
1.473750000000000000e+02 1.415657401508187696e-01 2.466195586975408402e-02
1.475249999999847432e+02 1.397218133080961044e-01 2.419446598227261921e-02
1.476750000000270973e+02 1.380880623994612810e-01 2.408210912583356664e-02
1.478249999999728743e+02 1.359729024734216141e-01 2.392622954376137298e-02
1.479750000000154841e+02 1.344320667267633329e-01 2.344521568846221621e-02
1.481250000000000000e+02 1.325756754331702814e-01 2.370132284613146040e-02
1.482749999999843453e+02 1.307870500098170519e-01 2.340308341203286430e-02
1.484250000000272109e+02 1.295614544693997616e-01 2.348724667166764146e-02
1.485749999999727606e+02 1.277689074714960793e-01 2.338139938555858569e-02
1.487250000000158821e+02 1.261794548113431558e-01 2.283858158157637055e-02
1.488750000000000000e+02 1.246485130351468185e-01 2.271672770320281795e-02
1.490249999999839474e+02 1.227106896418223986e-01 2.263098298120763685e-02
1.491750000000273246e+02 1.215499388845692891e-01 2.246801807516074154e-02
1.493249999999726754e+02 1.195559823646330511e-01 2.243922261087566081e-02
1.494750000000162800e+02 1.176375133456008942e-01 2.209520796867587081e-02
1.496250000000000000e+02 1.166273271281804969e-01 2.208586750659691580e-02
1.497749999999835779e+02 1.149267234236420743e-01 2.181721593592598346e-02
1.499250000000274099e+02 1.130039708208440130e-01 2.147701964377636899e-02
1.500749999999725617e+02 1.113422186601388253e-01 2.180838477857334479e-02
1.502250000000166494e+02 1.100691351564751369e-01 2.144398815579979037e-02
1.503750000000000000e+02 1.079588562103941246e-01 2.114445949899343771e-02
1.505249999999831800e+02 1.067751955874109426e-01 2.099266107701539680e-02
1.506750000000274952e+02 1.052284643721999174e-01 2.106391063420005177e-02
1.508249999999724764e+02 1.036614722814602346e-01 2.059196856968938463e-02
1.509750000000170473e+02 1.017903456866398187e-01 2.039648577498307316e-02
1.511250000000000000e+02 1.006470368260710402e-01 2.025043845240838414e-02
1.512749999999828106e+02 9.887983695042150412e-02 2.044992666990894797e-02
1.514250000000275804e+02 9.759847083868054829e-02 2.003533206393627239e-02
1.515749999999723912e+02 9.603558671356526855e-02 1.979853836009272047e-02
1.517250000000174168e+02 9.430470030875839904e-02 1.955669552699107819e-02
1.518750000000000000e+02 9.293480661908858076e-02 1.924669551391729877e-02
1.520249999999824411e+02 9.112026323526928318e-02 1.910111631943486182e-02
1.521750000000276941e+02 8.939892729969213525e-02 1.891608693776426417e-02
1.523249999999722775e+02 8.806143169816020577e-02 1.904172366420542328e-02
1.524750000000177863e+02 8.668781805971893795e-02 1.870971266521662471e-02
1.526250000000000000e+02 8.508339978050000196e-02 1.867101889577508708e-02
1.527749999999820716e+02 8.386598726674519833e-02 1.859850010651480784e-02
1.529250000000277794e+02 8.239202240517987108e-02 1.816942042292550227e-02
1.530749999999721922e+02 8.074520343357399765e-02 1.808741934954560121e-02
1.532250000000181558e+02 7.900849063123792371e-02 1.787441626832396088e-02
1.533750000000000000e+02 7.779112675918070652e-02 1.778021873745514250e-02
1.535249999999817021e+02 7.632435424908065591e-02 1.767919203451123744e-02
1.536750000000278646e+02 7.468866055720511932e-02 1.745558948353483769e-02
1.538249999999721069e+02 7.346272589570058964e-02 1.716094013946676405e-02
1.539750000000185253e+02 7.159665099250706044e-02 1.700169451346510499e-02
1.541250000000000000e+02 7.019177868636215789e-02 1.693042052882083592e-02
1.542749999999813326e+02 6.906098010689033784e-02 1.667796545506386799e-02
1.544250000000279783e+02 6.779317596219931741e-02 1.638235936364358311e-02
1.545749999999720217e+02 6.601791903824352770e-02 1.629024184935333810e-02
1.547250000000188948e+02 6.462755909864231763e-02 1.612364157853821492e-02
1.548750000000000000e+02 6.320823668994955680e-02 1.584094306265393728e-02
1.550249999999809631e+02 6.180747342922369297e-02 1.578875214052457426e-02
1.551750000000280636e+02 6.014005523849372953e-02 1.558070460611926319e-02
1.553249999999719080e+02 5.880363702670430431e-02 1.524261803041732435e-02
1.554750000000192358e+02 5.783930542419739307e-02 1.520473665465347200e-02
1.556250000000000000e+02 5.631987407114340954e-02 1.502327890296815439e-02
1.557749999999806221e+02 5.487882286491500144e-02 1.476858365413719239e-02
1.559250000000281489e+02 5.338249656862254638e-02 1.434863625009154611e-02
1.560749999999718511e+02 5.228411617110038934e-02 1.439949208170927114e-02
1.562250000000196053e+02 5.072837870109389580e-02 1.418295164551681108e-02
1.563750000000000000e+02 4.937298273545922406e-02 1.386086037781292420e-02
1.565249999999802810e+02 4.794870623035608903e-02 1.387331722359426422e-02
1.566750000000282341e+02 4.658532789970183663e-02 1.348979357245666359e-02
1.568249999999717659e+02 4.511033095072314314e-02 1.350274771924192714e-02
1.569750000000199748e+02 4.394286681067086781e-02 1.316551604518180138e-02
1.571250000000000000e+02 4.218318681059841924e-02 1.285530971536024900e-02
1.572749999999799115e+02 4.116301627298030175e-02 1.276359768031317017e-02
1.574250000000283194e+02 3.992559176835638879e-02 1.254507444289943915e-02
1.575749999999716522e+02 3.844081936463652344e-02 1.219034800559654248e-02
1.577250000000202874e+02 3.713461329981420506e-02 1.205131932675875678e-02
1.578750000000000000e+02 3.573294939614858612e-02 1.179682126358198163e-02
1.580249999999795705e+02 3.457816614263029692e-02 1.162484520849333194e-02
1.581750000000284047e+02 3.298925563222348395e-02 1.128349335213267406e-02
1.583249999999715669e+02 3.172174844685648337e-02 1.115832204832132094e-02
1.584750000000206569e+02 3.028093694584052531e-02 1.089726253323033446e-02
1.586250000000000000e+02 2.899699063385391060e-02 1.070508029094591022e-02
1.587749999999792294e+02 2.780691697684518904e-02 1.027122513542496132e-02
1.589250000000284899e+02 2.642252657986673275e-02 1.012465395580649206e-02
1.590749999999715101e+02 2.529046695868810216e-02 9.853188869824206289e-03
1.592250000000209980e+02 2.385578998506709611e-02 9.604929797183206497e-03
1.593750000000000000e+02 2.264703420820692037e-02 9.449325937105639353e-03
1.595249999999788884e+02 2.142597315655836790e-02 9.160620664821685077e-03
1.596750000000285752e+02 2.012257327535658252e-02 8.818008694117132271e-03
1.598249999999713964e+02 1.858015074060268695e-02 8.438319042456590008e-03
1.599750000000213390e+02 1.743234555854651646e-02 8.253234101510636619e-03
1.601250000000000000e+02 1.619640766394749715e-02 8.042017814959473432e-03
1.602749999999785473e+02 1.498160724740337651e-02 7.522781761481983458e-03
1.604250000000286605e+02 1.366603476462136500e-02 7.229573432695529135e-03
1.605749999999713395e+02 1.257016682584363547e-02 7.005933370840271464e-03
1.607250000000216517e+02 1.125069689923835839e-02 6.555594224288589095e-03
1.608750000000000000e+02 9.856718537678240896e-03 6.185458233425944821e-03
1.610249999999782062e+02 8.673779637064112785e-03 5.801381878893701292e-03
1.611750000000287457e+02 7.408417291430860821e-03 5.308557034442000673e-03
1.613249999999712543e+02 6.317228525747707775e-03 4.941650515043467633e-03
1.614750000000219927e+02 5.039668237310101009e-03 4.383810067394360195e-03
1.616250000000000000e+02 3.728312289027518617e-03 3.814681330096463072e-03
1.617749999999778652e+02 2.509139024622495957e-03 3.113225084357738523e-03
1.619250000000288310e+02 1.319008401098689621e-03 2.263350585752718375e-03
1.620749999999711406e+02 2.101945005596965303e-04 9.050929366447559238e-04
