# Radius RDF_mean RDF_std
7.500000000000896228e-02 1.575151036064683012e+03 4.167009498774652343e+01
2.249999999999577616e-01 6.409588267536278638e-02 4.424910106372333396e-01
3.750000000000000000e-01 6.044957486659031237e-02 3.316595616450127015e-01
5.249999999999700462e-01 6.600000676711359482e-02 2.937703242436554008e-01
6.750000000001169509e-01 6.580021122172222126e-02 2.573654075422430743e-01
8.249999999998777200e-01 7.018912816933399468e-02 2.411686665804304297e-01
9.750000000001839418e-01 7.207705568276784325e-02 2.255078063181416015e-01
1.125000000000000000e+00 7.943430702745560290e-02 2.196377085605434876e-01
1.274999999999773648e+00 7.878954447752443968e-02 2.063613332050912574e-01
1.424999999999764455e+00 8.335773918386996106e-02 1.998021675723212764e-01
1.575000000000282396e+00 9.115563186425701403e-02 1.982992343984213979e-01
1.725000000000170397e+00 9.398190056355050503e-02 1.947967911019573284e-01
1.875000000000000000e+00 1.031560338738514160e-01 1.928132843185406953e-01
2.025000000000070521e+00 1.202668916040624814e-01 2.024568095839425763e-01
2.174999999999594813e+00 1.264922733749529737e-01 1.995581080536703855e-01
2.325000000000426059e+00 1.445443570534663547e-01 2.081503930335018848e-01
2.474999999999678124e+00 1.628639024785555334e-01 2.124253003027966047e-01
2.625000000000000000e+00 1.876255474925291322e-01 2.255701568632058618e-01
2.775000000000444444e+00 2.181762630819991666e-01 2.310919414640826564e-01
2.924999999999512212e+00 2.539848665435163189e-01 2.444519177649441266e-01
3.075000000000499334e+00 3.052348417178479822e-01 2.611567163193458940e-01
3.224999999999414779e+00 3.534183423882940600e-01 2.727766815611927242e-01
3.375000000000000000e+00 4.206925291883110707e-01 2.933489519357834752e-01
3.525000000000659384e+00 5.017546294380624827e-01 3.094923403564592279e-01
3.674999999999857714e+00 6.154624561440873443e-01 3.371275342909009765e-01
3.825000000000022382e+00 7.510168084098447494e-01 3.586196242818008861e-01
3.974999999999250466e+00 9.092688504049660780e-01 3.921019122300605786e-01
4.125000000000000000e+00 1.047715235819216550e+00 4.111552679964493029e-01
4.275000000000798828e+00 1.090889535870440463e+00 4.079185373336561282e-01
4.425000000000374634e+00 1.041678201941171000e+00 3.965174876948749927e-01
4.574999999999541878e+00 9.521818663963609319e-01 3.726199033188014598e-01
4.724999999999138112e+00 8.577571985934809851e-01 3.483625900443877987e-01
4.875000000000000000e+00 7.706322341227529460e-01 3.275674937946428944e-01
5.025000000000897415e+00 7.198247392859532523e-01 3.081279246243470160e-01
5.175000000000743228e+00 6.735360955878307854e-01 2.969937649156725867e-01
5.324999999999196376e+00 6.603803028406138864e-01 2.878065234948050666e-01
5.474999999999057287e+00 6.408051844954603116e-01 2.818230105786213580e-01
5.625000000000000000e+00 6.575535479985550324e-01 2.818816624266273774e-01
5.775000000000969358e+00 6.760556801382283654e-01 2.821385702155920217e-01
5.925000000001017675e+00 7.197949574103467141e-01 2.888941194935419898e-01
6.074999999998936140e+00 7.614624233970028744e-01 2.919565576408568175e-01
6.224999999998995115e+00 8.236953465901607485e-01 3.010127921689504937e-01
6.375000000000000000e+00 8.955651728915642318e-01 3.089576975929440028e-01
6.525000000001025313e+00 9.819893580601045668e-01 3.168313528778407551e-01
6.675000000001229949e+00 1.094800871164051559e+00 3.366511193172602723e-01
6.824999999998733635e+00 1.208964431786950344e+00 3.445366211867796347e-01
6.974999999999387690e+00 1.295961989718181773e+00 3.527175340136909920e-01
7.125000000000000000e+00 1.339765880414583554e+00 3.539387737576535908e-01
7.275000000000346745e+00 1.336660009029262186e+00 3.506993139619933864e-01
7.425000000001398703e+00 1.301481295511279335e+00 3.373942893749146132e-01
7.574999999998571099e+00 1.239249384019450728e+00 3.325174628516531228e-01
7.725000000000012079e+00 1.180326025775364940e+00 3.184583043640032418e-01
7.875000000000000000e+00 1.122102778456109284e+00 3.086435224940199396e-01
8.024999999999771205e+00 1.074221132049382188e+00 2.960840943761584021e-01
8.175000000001539036e+00 1.039456449365195212e+00 2.913180537875189602e-01
8.324999999998437872e+00 1.019957269427621105e+00 2.885533334538822881e-01
8.475000000000525446e+00 1.002363102330130262e+00 2.839359435312738267e-01
8.625000000000000000e+00 9.876074601785175266e-01 2.783685299620168863e-01
8.774999999999291589e+00 9.777183413113081922e-01 2.727219569009363132e-01
8.925000000001652722e+00 9.682798995323904645e-01 2.735141988190083473e-01
9.074999999998325961e+00 9.626515737843122089e-01 2.656044184253801288e-01
9.225000000000957101e+00 9.529474098719064035e-01 2.674575156935184439e-01
9.375000000000000000e+00 9.569874948403894743e-01 2.651319714722274457e-01
9.524999999998890132e+00 9.543956417327407182e-01 2.599043748664990328e-01
9.675000000001750422e+00 9.680541087781046050e-01 2.569541307059457491e-01
9.824999999998231814e+00 9.838805464923652266e-01 2.588588842752819752e-01
9.975000000001321254e+00 1.007779951832136645e+00 2.638425464780451146e-01
1.012500000000000000e+01 1.034731050478161718e+00 2.618405806233350952e-01
1.027499999999854730e+01 1.045567016464196364e+00 2.628100496889871351e-01
1.042500000000183391e+01 1.051919116215047634e+00 2.603271986195183074e-01
1.057499999999815010e+01 1.044990387465919657e+00 2.589730313318106547e-01
1.072500000000163745e+01 1.039625208847061888e+00 2.546377506596894102e-01
1.087500000000000000e+01 1.045998057454023522e+00 2.579451946859490086e-01
1.102499999999824887e+01 1.036742594415016816e+00 2.535092247065106608e-01
1.117500000000190674e+01 1.046464206336164215e+00 2.543574942576147246e-01
1.132499999999808082e+01 1.051714427477836722e+00 2.507602736615307526e-01
1.147500000000190923e+01 1.050734196494779837e+00 2.468956776604086800e-01
1.162500000000000000e+01 1.053446063208356875e+00 2.482912372973799797e-01
1.177499999999798952e+01 1.054387118465460071e+00 2.467511620973170949e-01
1.192500000000196891e+01 1.053051424729787078e+00 2.456903439790318056e-01
1.207499999999801865e+01 1.051196850432922547e+00 2.423129841202248946e-01
1.222500000000215081e+01 1.040092211681658663e+00 2.382757224120465589e-01
1.237500000000000000e+01 1.035153545776613671e+00 2.351190406839831215e-01
1.252499999999776215e+01 1.021117473864941116e+00 2.350080771942039404e-01
1.267500000000202398e+01 1.019831439133971562e+00 2.306728138535554529e-01
1.282499999999796536e+01 1.011945476251915776e+00 2.309698844392429895e-01
1.297500000000236220e+01 1.001249263427476777e+00 2.271673389305585433e-01
1.312500000000000000e+01 9.958747988702264520e-01 2.226650628685515609e-01
1.327499999999756142e+01 9.921659967333263941e-01 2.219359385689771147e-01
1.342500000000173088e+01 9.899352041675589797e-01 2.235386761198243921e-01
1.357499999999841833e+01 9.909240293700302127e-01 2.245023293473208392e-01
1.372500000000255049e+01 9.890091474455076082e-01 2.190804765774515828e-01
1.387500000000000000e+01 9.950653943728055006e-01 2.202106363654953713e-01
1.402499999999738023e+01 9.936981708533431101e-01 2.153134418100855763e-01
1.417500000000102034e+01 9.992026090403535177e-01 2.181313792484695924e-01
1.432499999999911111e+01 9.992772806605785263e-01 2.178458331733939546e-01
1.447500000000271925e+01 1.007905298062446331e+00 2.150482512941349900e-01
1.462500000000000000e+01 1.004821709719645018e+00 2.168868370952055091e-01
1.477499999999721680e+01 1.004389421884562594e+00 2.129537999979885243e-01
1.492500000000038618e+01 1.010643883916611419e+00 2.115654858782232139e-01
1.507499999999973639e+01 1.010685843948094353e+00 2.112775120133797979e-01
1.522500000000287201e+01 1.005102172851759956e+00 2.090349840699326778e-01
1.537500000000000000e+01 1.010204960465131752e+00 2.093441471571951817e-01
1.552499999999706937e+01 1.008288334185766688e+00 2.094986036894607717e-01
1.567499999999980886e+01 1.004243511149413681e+00 2.053443163604161403e-01
1.582500000000029772e+01 1.009982489633104441e+00 2.066995354071994584e-01
1.597500000000300879e+01 1.007809407655555933e+00 2.079039794309635314e-01
1.612500000000000000e+01 1.005063799962317095e+00 2.039260949905419840e-01
1.627499999999693969e+01 1.008956625344856750e+00 2.073725761747263752e-01
1.642499999999928662e+01 1.007563654836269196e+00 2.007209768452358767e-01
1.657500000000081286e+01 1.008204486582314319e+00 2.036736061135305809e-01
1.672500000000313847e+01 1.003159036400103954e+00 2.011812287430349566e-01
1.687500000000000000e+01 1.004357072706755449e+00 1.982702068188453293e-01
1.702499999999681535e+01 1.005988924449942479e+00 1.993180597966813794e-01
1.717499999999880700e+01 1.001904953601220782e+00 2.022111272307212104e-01
1.732500000000128182e+01 1.000887369269451321e+00 1.972632680205048117e-01
1.747500000000325215e+01 9.992947118327709655e-01 1.978706989617747825e-01
1.762500000000000000e+01 9.977488178322877488e-01 1.961311943194408158e-01
1.777499999999670521e+01 9.969876715325052263e-01 1.954692656416633090e-01
1.792499999999837357e+01 9.946214395288694998e-01 1.956454810037621672e-01
1.807500000000171170e+01 9.997158122769347344e-01 1.947540726334243966e-01
1.822500000000335874e+01 9.991721285035225497e-01 1.912522528805356281e-01
1.837500000000000000e+01 9.983499985173935887e-01 1.899993185772468063e-01
1.852499999999660218e+01 1.003669657145530580e+00 1.916240693232881820e-01
1.867499999999797211e+01 1.002110444463264693e+00 1.903005104717431228e-01
1.882500000000210960e+01 1.000915992849259917e+00 1.902105519711568826e-01
1.897500000000345466e+01 1.001235575112056075e+00 1.913336226522527606e-01
1.912500000000000000e+01 1.003677792607656549e+00 1.873239199315854808e-01
1.927499999999650626e+01 1.002659597143639170e+00 1.871747836803716314e-01
1.942499999999759908e+01 1.005297515145336495e+00 1.891008951374731073e-01
1.957500000000247198e+01 1.002794089643095798e+00 1.867272801335272403e-01
1.972500000000354348e+01 1.005123958003792506e+00 1.841302084926874083e-01
1.987500000000000000e+01 1.001568432502477402e+00 1.847866654933118524e-01
2.002499999999642100e+01 1.004546511726474023e+00 1.832097682200754529e-01
2.017499999999725446e+01 1.005118961904407415e+00 1.844261132879939646e-01
2.032500000000281304e+01 1.003218238827427111e+00 1.814439282204863835e-01
2.047500000000362874e+01 1.005430294813655756e+00 1.813622374784957525e-01
2.062500000000000000e+01 1.005719011577147715e+00 1.797743345721367902e-01
2.077499999999633928e+01 1.005143016999063832e+00 1.804696246129356141e-01
2.092499999999693472e+01 1.005242715275936449e+00 1.777771305439317939e-01
2.107500000000312212e+01 1.004775688059279970e+00 1.787496245214763024e-01
2.122500000000370690e+01 1.006780490118497795e+00 1.785501477565416550e-01
2.137500000000000000e+01 1.004358470348914567e+00 1.788300349203518769e-01
2.152499999999626468e+01 1.003018615855177487e+00 1.746950418294742624e-01
2.167499999999663984e+01 1.001240366937220072e+00 1.775719397354593443e-01
2.182500000000341700e+01 1.003119079881192421e+00 1.755143507781597167e-01
2.197500000000377796e+01 9.996918075296442607e-01 1.734946665004637734e-01
2.212500000000000000e+01 9.989927477031593783e-01 1.745437780672874362e-01
2.227499999999619718e+01 9.993270709066285340e-01 1.745383684251902157e-01
2.242499999999636273e+01 9.998295889305215400e-01 1.711428401119077236e-01
2.257500000000369056e+01 1.003075550741168831e+00 1.752646255721636293e-01
2.272500000000384546e+01 9.997167432300124723e-01 1.716433527815661719e-01
2.287500000000000000e+01 9.991294605434616338e-01 1.700395940637353387e-01
2.302499999999612967e+01 9.971191107521450991e-01 1.718966966803376628e-01
2.317499999999610338e+01 9.994634843653121825e-01 1.706568176330441888e-01
2.332500000000394635e+01 9.971349055064029354e-01 1.697491391772961156e-01
2.347500000000390941e+01 9.996887219711459993e-01 1.709222211842212624e-01
2.362500000000000000e+01 1.003277995064561834e+00 1.666780204958559775e-01
2.377499999999606928e+01 9.990858289275893478e-01 1.692162881738070723e-01
2.392499999999586180e+01 1.001017082774426692e+00 1.672373893203984441e-01
2.407500000000418439e+01 1.000821778645721638e+00 1.679440940469642818e-01
2.422500000000396625e+01 1.002983145028474743e+00 1.665430725751279595e-01
2.437500000000000000e+01 1.002168342726593275e+00 1.660996111837110545e-01
2.452499999999600888e+01 1.002056664617106296e+00 1.646929512296472775e-01
2.467499999999563087e+01 1.003175922954094634e+00 1.656607164298897206e-01
2.482500000000441176e+01 1.002459502937464553e+00 1.663421305166004893e-01
2.497500000000402309e+01 1.003616784954994401e+00 1.650204156082840656e-01
2.512500000000000000e+01 1.003707427952857500e+00 1.637458766652461206e-01
2.527499999999595559e+01 1.005226055894484105e+00 1.635474669886765320e-01
2.542499999999541771e+01 1.002735394016464721e+00 1.609868477207647419e-01
2.557500000000462137e+01 1.000413792097144761e+00 1.642111789822759960e-01
2.572500000000407638e+01 1.005026061850997188e+00 1.629830597060485109e-01
2.587500000000000000e+01 1.001191549337475895e+00 1.589457806304717391e-01
2.602499999999590585e+01 1.001314998471877216e+00 1.594408410652397856e-01
2.617499999999521521e+01 1.005546102720930257e+00 1.608726323604418862e-01
2.632500000000482032e+01 1.003243228896368633e+00 1.595581748457562676e-01
2.647500000000383480e+01 1.001701282390968784e+00 1.591812638239129551e-01
2.662500000000000000e+01 1.004423640790398142e+00 1.602901387695348789e-01
2.677499999999647073e+01 1.002749525218624038e+00 1.577810785654903958e-01
2.692499999999502691e+01 1.005136823551625147e+00 1.570529045812285307e-01
2.707500000000501217e+01 1.004301617863275320e+00 1.584365856924581095e-01
2.722500000000308873e+01 1.002836762085753675e+00 1.589990170152746629e-01
2.737500000000000000e+01 1.002326788832945903e+00 1.577625144914741318e-01
2.752499999999719549e+01 1.003510557732675501e+00 1.562123973399573429e-01
2.767499999999484928e+01 1.004830870481249638e+00 1.578754509898066538e-01
2.782500000000518625e+01 1.007666850670410064e+00 1.563302811923858726e-01
2.797500000000238529e+01 1.001743972535702909e+00 1.546158981923552722e-01
2.812500000000000000e+01 1.005200173292639665e+00 1.555786392913124372e-01
2.827499999999788827e+01 1.004630978107623696e+00 1.544815369632105417e-01
2.842499999999467164e+01 1.004545726674566986e+00 1.545016905149904085e-01
2.857500000000536033e+01 1.003033619428558509e+00 1.544489915836708971e-01
2.872500000000171028e+01 1.003132899384609589e+00 1.513019444187642115e-01
2.887500000000000000e+01 1.003243449614895644e+00 1.516920116470504565e-01
2.902499999999854552e+01 1.001770792941282684e+00 1.531267789639894905e-01
2.917499999999451177e+01 1.005153646402322742e+00 1.507756616370755087e-01
2.932500000000552021e+01 1.002746959203221877e+00 1.539626149960581503e-01
2.947500000000107434e+01 1.001961320248207610e+00 1.532079008506210815e-01
2.962500000000000000e+01 1.004419533723480251e+00 1.518802022556495213e-01
2.977499999999917080e+01 1.006160515003590161e+00 1.519613442701712169e-01
2.992499999999435900e+01 1.005890524363175720e+00 1.510121186658471559e-01
3.007500000000566942e+01 1.002204924035585254e+00 1.483721319911103509e-01
3.022500000000047393e+01 1.003677080912974029e+00 1.499508029945587073e-01
3.037500000000000000e+01 1.004468551082029260e+00 1.497990733197745727e-01
3.052499999999976410e+01 1.005659028816408895e+00 1.490217410454156566e-01
3.067499999999420623e+01 1.008637558999469608e+00 1.476454369212432116e-01
3.082500000000581508e+01 1.006985559784939976e+00 1.487438871952104502e-01
3.097499999999989839e+01 1.006578478595892889e+00 1.455686391527200585e-01
3.112500000000000000e+01 1.007976425868312154e+00 1.475871543958084120e-01
3.127500000000032898e+01 1.004095063840597213e+00 1.465705814463780510e-01
3.142499999999406768e+01 1.006487135213279371e+00 1.465507761877891113e-01
3.157500000000595364e+01 1.008352168015159256e+00 1.460382322018805579e-01
3.172499999999935127e+01 1.008407860777695175e+00 1.461856918862392829e-01
3.187500000000000000e+01 1.005457515118549194e+00 1.451811417383816194e-01
3.202500000000086544e+01 1.007306534038508561e+00 1.454665219284992372e-01
3.217499999999394333e+01 1.003064707465850969e+00 1.441508180091918556e-01
3.232500000000609219e+01 1.004798809541332272e+00 1.437661212963989021e-01
3.247499999999882903e+01 1.005901031053921368e+00 1.416487220880847664e-01
3.262500000000000000e+01 1.002664151133122239e+00 1.450708984034431992e-01
3.277500000000137703e+01 1.003875888628627644e+00 1.449548305351248401e-01
3.292499999999381544e+01 1.003648468958121986e+00 1.416689555315126248e-01
3.307500000000621299e+01 1.005669007101709811e+00 1.417714829312220481e-01
3.322499999999832454e+01 1.005968263727300638e+00 1.437850840857442525e-01
3.337500000000000000e+01 1.002764299585950258e+00 1.431742029484857903e-01
3.352500000000186731e+01 1.003048059020373861e+00 1.414407103613782024e-01
3.367499999999368754e+01 1.003705948968175221e+00 1.435763722112824159e-01
3.382500000000633378e+01 1.005542104660096525e+00 1.430618627423698719e-01
3.397499999999784848e+01 1.004558227590985675e+00 1.394559629939295664e-01
3.412500000000000000e+01 1.004933299410073255e+00 1.417082051061518411e-01
3.427500000000233626e+01 1.000939367040619921e+00 1.403705111342829492e-01
3.442499999999357385e+01 1.004326451715450874e+00 1.404310155815393923e-01
3.457500000000644746e+01 1.000447013281224429e+00 1.392402486572563158e-01
3.472499999999739373e+01 1.003774878707382134e+00 1.400459044635895822e-01
3.487500000000000000e+01 1.003492538157405800e+00 1.386235214919038505e-01
3.502500000000278391e+01 1.005247337833635290e+00 1.397433055188438411e-01
3.517499999999346016e+01 1.001641986004823792e+00 1.385876930723902722e-01
3.532500000000656115e+01 1.003879439294433240e+00 1.380470678223637560e-01
3.547499999999695319e+01 1.004678721387762597e+00 1.383153529196087805e-01
3.562500000000000000e+01 1.003060113677370246e+00 1.373653142777857827e-01
3.577500000000321734e+01 1.002861962112472360e+00 1.375056600570787879e-01
3.592499999999336069e+01 1.002907970803010640e+00 1.370268474772297074e-01
3.607500000000666773e+01 1.004915049069778021e+00 1.365481612787651788e-01
3.622499999999653397e+01 1.003881010270207597e+00 1.350976302311311106e-01
3.637500000000000000e+01 1.002545443706628570e+00 1.375056918267133499e-01
3.652500000000362235e+01 1.004412994725229380e+00 1.366466719955303777e-01
3.667499999999325411e+01 1.001223834949671376e+00 1.364163460292489027e-01
3.682500000000676721e+01 1.004475729929982464e+00 1.362858695620306482e-01
3.697499999999613607e+01 1.001726019259582712e+00 1.362236419786161667e-01
3.712500000000000000e+01 1.000340941649008109e+00 1.360134289285356568e-01
3.727500000000402736e+01 1.003269032931062954e+00 1.336009581359538512e-01
3.742499999999315463e+01 1.004383159774168144e+00 1.352547228077693453e-01
3.757500000000686668e+01 1.001894293529933977e+00 1.345602553653086342e-01
3.772499999999575238e+01 1.000219031040825879e+00 1.341062955309954563e-01
3.787500000000000000e+01 1.002057935068124905e+00 1.334469386655298684e-01
3.802500000000440394e+01 1.003066379446326817e+00 1.315939239489897217e-01
3.817499999999306226e+01 1.000969343418348867e+00 1.333428273222113936e-01
3.832500000000695906e+01 1.000512303009062798e+00 1.323055159692759775e-01
3.847499999999537579e+01 1.002525398590883521e+00 1.335166067601180895e-01
3.862500000000000000e+01 1.001964095825691903e+00 1.329099449039762570e-01
3.877500000000476632e+01 1.002857689756797566e+00 1.339169731489936177e-01
3.892499999999297700e+01 1.002023152686163820e+00 1.313639431646754785e-01
3.907500000000705143e+01 1.002533209463085218e+00 1.313157208234156659e-01
3.922499999999502052e+01 1.003125358036440318e+00 1.313680946240279590e-01
3.937500000000000000e+01 1.004053331270916560e+00 1.308470125422926122e-01
3.952500000000512159e+01 1.001233910007562677e+00 1.297854807409388744e-01
3.967499999999288463e+01 1.001477614680811978e+00 1.307234930768452763e-01
3.982500000000712959e+01 1.003493726345886961e+00 1.295284380754539444e-01
3.997499999999467946e+01 1.004031948558797849e+00 1.308770942185830399e-01
4.012500000000000000e+01 1.002392804789706382e+00 1.321817396690006252e-01
4.027500000000545555e+01 1.000548396198357004e+00 1.293987052077927302e-01
4.042499999999279936e+01 1.003252924617087150e+00 1.294038844637435126e-01
4.057500000000721485e+01 1.003690670386026218e+00 1.293325861702184221e-01
4.072499999999434550e+01 1.003437804032409675e+00 1.287288455638144757e-01
4.087500000000000000e+01 1.003787675367901810e+00 1.281309831573735347e-01
4.102500000000578240e+01 1.001833083313628636e+00 1.274065585223953245e-01
4.117499999999272120e+01 1.003733061312063635e+00 1.279710365381272474e-01
4.132500000000730012e+01 1.005075069994462833e+00 1.282502389842705981e-01
4.147499999999402576e+01 1.003533500565561232e+00 1.259342074958225144e-01
4.162500000000000000e+01 1.000971681127920565e+00 1.286738438468310874e-01
4.177500000000609504e+01 1.003254192553202584e+00 1.267385764110625646e-01
4.192499999999264304e+01 1.000919635004560604e+00 1.261946378965089210e-01
4.207500000000737828e+01 9.997662969816809575e-01 1.269598138682593025e-01
4.222499999999372022e+01 9.987660279691091825e-01 1.276011269756969213e-01
4.237500000000000000e+01 1.000181848585792954e+00 1.264142173490176435e-01
4.252500000000640057e+01 1.001264947787533499e+00 1.279262419379249283e-01
4.267499999999256488e+01 1.001964504550657553e+00 1.266753886231559434e-01
4.282500000000744933e+01 1.000162863056835771e+00 1.263784052608428188e-01
4.297499999999342180e+01 1.001190836435308817e+00 1.249369235844215997e-01
4.312500000000000000e+01 1.000308721575718929e+00 1.255994172938036946e-01
4.327500000000669900e+01 9.992742531740741452e-01 1.229080218853588063e-01
4.342499999999249383e+01 1.000091677541552704e+00 1.244644439098718247e-01
4.357500000000752038e+01 9.976017774600348664e-01 1.247111863600632309e-01
4.372499999999313758e+01 9.980238854480304456e-01 1.239833351643839510e-01
4.387500000000000000e+01 9.995378115470232583e-01 1.236368253482007934e-01
4.402500000000697611e+01 9.997396048894539033e-01 1.226725640027440667e-01
4.417499999999242277e+01 9.973104071180748376e-01 1.244386326515243280e-01
4.432500000000759144e+01 9.992568513861599389e-01 1.222365536940547281e-01
4.447499999999286047e+01 9.970522776075123605e-01 1.219412618820394922e-01
4.462500000000000000e+01 9.987159954023608899e-01 1.230030075547087626e-01
4.477500000000724611e+01 9.996640480119632910e-01 1.230252121264513582e-01
4.492499999999235882e+01 9.971029911887422381e-01 1.225932443054597726e-01
4.507500000000766249e+01 9.971097196961903331e-01 1.223176027148503570e-01
4.522499999999259757e+01 9.989107281217735057e-01 1.220439886068667296e-01
4.537500000000000000e+01 1.001267348049634354e+00 1.236245766204194796e-01
4.552500000000750902e+01 1.001886071896325170e+00 1.221996928418967315e-01
4.567499999999228777e+01 1.001039762483963758e+00 1.227142713213843911e-01
4.582500000000772644e+01 1.001421700317394858e+00 1.238286478945716390e-01
4.597499999999233466e+01 1.000068875222803744e+00 1.220124502902713987e-01
4.612500000000000000e+01 9.994851245054153788e-01 1.208869079061977436e-01
4.627500000000776481e+01 1.003436418883507875e+00 1.206710054440170293e-01
4.642499999999223093e+01 1.002210075077806684e+00 1.212047297834626391e-01
4.657500000000779039e+01 1.002411462566635159e+00 1.197886197192798707e-01
4.672499999999207887e+01 1.004213643048166293e+00 1.211629539563299079e-01
4.687500000000000000e+01 1.002427653395152163e+00 1.208126598976016486e-01
4.702500000000801350e+01 1.003479401506927937e+00 1.206158194060099748e-01
4.717499999999216698e+01 1.000897531687671149e+00 1.209002577844008330e-01
4.732500000000784723e+01 1.001848863671628731e+00 1.202526229071263081e-01
4.747499999999183729e+01 1.003836412823093660e+00 1.190905498893968378e-01
4.762500000000000000e+01 1.002585412183375491e+00 1.202124585778449051e-01
4.777500000000825509e+01 1.002017096451659484e+00 1.197764388144377384e-01
4.792499999999211013e+01 1.002078757363339623e+00 1.179362774507971973e-01
4.807500000000790408e+01 1.003811627663343309e+00 1.179931240418455179e-01
4.822499999999160281e+01 1.000986160453034790e+00 1.195732066427169366e-01
4.837500000000000000e+01 1.003682433670861851e+00 1.181541221263673197e-01
4.852500000000848956e+01 1.001106540387931787e+00 1.185746032314962534e-01
4.867499999999204618e+01 1.002475556267695245e+00 1.179884765931200341e-01
4.882500000000796092e+01 1.002764680276894582e+00 1.176149137700677333e-01
4.897499999999137543e+01 1.001889955018040679e+00 1.177220726234973619e-01
4.912500000000000000e+01 1.001306031253387907e+00 1.179014264764779163e-01
4.927500000000870983e+01 1.003508251821131125e+00 1.167731438800311272e-01
4.942499999999198934e+01 9.988070910201879427e-01 1.170699593329052463e-01
4.957500000000802487e+01 1.001093446136955167e+00 1.168205162513121231e-01
4.972499999999115516e+01 1.001173184706875885e+00 1.171614419597957479e-01
4.987500000000000000e+01 1.002720813261065214e+00 1.159744110697956548e-01
5.002500000000893010e+01 1.000678325549578362e+00 1.168632022152952671e-01
5.017499999999193960e+01 1.001525807850904615e+00 1.152459979179692867e-01
5.032500000000807461e+01 9.973498574930601546e-01 1.167006008262901767e-01
5.047499999999094200e+01 1.001025154205044121e+00 1.156038000706689911e-01
5.062500000000000000e+01 9.991840772748838972e-01 1.152464339317735564e-01
5.077500000000914326e+01 1.002055164064667325e+00 1.156356262327472295e-01
5.092499999999188276e+01 1.001611347619581593e+00 1.168722563959422450e-01
5.107500000000812435e+01 9.992556074316519821e-01 1.149267943137051995e-01
5.122499999999072884e+01 1.000322936088954284e+00 1.147091927013962342e-01
5.137500000000000000e+01 1.002318496507745627e+00 1.156613893030471601e-01
5.152500000000934932e+01 9.987314294960744077e-01 1.135479096000139854e-01
5.167499999999183302e+01 1.001381202687295247e+00 1.145587891680796555e-01
5.182500000000818119e+01 9.987927708794100967e-01 1.155018295696556702e-01
5.197499999999052989e+01 9.997582723253650716e-01 1.139800376518180919e-01
5.212500000000000000e+01 9.990820765234716960e-01 1.132059642538937733e-01
5.227500000000954827e+01 9.992197939951046326e-01 1.134142401743481327e-01
5.242499999999178328e+01 9.988778246789548065e-01 1.136643496253839369e-01
5.257500000000806040e+01 9.984551502631680009e-01 1.123449145762280832e-01
5.272499999999033804e+01 9.990515626026179596e-01 1.126856650004429833e-01
5.287500000000000000e+01 1.001035161542460417e+00 1.121546610598755794e-01
5.302500000000974723e+01 9.996170981759414653e-01 1.135775195921636532e-01
5.317499999999255778e+01 9.991151689218210619e-01 1.119334870713808855e-01
5.332500000000729301e+01 9.995469038379928284e-01 1.128291295221819646e-01
5.347499999999015330e+01 1.000141417721667647e+00 1.135764230132033509e-01
5.362500000000000000e+01 1.000544228680253500e+00 1.131158198734552034e-01
5.377500000000993197e+01 1.000268456154242092e+00 1.125689049093326344e-01
5.392499999999331095e+01 9.982374569163217082e-01 1.125429589504129135e-01
5.407500000000654694e+01 9.987526116820651945e-01 1.119460809582549649e-01
5.422499999998996145e+01 1.001403181059909775e+00 1.138359863873355943e-01
5.437500000000000000e+01 9.992102773889333100e-01 1.122236662813437119e-01
5.452500000001011671e+01 9.969178755363331534e-01 1.112607768339776565e-01
5.467499999999403570e+01 1.000162904585055523e+00 1.114631506679517603e-01
5.482500000000581508e+01 9.982137108447401985e-01 1.106599092289551611e-01
5.497499999998977671e+01 1.000329273368697702e+00 1.115719212933295734e-01
5.512500000000000000e+01 9.997686654647258697e-01 1.119792615787014722e-01
5.527500000001029434e+01 9.989876912045148050e-01 1.110448811762282523e-01
5.542499999999475335e+01 9.981418356216199550e-01 1.109923739684058608e-01
5.557500000000510454e+01 1.000027205472215908e+00 1.103512642732651511e-01
5.572499999998960618e+01 9.998007939461542870e-01 1.108224598733230509e-01
5.587500000000000000e+01 9.993465681013932178e-01 1.105113301978004892e-01
5.602500000001046487e+01 1.000297174887967211e+00 1.107775504951202389e-01
5.617499999999544258e+01 1.001054258141801379e+00 1.104428566075222745e-01
5.632500000000441531e+01 1.000782892239973965e+00 1.098430471270413628e-01
5.647499999998942855e+01 9.995076547884641505e-01 1.093541075955857533e-01
5.662500000000000000e+01 1.000665223217671151e+00 1.102295157242624279e-01
5.677500000001062830e+01 1.000031899637152222e+00 1.090017239419926454e-01
5.692499999999611759e+01 9.991475055944345485e-01 1.085545091755669156e-01
5.707500000000374030e+01 9.997153206077313836e-01 1.083805395226435792e-01
5.722499999998926512e+01 1.002203225001913722e+00 1.079777207210664974e-01
5.737500000000000000e+01 9.993072973367813638e-01 1.075792960672158627e-01
5.752500000001079172e+01 9.974161778068458828e-01 1.089465606534438108e-01
5.767499999999677129e+01 9.988189310650513741e-01 1.075964041571848551e-01
5.782500000000310081e+01 9.999078547253292815e-01 1.090812311397276746e-01
5.797499999998910170e+01 9.992674882186332042e-01 1.076728255030404285e-01
5.812500000000000000e+01 9.970815126507782677e-01 1.077704961586375548e-01
5.827500000001095515e+01 9.986684990024394803e-01 1.072006192020148185e-01
5.842499999999741078e+01 9.986775397017635392e-01 1.077614679881010590e-01
5.857500000000246132e+01 9.990266136752788961e-01 1.072227583797267514e-01
5.872499999998893827e+01 9.991958096476251105e-01 1.065106763275813495e-01
5.887500000000000000e+01 9.983521860377894130e-01 1.066225837908997554e-01
5.902500000001111857e+01 9.985616315710944546e-01 1.076176863879617085e-01
5.917499999999803606e+01 9.979802789363346749e-01 1.072441952884896077e-01
5.932500000000184315e+01 9.981286005646268222e-01 1.065799292250889235e-01
5.947499999998878906e+01 9.972599961597942153e-01 1.067604489162384956e-01
5.962500000000000000e+01 9.972635940850590464e-01 1.068574830384744073e-01
5.977500000001126779e+01 9.994895857062767730e-01 1.066914514433770222e-01
5.992499999999864002e+01 9.976422112217865346e-01 1.059528432343826293e-01
6.007500000000123919e+01 9.979172389303637702e-01 1.060254827890353274e-01
6.022499999998863984e+01 9.981032834910406049e-01 1.054138028699358881e-01
6.037500000000000000e+01 9.994038591411430472e-01 1.054366557820289874e-01
6.052500000001142411e+01 9.996739686176396855e-01 1.055832395546634078e-01
6.067499999999923688e+01 9.977125152574028988e-01 1.056472392283643313e-01
6.082500000000064944e+01 9.985088455700518173e-01 1.061747645057901784e-01
6.097499999998849773e+01 9.975371183487644622e-01 1.044676315960624685e-01
6.112500000000000000e+01 9.999251301060778641e-01 1.046007699569012211e-01
6.127500000001155911e+01 9.967740599053146466e-01 1.032862766400204496e-01
6.142499999999980531e+01 9.959663407697185722e-01 1.047272790789334357e-01
6.157500000000007390e+01 9.992524086658536309e-01 1.038755571026812180e-01
6.172499999998834852e+01 9.975760770779735775e-01 1.041098731894960494e-01
6.187500000000000000e+01 1.000173615646049008e+00 1.045328846945900586e-01
6.202500000001170122e+01 9.982601771452530581e-01 1.031121319954652615e-01
6.217500000000037375e+01 9.983701622345425575e-01 1.034421240443085532e-01
6.232499999999951967e+01 9.985146244163630724e-01 1.042478352353997800e-01
6.247499999998820641e+01 9.989994763883762730e-01 1.033076870736292785e-01
6.262500000000000000e+01 9.976822213913522086e-01 1.031855844719637566e-01
6.277500000001184333e+01 9.973492346160861555e-01 1.046720222314184573e-01
6.292500000000092086e+01 9.975203751272392338e-01 1.032500243980921523e-01
6.307499999999897256e+01 9.978670149057762284e-01 1.023690687501931651e-01
6.322499999998807851e+01 9.963144544655182511e-01 1.032426274842725422e-01
6.337500000000000000e+01 9.981084457592649395e-01 1.026046788784298891e-01
6.352500000001197833e+01 9.979995071440016519e-01 1.026410717484800006e-01
6.367500000000146798e+01 9.999796106108289617e-01 1.025969166337906691e-01
6.382499999999843254e+01 9.985901503032585946e-01 1.025215449442691135e-01
6.397499999998793641e+01 9.989435970546516330e-01 1.025058075231881499e-01
6.412500000000000000e+01 9.994432547920192311e-01 1.024527928110182673e-01
6.427500000001211333e+01 9.985497191317330712e-01 1.031608424771463528e-01
6.442500000000200089e+01 9.985919550111991283e-01 1.002865833280964514e-01
6.457499999999791385e+01 9.981696743875468902e-01 1.017163505310924032e-01
6.472499999998781561e+01 9.972350213513709871e-01 1.025334119136908084e-01
6.487500000000000000e+01 9.971083356362110406e-01 1.022353959587745248e-01
6.502500000001224123e+01 1.000064015342716717e+00 1.010101271007962515e-01
6.517500000000251248e+01 9.999520751429804566e-01 1.022912726767827574e-01
6.532499999999740226e+01 9.993799875848770053e-01 1.019832667806855331e-01
6.547499999998768772e+01 1.000208647171765497e+00 1.015039067046157595e-01
6.562500000000000000e+01 9.985732122953225876e-01 1.004638809150970036e-01
6.577500000001236913e+01 9.987245098685020306e-01 9.961960736155013596e-02
6.592500000000300986e+01 9.994320528184394981e-01 1.006622494862281780e-01
6.607499999999690488e+01 1.000720495712587699e+00 1.007321735292837778e-01
6.622499999998755982e+01 9.990987614606754441e-01 1.001338824870005861e-01
6.637500000000000000e+01 9.990958449394644614e-01 1.017978175214840075e-01
6.652500000001249703e+01 9.996299199234349731e-01 1.005343827268225243e-01
6.667500000000349303e+01 9.990307552218313791e-01 1.013943183383815283e-01
6.682499999999640750e+01 9.983373831768801443e-01 9.972436301235088063e-02
6.697499999998743192e+01 1.000607292109976676e+00 1.003703855992268135e-01
6.712500000000000000e+01 9.985232712057358073e-01 1.008532132181559487e-01
6.727500000001261071e+01 9.968201874209599023e-01 9.927901296003648068e-02
6.742500000000397620e+01 9.975427789002218049e-01 1.006170652708203023e-01
6.757499999999593854e+01 9.976951332706555098e-01 1.003875254419067248e-01
6.772499999998731823e+01 9.966807061564596504e-01 9.930849113460049615e-02
6.787500000000000000e+01 9.960747278661410409e-01 9.900584769814627095e-02
6.802500000001272440e+01 9.975560967616822206e-01 9.935712287029042911e-02
6.817500000000444516e+01 9.981438659677197567e-01 9.989627068522263786e-02
6.832499999999546958e+01 9.957493907473594641e-01 9.860183850770909419e-02
6.847499999998720455e+01 9.962067489859650626e-01 9.935636291844684997e-02
6.862500000000000000e+01 9.972503903550032911e-01 9.875622293088838488e-02
6.877500000001283809e+01 9.968061646101085138e-01 9.904514183942794703e-02
6.892500000000489990e+01 9.971436722975626221e-01 9.807504812857907595e-02
6.907499999999501483e+01 9.980968211350361718e-01 9.937530775714800702e-02
6.922499999998709086e+01 9.973829956273370101e-01 9.965104232930151185e-02
6.937500000000000000e+01 9.978985327301316266e-01 9.853834626495856785e-02
6.952500000001295177e+01 9.966961418105183546e-01 9.870774950917668433e-02
6.967500000000535465e+01 9.959609087539696981e-01 9.708235744708394732e-02
6.982499999999456008e+01 9.972802375979261669e-01 9.848961085050930708e-02
6.997499999998697717e+01 9.974306037643271283e-01 9.916420788972067635e-02
7.012500000000000000e+01 9.981426961659283226e-01 9.780345060544209934e-02
7.027500000001306546e+01 9.985415881011208139e-01 9.773749328020132909e-02
7.042500000000579519e+01 1.000508832200596832e+00 9.707475910649693285e-02
7.057499999999413376e+01 9.993824157752888571e-01 9.801036654090115874e-02
7.072499999998686349e+01 9.986227795015284459e-01 9.791653493658866725e-02
7.087500000000000000e+01 9.989341682628639640e-01 9.869995674353651549e-02
7.102500000001316494e+01 9.996950674870800357e-01 9.657156883408692105e-02
7.117500000000620730e+01 9.978698197083841759e-01 9.679570049329511150e-02
7.132499999999369322e+01 1.001030945718351717e+00 9.741162442597114945e-02
7.147499999998676401e+01 1.000647097532608498e+00 9.647488550197698409e-02
7.162500000000000000e+01 9.982197352708667148e-01 9.566814006681116644e-02
7.177500000001327862e+01 1.000730253455959895e+00 9.756107803603950024e-02
7.192500000000663363e+01 9.993082673148329098e-01 9.698741475274866297e-02
7.207499999999328111e+01 9.987824310422129814e-01 9.556715345242913773e-02
7.222499999998666453e+01 9.981534886691302288e-01 9.662128654001851669e-02
7.237500000000000000e+01 9.990140653956355310e-01 9.612392409150687100e-02
7.252500000001337810e+01 9.975112365754889021e-01 9.608954796139952681e-02
7.267500000000704574e+01 9.991797388486581832e-01 9.685203002903736147e-02
7.282499999999286899e+01 9.977530809429390191e-01 9.495349194291081985e-02
7.297499999998655085e+01 9.983832618063561704e-01 9.635792700582916648e-02
7.312500000000000000e+01 9.969490669811138517e-01 9.454170152018756546e-02
7.327500000001347757e+01 1.000621382408283466e+00 9.613301723652649400e-02
7.342500000000745786e+01 9.998145464908236857e-01 9.651621110931650482e-02
7.357499999999247109e+01 1.000718841361931233e+00 9.594973362760178537e-02
7.372499999998646558e+01 9.991939579862179066e-01 9.450393037481290281e-02
7.387500000000000000e+01 9.981043718253533870e-01 9.549983524785517208e-02
7.402500000001359126e+01 1.000702467689583708e+00 9.600927919300701607e-02
7.417500000000785576e+01 9.985706151875074488e-01 9.613915902298779403e-02
7.432499999999207319e+01 9.993884894039668509e-01 9.465104616914320201e-02
7.447499999998635190e+01 9.987664404494105419e-01 9.572346150045271673e-02
7.462500000000000000e+01 9.995760107092708235e-01 9.463555752229760309e-02
7.477500000001367653e+01 9.985374559836446284e-01 9.474333407268503704e-02
7.492500000000823945e+01 9.998345385368077043e-01 9.445234123830455186e-02
7.507499999999168949e+01 9.991107401174653679e-01 9.475589372133895461e-02
7.522499999998626663e+01 9.977205344546284937e-01 9.361195241897546371e-02
7.537500000000000000e+01 9.997649068321287080e-01 9.433527049515853802e-02
7.552500000001377600e+01 1.000149391343823080e+00 9.473423103528397227e-02
7.567500000000862315e+01 9.975592709652942869e-01 9.453317533808762441e-02
7.582499999999130580e+01 9.964755644854579320e-01 9.410043045731743272e-02
7.597499999998616715e+01 9.983555447748867495e-01 9.542019259524912866e-02
7.612500000000000000e+01 9.965440440037277581e-01 9.355650017010221087e-02
7.627500000001386127e+01 9.972120594017960249e-01 9.371171493193035384e-02
7.642500000000899263e+01 9.972494237638195314e-01 9.271959329511263170e-02
7.657499999999093632e+01 9.968536194869922484e-01 9.360033570700482253e-02
7.672499999998608189e+01 9.965608780826720192e-01 9.289454374544642290e-02
7.687500000000000000e+01 9.969854424961586137e-01 9.202062754555433155e-02
7.702500000001396074e+01 9.966983409973864116e-01 9.404952017921426599e-02
7.717500000000934790e+01 9.979780723792265329e-01 9.368612262887038300e-02
7.732499999999058105e+01 9.978425519546173517e-01 9.272841652560902259e-02
7.747499999998598241e+01 9.973509561955097302e-01 9.428385660455737560e-02
7.762500000000000000e+01 9.972851240772875325e-01 9.357800215644943020e-02
7.777500000001404601e+01 9.979877376248513787e-01 9.213270252828831275e-02
7.792500000000971738e+01 9.993547681614746159e-01 9.296093379145424496e-02
7.807499999999021156e+01 9.988139805109823577e-01 9.326402734678594653e-02
7.822499999998589715e+01 9.957686394868247026e-01 9.103883395821957270e-02
7.837500000000000000e+01 9.961336020787463497e-01 9.224194571086995198e-02
7.852500000001413127e+01 9.996333268402326500e-01 9.327758660887348896e-02
7.867500000001005844e+01 1.000121450557107439e+00 9.207703991097782037e-02
7.882499999998987050e+01 1.000399294969264385e+00 9.307581541856464746e-02
7.897499999998581188e+01 1.000025354870683891e+00 9.280642482892031975e-02
7.912500000000000000e+01 9.999653451882836164e-01 9.247507791267119137e-02
7.927500000001423075e+01 1.001825935530259226e+00 9.202903820198937712e-02
7.942500000001041371e+01 1.000805284783028437e+00 9.142604396955784918e-02
7.957499999998951523e+01 1.001471162886794053e+00 9.123226254903489540e-02
7.972499999998572662e+01 9.998928588235349579e-01 9.201192636805291536e-02
7.987500000000000000e+01 1.000526804279694870e+00 9.271558601312329673e-02
8.002500000001430180e+01 9.996461955089238627e-01 9.174673961879369066e-02
8.017500000001075477e+01 9.997939505262504190e-01 9.209488059176297592e-02
8.032499999998918838e+01 9.997301445687150068e-01 9.186559652363696094e-02
8.047499999998564135e+01 9.991322722456815741e-01 9.182011016877840437e-02
8.062500000000000000e+01 1.000500693016360687e+00 9.177543016024400369e-02
8.077500000001438707e+01 9.982078330143255851e-01 9.064342180197897114e-02
8.092500000001108162e+01 9.996818001109939456e-01 9.180635568795601775e-02
8.107499999998886153e+01 1.000489276400309269e+00 9.045725534891500830e-02
8.122499999998557030e+01 1.000085166653984059e+00 9.164764368026365182e-02
8.137500000000000000e+01 9.990901776023918268e-01 9.219866810413492042e-02
8.152500000001447233e+01 9.976203534506027371e-01 9.092266620067109006e-02
8.167500000001139426e+01 9.981909723387862865e-01 9.138111000392699912e-02
8.182499999998853468e+01 9.997867002224062327e-01 9.142696264819752394e-02
8.197499999998548503e+01 9.979767250974370674e-01 9.101381302039306120e-02
8.212500000000000000e+01 9.991329556395114331e-01 8.990703240320661871e-02
8.227500000001455760e+01 9.977221909398763522e-01 9.086534884461149042e-02
8.242500000001172111e+01 9.964485066922048606e-01 9.038471910122822250e-02
8.257499999998822204e+01 9.974153232710486483e-01 9.019254078824408272e-02
8.272499999998539977e+01 9.965841882200773272e-01 9.058527430021501292e-02
8.287500000000000000e+01 9.983466429839817913e-01 8.980544467344825366e-02
8.302500000001462865e+01 9.952575053843771835e-01 8.943707824371434356e-02
8.317500000001203375e+01 9.982513799728686132e-01 9.062300137984760640e-02
8.332499999998789519e+01 9.970052603251896572e-01 8.815840195288981995e-02
8.347499999998531450e+01 9.969978993696350100e-01 8.954678858608057512e-02
8.362500000000000000e+01 9.965082438995502834e-01 9.044189656553629220e-02
8.377500000001469971e+01 9.979996770238649395e-01 9.060550213087883997e-02
8.392500000001234639e+01 9.968626255067736253e-01 8.946860007352229471e-02
8.407499999998758256e+01 9.982840707864716334e-01 8.891618117246406772e-02
8.422499999998524345e+01 9.970072136273664398e-01 8.889061274695153614e-02
8.437500000000000000e+01 9.991167773128857288e-01 8.876165429502792803e-02
8.452500000001478497e+01 9.981237267302317528e-01 8.960453415197990046e-02
8.467500000001264482e+01 9.963326260601085282e-01 8.904630360447893245e-02
8.482499999998728413e+01 9.985325867553571655e-01 8.863145512814291083e-02
8.497499999998517239e+01 9.999948815519327239e-01 8.846419335449444421e-02
8.512500000000000000e+01 9.980689208392226064e-01 8.928821518163732041e-02
8.527500000001485603e+01 9.998536695503416061e-01 8.848498573743181217e-02
8.542500000001294325e+01 9.984351446679814446e-01 8.919040186116827806e-02
8.557499999998699991e+01 9.965880138487501760e-01 8.976421721946374610e-02
8.572499999998510134e+01 9.990214802459979060e-01 8.965891986712840045e-02
8.587500000000000000e+01 9.965801426956958364e-01 8.946556289427359809e-02
8.602500000001494129e+01 9.980029161880042965e-01 8.963246731392655875e-02
8.617500000001324167e+01 9.972139307830122368e-01 8.886636696516031497e-02
8.632499999998670148e+01 9.971051878788087519e-01 8.825576438371897370e-02
8.647499999998503029e+01 9.981511240915776906e-01 8.792416379690229378e-02
8.662500000000000000e+01 9.971003616445328621e-01 8.847830207592784213e-02
8.677500000001501235e+01 9.970823143511363673e-01 8.797706666093831063e-02
8.692500000001352589e+01 9.973517352556182658e-01 8.805705802171721885e-02
8.707499999998641727e+01 9.986731247732232308e-01 8.823739017254438044e-02
8.722499999998494502e+01 9.979054969469650649e-01 8.785458626716939612e-02
8.737500000000000000e+01 9.961217268434739980e-01 8.787433533307270617e-02
8.752500000001508340e+01 9.970907334013201506e-01 8.788992363645331540e-02
8.767500000001381011e+01 9.736880298710366421e-01 8.671731392380313541e-02
8.782499999998613305e+01 9.530117766550113556e-01 8.607920405084298898e-02
8.797499999998487397e+01 9.383886073898735081e-01 8.448146025895660050e-02
8.812500000000000000e+01 9.266333779026921791e-01 8.418765820608953288e-02
8.827500000001514024e+01 9.182933613600304801e-01 8.236776500557038694e-02
8.842500000001409433e+01 9.092053484139961395e-01 8.245287740430329304e-02
8.857499999998586304e+01 9.012193957882381756e-01 8.233536584249820378e-02
8.872499999998480291e+01 8.934182943516358888e-01 8.208467076574514631e-02
8.887500000000000000e+01 8.874214026042795966e-01 8.258516567361559590e-02
8.902500000001521130e+01 8.838933116699561054e-01 8.109325407368124516e-02
8.917500000001436433e+01 8.762499302573769633e-01 8.075925842559897316e-02
8.932499999998557882e+01 8.691165212803474427e-01 8.034701130051234708e-02
8.947499999998473186e+01 8.661855640739291040e-01 8.019156005345511040e-02
8.962500000000000000e+01 8.587040803244115894e-01 7.962646702308968927e-02
8.977500000001528235e+01 8.544824550304733757e-01 8.038759853829116619e-02
8.992500000001462013e+01 8.482604298409801569e-01 8.002449072984528511e-02
9.007499999998532303e+01 8.467453930355206548e-01 7.916317461960488411e-02
9.022499999998467501e+01 8.416231598214927168e-01 7.917765745686571044e-02
9.037500000000000000e+01 8.355773555351143633e-01 7.801588838826284400e-02
9.052500000001533920e+01 8.325401322192150788e-01 7.933649425858378679e-02
9.067500000001489013e+01 8.299992295148660437e-01 7.923770224918499916e-02
9.082499999998505302e+01 8.261699251571330560e-01 7.770947799332943162e-02
9.097499999998460396e+01 8.209994692642429426e-01 7.813638914064768848e-02
9.112500000000000000e+01 8.188159171054145702e-01 7.730729590759173597e-02
9.127500000001541025e+01 8.150429502983566055e-01 7.721279919503408473e-02
9.142500000001514593e+01 8.109348865985596122e-01 7.741778344062646977e-02
9.157499999998479723e+01 8.076486333497268078e-01 7.754381857732259298e-02
9.172499999998454712e+01 8.044587742473863212e-01 7.642627579172296681e-02
9.187500000000000000e+01 8.026280179163018946e-01 7.578993593463723144e-02
9.202500000001548131e+01 7.985966907354842270e-01 7.695649003551627287e-02
9.217500000001541594e+01 7.949602018483976629e-01 7.692483446839136485e-02
9.232499999998454143e+01 7.928744451484073252e-01 7.611901088103668889e-02
9.247499999998447606e+01 7.892649159193869668e-01 7.581521972623740668e-02
9.262500000000000000e+01 7.868316584898232824e-01 7.633219046097788896e-02
9.277500000001553815e+01 7.840985686422775602e-01 7.502157310685787783e-02
9.292500000001565752e+01 7.810182801066909430e-01 7.470838693753409365e-02
9.307499999998428564e+01 7.781477004277643772e-01 7.521979164343180202e-02
9.322499999998441922e+01 7.753941405554151123e-01 7.481103158722772484e-02
9.337500000000000000e+01 7.735442764425088935e-01 7.427117447356876290e-02
9.352500000001559499e+01 7.690101962084409104e-01 7.321406911404919338e-02
9.367500000001591332e+01 7.659748727549104963e-01 7.387130262720978391e-02
9.382499999998402984e+01 7.642867586825108361e-01 7.371403006999070751e-02
9.397499999998436238e+01 7.615244744541627142e-01 7.307601642041246237e-02
9.412500000000000000e+01 7.586046696093970976e-01 7.362880858025055986e-02
9.427500000001566605e+01 7.571675306121631310e-01 7.441434433626477329e-02
9.442500000001615490e+01 7.528165265123225591e-01 7.346531049599423768e-02
9.457499999998380247e+01 7.504038571244271427e-01 7.405816779986537646e-02
9.472499999998429132e+01 7.477913474924877679e-01 7.369501019477463222e-02
9.487500000000000000e+01 7.463528297952615187e-01 7.236067885435921998e-02
9.502500000001572289e+01 7.436321417963643876e-01 7.242203604501670777e-02
9.517500000001639648e+01 7.413204521987355466e-01 7.170247722303857429e-02
9.532499999998356088e+01 7.383812387914570063e-01 7.349960415961315219e-02
9.547499999998423448e+01 7.384045474076308402e-01 7.193842268513229998e-02
9.562500000000000000e+01 7.336558191030342346e-01 7.217060668574837301e-02
9.577500000001577973e+01 7.316698837524566734e-01 7.206765838620241005e-02
9.592500000001662386e+01 7.309149483700048133e-01 7.234952597192030599e-02
9.607499999998331930e+01 7.282283069479658089e-01 7.130139716251777948e-02
9.622499999998417763e+01 7.254221711709359921e-01 7.197316407507729774e-02
9.637500000000000000e+01 7.242049439310263015e-01 7.098661929807542625e-02
9.652500000001585079e+01 7.226353675393467624e-01 7.115497988876241797e-02
9.667500000001686544e+01 7.191299999996921821e-01 7.117371070949761458e-02
9.682499999998309193e+01 7.180776639081877244e-01 7.120944173508121644e-02
9.697499999998412079e+01 7.160303807369434725e-01 7.002750554119008264e-02
9.712500000000000000e+01 7.142359462774836576e-01 7.016595305179587627e-02
9.727500000001590763e+01 7.115177208433072220e-01 6.958010571431874625e-02
9.742500000001709282e+01 7.079114265488753999e-01 7.028770621260521656e-02
9.757499999998287876e+01 7.076743101072563435e-01 6.954132953694715236e-02
9.772499999998406395e+01 7.055723754331876263e-01 6.984472283856441033e-02
9.787500000000000000e+01 7.024672173831649769e-01 7.028225913789193369e-02
9.802500000001595026e+01 7.009493742247555614e-01 6.887300916659359895e-02
9.817500000001732019e+01 6.980127543201884999e-01 6.903179692308587800e-02
9.832499999998263718e+01 6.968797849510168785e-01 6.900137070641554349e-02
9.847499999998402131e+01 6.965811274179490864e-01 6.925330644672858527e-02
9.862500000000000000e+01 6.954682181758634618e-01 6.896440952062145302e-02
9.877500000001600711e+01 6.923904003107979044e-01 6.891203127425553354e-02
9.892500000001753335e+01 6.898327193742235242e-01 6.918639240409725499e-02
9.907499999998242401e+01 6.891180275944926992e-01 6.835171056801454814e-02
9.922499999998395026e+01 6.869981304952204049e-01 6.835618246357096084e-02
9.937500000000000000e+01 6.841050955444080151e-01 6.882704334074303543e-02
9.952500000001606395e+01 6.841286371132865307e-01 6.889644846137593648e-02
9.967500000001776073e+01 6.825685841274430343e-01 6.836068492862044932e-02
9.982499999998221085e+01 6.790729142516823691e-01 6.785574622226490937e-02
9.997499999998389342e+01 6.775307982686864516e-01 6.823762453589279908e-02
1.001250000000000000e+02 6.757103314865633426e-01 6.737589032995607019e-02
1.002750000000161208e+02 6.754876271972131141e-01 6.743156062215878432e-02
1.004250000000179597e+02 6.723100066964063926e-01 6.745121668009182447e-02
1.005749999999819835e+02 6.710396102704189181e-01 6.670115608414445285e-02
1.007249999999838508e+02 6.694256605001674965e-01 6.719656834237454357e-02
1.008750000000000000e+02 6.686364792860413075e-01 6.701689311461156429e-02
1.010250000000161776e+02 6.656503506437763118e-01 6.575858068247356081e-02
1.011750000000181871e+02 6.639087258469104080e-01 6.589180362230358246e-02
1.013249999999817845e+02 6.623842439476257393e-01 6.625688742322050073e-02
1.014749999999837939e+02 6.606405279847883394e-01 6.631843846913856866e-02
1.016250000000000000e+02 6.592558792351874697e-01 6.614298364771033223e-02
1.017750000000162345e+02 6.568524598939642356e-01 6.530614516614398346e-02
1.019250000000184002e+02 6.569762281226257938e-01 6.590561845271714070e-02
1.020749999999815714e+02 6.562236989847710644e-01 6.688938963871490784e-02
1.022249999999837513e+02 6.531729138683749492e-01 6.562317150253493825e-02
1.023750000000000000e+02 6.527995089594905709e-01 6.615722413251096112e-02
1.025250000000162771e+02 6.504581599042983386e-01 6.592663857950109563e-02
1.026750000000185992e+02 6.492638460395030453e-01 6.488567452673979497e-02
1.028249999999813582e+02 6.476559300036588418e-01 6.443833417458710855e-02
1.029749999999836945e+02 6.467273396890659276e-01 6.498936272078485732e-02
1.031250000000000000e+02 6.452811696297620081e-01 6.542793658040951810e-02
1.032750000000163340e+02 6.442051563287447546e-01 6.512206894548540348e-02
1.034250000000187981e+02 6.414735232307762214e-01 6.453959380561148651e-02
1.035749999999811592e+02 6.407262977503662693e-01 6.466983248321019062e-02
1.037249999999836376e+02 6.388882419529389178e-01 6.390914986226665928e-02
1.038750000000000000e+02 6.374583727872865646e-01 6.410297445536047856e-02
1.040250000000163766e+02 6.359104764716673186e-01 6.372624868246053176e-02
1.041750000000189971e+02 6.342743212056735080e-01 6.494263787177426139e-02
1.043249999999809603e+02 6.335903681641773533e-01 6.374458686450755474e-02
1.044749999999835950e+02 6.327365843844446891e-01 6.426290291160161039e-02
1.046250000000000000e+02 6.303026090124552727e-01 6.363001253081813913e-02
1.047750000000164334e+02 6.303904278188607879e-01 6.364362342550639040e-02
1.049250000000191818e+02 6.274044015954616249e-01 6.356751866993395894e-02
1.050749999999807613e+02 6.261497087006275830e-01 6.397221077663722832e-02
1.052249999999839503e+02 6.248434839913878935e-01 6.295736903078281987e-02
1.053750000000000000e+02 6.240281413927171172e-01 6.279626979200438053e-02
1.055250000000157229e+02 6.222096230233732372e-01 6.425223811839975152e-02
1.056750000000193808e+02 6.203537273086522363e-01 6.341595232886780564e-02
1.058249999999805766e+02 6.194527639462101831e-01 6.270656270368991925e-02
1.059749999999847319e+02 6.187914392711252320e-01 6.350780669201783191e-02
1.061250000000000000e+02 6.157110454779223252e-01 6.234358898503585683e-02
1.062750000000149555e+02 6.148456706227012347e-01 6.285857268997101233e-02
1.064250000000195797e+02 6.142154708079045067e-01 6.219387647860120244e-02
1.065749999999803919e+02 6.131018229183726742e-01 6.243134383836249773e-02
1.067249999999854850e+02 6.113353648255061001e-01 6.193519770106772904e-02
1.068750000000000000e+02 6.091638991525960556e-01 6.191596354672040947e-02
1.070250000000141881e+02 6.091855077157108944e-01 6.116317924418740448e-02
1.071750000000197645e+02 6.070987364613393833e-01 6.177773652043156566e-02
1.073249999999802071e+02 6.057820360327629272e-01 6.219336656071981773e-02
1.074749999999862524e+02 6.041155596444810483e-01 6.177199821172821986e-02
1.076250000000000000e+02 6.043376103614663819e-01 6.206796945438858293e-02
1.077750000000134492e+02 6.004907912434399586e-01 6.132004266617998439e-02
1.079250000000199492e+02 6.004652068889332339e-01 6.107578469438845054e-02
1.080749999999800224e+02 5.988280210638471379e-01 6.141216832179172136e-02
1.082249999999869914e+02 5.983237106198742161e-01 6.127435188732070076e-02
1.083750000000000000e+02 5.973247405260493359e-01 6.089855028675018878e-02
1.085250000000127244e+02 5.955776496152357380e-01 6.139391265786098284e-02
1.086750000000201481e+02 5.945880960676649396e-01 6.127428779025695382e-02
1.088249999999798376e+02 5.933262606605611555e-01 6.086516478588789580e-02
1.089749999999877161e+02 5.926657962767230003e-01 6.040853461684343034e-02
1.091250000000000000e+02 5.912458446031068071e-01 6.115035665259931780e-02
1.092750000000119854e+02 5.912014653218601312e-01 5.979590397882923736e-02
1.094250000000203045e+02 5.882435313158775880e-01 6.019193384368868444e-02
1.095749999999796529e+02 5.681429298779195891e-01 6.055547221557901899e-02
1.097249999999884409e+02 5.460153064666749545e-01 5.818951422925021377e-02
1.098750000000000000e+02 5.328772185465762146e-01 5.728040656384277701e-02
1.100250000000112749e+02 5.226861500506940761e-01 5.648869147801558604e-02
1.101750000000204892e+02 5.127370536620108332e-01 5.594002946549605365e-02
1.103249999999794682e+02 5.044987621861191096e-01 5.599465981961525979e-02
1.104749999999891372e+02 4.956902933708350334e-01 5.493394962750629967e-02
1.106250000000000000e+02 4.883611116186992729e-01 5.456223548171049847e-02
1.107750000000105643e+02 4.812326111635051307e-01 5.430422145665957795e-02
1.109250000000206740e+02 4.757432563623976707e-01 5.376845935413249872e-02
1.110749999999792976e+02 4.677243298116814385e-01 5.316459329792416061e-02
1.112249999999898620e+02 4.628581037631576689e-01 5.271563730306411122e-02
1.113750000000000000e+02 4.566740022399199961e-01 5.257342935959447017e-02
1.115250000000098822e+02 4.511911035627688693e-01 5.269651946889995081e-02
1.116750000000208445e+02 4.460999773592198014e-01 5.295328916139379477e-02
1.118249999999791129e+02 4.409292478829051065e-01 5.143705906031666858e-02
1.119749999999905299e+02 4.364256250034222462e-01 5.130449627701877402e-02
1.121250000000000000e+02 4.300300798341401554e-01 5.076954161379508557e-02
1.122750000000091859e+02 4.262312516096037895e-01 5.008272568127183216e-02
1.124250000000210008e+02 4.203221958580430906e-01 5.067277410434210816e-02
1.125749999999789566e+02 4.171743435900351904e-01 5.062453485161861472e-02
1.127249999999912120e+02 4.112820880323069805e-01 4.981430443638806826e-02
1.128750000000000000e+02 4.072589317381087315e-01 4.938382876226807272e-02
1.130250000000085180e+02 4.021455751205948448e-01 4.931539167107888005e-02
1.131750000000211855e+02 3.974868324850118761e-01 4.854396715410733143e-02
1.133249999999787860e+02 3.949073128403939315e-01 4.871311964014955059e-02
1.134749999999919083e+02 3.899966898496053935e-01 4.779682599189159081e-02
1.136250000000000000e+02 3.851329340907910237e-01 4.873801950992700388e-02
1.137750000000078359e+02 3.821175217714273820e-01 4.760139188441574881e-02
1.139250000000213561e+02 3.782522214337857847e-01 4.802644782284060804e-02
1.140749999999786297e+02 3.733036924980808746e-01 4.712674596720005382e-02
1.142249999999925620e+02 3.696810670498935081e-01 4.650274772485395169e-02
1.143750000000000000e+02 3.660686392287556545e-01 4.600306874143304109e-02
1.145250000000071680e+02 3.622709495310736938e-01 4.574505119039770640e-02
1.146750000000215124e+02 3.581419601071753611e-01 4.615883935638724622e-02
1.148249999999784308e+02 3.540574075409032573e-01 4.583092458747651393e-02
1.149749999999932157e+02 3.499917958207159896e-01 4.560645172180188139e-02
1.151250000000000000e+02 3.472105588050639624e-01 4.493827715097922781e-02
1.152750000000065285e+02 3.442741091195689052e-01 4.443589226373040324e-02
1.154250000000216829e+02 3.405137354556056484e-01 4.473836204881899425e-02
1.155749999999783029e+02 3.368738179257802501e-01 4.437940758368565108e-02
1.157249999999938694e+02 3.334694868859741090e-01 4.403499693216698929e-02
1.158750000000000000e+02 3.299962156104666033e-01 4.385602845100436409e-02
1.160250000000058748e+02 3.265118528227928807e-01 4.394284472190952695e-02
1.161750000000218392e+02 3.226301291413228856e-01 4.296508347625226099e-02
1.163249999999781323e+02 3.190742296128818434e-01 4.294076260700031150e-02
1.164749999999945089e+02 3.167620409865197217e-01 4.341327917253055141e-02
1.166250000000000000e+02 3.133029429698602764e-01 4.230000159622871597e-02
1.167750000000052495e+02 3.105750256483662541e-01 4.213207087672760087e-02
1.169250000000220098e+02 3.073262398234556381e-01 4.212505595896347960e-02
1.170749999999779760e+02 3.040069564077033104e-01 4.200915019229725655e-02
1.172249999999951484e+02 3.014805797128260467e-01 4.211787564144130191e-02
1.173750000000000000e+02 2.978134787835187702e-01 4.128015586313037860e-02
1.175250000000046242e+02 2.958215296617093815e-01 4.180121518311618461e-02
1.176750000000221377e+02 2.924428066810258464e-01 4.067547666293448716e-02
1.178249999999778055e+02 2.889725364485492554e-01 4.083788142858873343e-02
1.179749999999957453e+02 2.863423219279260246e-01 4.069515303557090513e-02
1.181250000000000000e+02 2.838664457167344168e-01 4.034584858960001824e-02
1.182750000000039989e+02 2.806972794100865976e-01 4.020210992386676757e-02
1.184250000000223082e+02 2.785597911441877739e-01 3.973550559343416722e-02
1.185749999999776634e+02 2.752560549607078189e-01 3.971235978486675061e-02
1.187249999999963705e+02 2.720972245046537341e-01 3.969158056403791074e-02
1.188750000000000000e+02 2.699022020741543293e-01 3.876296243696404631e-02
1.190250000000033879e+02 2.664939447763058911e-01 3.880077008740250022e-02
1.191750000000224645e+02 2.641935013666377174e-01 3.833081115967228863e-02
1.193249999999775071e+02 2.616067351692675791e-01 3.850959722894965048e-02
1.194749999999969816e+02 2.583420960092326912e-01 3.780101604203256471e-02
1.196250000000000000e+02 2.557868610818332944e-01 3.784980411235931014e-02
1.197750000000027910e+02 2.541409730283497592e-01 3.793546819305407269e-02
1.199250000000226066e+02 2.511856757863916156e-01 3.701356833823251508e-02
1.200749999999773650e+02 2.482671178523002675e-01 3.793323175002653175e-02
1.202249999999975927e+02 2.455943781025538841e-01 3.739092201148960792e-02
1.203750000000000000e+02 2.429306227201218915e-01 3.689232063435577552e-02
1.205250000000021799e+02 2.410756094451378395e-01 3.709303740833516660e-02
1.206750000000227772e+02 2.384312191578635554e-01 3.615398913021776461e-02
1.208249999999772086e+02 2.362804957456195454e-01 3.675366633006874745e-02
1.209749999999981753e+02 2.339704156134404800e-01 3.626013801755737648e-02
1.211250000000000000e+02 2.307077007924648315e-01 3.553844715099433588e-02
1.212750000000015973e+02 2.285426718254442158e-01 3.510826454493296001e-02
1.214250000000229193e+02 2.263107798489104039e-01 3.561469221662957180e-02
1.215749999999770665e+02 2.231479614447539894e-01 3.512048842808806332e-02
1.217249999999987580e+02 2.215106568522022534e-01 3.497142078083499694e-02
1.218750000000000000e+02 2.188681618784224236e-01 3.495669755365372194e-02
1.220250000000010147e+02 2.169170018280308920e-01 3.430153429637686213e-02
1.221750000000230472e+02 2.139696274859639036e-01 3.453109135281062780e-02
1.223249999999769244e+02 2.118392407770144925e-01 3.403146546062553457e-02
1.224749999999993406e+02 2.090620598668142260e-01 3.420160443074772572e-02
1.226250000000000000e+02 2.075704938189651128e-01 3.383918494768115015e-02
1.227750000000004320e+02 2.050794305149245822e-01 3.363827574577264029e-02
1.229250000000231893e+02 2.026328247274068739e-01 3.297175745800288299e-02
1.230749999999767681e+02 1.996877114356077343e-01 3.298293016789366483e-02
1.232249999999999233e+02 1.973781245769596349e-01 3.221939435959014775e-02
1.233750000000000000e+02 1.955604849205118956e-01 3.262305992018222495e-02
1.235249999999998494e+02 1.934656353900116033e-01 3.215384866486667437e-02
1.236750000000233314e+02 1.907915870681746451e-01 3.235757042651168230e-02
1.238249999999766402e+02 1.891296708505434687e-01 3.200080234692220110e-02
1.239750000000004775e+02 1.865265396639654571e-01 3.161257575510911799e-02
1.241250000000000000e+02 1.847639942163775417e-01 3.153945319334650749e-02
1.242749999999992951e+02 1.827885747046962273e-01 3.142241150320162352e-02
1.244250000000234735e+02 1.805200779095960661e-01 3.130098643792524754e-02
1.245749999999764839e+02 1.780490274610666002e-01 3.074877531175087761e-02
1.247250000000010317e+02 1.756081988692152762e-01 3.092750080256725237e-02
1.248750000000000000e+02 1.738766972470626726e-01 3.043849023639504103e-02
1.250249999999987551e+02 1.721093145468971242e-01 3.042898612425638111e-02
1.251750000000236156e+02 1.694797137850527213e-01 3.013523053392076420e-02
1.253249999999763702e+02 1.676902881006363255e-01 3.016888050772129418e-02
1.254750000000015859e+02 1.651031997090775805e-01 3.007662031601527480e-02
1.256250000000000000e+02 1.639432597465094732e-01 2.977726884744381561e-02
1.257749999999982009e+02 1.616011046004695306e-01 2.898731391229411591e-02
1.259250000000237577e+02 1.587160290161927223e-01 2.939010501134292977e-02
1.260749999999762281e+02 1.572481441560310278e-01 2.887343207458225106e-02
1.262250000000021259e+02 1.552720028551305698e-01 2.877191409969302033e-02
1.263750000000000000e+02 1.534257050150462098e-01 2.870444521738895263e-02
1.265249999999976609e+02 1.511518873948729802e-01 2.886749774103172794e-02
1.266750000000238856e+02 1.491524160419941680e-01 2.833364375575630686e-02
1.268249999999760860e+02 1.468977922387235679e-01 2.807681704022576760e-02
1.269750000000026660e+02 1.448372938483178385e-01 2.789853076947830871e-02
1.271250000000000000e+02 1.432010986882857329e-01 2.770168504832613149e-02
1.272749999999971209e+02 1.414842029639501453e-01 2.751934199765732406e-02
1.274250000000240277e+02 1.395310593407172728e-01 2.680252289739594451e-02
1.275749999999759439e+02 1.374290612485430940e-01 2.671630392863067610e-02
1.277250000000031918e+02 1.354857898607804145e-01 2.674523104596587125e-02
1.278750000000000000e+02 1.330671088548898706e-01 2.661479259658304855e-02
1.280249999999965951e+02 1.317650391653197861e-01 2.661151256858598768e-02
1.281750000000241414e+02 1.296428158501940764e-01 2.614735396283487251e-02
1.283249999999758018e+02 1.274931322639817621e-01 2.608082508742002106e-02
1.284750000000037176e+02 1.263542756384412602e-01 2.585778711158367993e-02
1.286250000000000000e+02 1.241352407082044335e-01 2.552920922995346661e-02
1.287749999999960835e+02 1.227332421843699978e-01 2.541623147505680733e-02
1.289250000000242835e+02 1.201290107789099310e-01 2.497907581978443120e-02
1.290749999999756881e+02 1.183080172487325499e-01 2.514344044232123820e-02
1.292250000000042292e+02 1.167099981206959347e-01 2.470916729128367142e-02
1.293750000000000000e+02 1.152871563669448374e-01 2.456076387121709434e-02
1.295249999999955719e+02 1.128282084529094731e-01 2.451410892270446812e-02
1.296750000000243972e+02 1.112900416281818600e-01 2.414763367179777881e-02
1.298249999999755460e+02 1.098445637683516940e-01 2.383773498603505153e-02
1.299750000000047692e+02 1.077264541176243401e-01 2.345848373188715030e-02
1.301250000000000000e+02 1.059293503079613979e-01 2.356088498774259327e-02
1.302749999999950319e+02 1.045298761558021428e-01 2.341699307968368032e-02
1.304250000000245393e+02 1.028138279369213426e-01 2.308310861145041956e-02
1.305749999999754323e+02 1.004420592019291819e-01 2.260290993005243526e-02
1.307250000000052523e+02 9.865987002699681818e-02 2.269576731668410813e-02
1.308750000000000000e+02 9.680115402029444704e-02 2.238175488113305911e-02
1.310249999999945487e+02 9.524090076141498995e-02 2.230037431277945292e-02
1.311750000000246530e+02 9.397933822249505964e-02 2.191942291043755611e-02
1.313249999999753186e+02 9.221962952627112131e-02 2.175821563760159741e-02
1.314750000000057639e+02 9.004974646924041037e-02 2.166790109133621620e-02
1.316250000000000000e+02 8.889476996768835848e-02 2.124436186579966440e-02
1.317749999999940655e+02 8.708460078032315144e-02 2.139985075746371479e-02
1.319250000000247951e+02 8.515029285323519326e-02 2.090559756853889103e-02
1.320749999999751765e+02 8.374985013636510045e-02 2.066106531765008608e-02
1.322250000000062471e+02 8.231477931474050214e-02 2.046625940836435328e-02
1.323750000000000000e+02 8.018914201158235111e-02 2.007418000552234003e-02
1.325249999999935540e+02 7.868973849496059547e-02 2.010558268923396882e-02
1.326750000000249088e+02 7.699578068781666451e-02 1.981585919364720408e-02
1.328249999999750628e+02 7.573480192283955914e-02 1.985723606718066414e-02
1.329750000000067303e+02 7.392591162488310053e-02 1.925208800775272955e-02
1.331250000000000000e+02 7.232212210142785480e-02 1.910440107110305402e-02
1.332749999999930424e+02 7.062418727860424184e-02 1.883322937086493246e-02
1.334250000000250225e+02 6.881724641845470003e-02 1.846132463936653312e-02
1.335749999999749491e+02 6.713507991155875931e-02 1.852224641338477001e-02
1.337250000000072134e+02 6.525326805598197222e-02 1.808578611211129894e-02
1.338750000000000000e+02 6.424742993636417543e-02 1.786410135898198678e-02
1.340249999999925876e+02 6.292283556754026119e-02 1.783717714399355586e-02
1.341750000000251362e+02 6.058350113884963112e-02 1.744014130869716780e-02
1.343249999999748354e+02 5.932423812109175604e-02 1.731699977180162914e-02
1.344750000000077250e+02 5.789282612613401435e-02 1.691563745903365210e-02
1.346250000000000000e+02 5.598463984542756400e-02 1.664096626585524416e-02
1.347749999999921044e+02 5.448057190479006079e-02 1.658447216353681197e-02
1.349250000000252783e+02 5.288975778929207172e-02 1.614667992981128758e-02
1.350749999999746933e+02 5.128864393838627328e-02 1.599007403808153788e-02
1.352250000000081798e+02 4.996352838762807558e-02 1.583220343012637157e-02
1.353750000000000000e+02 4.827443654181256399e-02 1.542274384828180682e-02
1.355249999999916213e+02 4.672161536888951722e-02 1.515384157061601574e-02
1.356750000000253920e+02 4.512739437118665209e-02 1.481617794542402014e-02
1.358249999999746080e+02 4.356849410652896548e-02 1.468947160498775342e-02
1.359750000000086345e+02 4.210090930516240809e-02 1.432695236751167431e-02
1.361250000000000000e+02 4.021797075627483314e-02 1.421249767237972930e-02
1.362749999999911665e+02 3.875411839808810127e-02 1.393040350886698420e-02
1.364250000000255056e+02 3.724189685949525624e-02 1.378015044465985203e-02
1.365749999999744659e+02 3.555090825004936228e-02 1.320160416879751983e-02
1.367250000000091177e+02 3.427751484950627286e-02 1.304897008959058843e-02
1.368750000000000000e+02 3.270780844074409194e-02 1.273452204847105342e-02
1.370249999999907118e+02 3.128313514890248420e-02 1.243761148382946727e-02
1.371750000000256193e+02 2.953782835111776889e-02 1.204814519625257811e-02
1.373249999999743522e+02 2.802490917205873941e-02 1.156733486731234030e-02
1.374750000000095724e+02 2.675272912068190831e-02 1.139103677180380338e-02
1.376250000000000000e+02 2.507012087697852235e-02 1.117697772964340239e-02
1.377749999999902286e+02 2.362398579294197262e-02 1.069706250016687690e-02
1.379250000000257330e+02 2.227626119061274293e-02 1.042303362877688988e-02
1.380749999999742386e+02 2.073518077137237459e-02 1.003770418499070650e-02
1.382250000000100272e+02 1.916818988007877242e-02 9.693765469157995460e-03
1.383750000000000000e+02 1.767369120245382633e-02 9.312133614979935248e-03
1.385249999999898023e+02 1.633330879032400540e-02 8.856278065603538641e-03
1.386750000000258467e+02 1.487500230306132085e-02 8.489923208902312030e-03
1.388249999999741249e+02 1.329772384107158478e-02 8.053529802108702618e-03
1.389750000000104535e+02 1.178621811783720809e-02 7.493752223042586362e-03
1.391250000000000000e+02 1.052000258609834052e-02 7.194192489866350036e-03
1.392749999999893475e+02 8.963554687643681892e-03 6.589667828862153832e-03
1.394250000000259604e+02 7.709739493511090676e-03 6.190512352082384526e-03
1.395749999999740112e+02 6.307463777888732727e-03 5.604641466840904092e-03
1.397250000000109367e+02 4.885958901655137847e-03 4.936104445373010359e-03
1.398750000000000000e+02 3.442616498907696745e-03 4.092245944410238812e-03
1.400249999999889212e+02 2.093564444108205521e-03 3.186371829202412805e-03
1.401750000000260741e+02 6.457403251644952720e-04 1.794671643702605394e-03
