# Radius RDF_mean RDF_std
7.500000000000896228e-02 1.073978529560520173e-01 6.306808774262666617e-01
2.249999999999577616e-01 1.088394415206971333e-01 3.703001460433469338e-01
3.750000000000000000e-01 1.067243522321875415e-01 2.853931817607819887e-01
5.249999999999700462e-01 1.126541178707183982e-01 2.469548905932302252e-01
6.750000000001169509e-01 1.148105916970714180e-01 2.218009136175249363e-01
8.249999999998777200e-01 1.231581095706485440e-01 2.079113213067668442e-01
9.750000000001839418e-01 1.247855282915300013e-01 1.910869275953648305e-01
1.125000000000000000e+00 1.310855108852965745e-01 1.835750263519400072e-01
1.274999999999773648e+00 1.423755140050503576e-01 1.786600545369492754e-01
1.424999999999764455e+00 1.502453485536201505e-01 1.739173545403295829e-01
1.575000000000282396e+00 1.625457844943824226e-01 1.739741432626876749e-01
1.725000000000170397e+00 1.753059136289282782e-01 1.691633616443483090e-01
1.875000000000000000e+00 1.910230343873808023e-01 1.699856142735230446e-01
2.025000000000070521e+00 2.135948646359452641e-01 1.731600591622145247e-01
2.174999999999594813e+00 2.333189885354267912e-01 1.737653769295136874e-01
2.325000000000426059e+00 2.554385711023999250e-01 1.754472949791184844e-01
2.474999999999678124e+00 2.879653129042475945e-01 1.817000738855215625e-01
2.625000000000000000e+00 3.205117950699394869e-01 1.851925626846489259e-01
2.775000000000444444e+00 3.610522099441267341e-01 1.931828612715311144e-01
2.924999999999512212e+00 4.016917793488162802e-01 1.979543724436360619e-01
3.075000000000499334e+00 4.517504554659887428e-01 2.026833548530571905e-01
3.224999999999414779e+00 5.135766616438726118e-01 2.121433446758149988e-01
3.375000000000000000e+00 5.774761298547778088e-01 2.186168564502433687e-01
3.525000000000659384e+00 6.562214758230630052e-01 2.321571903633391221e-01
3.674999999999857714e+00 7.454781266090414471e-01 2.389356775069095828e-01
3.825000000000022382e+00 8.376586938413144168e-01 2.479126537866862268e-01
3.974999999999250466e+00 9.601052813466968150e-01 2.582893280837456063e-01
4.125000000000000000e+00 1.114587740954807282e+00 2.742809826929025752e-01
4.275000000000798828e+00 1.281182257830344673e+00 2.924043242044067625e-01
4.425000000000374634e+00 1.381713025738314116e+00 2.942881574596510896e-01
4.574999999999541878e+00 1.379539215039636613e+00 2.926975819087317965e-01
4.724999999999138112e+00 1.307759219136887863e+00 2.772838965619356388e-01
4.875000000000000000e+00 1.208378415110703985e+00 2.625113335838494266e-01
5.025000000000897415e+00 1.111647206009673594e+00 2.488843184552338161e-01
5.175000000000743228e+00 1.024320651991650788e+00 2.310463449656747492e-01
5.324999999999196376e+00 9.578614938849804306e-01 2.228810158964368293e-01
5.474999999999057287e+00 9.076410465288938800e-01 2.149457685427678122e-01
5.625000000000000000e+00 8.766352188679186197e-01 2.098733356851652521e-01
5.775000000000969358e+00 8.485329433779899011e-01 2.034832984156173252e-01
5.925000000001017675e+00 8.305461786713583816e-01 1.981908575793814298e-01
6.074999999998936140e+00 8.327009552980869644e-01 1.961232672772221242e-01
6.224999999998995115e+00 8.331494743766951760e-01 1.935439466899705752e-01
6.375000000000000000e+00 8.405305541328279562e-01 1.932690196733549137e-01
6.525000000001025313e+00 8.546446386536319384e-01 1.920362287277754543e-01
6.675000000001229949e+00 8.731421227977553823e-01 1.926734887077906910e-01
6.824999999998733635e+00 9.069100535077433412e-01 1.951104075758322010e-01
6.974999999999387690e+00 9.414128654539389851e-01 1.963948564250849460e-01
7.125000000000000000e+00 9.789184572473516033e-01 1.976579393732990630e-01
7.275000000000346745e+00 1.019441057553665875e+00 1.980195177659837824e-01
7.425000000001398703e+00 1.050748581583831998e+00 2.015727777259556930e-01
7.574999999998571099e+00 1.069543989191512834e+00 1.983471915573234434e-01
7.725000000000012079e+00 1.076218056273474444e+00 1.992106987096144699e-01
7.875000000000000000e+00 1.073734244226501433e+00 1.948038609345609795e-01
8.024999999999771205e+00 1.068804153063981355e+00 1.935445701546202601e-01
8.175000000001539036e+00 1.054772649865340473e+00 1.917031992597079959e-01
8.324999999998437872e+00 1.054181318755457619e+00 1.880031713789030168e-01
8.475000000000525446e+00 1.049869915737459580e+00 1.834432640353269861e-01
8.625000000000000000e+00 1.049182619813113559e+00 1.862313132986178066e-01
8.774999999999291589e+00 1.044805808618224585e+00 1.824424004303273339e-01
8.925000000001652722e+00 1.043842936889222139e+00 1.807622934152781080e-01
9.074999999998325961e+00 1.034791703407977215e+00 1.779168008302210169e-01
9.225000000000957101e+00 1.024338743330746260e+00 1.785940861996992701e-01
9.375000000000000000e+00 1.011768364987696733e+00 1.717513538551764529e-01
9.524999999998890132e+00 9.989010060002637692e-01 1.712855565130007029e-01
9.675000000001750422e+00 9.867560425599816165e-01 1.671180003800934732e-01
9.824999999998231814e+00 9.707883529994638661e-01 1.650255234029679718e-01
9.975000000001321254e+00 9.628775552341546362e-01 1.624483268358538346e-01
1.012500000000000000e+01 9.506153156240452207e-01 1.620718407048906406e-01
1.027499999999854730e+01 9.465570797707116846e-01 1.605983294980583842e-01
1.042500000000183391e+01 9.438700002281783519e-01 1.605309858149264191e-01
1.057499999999815010e+01 9.442768776930361430e-01 1.568391885908658745e-01
1.072500000000163745e+01 9.453222387813903227e-01 1.576624067250946837e-01
1.087500000000000000e+01 9.542946836978278835e-01 1.552678532380918908e-01
1.102499999999824887e+01 9.599639866282532186e-01 1.565071737644179450e-01
1.117500000000190674e+01 9.693235266104750503e-01 1.568564439541989819e-01
1.132499999999808082e+01 9.798813546575603217e-01 1.534452600245341247e-01
1.147500000000190923e+01 9.925270759990544311e-01 1.573472942250220830e-01
1.162500000000000000e+01 9.989416892237168444e-01 1.562052230873983982e-01
1.177499999999798952e+01 1.007698753470947839e+00 1.543218046711193614e-01
1.192500000000196891e+01 1.016375782391512717e+00 1.543215126766264156e-01
1.207499999999801865e+01 1.020328437710103398e+00 1.549066929154181427e-01
1.222500000000215081e+01 1.025566781786034554e+00 1.515775872084595410e-01
1.237500000000000000e+01 1.028171290767517121e+00 1.502814788025492176e-01
1.252499999999776215e+01 1.031233237335245745e+00 1.513331497270926917e-01
1.267500000000202398e+01 1.030131629007980276e+00 1.501040185201686639e-01
1.282499999999796536e+01 1.025976807605390784e+00 1.508560585496581119e-01
1.297500000000236220e+01 1.024312910449971969e+00 1.475243348905758978e-01
1.312500000000000000e+01 1.021367423754861781e+00 1.484197456818214245e-01
1.327499999999756142e+01 1.020460677852022657e+00 1.449862164379677743e-01
1.342500000000173088e+01 1.016697397659071633e+00 1.461247060474338000e-01
1.357499999999841833e+01 1.014851181450428408e+00 1.446371132705478180e-01
1.372500000000255049e+01 1.010798936019422056e+00 1.436678849512743883e-01
1.387500000000000000e+01 1.009395106349300075e+00 1.422214052227684655e-01
1.402499999999738023e+01 1.005232730957318354e+00 1.412382657490812432e-01
1.417500000000102034e+01 1.001917926177084528e+00 1.418873665503594395e-01
1.432499999999911111e+01 9.978544353732589078e-01 1.410616214774228494e-01
1.447500000000271925e+01 9.952152031398916465e-01 1.373112897355630302e-01
1.462500000000000000e+01 9.948237095508422057e-01 1.386458056945151507e-01
1.477499999999721680e+01 9.944086947242388730e-01 1.361186453662740214e-01
1.492500000000038618e+01 9.958882402231317155e-01 1.365377983763733927e-01
1.507499999999973639e+01 9.960335841239875698e-01 1.369577427790012736e-01
1.522500000000287201e+01 9.954992538638658406e-01 1.347412782181490187e-01
1.537500000000000000e+01 9.946084439247455666e-01 1.352552116501785084e-01
1.552499999999706937e+01 9.943926440958540391e-01 1.355720341610806290e-01
1.567499999999980886e+01 9.959742721536887222e-01 1.327927035850669513e-01
1.582500000000029772e+01 1.000537266323793917e+00 1.325213358947416875e-01
1.597500000000300879e+01 1.000611329062521371e+00 1.320867929629449822e-01
1.612500000000000000e+01 1.004930600726933854e+00 1.335222228250886878e-01
1.627499999999693969e+01 1.006393489888867565e+00 1.320218532438475478e-01
1.642499999999928662e+01 1.008988894142897941e+00 1.309833963708758320e-01
1.657500000000081286e+01 1.006922707366211700e+00 1.292333433941200982e-01
1.672500000000313847e+01 1.008916062592974949e+00 1.303198501033796530e-01
1.687500000000000000e+01 1.010035860845363453e+00 1.292377803292786287e-01
1.702499999999681535e+01 1.008284299570638032e+00 1.289640809788845932e-01
1.717499999999880700e+01 1.007514286065200659e+00 1.270652262562492751e-01
1.732500000000128182e+01 1.006189205910954065e+00 1.279472945915957893e-01
1.747500000000325215e+01 1.006623860670659232e+00 1.263817106036358440e-01
1.762500000000000000e+01 1.005824921332785449e+00 1.277381645024979473e-01
1.777499999999670521e+01 1.005053731157062202e+00 1.261758177721223617e-01
1.792499999999837357e+01 1.003069049631206910e+00 1.245906809209284538e-01
1.807500000000171170e+01 1.004541666876928030e+00 1.240238690868173677e-01
1.822500000000335874e+01 1.003049339985294663e+00 1.242905861312968985e-01
1.837500000000000000e+01 1.001212771827154402e+00 1.231375758539793308e-01
1.852499999999660218e+01 1.002610686987895239e+00 1.221719537014408496e-01
1.867499999999797211e+01 1.000287303393074811e+00 1.206749450398045681e-01
1.882500000000210960e+01 9.962663406162602930e-01 1.223480538753835695e-01
1.897500000000345466e+01 9.959212948043544289e-01 1.203115730694853530e-01
1.912500000000000000e+01 9.973475127959610109e-01 1.207091162673103457e-01
1.927499999999650626e+01 9.942187951912444532e-01 1.183733746556613065e-01
1.942499999999759908e+01 9.977068496379871698e-01 1.194710113263658391e-01
1.957500000000247198e+01 9.951765412049132786e-01 1.187115426222810355e-01
1.972500000000354348e+01 9.941267280238662574e-01 1.179046407405797137e-01
1.987500000000000000e+01 9.934722137214334614e-01 1.172498483959717730e-01
2.002499999999642100e+01 9.973493737203734666e-01 1.170946957411596184e-01
2.017499999999725446e+01 9.956658240718304631e-01 1.170942121462913293e-01
2.032500000000281304e+01 9.939928173853476157e-01 1.181525635597642232e-01
2.047500000000362874e+01 9.948949383715465222e-01 1.167977202925443853e-01
2.062500000000000000e+01 9.972680886707127046e-01 1.150778122130731440e-01
2.077499999999633928e+01 9.993017694299451970e-01 1.152021911368583257e-01
2.092499999999693472e+01 9.958635014307734012e-01 1.151856358298142674e-01
2.107500000000312212e+01 9.985402484668466361e-01 1.143626649249463167e-01
2.122500000000370690e+01 1.000718744912605151e+00 1.149885971137329099e-01
2.137500000000000000e+01 9.984964198223268417e-01 1.125390886873477436e-01
2.152499999999626468e+01 9.986046468426691414e-01 1.131723630362336253e-01
2.167499999999663984e+01 9.985162107305174395e-01 1.129210172675313983e-01
2.182500000000341700e+01 1.000795644926945727e+00 1.120193713689218995e-01
2.197500000000377796e+01 1.000007882939567327e+00 1.133092679737343483e-01
2.212500000000000000e+01 9.987910431484118279e-01 1.114910294415150799e-01
2.227499999999619718e+01 9.985151834084102784e-01 1.106947687621972765e-01
2.242499999999636273e+01 1.000020932803002305e+00 1.115315338330387374e-01
2.257500000000369056e+01 1.000182463737762539e+00 1.101137889620601162e-01
2.272500000000384546e+01 9.979357251084846059e-01 1.107647368258690007e-01
2.287500000000000000e+01 9.981836325140698296e-01 1.110735772632449880e-01
2.302499999999612967e+01 9.978859947162377342e-01 1.109997935044725048e-01
2.317499999999610338e+01 9.984277230383261648e-01 1.086058611792556222e-01
2.332500000000394635e+01 9.977186949183700637e-01 1.085633822780348451e-01
2.347500000000390941e+01 9.948160549525878471e-01 1.094149762502136664e-01
2.362500000000000000e+01 9.969890907829005444e-01 1.081884470848107627e-01
2.377499999999606928e+01 9.971087626129719883e-01 1.078316198396316733e-01
2.392499999999586180e+01 9.965345641735384730e-01 1.085243814203321194e-01
2.407500000000418439e+01 9.974657200333414409e-01 1.071285005944624391e-01
2.422500000000396625e+01 9.967858576581145602e-01 1.085207560102532387e-01
2.437500000000000000e+01 9.961994331872998654e-01 1.064201566113433112e-01
2.452499999999600888e+01 9.972796720386057912e-01 1.052901539592622643e-01
2.467499999999563087e+01 9.976854191913062664e-01 1.064230336964303303e-01
2.482500000000441176e+01 9.951347337131174475e-01 1.062971363494306376e-01
2.497500000000402309e+01 9.971430003020820276e-01 1.046116114122454116e-01
2.512500000000000000e+01 9.952920588784692768e-01 1.044758330963291709e-01
2.527499999999595559e+01 9.966496135379603327e-01 1.040344206588626474e-01
2.542499999999541771e+01 9.968842499159853432e-01 1.037540329169554659e-01
2.557500000000462137e+01 9.980855013780065565e-01 1.042057075095742386e-01
2.572500000000407638e+01 9.952926616855750641e-01 1.046380870734275187e-01
2.587500000000000000e+01 9.977713674496702101e-01 1.043080944589706432e-01
2.602499999999590585e+01 9.988326880070156344e-01 1.031160053181002512e-01
2.617499999999521521e+01 9.956304496769297074e-01 1.035216300894126751e-01
2.632500000000482032e+01 9.980171441751141126e-01 1.019734038110095276e-01
2.647500000000383480e+01 9.987020411306419820e-01 1.020945545165284074e-01
2.662500000000000000e+01 9.973778479153158072e-01 1.024252230018947024e-01
2.677499999999647073e+01 9.973933128928763603e-01 1.017084791576432501e-01
2.692499999999502691e+01 9.981707591525759149e-01 1.016329448785674716e-01
2.707500000000501217e+01 9.974895497816329559e-01 1.016273256243104550e-01
2.722500000000308873e+01 9.981544475500384594e-01 1.014239911361267260e-01
2.737500000000000000e+01 9.973767694667646788e-01 1.018020818135165345e-01
2.752499999999719549e+01 9.983383053667910234e-01 1.011125863109230832e-01
2.767499999999484928e+01 9.977223475273847564e-01 9.991944299279578723e-02
2.782500000000518625e+01 9.971656471364762631e-01 1.001027585967023820e-01
2.797500000000238529e+01 9.984279827674601426e-01 9.796833090730208693e-02
2.812500000000000000e+01 9.988167239786127638e-01 9.966450619601771588e-02
2.827499999999788827e+01 9.950668229287169542e-01 9.904748033142646291e-02
2.842499999999467164e+01 9.973956866218266493e-01 9.881371658151984205e-02
2.857500000000536033e+01 9.988987054589347769e-01 9.843638130768543604e-02
2.872500000000171028e+01 9.968329336392408591e-01 9.833200813873820001e-02
2.887500000000000000e+01 9.976603212817757305e-01 9.904886377427227218e-02
2.902499999999854552e+01 9.973571353769368208e-01 9.671039908789579032e-02
2.917499999999451177e+01 9.961972682389423905e-01 9.679826106665982699e-02
2.932500000000552021e+01 9.962234431973261417e-01 9.731184397395431507e-02
2.947500000000107434e+01 9.963559444140814847e-01 9.734810014536363076e-02
2.962500000000000000e+01 9.985471113581543268e-01 9.716583483914323360e-02
2.977499999999917080e+01 9.977393550682093215e-01 9.628182539021359898e-02
2.992499999999435900e+01 9.970755619035751582e-01 9.603879051699308611e-02
3.007500000000566942e+01 9.978266629511705066e-01 9.682026229777136728e-02
3.022500000000047393e+01 9.982951240221478173e-01 9.611926231840230150e-02
3.037500000000000000e+01 9.973563909709391995e-01 9.563699072299394754e-02
3.052499999999976410e+01 9.967507838879045012e-01 9.658025511719287026e-02
3.067499999999420623e+01 9.977889978099042656e-01 9.585842762878779566e-02
3.082500000000581508e+01 9.986605972984202717e-01 9.467573657257366548e-02
3.097499999999989839e+01 9.975276724571581211e-01 9.421816462419906058e-02
3.112500000000000000e+01 9.982583452195082918e-01 9.389402057628547238e-02
3.127500000000032898e+01 9.989637167117968453e-01 9.446186618057131335e-02
3.142499999999406768e+01 9.979160730306235738e-01 9.440786342079843241e-02
3.157500000000595364e+01 9.997135011500585255e-01 9.438374624911877175e-02
3.172499999999935127e+01 9.997661716575834134e-01 9.369205816389630792e-02
3.187500000000000000e+01 9.992135025387011149e-01 9.345923494559374434e-02
3.202500000000086544e+01 9.975645888353293911e-01 9.355633076876075649e-02
3.217499999999394333e+01 1.000350691888221233e+00 9.362375416843399245e-02
3.232500000000609219e+01 9.988620067094563515e-01 9.405056209550635704e-02
3.247499999999882903e+01 1.001716995242208696e+00 9.377128586410934941e-02
3.262500000000000000e+01 9.969035621062116714e-01 9.314814678718769114e-02
3.277500000000137703e+01 9.994054993536437559e-01 9.293749659048299028e-02
3.292499999999381544e+01 1.000854683960053393e+00 9.275059692488894780e-02
3.307500000000621299e+01 9.995591125069405170e-01 9.136637347360263006e-02
3.322499999999832454e+01 9.989168871594623633e-01 9.108865728300932774e-02
3.337500000000000000e+01 9.999601101902373390e-01 9.117753603959448394e-02
3.352500000000186731e+01 9.995881258383074730e-01 9.122389294834641615e-02
3.367499999999368754e+01 9.999499462877290412e-01 9.091115598356949712e-02
3.382500000000633378e+01 1.000852251139362048e+00 9.186835514049206119e-02
3.397499999999784848e+01 1.000211825191640980e+00 8.950895179012879899e-02
3.412500000000000000e+01 1.000846953085294588e+00 8.979485895023736619e-02
3.427500000000233626e+01 9.998000685705260571e-01 9.156163046538307038e-02
3.442499999999357385e+01 1.001866773159844293e+00 8.916581051456512474e-02
3.457500000000644746e+01 1.000429398029362149e+00 8.839342173440055406e-02
3.472499999999739373e+01 1.000992998513897669e+00 8.929751123224322074e-02
3.487500000000000000e+01 1.001495570102431953e+00 8.979232053470183328e-02
3.502500000000278391e+01 1.000335463785906320e+00 8.928728530934175456e-02
3.517499999999346016e+01 1.000437039172417997e+00 8.848269689533247440e-02
3.532500000000656115e+01 1.000534596552158817e+00 8.941442206210090116e-02
3.547499999999695319e+01 9.999204535886637712e-01 8.917829835473188582e-02
3.562500000000000000e+01 1.000244277942098359e+00 8.884649796934751542e-02
3.577500000000321734e+01 1.000442817495643455e+00 8.681898228919596172e-02
3.592499999999336069e+01 9.999273033653810483e-01 8.825268745477543586e-02
3.607500000000666773e+01 1.000915535643683851e+00 8.803548911874455041e-02
3.622499999999653397e+01 9.995754467764752516e-01 8.841048428015592375e-02
3.637500000000000000e+01 1.000037078140376012e+00 8.740239023832385712e-02
3.652500000000362235e+01 1.000199320150151339e+00 8.636225236148220574e-02
3.667499999999325411e+01 1.000911738159405040e+00 8.686695660247364947e-02
3.682500000000676721e+01 1.000533940838157942e+00 8.698479500311688539e-02
3.697499999999613607e+01 1.000060376498415282e+00 8.756681313913995679e-02
3.712500000000000000e+01 9.998300711848804312e-01 8.695979502401555983e-02
3.727500000000402736e+01 9.988594305912830151e-01 8.634238156674821363e-02
3.742499999999315463e+01 9.987142284584268337e-01 8.601832258945654730e-02
3.757500000000686668e+01 9.985848747782134494e-01 8.578049556861559732e-02
3.772499999999575238e+01 9.988658528150907712e-01 8.671491936494722663e-02
3.787500000000000000e+01 9.998084355101256593e-01 8.497797341997061216e-02
3.802500000000440394e+01 9.996138894032086109e-01 8.609340990065446342e-02
3.817499999999306226e+01 9.990031076881562555e-01 8.635164081867077734e-02
3.832500000000695906e+01 9.997197377740373314e-01 8.543259579507363199e-02
3.847499999999537579e+01 1.000216757856122962e+00 8.465030090375706695e-02
3.862500000000000000e+01 9.986579843695443381e-01 8.447863261548223257e-02
3.877500000000476632e+01 1.000616119887524524e+00 8.385572644186217728e-02
3.892499999999297700e+01 9.980885248548601041e-01 8.464767363200882688e-02
3.907500000000705143e+01 9.993391175151276062e-01 8.468917604468126359e-02
3.922499999999502052e+01 9.980140931163016260e-01 8.519880620442195351e-02
3.937500000000000000e+01 9.992184927537062222e-01 8.340561003226368286e-02
3.952500000000512159e+01 1.000115490915234551e+00 8.477066205011328515e-02
3.967499999999288463e+01 9.993095528005365713e-01 8.423770757143256294e-02
3.982500000000712959e+01 9.989623909909944866e-01 8.336868849998094189e-02
3.997499999999467946e+01 9.998148045329483535e-01 8.231360159252498754e-02
4.012500000000000000e+01 9.988781138436717555e-01 8.274255005039812816e-02
4.027500000000545555e+01 9.995970493409050972e-01 8.340731761761997765e-02
4.042499999999279936e+01 9.995729863491986666e-01 8.219121325729411565e-02
4.057500000000721485e+01 9.994990202354695485e-01 8.254966311853523253e-02
4.072499999999434550e+01 9.989266991521370542e-01 8.288004086550503080e-02
4.087500000000000000e+01 9.995568626572528537e-01 8.136112921965044098e-02
4.102500000000578240e+01 1.000138782414514038e+00 8.248415672095130158e-02
4.117499999999272120e+01 1.000484997586473135e+00 8.338298067935227820e-02
4.132500000000730012e+01 9.984223542475612057e-01 8.239294441962445592e-02
4.147499999999402576e+01 9.990485755825444514e-01 8.275479292055513969e-02
4.162500000000000000e+01 9.999356953976068496e-01 8.104256922471370084e-02
4.177500000000609504e+01 9.974711396369765337e-01 8.212296237782362729e-02
4.192499999999264304e+01 9.990771632304231709e-01 8.228843251938657011e-02
4.207500000000737828e+01 9.983967984067669832e-01 8.103149799241096685e-02
4.222499999999372022e+01 1.000578286237479686e+00 8.055029642186874173e-02
4.237500000000000000e+01 9.974169999229288708e-01 8.070336937687865031e-02
4.252500000000640057e+01 1.000795957307582640e+00 8.004408568944310076e-02
4.267499999999256488e+01 9.998657259333021408e-01 8.036281042456924761e-02
4.282500000000744933e+01 9.986609284370361328e-01 8.083833787259256387e-02
4.297499999999342180e+01 1.000149810588436550e+00 8.068334370911814379e-02
4.312500000000000000e+01 9.998910876253201963e-01 8.037998507450420937e-02
4.327500000000669900e+01 9.998614405546641937e-01 8.026236877023279481e-02
4.342499999999249383e+01 9.993012692531025865e-01 8.038609626826263843e-02
4.357500000000752038e+01 9.999357057982340979e-01 8.045492738306751768e-02
4.372499999999313758e+01 9.989325850139906260e-01 7.959707385721521977e-02
4.387500000000000000e+01 1.000262773474996258e+00 7.950905141999943526e-02
4.402500000000697611e+01 1.000058799651290631e+00 7.985394258462179262e-02
4.417499999999242277e+01 1.001036894064631699e+00 7.987873334722649099e-02
4.432500000000759144e+01 9.995041304353917688e-01 7.855939580034312919e-02
4.447499999999286047e+01 9.988497066104172761e-01 7.838888520058420739e-02
4.462500000000000000e+01 9.999434210649683630e-01 7.845437566638130411e-02
4.477500000000724611e+01 9.996367052181895918e-01 7.935302613185749032e-02
4.492499999999235882e+01 9.999040430597094797e-01 7.894326694716331805e-02
4.507500000000766249e+01 9.989429497255587487e-01 7.857118924230195589e-02
4.522499999999259757e+01 1.000132658392303364e+00 7.897933641311870312e-02
4.537500000000000000e+01 9.991795969024052093e-01 7.826314084144939121e-02
4.552500000000750902e+01 9.999961544842623784e-01 7.827433170055481115e-02
4.567499999999228777e+01 1.000697520217407321e+00 7.827548211644759502e-02
4.582500000000772644e+01 1.000385124197890718e+00 7.873163928883683549e-02
4.597499999999233466e+01 9.992987060936484589e-01 7.768439876910417097e-02
4.612500000000000000e+01 9.997758813803885314e-01 7.809946336603842965e-02
4.627500000000776481e+01 9.998924369753428021e-01 7.742421139541853792e-02
4.642499999999223093e+01 1.000950522413250443e+00 7.845674882097532221e-02
4.657500000000779039e+01 9.996048478253033442e-01 7.733089292293976458e-02
4.672499999999207887e+01 9.995360361716740805e-01 7.750963315215751714e-02
4.687500000000000000e+01 9.992249838328601808e-01 7.678267527584757557e-02
4.702500000000801350e+01 1.000650594822148687e+00 7.650093477529193442e-02
4.717499999999216698e+01 9.996519048308564193e-01 7.753161746926549858e-02
4.732500000000784723e+01 9.990069100213976316e-01 7.633159863657899835e-02
4.747499999999183729e+01 1.000687695067321359e+00 7.609790642448256703e-02
4.762500000000000000e+01 1.000818354764387852e+00 7.712041917640199973e-02
4.777500000000825509e+01 9.993538845681876337e-01 7.542193577781731995e-02
4.792499999999211013e+01 9.998125421280114056e-01 7.692990565941491832e-02
4.807500000000790408e+01 1.001381571940745507e+00 7.603650782631120320e-02
4.822499999999160281e+01 9.998333108742400999e-01 7.567850111741174224e-02
4.837500000000000000e+01 9.988872882926227437e-01 7.586105533712381166e-02
4.852500000000848956e+01 9.995816163302346791e-01 7.563953287218175281e-02
4.867499999999204618e+01 9.997930357723741057e-01 7.496700482106931351e-02
4.882500000000796092e+01 9.996040676592813368e-01 7.628770370166322590e-02
4.897499999999137543e+01 9.995742535463114642e-01 7.536411050575531068e-02
4.912500000000000000e+01 9.992594753665757779e-01 7.446600999356409178e-02
4.927500000000870983e+01 9.996801347990985631e-01 7.536064870708096552e-02
4.942499999999198934e+01 1.000416319195212012e+00 7.459932713884118161e-02
4.957500000000802487e+01 9.998324992077677331e-01 7.425739418068820485e-02
4.972499999999115516e+01 1.000184565589479657e+00 7.491972861713910858e-02
4.987500000000000000e+01 1.000311918357576602e+00 7.340505411106543199e-02
5.002500000000893010e+01 1.000640827453880277e+00 7.475276037717396016e-02
5.017499999999193960e+01 1.000519243380176837e+00 7.497779774235717454e-02
5.032500000000807461e+01 9.996000777580623664e-01 7.367264266643751280e-02
5.047499999999094200e+01 1.000953886955495697e+00 7.445954896441836501e-02
5.062500000000000000e+01 1.001870881442635586e+00 7.405957388725636914e-02
5.077500000000914326e+01 1.001441405259608119e+00 7.496340012078508974e-02
5.092499999999188276e+01 1.000607275764491710e+00 7.457340339752882574e-02
5.107500000000812435e+01 1.002747545953381225e+00 7.376095912586501380e-02
5.122499999999072884e+01 1.000488491032291760e+00 7.419321185451877021e-02
5.137500000000000000e+01 1.001590922454125065e+00 7.427247544789497558e-02
5.152500000000934932e+01 1.001082220646861920e+00 7.391689661644366971e-02
5.167499999999183302e+01 1.001335130182912314e+00 7.361191358490998260e-02
5.182500000000818119e+01 1.001766143606590109e+00 7.509371305039289068e-02
5.197499999999052989e+01 1.000053587453731074e+00 7.272395577598328442e-02
5.212500000000000000e+01 1.001130502995299931e+00 7.258849793310306886e-02
5.227500000000954827e+01 1.001019874830100687e+00 7.376546276616666176e-02
5.242499999999178328e+01 1.000313626453176008e+00 7.314555663707104916e-02
5.257500000000806040e+01 1.000642340550213616e+00 7.275463259286417406e-02
5.272499999999033804e+01 9.998013939036873854e-01 7.244039299050132608e-02
5.287500000000000000e+01 1.001703249280819330e+00 7.159909611297227139e-02
5.302500000000974723e+01 1.000655528313020959e+00 7.184242175270322273e-02
5.317499999999255778e+01 9.989960117997205291e-01 7.300495592154833402e-02
5.332500000000729301e+01 1.000761440247368350e+00 7.279680828403106707e-02
5.347499999999015330e+01 1.001957088394580087e+00 7.188917882212847443e-02
5.362500000000000000e+01 1.000927813886577145e+00 7.223098596905086488e-02
5.377500000000993197e+01 1.000406807370848306e+00 7.185388201439049660e-02
5.392499999999331095e+01 1.000776236543061470e+00 7.230578506608580092e-02
5.407500000000654694e+01 1.000932267889903526e+00 7.170072829583792884e-02
5.422499999998996145e+01 9.998849674634727736e-01 7.178277139325120459e-02
5.437500000000000000e+01 1.000894058526603736e+00 7.145851185846566200e-02
5.452500000001011671e+01 1.001142130835032340e+00 7.142606083884321666e-02
5.467499999999403570e+01 9.998074055035127694e-01 7.080386750299502707e-02
5.482500000000581508e+01 1.000029444737616791e+00 7.181006639098584665e-02
5.497499999998977671e+01 1.000798560118450142e+00 7.125400202799962723e-02
5.512500000000000000e+01 1.001156901909028285e+00 7.160488798470826532e-02
5.527500000001029434e+01 1.002539274074949249e+00 7.075467855997162603e-02
5.542499999999475335e+01 1.000943949292635304e+00 7.117908990178217765e-02
5.557500000000510454e+01 1.001598079274777620e+00 7.030513979698582716e-02
5.572499999998960618e+01 1.000988957106073052e+00 7.154601674833663272e-02
5.587500000000000000e+01 1.001812986984683684e+00 7.030004052268420955e-02
5.602500000001046487e+01 1.002391870385418216e+00 7.075374927038105555e-02
5.617499999999544258e+01 1.001194622576023541e+00 7.160558049227251642e-02
5.632500000000441531e+01 1.001837226179357110e+00 7.070846332278785118e-02
5.647499999998942855e+01 9.998247708296897907e-01 7.112498621189400350e-02
5.662500000000000000e+01 1.000647199842045421e+00 7.028078855666720914e-02
5.677500000001062830e+01 9.999594394534075947e-01 7.020182810997484257e-02
5.692499999999611759e+01 1.001094612743325341e+00 7.023456103658445859e-02
5.707500000000374030e+01 1.000580774941562279e+00 7.020923675057989810e-02
5.722499999998926512e+01 1.001339123729611202e+00 7.044642625226556210e-02
5.737500000000000000e+01 1.001661433956328562e+00 6.956457312720765174e-02
5.752500000001079172e+01 1.001993524403116620e+00 6.941717307901275336e-02
5.767499999999677129e+01 1.001409354162076104e+00 6.885562979512649395e-02
5.782500000000310081e+01 1.000926826482745113e+00 7.062614601852897078e-02
5.797499999998910170e+01 9.994795998761700773e-01 6.991251194361761123e-02
5.812500000000000000e+01 1.000976158679365291e+00 6.921284432185971502e-02
5.827500000001095515e+01 1.001231780663040860e+00 6.887993885085340329e-02
5.842499999999741078e+01 1.000716269433111316e+00 6.959964740527579963e-02
5.857500000000246132e+01 1.001438809365460481e+00 6.808354377446908245e-02
5.872499999998893827e+01 1.000630089828069114e+00 6.835026879727880422e-02
5.887500000000000000e+01 1.000833874685627567e+00 6.850310350866237186e-02
5.902500000001111857e+01 1.001749190763576047e+00 6.897390107639134182e-02
5.917499999999803606e+01 1.001387400896955882e+00 6.816294539546921549e-02
5.932500000000184315e+01 1.000370327073188736e+00 6.825748775927320544e-02
5.947499999998878906e+01 9.989227224704589903e-01 6.947944655004111014e-02
5.962500000000000000e+01 9.995906286259527151e-01 6.822600738971987266e-02
5.977500000001126779e+01 1.000580629775530639e+00 6.772124488928200903e-02
5.992499999999864002e+01 1.000656426409115118e+00 6.813550763992388959e-02
6.007500000000123919e+01 9.990173454004712683e-01 6.839327272128338520e-02
6.022499999998863984e+01 9.995694799630803207e-01 6.805558262660879598e-02
6.037500000000000000e+01 9.991912262490253438e-01 6.816213496751430401e-02
6.052500000001142411e+01 9.994896453547365001e-01 6.759586816844231905e-02
6.067499999999923688e+01 9.990518830111843052e-01 6.776127336831505588e-02
6.082500000000064944e+01 9.987643333147731006e-01 6.790312461597539095e-02
6.097499999998849773e+01 9.983395100459685478e-01 6.686961921209652604e-02
6.112500000000000000e+01 9.987494077572764972e-01 6.813242046056673662e-02
6.127500000001155911e+01 9.989459690396551572e-01 6.712944486745629769e-02
6.142499999999980531e+01 9.992033039764177671e-01 6.758987493314973227e-02
6.157500000000007390e+01 9.989875044366458567e-01 6.755676122631053271e-02
6.172499999998834852e+01 9.989282127025371771e-01 6.718936837975847398e-02
6.187500000000000000e+01 1.000323228788762675e+00 6.783431610239464005e-02
6.202500000001170122e+01 9.994044750307191638e-01 6.722133739105064232e-02
6.217500000000037375e+01 9.987676915505094843e-01 6.719511878531993221e-02
6.232499999999951967e+01 9.996897812513526604e-01 6.684978607459032829e-02
6.247499999998820641e+01 9.980319111256737985e-01 6.706733579608274709e-02
6.262500000000000000e+01 9.999693567118533855e-01 6.603193746995825175e-02
6.277500000001184333e+01 9.981886411012044213e-01 6.661137768630377709e-02
6.292500000000092086e+01 9.997037279347941174e-01 6.637196356415328569e-02
6.307499999999897256e+01 9.987853398280617245e-01 6.621179482232271429e-02
6.322499999998807851e+01 9.997041823170041974e-01 6.564918222527826863e-02
6.337500000000000000e+01 1.001320128333811565e+00 6.607703002716396046e-02
6.352500000001197833e+01 1.000679725001446307e+00 6.633937327400200867e-02
6.367500000000146798e+01 9.997748427555960271e-01 6.602828926352835581e-02
6.382499999999843254e+01 9.998629460172261396e-01 6.564687041921882238e-02
6.397499999998793641e+01 9.998963457223571938e-01 6.550362217065179571e-02
6.412500000000000000e+01 9.991022094470165538e-01 6.562561659041854512e-02
6.427500000001211333e+01 9.996396992385703228e-01 6.519789390467649326e-02
6.442500000000200089e+01 9.997613150011555039e-01 6.645497398612745799e-02
6.457499999999791385e+01 9.985835168317229726e-01 6.567685660806281411e-02
6.472499999998781561e+01 1.000099706663080790e+00 6.537670032929354669e-02
6.487500000000000000e+01 1.001224234747088548e+00 6.513112999312072049e-02
6.502500000001224123e+01 1.000642596545631813e+00 6.565721655968713433e-02
6.517500000000251248e+01 1.000117531159931072e+00 6.572823942859470914e-02
6.532499999999740226e+01 1.000507791661074508e+00 6.546848349790977684e-02
6.547499999998768772e+01 1.001598278692109378e+00 6.491704667414452401e-02
6.562500000000000000e+01 9.999663227077372207e-01 6.513089077967146312e-02
6.577500000001236913e+01 1.000439861471593916e+00 6.572244667585266931e-02
6.592500000000300986e+01 1.001535482433060453e+00 6.508302975601591711e-02
6.607499999999690488e+01 1.000404241797495208e+00 6.526088207933938845e-02
6.622499999998755982e+01 9.998582668178741528e-01 6.446062585408059153e-02
6.637500000000000000e+01 9.999417710426192762e-01 6.518435746855066881e-02
6.652500000001249703e+01 1.000870703551070440e+00 6.461493417704385067e-02
6.667500000000349303e+01 1.001507595662840311e+00 6.436345538772693387e-02
6.682499999999640750e+01 1.002267248740769112e+00 6.462586189535400594e-02
6.697499999998743192e+01 9.995286488042324224e-01 6.486017407531464996e-02
6.712500000000000000e+01 1.000012735900429162e+00 6.475168226335586974e-02
6.727500000001261071e+01 1.000774302216929978e+00 6.434819536343103219e-02
6.742500000000397620e+01 1.001467157674658104e+00 6.408994895977015993e-02
6.757499999999593854e+01 1.000482562150819987e+00 6.364311267020654472e-02
6.772499999998731823e+01 1.000426737115566622e+00 6.440109782852143638e-02
6.787500000000000000e+01 1.001442154944486296e+00 6.407397781674581405e-02
6.802500000001272440e+01 1.000105540366719392e+00 6.440581420649746369e-02
6.817500000000444516e+01 1.000832724135193752e+00 6.369700513428483424e-02
6.832499999999546958e+01 1.000746591275561537e+00 6.428140814052610286e-02
6.847499999998720455e+01 1.001130888083534343e+00 6.325425353589599065e-02
6.862500000000000000e+01 9.989453194773492140e-01 6.301016050865684837e-02
6.877500000001283809e+01 1.001884991660404012e+00 6.364499192623743196e-02
6.892500000000489990e+01 1.000934155590078811e+00 6.314277226468174853e-02
6.907499999999501483e+01 1.001644690080580880e+00 6.360529472507825410e-02
6.922499999998709086e+01 1.000242364215691238e+00 6.385212661165151626e-02
6.937500000000000000e+01 1.000160498156464239e+00 6.380150681986535011e-02
6.952500000001295177e+01 1.002113883590624921e+00 6.349679817313437502e-02
6.967500000000535465e+01 1.000610591948204009e+00 6.363447723118192956e-02
6.982499999999456008e+01 1.001165734306085131e+00 6.336843500225802783e-02
6.997499999998697717e+01 9.999372158525732246e-01 6.335763211813549844e-02
7.012500000000000000e+01 1.001402648843910281e+00 6.271291762587909158e-02
7.027500000001306546e+01 1.000315600558840501e+00 6.252238050802813585e-02
7.042500000000579519e+01 1.001260799599881679e+00 6.320265427792566559e-02
7.057499999999413376e+01 1.001417792714721866e+00 6.257882839399168950e-02
7.072499999998686349e+01 1.000272800067252277e+00 6.362878665135980605e-02
7.087500000000000000e+01 1.000354723541645230e+00 6.236112267086860173e-02
7.102500000001316494e+01 9.996384148627210919e-01 6.207064170599206621e-02
7.117500000000620730e+01 1.002080538720647729e+00 6.343609781073568377e-02
7.132499999999369322e+01 1.000081686706676853e+00 6.278137668153493944e-02
7.147499999998676401e+01 1.001823909571905702e+00 6.208972050959076644e-02
7.162500000000000000e+01 1.000181337242342261e+00 6.294837216822135595e-02
7.177500000001327862e+01 1.001540936339176735e+00 6.330257155347675246e-02
7.192500000000663363e+01 1.001653589001973765e+00 6.209214055589161452e-02
7.207499999999328111e+01 1.002119394572237310e+00 6.251692785507617645e-02
7.222499999998666453e+01 1.000856224682228568e+00 6.162414782780845784e-02
7.237500000000000000e+01 1.000819721599215617e+00 6.244941671898053548e-02
7.252500000001337810e+01 1.001021491536336239e+00 6.250654119983693746e-02
7.267500000000704574e+01 1.001023624081663677e+00 6.192925004271257472e-02
7.282499999999286899e+01 1.001783503648208118e+00 6.220292870643956418e-02
7.297499999998655085e+01 1.000514485504780282e+00 6.169525148575819018e-02
7.312500000000000000e+01 1.000270649905542264e+00 6.178419939580812731e-02
7.327500000001347757e+01 1.001246047638031378e+00 6.135475125238262772e-02
7.342500000000745786e+01 1.001464457719821732e+00 6.120382981792180793e-02
7.357499999999247109e+01 1.001342006370006033e+00 6.209001311795871864e-02
7.372499999998646558e+01 1.001800206986924069e+00 6.225272828151968280e-02
7.387500000000000000e+01 1.001138613093886853e+00 6.107831255965773254e-02
7.402500000001359126e+01 1.002857290324018269e+00 6.176654231907201947e-02
7.417500000000785576e+01 1.000498683855149507e+00 6.222177643829159693e-02
7.432499999999207319e+01 1.000691888009684671e+00 6.095312157563803623e-02
7.447499999998635190e+01 1.001924425440067878e+00 6.123552607022586525e-02
7.462500000000000000e+01 1.002514924491423320e+00 6.184367631561518003e-02
7.477500000001367653e+01 1.001890300041802240e+00 6.007942095329575627e-02
7.492500000000823945e+01 1.002024099722210737e+00 6.125222170433683444e-02
7.507499999999168949e+01 1.000983733920658647e+00 6.078217811181923363e-02
7.522499999998626663e+01 1.002218205326279143e+00 6.080470841829713202e-02
7.537500000000000000e+01 1.002135838862569184e+00 6.090305633603058932e-02
7.552500000001377600e+01 1.001295198177205803e+00 6.134664335505787131e-02
7.567500000000862315e+01 1.001396041652812929e+00 6.059954976099550528e-02
7.582499999999130580e+01 1.000957208363038031e+00 6.100015188794223608e-02
7.597499999998616715e+01 1.002628371558952569e+00 6.127148367927363892e-02
7.612500000000000000e+01 1.001854941669273025e+00 6.035426865740902563e-02
7.627500000001386127e+01 1.000084966947557774e+00 6.020129869232769548e-02
7.642500000000899263e+01 1.002009202602724969e+00 6.023757471239389594e-02
7.657499999999093632e+01 1.001458590442237950e+00 5.962221606575267979e-02
7.672499999998608189e+01 1.001289489366700813e+00 6.099520879726230693e-02
7.687500000000000000e+01 1.001785826304234295e+00 6.035697995901047330e-02
7.702500000001396074e+01 1.000398694144135625e+00 6.049312254138558553e-02
7.717500000000934790e+01 1.000407323434223006e+00 6.049878059729386220e-02
7.732499999999058105e+01 1.002292363013022714e+00 5.978890645249310132e-02
7.747499999998598241e+01 1.001436325043518316e+00 6.110215480129251031e-02
7.762500000000000000e+01 1.001352874295069251e+00 6.030893837220686199e-02
7.777500000001404601e+01 1.000939463188512457e+00 5.954906075938240506e-02
7.792500000000971738e+01 9.993764615044711253e-01 5.960011622706279377e-02
7.807499999999021156e+01 1.000698951676858295e+00 6.014576621674740803e-02
7.822499999998589715e+01 1.001954267460420489e+00 5.979555662998417565e-02
7.837500000000000000e+01 1.000588138694438856e+00 5.993204956079772883e-02
7.852500000001413127e+01 9.994271186576344501e-01 5.907581992160412798e-02
7.867500000001005844e+01 9.999219243837776938e-01 5.943157883925799523e-02
7.882499999998987050e+01 1.001892019842844039e+00 5.906296491659780018e-02
7.897499999998581188e+01 1.000602161120345501e+00 5.946863942787721652e-02
7.912500000000000000e+01 1.001340713173379360e+00 5.940503461330332718e-02
7.927500000001423075e+01 9.996407636894512061e-01 5.873448869840004055e-02
7.942500000001041371e+01 1.000258104731474029e+00 5.962452738829072257e-02
7.957499999998951523e+01 9.999913603486657587e-01 5.882336508162086530e-02
7.972499999998572662e+01 1.000054391763031791e+00 5.937126062689980499e-02
7.987500000000000000e+01 1.000594667023642748e+00 5.914544476535350120e-02
8.002500000001430180e+01 1.000212777159626087e+00 5.960388327595026597e-02
8.017500000001075477e+01 1.000332735164326969e+00 5.881192376765440044e-02
8.032499999998918838e+01 1.000994750043258108e+00 5.954657327549989915e-02
8.047499999998564135e+01 1.000025194261253025e+00 5.891532160083939873e-02
8.062500000000000000e+01 9.994808291238537201e-01 5.990891007036940052e-02
8.077500000001438707e+01 1.000109346904044516e+00 5.889896448832577375e-02
8.092500000001108162e+01 1.000439629246324680e+00 5.911228918257763199e-02
8.107499999998886153e+01 1.000697825212338410e+00 5.862941462481465610e-02
8.122499999998557030e+01 1.000005839926440432e+00 5.912616629542884888e-02
8.137500000000000000e+01 1.000608329366065030e+00 5.782179569526951779e-02
8.152500000001447233e+01 9.999867993192197435e-01 5.777776875111791111e-02
8.167500000001139426e+01 1.000537410056920873e+00 5.885374199006451756e-02
8.182499999998853468e+01 9.990086386120461404e-01 5.828321292243837659e-02
8.197499999998548503e+01 1.000731975422151310e+00 5.854800292750178548e-02
8.212500000000000000e+01 9.998456407369069598e-01 5.750383011356563490e-02
8.227500000001455760e+01 9.999770356514664504e-01 5.836789958137322820e-02
8.242500000001172111e+01 9.996513033051011021e-01 5.770088653746088814e-02
8.257499999998822204e+01 9.990846981943841687e-01 5.832482061282286828e-02
8.272499999998539977e+01 9.997019780557230284e-01 5.844932112820352965e-02
8.287500000000000000e+01 9.999394735984100668e-01 5.858194484408560387e-02
8.302500000001462865e+01 9.998560115112973268e-01 5.852881913527195612e-02
8.317500000001203375e+01 1.001084361157834168e+00 5.789025213473738413e-02
8.332499999998789519e+01 9.986048430475675808e-01 5.869867816191897542e-02
8.347499999998531450e+01 1.000998154908622872e+00 5.798408905112401035e-02
8.362500000000000000e+01 1.000529482358908373e+00 5.808660640803747777e-02
8.377500000001469971e+01 1.000959226623405751e+00 5.835519242518787814e-02
8.392500000001234639e+01 1.000226062467451049e+00 5.780361964729548163e-02
8.407499999998758256e+01 1.001072251309358840e+00 5.810942644431509041e-02
8.422499999998524345e+01 1.001646924827445106e+00 5.756128895771345927e-02
8.437500000000000000e+01 1.001389960774869525e+00 5.802374762951316434e-02
8.452500000001478497e+01 1.001127622455947330e+00 5.720772278017549617e-02
8.467500000001264482e+01 1.000958707826879568e+00 5.784036599460810890e-02
8.482499999998728413e+01 9.999796504709680400e-01 5.766881575273995197e-02
8.497499999998517239e+01 1.000834093714985995e+00 5.718750649324293861e-02
8.512500000000000000e+01 1.001837458920556312e+00 5.667045297490003880e-02
8.527500000001485603e+01 1.000361854193483779e+00 5.721507709025439037e-02
8.542500000001294325e+01 1.000945307329113021e+00 5.733426842199426665e-02
8.557499999998699991e+01 1.001040056929987987e+00 5.683267137183600770e-02
8.572499999998510134e+01 1.001587601653691095e+00 5.769074391103842098e-02
8.587500000000000000e+01 1.002355925887834287e+00 5.711709025304932685e-02
8.602500000001494129e+01 1.000683273595595946e+00 5.754284774434136052e-02
8.617500000001324167e+01 1.000724371934139212e+00 5.797502162687938332e-02
8.632499999998670148e+01 1.000557729887763925e+00 5.677132018323338691e-02
8.647499999998503029e+01 1.000652577837611412e+00 5.722612817703763566e-02
8.662500000000000000e+01 1.001450703686100452e+00 5.719280454323224377e-02
8.677500000001501235e+01 1.001382179600803335e+00 5.659838409066800247e-02
8.692500000001352589e+01 1.000314079123910238e+00 5.586625985467984223e-02
8.707499999998641727e+01 1.001257476154584269e+00 5.687139101866026114e-02
8.722499999998494502e+01 1.001012952044482374e+00 5.655453966519573966e-02
8.737500000000000000e+01 1.000897756687940232e+00 5.601440732096976682e-02
8.752500000001508340e+01 9.997878040664053279e-01 5.639622430636961198e-02
8.767500000001381011e+01 9.787653332911193660e-01 5.640037344967029076e-02
8.782499999998613305e+01 9.577707520594135326e-01 5.523565792471592240e-02
8.797499999998487397e+01 9.431752715646755103e-01 5.500436149795100843e-02
8.812500000000000000e+01 9.330077693861870136e-01 5.414553411877257028e-02
8.827500000001514024e+01 9.232382788641332327e-01 5.407788223711191417e-02
8.842500000001409433e+01 9.147383923654298643e-01 5.397882165461331816e-02
8.857499999998586304e+01 9.068039580625882889e-01 5.296553174528437213e-02
8.872499999998480291e+01 8.999789379477949325e-01 5.353053580682363977e-02
8.887500000000000000e+01 8.931490472565778438e-01 5.325148617215235552e-02
8.902500000001521130e+01 8.874109908646765632e-01 5.223546709623656109e-02
8.917500000001436433e+01 8.815198743303334084e-01 5.204904765297042185e-02
8.932499999998557882e+01 8.754107701727291690e-01 5.328908145286340853e-02
8.947499999998473186e+01 8.715533967613254829e-01 5.127097833271136718e-02
8.962500000000000000e+01 8.657365831309529192e-01 5.190996875346502032e-02
8.977500000001528235e+01 8.607284413646015819e-01 5.203781092214510712e-02
8.992500000001462013e+01 8.556806945459021208e-01 5.103576358217850467e-02
9.007499999998532303e+01 8.519185071543255994e-01 5.161030350149099083e-02
9.022499999998467501e+01 8.484560403365458692e-01 5.213524826327105982e-02
9.037500000000000000e+01 8.434917219557065415e-01 5.132925540554778704e-02
9.052500000001533920e+01 8.388564509398103164e-01 5.098653128720857103e-02
9.067500000001489013e+01 8.349910080780472699e-01 5.103980989499003196e-02
9.082499999998505302e+01 8.320944787165459600e-01 5.090871597349830996e-02
9.097499999998460396e+01 8.283933377086420968e-01 5.028180769422959523e-02
9.112500000000000000e+01 8.242529842765107251e-01 5.065725315474879642e-02
9.127500000001541025e+01 8.204024356460943856e-01 5.035612331465590813e-02
9.142500000001514593e+01 8.170000375613037935e-01 4.980600015501577410e-02
9.157499999998479723e+01 8.125704676330588461e-01 4.946733114503915063e-02
9.172499999998454712e+01 8.101357333571078678e-01 5.004417323590863720e-02
9.187500000000000000e+01 8.064329244038151989e-01 4.982112726145333792e-02
9.202500000001548131e+01 8.034139643629277794e-01 5.035052228338313118e-02
9.217500000001541594e+01 8.002803195545046266e-01 4.933689212711007271e-02
9.232499999998454143e+01 7.963961972221278440e-01 4.887347349727055174e-02
9.247499999998447606e+01 7.935849201198618141e-01 4.890441743425755911e-02
9.262500000000000000e+01 7.915514626985871161e-01 4.836026327320099016e-02
9.277500000001553815e+01 7.878656341424471465e-01 4.859626469544243293e-02
9.292500000001565752e+01 7.851629859496170871e-01 4.859589883538033284e-02
9.307499999998428564e+01 7.823544787762504171e-01 4.841039597038526709e-02
9.322499999998441922e+01 7.801826414430567125e-01 4.799125989526670244e-02
9.337500000000000000e+01 7.762703919080138348e-01 4.805181634705384813e-02
9.352500000001559499e+01 7.735390842129955535e-01 4.822068024563438277e-02
9.367500000001591332e+01 7.702686703143806213e-01 4.802721846502787384e-02
9.382499999998402984e+01 7.676501242653304136e-01 4.727019838006121799e-02
9.397499999998436238e+01 7.655242664459228630e-01 4.768432978467890965e-02
9.412500000000000000e+01 7.630313509383819248e-01 4.731967355362209221e-02
9.427500000001566605e+01 7.596673798294937274e-01 4.773487499541552437e-02
9.442500000001615490e+01 7.569236753635836257e-01 4.732454035412627519e-02
9.457499999998380247e+01 7.556034879844730767e-01 4.703075452226505165e-02
9.472499999998429132e+01 7.515832049415652749e-01 4.745442038633661958e-02
9.487500000000000000e+01 7.493182029626580531e-01 4.682741448458113687e-02
9.502500000001572289e+01 7.477636760950834294e-01 4.661700704967887410e-02
9.517500000001639648e+01 7.445250467128624594e-01 4.685886927613867187e-02
9.532499999998356088e+01 7.436150716325811150e-01 4.615657735856516786e-02
9.547499999998423448e+01 7.404655255441536799e-01 4.688130799433269658e-02
9.562500000000000000e+01 7.387135114655485335e-01 4.660895216038297983e-02
9.577500000001577973e+01 7.356273116985727611e-01 4.608166126691654735e-02
9.592500000001662386e+01 7.342467802259730059e-01 4.642833745151956487e-02
9.607499999998331930e+01 7.316256960461314796e-01 4.600469816428787856e-02
9.622499999998417763e+01 7.287340356206631897e-01 4.552416676873775880e-02
9.637500000000000000e+01 7.269056473267728746e-01 4.616809285700137350e-02
9.652500000001585079e+01 7.257899114675241403e-01 4.588308524128480170e-02
9.667500000001686544e+01 7.224660745170577991e-01 4.559944175080421491e-02
9.682499999998309193e+01 7.204546826927388237e-01 4.555866300928056167e-02
9.697499999998412079e+01 7.176527504701214477e-01 4.540159251474037289e-02
9.712500000000000000e+01 7.161748760673082304e-01 4.573594088439495581e-02
9.727500000001590763e+01 7.146456710298608739e-01 4.570416223366476766e-02
9.742500000001709282e+01 7.119463306377712408e-01 4.519959417635997095e-02
9.757499999998287876e+01 7.112364363445861093e-01 4.510898981419083492e-02
9.772499999998406395e+01 7.081658728197869346e-01 4.416895127555198891e-02
9.787500000000000000e+01 7.063457703289847123e-01 4.519354517295148810e-02
9.802500000001595026e+01 7.040911403349574549e-01 4.467110215728512662e-02
9.817500000001732019e+01 7.019546848933279071e-01 4.503696583803563219e-02
9.832499999998263718e+01 7.003397256258291348e-01 4.483377707936435363e-02
9.847499999998402131e+01 6.986377417831665104e-01 4.464856713341731204e-02
9.862500000000000000e+01 6.955500653277071343e-01 4.443159568933276182e-02
9.877500000001600711e+01 6.942900227003158120e-01 4.414295349711300220e-02
9.892500000001753335e+01 6.929464834367538018e-01 4.380511174282359504e-02
9.907499999998242401e+01 6.906016018811940160e-01 4.341245542718125128e-02
9.922499999998395026e+01 6.887017807111454060e-01 4.383601741304178623e-02
9.937500000000000000e+01 6.870553137160130275e-01 4.401852527001814952e-02
9.952500000001606395e+01 6.862305947965054997e-01 4.382038672815840447e-02
9.967500000001776073e+01 6.833868716161312085e-01 4.282285057198419870e-02
9.982499999998221085e+01 6.820866143903115963e-01 4.401342581854730818e-02
9.997499999998389342e+01 6.797962896573920277e-01 4.302227943099659613e-02
1.001250000000000000e+02 6.785573579643660036e-01 4.346694728804586377e-02
1.002750000000161208e+02 6.760116801735281955e-01 4.360615349554286535e-02
1.004250000000179597e+02 6.747204181583488225e-01 4.321107712001615725e-02
1.005749999999819835e+02 6.742210717403588349e-01 4.287250623191307675e-02
1.007249999999838508e+02 6.725613455677464936e-01 4.269060747456874388e-02
1.008750000000000000e+02 6.698894089522950956e-01 4.273720430677790255e-02
1.010250000000161776e+02 6.683187894495509207e-01 4.314635584978696731e-02
1.011750000000181871e+02 6.664232107617287237e-01 4.286700859194715607e-02
1.013249999999817845e+02 6.652724315165512436e-01 4.276748625435120021e-02
1.014749999999837939e+02 6.643227633980738345e-01 4.326588209255352591e-02
1.016250000000000000e+02 6.628006285528343922e-01 4.276765865382786691e-02
1.017750000000162345e+02 6.612020370189658491e-01 4.275250457314923314e-02
1.019250000000184002e+02 6.584519268133295355e-01 4.223174032491620183e-02
1.020749999999815714e+02 6.575104037110583999e-01 4.213898019697952246e-02
1.022249999999837513e+02 6.563570075734767029e-01 4.223625906617617387e-02
1.023750000000000000e+02 6.545696666824755150e-01 4.233214814461065678e-02
1.025250000000162771e+02 6.531756897840290677e-01 4.200537685533296817e-02
1.026750000000185992e+02 6.508286618768825971e-01 4.222830816728476155e-02
1.028249999999813582e+02 6.497035849900313353e-01 4.179536118937306893e-02
1.029749999999836945e+02 6.481751773194766031e-01 4.263381740581402568e-02
1.031250000000000000e+02 6.467022375309295912e-01 4.207850094771616728e-02
1.032750000000163340e+02 6.441220391790533073e-01 4.175139099959158245e-02
1.034250000000187981e+02 6.443497407431059143e-01 4.173104309462703082e-02
1.035749999999811592e+02 6.416297897812223150e-01 4.132688606625017219e-02
1.037249999999836376e+02 6.419330763310102661e-01 4.161518500922950503e-02
1.038750000000000000e+02 6.401410340671219723e-01 4.136518844232658226e-02
1.040250000000163766e+02 6.380780263932259722e-01 4.091716110351496793e-02
1.041750000000189971e+02 6.371166145466427011e-01 4.187987831657231236e-02
1.043249999999809603e+02 6.349622764814826237e-01 4.150032198596982635e-02
1.044749999999835950e+02 6.343669691669524546e-01 4.120948227944083025e-02
1.046250000000000000e+02 6.326137044741177995e-01 4.132473319887793040e-02
1.047750000000164334e+02 6.311932723604234408e-01 4.077730432068806671e-02
1.049250000000191818e+02 6.304214176431676142e-01 4.096294168311796768e-02
1.050749999999807613e+02 6.289163181036758754e-01 4.150695022156667552e-02
1.052249999999839503e+02 6.268235915595610219e-01 4.099480495334296287e-02
1.053750000000000000e+02 6.259700678929447371e-01 4.074490250776296313e-02
1.055250000000157229e+02 6.240632347948336101e-01 4.025911686434513470e-02
1.056750000000193808e+02 6.227646842696807905e-01 4.037432748165572377e-02
1.058249999999805766e+02 6.209908629874824060e-01 4.059583299007780283e-02
1.059749999999847319e+02 6.202315932950221988e-01 4.022734137666340859e-02
1.061250000000000000e+02 6.188793582808332916e-01 4.044800028531405495e-02
1.062750000000149555e+02 6.177218541790059358e-01 4.029555324591641008e-02
1.064250000000195797e+02 6.161506858090119998e-01 3.988710269229404221e-02
1.065749999999803919e+02 6.143433185329407742e-01 3.968726143480233448e-02
1.067249999999854850e+02 6.137060921984053286e-01 4.033147288275524406e-02
1.068750000000000000e+02 6.118315737231927454e-01 3.990610518906938242e-02
1.070250000000141881e+02 6.109887293621379944e-01 3.972775097601150690e-02
1.071750000000197645e+02 6.097203224219855944e-01 4.025093805887354492e-02
1.073249999999802071e+02 6.081168496906688148e-01 3.949755971883550654e-02
1.074749999999862524e+02 6.070290852119683001e-01 3.940770415465021798e-02
1.076250000000000000e+02 6.060926093557411631e-01 3.990698424386415755e-02
1.077750000000134492e+02 6.047190008589812260e-01 4.010609061793048158e-02
1.079250000000199492e+02 6.032335722210292461e-01 4.019650404959743129e-02
1.080749999999800224e+02 6.025050595120100549e-01 3.990594872465789283e-02
1.082249999999869914e+02 6.000460129720951441e-01 3.955651427128464848e-02
1.083750000000000000e+02 5.991946232580303011e-01 3.914479511764848430e-02
1.085250000000127244e+02 5.983240405615111168e-01 3.878587979591627960e-02
1.086750000000201481e+02 5.964191621361176754e-01 3.880235250706073891e-02
1.088249999999798376e+02 5.960994750196892955e-01 3.902419779498251390e-02
1.089749999999877161e+02 5.945925038501645998e-01 3.832799875072435275e-02
1.091250000000000000e+02 5.935616163157679814e-01 3.919892956888354485e-02
1.092750000000119854e+02 5.927822183455130345e-01 3.880346349837174302e-02
1.094250000000203045e+02 5.914003557536048339e-01 3.883726176510540751e-02
1.095749999999796529e+02 5.708940786612128893e-01 3.800911012004559025e-02
1.097249999999884409e+02 5.498011910722024886e-01 3.707772422414436220e-02
1.098750000000000000e+02 5.362859555785829402e-01 3.696506973359265508e-02
1.100250000000112749e+02 5.260201410735617644e-01 3.612085528881413266e-02
1.101750000000204892e+02 5.160595901838116450e-01 3.611059796005369055e-02
1.103249999999794682e+02 5.076420150659987085e-01 3.614480223832737538e-02
1.104749999999891372e+02 4.994839546261076180e-01 3.540462616465366724e-02
1.106250000000000000e+02 4.930366042254115122e-01 3.525671943001493919e-02
1.107750000000105643e+02 4.860220945368773360e-01 3.489970637898916206e-02
1.109250000000206740e+02 4.789621339853452620e-01 3.494339274116704114e-02
1.110749999999792976e+02 4.724719159851961114e-01 3.456513478596781597e-02
1.112249999999898620e+02 4.661947801706569083e-01 3.420884343707071562e-02
1.113750000000000000e+02 4.606752730597766243e-01 3.386991326792301166e-02
1.115250000000098822e+02 4.547999630027958484e-01 3.363829596331976285e-02
1.116750000000208445e+02 4.494372623074765483e-01 3.377721213191550026e-02
1.118249999999791129e+02 4.444443462986878424e-01 3.346609686075446843e-02
1.119749999999905299e+02 4.394502988151699485e-01 3.352137150177500469e-02
1.121250000000000000e+02 4.343965240397963390e-01 3.327492171536165777e-02
1.122750000000091859e+02 4.297388460217030359e-01 3.247206293673855770e-02
1.124250000000210008e+02 4.239828594259466010e-01 3.229544194636496668e-02
1.125749999999789566e+02 4.196799232475861841e-01 3.241471218852132186e-02
1.127249999999912120e+02 4.149278174974743716e-01 3.195419737010864181e-02
1.128750000000000000e+02 4.111714362926910948e-01 3.224804106647943119e-02
1.130250000000085180e+02 4.060720165616639177e-01 3.186752660368757234e-02
1.131750000000211855e+02 4.015542776930029478e-01 3.138303071575491293e-02
1.133249999999787860e+02 3.978916735350970790e-01 3.162566805851783208e-02
1.134749999999919083e+02 3.934846829174176719e-01 3.097681268996176421e-02
1.136250000000000000e+02 3.892470811707696154e-01 3.060887891058455129e-02
1.137750000000078359e+02 3.853037267504992314e-01 3.080888880164056598e-02
1.139250000000213561e+02 3.817155299233129795e-01 3.034587869938927193e-02
1.140749999999786297e+02 3.780873058306419288e-01 3.064798790763352196e-02
1.142249999999925620e+02 3.738891599566372403e-01 3.015038945078530458e-02
1.143750000000000000e+02 3.699540710150898692e-01 3.015029726105691865e-02
1.145250000000071680e+02 3.655934044720779985e-01 2.966880829119276919e-02
1.146750000000215124e+02 3.625601921839227137e-01 2.961711164788929235e-02
1.148249999999784308e+02 3.587698049431591318e-01 2.951801778756486805e-02
1.149749999999932157e+02 3.555197451781522133e-01 2.958951409275739630e-02
1.151250000000000000e+02 3.518301117609930473e-01 2.916408898141837139e-02
1.152750000000065285e+02 3.479575262147050485e-01 2.895409743062889174e-02
1.154250000000216829e+02 3.452428884841332035e-01 2.871920925296291005e-02
1.155749999999783029e+02 3.412648898002792475e-01 2.925338245546370633e-02
1.157249999999938694e+02 3.370005007298618183e-01 2.892891860657743203e-02
1.158750000000000000e+02 3.346744128402016072e-01 2.839504944549241933e-02
1.160250000000058748e+02 3.316345284112383607e-01 2.824870686333650488e-02
1.161750000000218392e+02 3.282678859771726576e-01 2.831583551477054317e-02
1.163249999999781323e+02 3.244102707719253020e-01 2.794905058502969095e-02
1.164749999999945089e+02 3.220018610282829874e-01 2.804268156128773143e-02
1.166250000000000000e+02 3.184136752614959431e-01 2.777812453437233930e-02
1.167750000000052495e+02 3.154172192973742628e-01 2.737658647797800229e-02
1.169250000000220098e+02 3.118978082816371566e-01 2.746166413857912755e-02
1.170749999999779760e+02 3.091963101696346694e-01 2.727716607648183675e-02
1.172249999999951484e+02 3.054189671158727415e-01 2.710668619709577162e-02
1.173750000000000000e+02 3.026360995864660897e-01 2.634776958186641621e-02
1.175250000000046242e+02 2.995866280713637142e-01 2.667546116819144442e-02
1.176750000000221377e+02 2.971240728374227036e-01 2.641779885262261762e-02
1.178249999999778055e+02 2.942616033499221850e-01 2.651479319123602185e-02
1.179749999999957453e+02 2.905755846149807309e-01 2.643516999612868790e-02
1.181250000000000000e+02 2.879699425754358444e-01 2.608307122748926288e-02
1.182750000000039989e+02 2.851720889434566919e-01 2.567415524832315429e-02
1.184250000000223082e+02 2.822864978862951180e-01 2.592932721632922044e-02
1.185749999999776634e+02 2.801379557725149350e-01 2.569546341415971172e-02
1.187249999999963705e+02 2.763481101585135158e-01 2.546701553497384904e-02
1.188750000000000000e+02 2.737417600547111807e-01 2.521615373345903813e-02
1.190250000000033879e+02 2.708992182344961419e-01 2.519401298027638264e-02
1.191750000000224645e+02 2.685391572214765876e-01 2.508251604154013853e-02
1.193249999999775071e+02 2.656033431022938318e-01 2.472770641292876617e-02
1.194749999999969816e+02 2.629937800926447911e-01 2.477398694649331559e-02
1.196250000000000000e+02 2.604203942062825461e-01 2.450458474366106268e-02
1.197750000000027910e+02 2.576720560708484764e-01 2.461378075605489060e-02
1.199250000000226066e+02 2.546899623095721377e-01 2.422361399952880842e-02
1.200749999999773650e+02 2.521286318576282381e-01 2.435601291622572356e-02
1.202249999999975927e+02 2.498317694286195101e-01 2.412400267697652895e-02
1.203750000000000000e+02 2.472716584122963135e-01 2.373313459189685740e-02
1.205250000000021799e+02 2.443824945107332947e-01 2.405498396949485446e-02
1.206750000000227772e+02 2.422063710343162479e-01 2.369262545390886029e-02
1.208249999999772086e+02 2.391533519084682591e-01 2.346331709805425658e-02
1.209749999999981753e+02 2.367979386986068802e-01 2.312016071021986974e-02
1.211250000000000000e+02 2.344844303817785469e-01 2.338892249003128934e-02
1.212750000000015973e+02 2.316581934301777390e-01 2.314670458854386353e-02
1.214250000000229193e+02 2.295298181794203640e-01 2.280627375072274282e-02
1.215749999999770665e+02 2.267528671495423753e-01 2.293287405662451997e-02
1.217249999999987580e+02 2.246099531109640168e-01 2.272886214015164968e-02
1.218750000000000000e+02 2.214713509257294766e-01 2.251414252075161285e-02
1.220250000000010147e+02 2.197802199973947768e-01 2.235132362498416098e-02
1.221750000000230472e+02 2.173060967731158533e-01 2.221664940344445643e-02
1.223249999999769244e+02 2.145154984640064433e-01 2.228688704830749170e-02
1.224749999999993406e+02 2.124290046869671544e-01 2.206302069277861488e-02
1.226250000000000000e+02 2.099933905824935276e-01 2.190423095608586349e-02
1.227750000000004320e+02 2.079701454765252866e-01 2.186216939209049623e-02
1.229250000000231893e+02 2.049121715518275322e-01 2.157453423367250087e-02
1.230749999999767681e+02 2.028854914381366392e-01 2.127659048874851536e-02
1.232249999999999233e+02 2.006150467602955956e-01 2.135842346481196460e-02
1.233750000000000000e+02 1.981653444086937110e-01 2.150303397745798387e-02
1.235249999999998494e+02 1.963984254119630346e-01 2.114385376013733220e-02
1.236750000000233314e+02 1.934398630958301113e-01 2.095705209983611192e-02
1.238249999999766402e+02 1.916782693201305732e-01 2.099199590292902956e-02
1.239750000000004775e+02 1.890643792251290312e-01 2.039992139837291246e-02
1.241250000000000000e+02 1.867753280197154420e-01 2.024937457439864724e-02
1.242749999999992951e+02 1.846676682754717358e-01 2.040680162505717835e-02
1.244250000000234735e+02 1.824028440321973921e-01 2.029550901462966531e-02
1.245749999999764839e+02 1.802383342312267600e-01 1.998090736284754629e-02
1.247250000000010317e+02 1.783965736512841682e-01 1.999663455691917668e-02
1.248750000000000000e+02 1.765664454873883682e-01 2.002261154055611989e-02
1.250249999999987551e+02 1.736982063650509556e-01 1.990282135685097001e-02
1.251750000000236156e+02 1.722478258876902757e-01 1.955538814143369108e-02
1.253249999999763702e+02 1.695574735636595776e-01 1.948149917565516337e-02
1.254750000000015859e+02 1.674881003410859659e-01 1.937694027375379616e-02
1.256250000000000000e+02 1.657502106774093042e-01 1.935488657101529231e-02
1.257749999999982009e+02 1.636357468146668048e-01 1.918986181024790946e-02
1.259250000000237577e+02 1.613212764003210675e-01 1.890273957555023421e-02
1.260749999999762281e+02 1.595780566058302430e-01 1.851570255776971430e-02
1.262250000000021259e+02 1.573857952235440116e-01 1.856030264355841911e-02
1.263750000000000000e+02 1.551465173835432088e-01 1.854481471234410012e-02
1.265249999999976609e+02 1.531674132290028745e-01 1.850285262568336295e-02
1.266750000000238856e+02 1.513879411962486266e-01 1.815691430031145942e-02
1.268249999999760860e+02 1.495245910695262859e-01 1.774636243269392399e-02
1.269750000000026660e+02 1.473549008113295422e-01 1.801698269315442705e-02
1.271250000000000000e+02 1.451585955282385099e-01 1.784114835069002675e-02
1.272749999999971209e+02 1.433909571326279220e-01 1.776482343764370503e-02
1.274250000000240277e+02 1.413893623790914711e-01 1.764671734244822529e-02
1.275749999999759439e+02 1.395507569289244076e-01 1.746374416428298632e-02
1.277250000000031918e+02 1.373932780867193892e-01 1.735634990021574925e-02
1.278750000000000000e+02 1.353998815065567685e-01 1.744021151813585427e-02
1.280249999999965951e+02 1.331837117263138803e-01 1.686026067153723398e-02
1.281750000000241414e+02 1.317438786270226092e-01 1.726040884988665897e-02
1.283249999999758018e+02 1.297410656228537296e-01 1.696627486151384631e-02
1.284750000000037176e+02 1.277916166754858862e-01 1.683482730253732518e-02
1.286250000000000000e+02 1.260581720902910485e-01 1.659453197596068644e-02
1.287749999999960835e+02 1.240203976835318467e-01 1.638894879509921604e-02
1.289250000000242835e+02 1.223290116711982511e-01 1.652878661062396476e-02
1.290749999999756881e+02 1.203271049968098333e-01 1.605931716152995264e-02
1.292250000000042292e+02 1.184686181412281658e-01 1.618648961376097789e-02
1.293750000000000000e+02 1.163671395473349912e-01 1.558388893969494919e-02
1.295249999999955719e+02 1.146203980049714938e-01 1.590317836326145609e-02
1.296750000000243972e+02 1.131993904669580109e-01 1.571902955850907127e-02
1.298249999999755460e+02 1.112508371852719558e-01 1.545299545830439332e-02
1.299750000000047692e+02 1.095834158584737400e-01 1.524297072426501753e-02
1.301250000000000000e+02 1.072091954331890057e-01 1.520048217881586963e-02
1.302749999999950319e+02 1.056619838893330388e-01 1.484215869967424155e-02
1.304250000000245393e+02 1.036641013669597766e-01 1.501811044931059859e-02
1.305749999999754323e+02 1.017524669909039697e-01 1.471308598968396920e-02
1.307250000000052523e+02 1.003887859488296203e-01 1.474124062942145340e-02
1.308750000000000000e+02 9.865245847160813986e-02 1.449585086724148111e-02
1.310249999999945487e+02 9.662775682859614523e-02 1.433067899596178994e-02
1.311750000000246530e+02 9.491491272464805395e-02 1.412098295745310185e-02
1.313249999999753186e+02 9.294462408083781213e-02 1.401308589705663188e-02
1.314750000000057639e+02 9.161924170275660695e-02 1.402179425521091378e-02
1.316250000000000000e+02 8.937763051893200805e-02 1.376261379257635864e-02
1.317749999999940655e+02 8.789210282737323909e-02 1.367087480525124542e-02
1.319250000000247951e+02 8.608868182970674798e-02 1.350656645527008662e-02
1.320749999999751765e+02 8.452875958214355057e-02 1.324600210601980729e-02
1.322250000000062471e+02 8.260030317098886188e-02 1.313332735387734082e-02
1.323750000000000000e+02 8.103758029764485116e-02 1.303909894944209856e-02
1.325249999999935540e+02 7.897769645287311402e-02 1.258415860631518363e-02
1.326750000000249088e+02 7.763574062361495998e-02 1.280683738169263036e-02
1.328249999999750628e+02 7.578225821630601988e-02 1.276326500536632824e-02
1.329750000000067303e+02 7.435391502418284282e-02 1.237641703541838244e-02
1.331250000000000000e+02 7.247684835809974080e-02 1.225137149137984181e-02
1.332749999999930424e+02 7.088830628296582947e-02 1.220324789363456779e-02
1.334250000000250225e+02 6.897567976684451652e-02 1.194435962000456146e-02
1.335749999999749491e+02 6.743768752919428178e-02 1.188196546881199397e-02
1.337250000000072134e+02 6.565479352495326437e-02 1.164834644334530357e-02
1.338750000000000000e+02 6.431417054317110915e-02 1.156287565625534024e-02
1.340249999999925876e+02 6.258737831756967795e-02 1.145452617138550087e-02
1.341750000000251362e+02 6.086407276716624543e-02 1.121019738912367239e-02
1.343249999999748354e+02 5.943240392671204214e-02 1.101605803118731707e-02
1.344750000000077250e+02 5.770802094734216181e-02 1.099602755076036636e-02
1.346250000000000000e+02 5.601751536084801503e-02 1.081469577493593924e-02
1.347749999999921044e+02 5.437960842600848138e-02 1.068851427627158512e-02
1.349250000000252783e+02 5.269869196727133831e-02 1.051313482539221154e-02
1.350749999999746933e+02 5.130227904764563668e-02 1.030026215644336621e-02
1.352250000000081798e+02 4.974843514439095116e-02 1.016851127753573038e-02
1.353750000000000000e+02 4.817448090627287488e-02 9.985441037433383932e-03
1.355249999999916213e+02 4.666594847940807450e-02 9.767803415702267997e-03
1.356750000000253920e+02 4.504103143285383137e-02 9.665146548864337120e-03
1.358249999999746080e+02 4.347611027480469820e-02 9.526214325408359843e-03
1.359750000000086345e+02 4.207478518458717537e-02 9.297727184770680081e-03
1.361250000000000000e+02 4.048598607927306886e-02 9.156418802964682094e-03
1.362749999999911665e+02 3.899636876161312327e-02 9.082703189176073375e-03
1.364250000000255056e+02 3.740485988460680311e-02 8.608336836460670979e-03
1.365749999999744659e+02 3.569544662883077785e-02 8.476306296157021941e-03
1.367250000000091177e+02 3.422158316931398631e-02 8.357832530839279586e-03
1.368750000000000000e+02 3.270437103077544760e-02 8.161161013357644961e-03
1.370249999999907118e+02 3.112774421328467697e-02 7.899769817473600159e-03
1.371750000000256193e+02 2.956551578044930295e-02 7.845896369437275683e-03
1.373249999999743522e+02 2.812554941504048084e-02 7.583177647883243555e-03
1.374750000000095724e+02 2.670519443790344769e-02 7.410039158733511787e-03
1.376250000000000000e+02 2.515696268948762471e-02 7.094418576925824726e-03
1.377749999999902286e+02 2.375769782947635689e-02 6.898445454375352892e-03
1.379250000000257330e+02 2.213084367596973231e-02 6.681112798749675244e-03
1.380749999999742386e+02 2.076511409898151861e-02 6.403072569089392901e-03
1.382250000000100272e+02 1.923957107006504796e-02 6.199932667874318362e-03
1.383750000000000000e+02 1.784320631841425711e-02 5.991369958777574556e-03
1.385249999999898023e+02 1.638896282945286748e-02 5.668572547047553284e-03
1.386750000000258467e+02 1.486491308754423098e-02 5.371938264337649573e-03
1.388249999999741249e+02 1.331905522314667453e-02 5.148226400248405270e-03
1.389750000000104535e+02 1.204014746576036882e-02 4.944354415396666480e-03
1.391250000000000000e+02 1.053483813427096537e-02 4.602022678335667034e-03
1.392749999999893475e+02 9.103810820039068274e-03 4.302058788356202465e-03
1.394250000000259604e+02 7.692670004894767294e-03 3.937176285018530175e-03
1.395749999999740112e+02 6.332855479812051283e-03 3.532546940834430885e-03
1.397250000000109367e+02 4.860913120785449910e-03 3.096518745375928441e-03
1.398750000000000000e+02 3.451573095638542539e-03 2.649430273073996936e-03
1.400249999999889212e+02 2.040411789445977127e-03 2.050701974417358259e-03
1.401750000000260741e+02 6.385864571523234981e-04 1.130646608468759444e-03
