# Radius RDF_mean RDF_std
7.500000000000896228e-02 3.293588820550491514e-01 1.179487252120215768e+00
2.249999999999577616e-01 3.208385717050100117e-01 6.657284990402347891e-01
3.750000000000000000e-01 3.289398503984707345e-01 5.228991795319982705e-01
5.249999999999700462e-01 3.303166686986310774e-01 4.411124428262930275e-01
6.750000000001169509e-01 3.334560804747152551e-01 3.896465588098664834e-01
8.249999999998777200e-01 3.304636018768690175e-01 3.541914015270851701e-01
9.750000000001839418e-01 3.431869267214953112e-01 3.308157973895400894e-01
1.125000000000000000e+00 3.507015610957441298e-01 3.071437316523584204e-01
1.274999999999773648e+00 3.402044072835909705e-01 2.916268831743575873e-01
1.424999999999764455e+00 3.481491437070826644e-01 2.761835689926343540e-01
1.575000000000282396e+00 3.531638709252617470e-01 2.641040452607955058e-01
1.725000000000170397e+00 3.608409125999374467e-01 2.550765334996468736e-01
1.875000000000000000e+00 3.680941683872909764e-01 2.450781892030571840e-01
2.025000000000070521e+00 3.755920414953373143e-01 2.413820151852223983e-01
2.174999999999594813e+00 3.823591619259695262e-01 2.336506585474281972e-01
2.325000000000426059e+00 3.926056278950179057e-01 2.321614617869640351e-01
2.474999999999678124e+00 4.105875337824523852e-01 2.294129449885933258e-01
2.625000000000000000e+00 4.170083322740345544e-01 2.244510371544077287e-01
2.775000000000444444e+00 4.316705573347996427e-01 2.222259780453222366e-01
2.924999999999512212e+00 4.445496100028475950e-01 2.210248630350154786e-01
3.075000000000499334e+00 4.640724494964399427e-01 2.179308716179143568e-01
3.224999999999414779e+00 4.825393148328255832e-01 2.170015998282284475e-01
3.375000000000000000e+00 5.067023909252451608e-01 2.174958430827756695e-01
3.525000000000659384e+00 5.303246814271027620e-01 2.182651070344767408e-01
3.674999999999857714e+00 5.603650481492689073e-01 2.193860677649046020e-01
3.825000000000022382e+00 5.946223532705984249e-01 2.237199756051657940e-01
3.974999999999250466e+00 6.328801140415201143e-01 2.237818023357480979e-01
4.125000000000000000e+00 6.831206440365924504e-01 2.283404141117646169e-01
4.275000000000798828e+00 7.370178724260288972e-01 2.337814622651817886e-01
4.425000000000374634e+00 8.201656898201066248e-01 2.406407302834275841e-01
4.574999999999541878e+00 9.388988161765887686e-01 2.556871413122756564e-01
4.724999999999138112e+00 1.065318148190771197e+00 2.699665917013995831e-01
4.875000000000000000e+00 1.149023482128908702e+00 2.764420525974472520e-01
5.025000000000897415e+00 1.150379489737564764e+00 2.667866922286113440e-01
5.175000000000743228e+00 1.089901338708840761e+00 2.556495427189446890e-01
5.324999999999196376e+00 1.003002435734743347e+00 2.428858256751570965e-01
5.474999999999057287e+00 9.172889970051426589e-01 2.323593702785012316e-01
5.625000000000000000e+00 8.454717928051215248e-01 2.174966161258062580e-01
5.775000000000969358e+00 7.774071203378807304e-01 2.085433490499596920e-01
5.925000000001017675e+00 7.280595469732509262e-01 1.958971974538723793e-01
6.074999999998936140e+00 6.917229736020003017e-01 1.883127794197927141e-01
6.224999999998995115e+00 6.700720074305864804e-01 1.860412648232104560e-01
6.375000000000000000e+00 6.528020230763382781e-01 1.798222813781288065e-01
6.525000000001025313e+00 6.398276243741983782e-01 1.764244637338683863e-01
6.675000000001229949e+00 6.356898558827658308e-01 1.751446045146627661e-01
6.824999999998733635e+00 6.406533554432886080e-01 1.735401222974769786e-01
6.974999999999387690e+00 6.438128531435675095e-01 1.718614339030097304e-01
7.125000000000000000e+00 6.503238984003022471e-01 1.695355794574381347e-01
7.275000000000346745e+00 6.655259485506748174e-01 1.708680826911400663e-01
7.425000000001398703e+00 6.786238841181244652e-01 1.679441167118021772e-01
7.574999999998571099e+00 6.947212959478793470e-01 1.726777211193676331e-01
7.725000000000012079e+00 7.183707852762836188e-01 1.715932937831537719e-01
7.875000000000000000e+00 7.390361557281600602e-01 1.740411327422209109e-01
8.024999999999771205e+00 7.634130193104523565e-01 1.739858312171029542e-01
8.175000000001539036e+00 7.888174826537469597e-01 1.757443191233138136e-01
8.324999999998437872e+00 8.138463034159769682e-01 1.773010903847139774e-01
8.475000000000525446e+00 8.413451097194141193e-01 1.792585455501446712e-01
8.625000000000000000e+00 8.666813533833430672e-01 1.783896005349714931e-01
8.774999999999291589e+00 8.856968262131349467e-01 1.798309262432263300e-01
8.925000000001652722e+00 9.014251251181361058e-01 1.804331780832245657e-01
9.074999999998325961e+00 9.171079210589158093e-01 1.804307908165231900e-01
9.225000000000957101e+00 9.288841662243433328e-01 1.817575993192351858e-01
9.375000000000000000e+00 9.336058830657661955e-01 1.784753587738053815e-01
9.524999999998890132e+00 9.339654716174162763e-01 1.796625290570122990e-01
9.675000000001750422e+00 9.311663002511294529e-01 1.770202789357954720e-01
9.824999999998231814e+00 9.200719666351011572e-01 1.716777965309582710e-01
9.975000000001321254e+00 9.108330437302023519e-01 1.704829858573736479e-01
1.012500000000000000e+01 8.935927674566700452e-01 1.689429779158415634e-01
1.027499999999854730e+01 8.770730193051198276e-01 1.634070591434076125e-01
1.042500000000183391e+01 8.594369422178500528e-01 1.631364674899322131e-01
1.057499999999815010e+01 8.437900790901200487e-01 1.615176837592598169e-01
1.072500000000163745e+01 8.253048247769169121e-01 1.563745524803287212e-01
1.087500000000000000e+01 8.168805404097541079e-01 1.557776134319505124e-01
1.102499999999824887e+01 8.066644444301370731e-01 1.534249542827471058e-01
1.117500000000190674e+01 8.004404574027912389e-01 1.501301526190400581e-01
1.132499999999808082e+01 7.961407221527010414e-01 1.524489163856055929e-01
1.147500000000190923e+01 7.970940676893362165e-01 1.501504093753835423e-01
1.162500000000000000e+01 8.016210761467895685e-01 1.489063522579742171e-01
1.177499999999798952e+01 8.072978487531580205e-01 1.472244951504892985e-01
1.192500000000196891e+01 8.151667909021864666e-01 1.493693284761578310e-01
1.207499999999801865e+01 8.253153811058236977e-01 1.483153908209047245e-01
1.222500000000215081e+01 8.387111411996996946e-01 1.500879199843890843e-01
1.237500000000000000e+01 8.494914492051461874e-01 1.481629753838562824e-01
1.252499999999776215e+01 8.642013536343843283e-01 1.495423411014583093e-01
1.267500000000202398e+01 8.789102214613052633e-01 1.501821255191942428e-01
1.282499999999796536e+01 8.926305466156687629e-01 1.509667482538367411e-01
1.297500000000236220e+01 9.028896903202583424e-01 1.490684788673750649e-01
1.312500000000000000e+01 9.123947400574687894e-01 1.522508810115414113e-01
1.327499999999756142e+01 9.253189615113927013e-01 1.510997452138413411e-01
1.342500000000173088e+01 9.338740820536420850e-01 1.505463620883164544e-01
1.357499999999841833e+01 9.356189759664522709e-01 1.485878252140701294e-01
1.372500000000255049e+01 9.411267823068003580e-01 1.490939364168122061e-01
1.387500000000000000e+01 9.414893860997542996e-01 1.494493470356781373e-01
1.402499999999738023e+01 9.433971156832058336e-01 1.461586776083349248e-01
1.417500000000102034e+01 9.406462534203720027e-01 1.479050670758004227e-01
1.432499999999911111e+01 9.362461598499716153e-01 1.455121231528838655e-01
1.447500000000271925e+01 9.351201635997208328e-01 1.450322409773828758e-01
1.462500000000000000e+01 9.272353985131246423e-01 1.446057356683611850e-01
1.477499999999721680e+01 9.221546710379139311e-01 1.435725775620604328e-01
1.492500000000038618e+01 9.132910767463598978e-01 1.418692380978025247e-01
1.507499999999973639e+01 9.117440884293679382e-01 1.397370187680022913e-01
1.522500000000287201e+01 9.044498998490902997e-01 1.394473734819374477e-01
1.537500000000000000e+01 9.001004388564504133e-01 1.392131809379900387e-01
1.552499999999706937e+01 8.962702515359217692e-01 1.379384133636236409e-01
1.567499999999980886e+01 8.958696323606895051e-01 1.361691012755146812e-01
1.582500000000029772e+01 8.949880685844493478e-01 1.357851059678451267e-01
1.597500000000300879e+01 8.954057296682164102e-01 1.345516323951123916e-01
1.612500000000000000e+01 8.987313010490639575e-01 1.348777261091815283e-01
1.627499999999693969e+01 8.988769719190012886e-01 1.339926398097405769e-01
1.642499999999928662e+01 9.032275191784330248e-01 1.332992795226957683e-01
1.657500000000081286e+01 9.100514348572642520e-01 1.341084307863312231e-01
1.672500000000313847e+01 9.138234849966329065e-01 1.335961082794949184e-01
1.687500000000000000e+01 9.226071401444218001e-01 1.323222577800457211e-01
1.702499999999681535e+01 9.287513625595054112e-01 1.325079285773698712e-01
1.717499999999880700e+01 9.349163505916069372e-01 1.348058912564821521e-01
1.732500000000128182e+01 9.410181213407066148e-01 1.323950805730363389e-01
1.747500000000325215e+01 9.487218404120467685e-01 1.339991852874507505e-01
1.762500000000000000e+01 9.529439622112338970e-01 1.306686035059939910e-01
1.777499999999670521e+01 9.574855671702869886e-01 1.307858345175943182e-01
1.792499999999837357e+01 9.619266162171224988e-01 1.305958541776384985e-01
1.807500000000171170e+01 9.669077232663870758e-01 1.318663431868652702e-01
1.822500000000335874e+01 9.646160466281928914e-01 1.330379918984166410e-01
1.837500000000000000e+01 9.709031895794045797e-01 1.317133323353308905e-01
1.852499999999660218e+01 9.700039974310572521e-01 1.302394645012129315e-01
1.867499999999797211e+01 9.702299364550822647e-01 1.286958323013638883e-01
1.882500000000210960e+01 9.682936775188539791e-01 1.290076194264209997e-01
1.897500000000345466e+01 9.660617498055301677e-01 1.275001744629304379e-01
1.912500000000000000e+01 9.660980249632956651e-01 1.276773643304107420e-01
1.927499999999650626e+01 9.623689725115921467e-01 1.275105144853403150e-01
1.942499999999759908e+01 9.628425274495231445e-01 1.270291985789229472e-01
1.957500000000247198e+01 9.591923605975348766e-01 1.271671050647098511e-01
1.972500000000354348e+01 9.574506898823651468e-01 1.264791407936037837e-01
1.987500000000000000e+01 9.565069592851659364e-01 1.242255544937451855e-01
2.002499999999642100e+01 9.537097726995168445e-01 1.245152961610133530e-01
2.017499999999725446e+01 9.518981694975826580e-01 1.228759493572537803e-01
2.032500000000281304e+01 9.547829574971552491e-01 1.216807605362820177e-01
2.047500000000362874e+01 9.551665445231453111e-01 1.237190856439330244e-01
2.062500000000000000e+01 9.548923864686709173e-01 1.217626246510703225e-01
2.077499999999633928e+01 9.593510428206418750e-01 1.220513163727933031e-01
2.092499999999693472e+01 9.623279769176926735e-01 1.211939797420554243e-01
2.107500000000312212e+01 9.640397377236096244e-01 1.218259403293818627e-01
2.122500000000370690e+01 9.685894531193104395e-01 1.207822032052561639e-01
2.137500000000000000e+01 9.724945496872245965e-01 1.207867804195752875e-01
2.152499999999626468e+01 9.741931199553187648e-01 1.203366780605110986e-01
2.167499999999663984e+01 9.785331639386024571e-01 1.205255607022782255e-01
2.182500000000341700e+01 9.812483021259504889e-01 1.194247365813989187e-01
2.197500000000377796e+01 9.836703781314884987e-01 1.214549629599080138e-01
2.212500000000000000e+01 9.856817737144465408e-01 1.182699073711791643e-01
2.227499999999619718e+01 9.897950992213485621e-01 1.205078796980968148e-01
2.242499999999636273e+01 9.928387517470256274e-01 1.170904975918279495e-01
2.257500000000369056e+01 9.941477327241015072e-01 1.209113477780803525e-01
2.272500000000384546e+01 9.959483563602903322e-01 1.173675367451128965e-01
2.287500000000000000e+01 9.955642610118434765e-01 1.198202385183957802e-01
2.302499999999612967e+01 9.947470295710081345e-01 1.177342119708045115e-01
2.317499999999610338e+01 9.964938937129041996e-01 1.194564658396732315e-01
2.332500000000394635e+01 9.955518475496600850e-01 1.175017440689222897e-01
2.347500000000390941e+01 9.933794716975009598e-01 1.169289993092457319e-01
2.362500000000000000e+01 9.941333164264404276e-01 1.164695986640809644e-01
2.377499999999606928e+01 9.938862491007084410e-01 1.169130950114434520e-01
2.392499999999586180e+01 9.950504363365165750e-01 1.149056181006045535e-01
2.407500000000418439e+01 9.915659658473122695e-01 1.145854296531356037e-01
2.422500000000396625e+01 9.901769936944453399e-01 1.139663666834947325e-01
2.437500000000000000e+01 9.911684551264476895e-01 1.132321970476567602e-01
2.452499999999600888e+01 9.889723743851230875e-01 1.129270499436342418e-01
2.467499999999563087e+01 9.909258066992449043e-01 1.131119517929637802e-01
2.482500000000441176e+01 9.925682604173201584e-01 1.134326796039944879e-01
2.497500000000402309e+01 9.911306696800703531e-01 1.136160789618161499e-01
2.512500000000000000e+01 9.910361354171315362e-01 1.120121950792005439e-01
2.527499999999595559e+01 9.942763252144081187e-01 1.115550120516328042e-01
2.542499999999541771e+01 9.947613753647479573e-01 1.127704694840406668e-01
2.557500000000462137e+01 9.965727894890225036e-01 1.110464043071789225e-01
2.572500000000407638e+01 9.985573242456680099e-01 1.110706531610181208e-01
2.587500000000000000e+01 9.982633664653071115e-01 1.104954442866124542e-01
2.602499999999590585e+01 1.001583473480997633e+00 1.110705192942628844e-01
2.617499999999521521e+01 1.001641745465429834e+00 1.092625085703172599e-01
2.632500000000482032e+01 1.005254556439284297e+00 1.106996983873571455e-01
2.647500000000383480e+01 1.004883020651148762e+00 1.087282510063479202e-01
2.662500000000000000e+01 1.008469913574608690e+00 1.088852114182413955e-01
2.677499999999647073e+01 1.008747700797222757e+00 1.086660412436904755e-01
2.692499999999502691e+01 1.011628793145749494e+00 1.086497655934696993e-01
2.707500000000501217e+01 1.010656764766334481e+00 1.062168623244680032e-01
2.722500000000308873e+01 1.010827871837628678e+00 1.090841530318100855e-01
2.737500000000000000e+01 1.011510274038210477e+00 1.088809578981679571e-01
2.752499999999719549e+01 1.012670493255807047e+00 1.068624058613129313e-01
2.767499999999484928e+01 1.013338917796027694e+00 1.087239385670232539e-01
2.782500000000518625e+01 1.011736686978048860e+00 1.069839363885808220e-01
2.797500000000238529e+01 1.012852314137638210e+00 1.069934136173404382e-01
2.812500000000000000e+01 1.013397332398787265e+00 1.082372987631873701e-01
2.827499999999788827e+01 1.012589442328908573e+00 1.064785460484578283e-01
2.842499999999467164e+01 1.010587159430375248e+00 1.049312825366909008e-01
2.857500000000536033e+01 1.010135748358304664e+00 1.056252330136129708e-01
2.872500000000171028e+01 1.009569797322039442e+00 1.054175605594357967e-01
2.887500000000000000e+01 1.012259670521180155e+00 1.046482820232742666e-01
2.902499999999854552e+01 1.009459171110160813e+00 1.043631908428882260e-01
2.917499999999451177e+01 1.010683888777460071e+00 1.031967805431814877e-01
2.932500000000552021e+01 1.010380704569995736e+00 1.031254075199915937e-01
2.947500000000107434e+01 1.011348363559683383e+00 1.035062718943475374e-01
2.962500000000000000e+01 1.013949464068450101e+00 1.036459441102826617e-01
2.977499999999917080e+01 1.011979394010036115e+00 1.024692461309061886e-01
2.992499999999435900e+01 1.013424385670645300e+00 1.030134095694409530e-01
3.007500000000566942e+01 1.014596856668386060e+00 1.036190692630977739e-01
3.022500000000047393e+01 1.015075594041563223e+00 1.017482469676678075e-01
3.037500000000000000e+01 1.013224753435058911e+00 1.027304169570016773e-01
3.052499999999976410e+01 1.015392980100801923e+00 1.027376811370518811e-01
3.067499999999420623e+01 1.016527768665452802e+00 1.021884920396952945e-01
3.082500000000581508e+01 1.018817868813688188e+00 1.014271033669017358e-01
3.097499999999989839e+01 1.017748754630152019e+00 1.021212900373401483e-01
3.112500000000000000e+01 1.019573690730660731e+00 1.014229541799019640e-01
3.127500000000032898e+01 1.017961541767175904e+00 1.015083732055920562e-01
3.142499999999406768e+01 1.019145993359197311e+00 1.007940160735183860e-01
3.157500000000595364e+01 1.019605543516120205e+00 9.941962390274479422e-02
3.172499999999935127e+01 1.020864139708340890e+00 1.000925182785784573e-01
3.187500000000000000e+01 1.020102496208272091e+00 9.902751848270596735e-02
3.202500000000086544e+01 1.018112482025301579e+00 9.987090124608574704e-02
3.217499999999394333e+01 1.019403413738927622e+00 9.966676474897805116e-02
3.232500000000609219e+01 1.018116646453622209e+00 9.898309413820950697e-02
3.247499999999882903e+01 1.021688210820095311e+00 9.904322001709887913e-02
3.262500000000000000e+01 1.021090560954966531e+00 9.829162789093970343e-02
3.277500000000137703e+01 1.020936590875901384e+00 9.937651825744132916e-02
3.292499999999381544e+01 1.019763648221575503e+00 9.854880329305164277e-02
3.307500000000621299e+01 1.019748217993730943e+00 9.840319924281472341e-02
3.322499999999832454e+01 1.019914539005096099e+00 9.798052789953808073e-02
3.337500000000000000e+01 1.018258225167421038e+00 9.710324431822732472e-02
3.352500000000186731e+01 1.019820872084716612e+00 9.748504206214070322e-02
3.367499999999368754e+01 1.018384113975255190e+00 9.725496299434892300e-02
3.382500000000633378e+01 1.019723291961251554e+00 9.617569682121457353e-02
3.397499999999784848e+01 1.021305949031704019e+00 9.664808759675255767e-02
3.412500000000000000e+01 1.019588747687042218e+00 9.688688227381697660e-02
3.427500000000233626e+01 1.021184731624692921e+00 9.579510573451126276e-02
3.442499999999357385e+01 1.022714770594650879e+00 9.538340958772184575e-02
3.457500000000644746e+01 1.020845648877915846e+00 9.664915732017180516e-02
3.472499999999739373e+01 1.021838108187288485e+00 9.597300151132688584e-02
3.487500000000000000e+01 1.021092736128544454e+00 9.597593401770233845e-02
3.502500000000278391e+01 1.023171220364965217e+00 9.507887490295872934e-02
3.517499999999346016e+01 1.022471193395157352e+00 9.578324137562205243e-02
3.532500000000656115e+01 1.023303774558119272e+00 9.517874721559747841e-02
3.547499999999695319e+01 1.023781155370814266e+00 9.459040405525355466e-02
3.562500000000000000e+01 1.024467119564502315e+00 9.422465987607936411e-02
3.577500000000321734e+01 1.024017615064049869e+00 9.475027222443556385e-02
3.592499999999336069e+01 1.022589458095303661e+00 9.460021449044887787e-02
3.607500000000666773e+01 1.023356323910775023e+00 9.402651623241879697e-02
3.622499999999653397e+01 1.025381741883598874e+00 9.472641613548662964e-02
3.637500000000000000e+01 1.023313320559134043e+00 9.425745962570666880e-02
3.652500000000362235e+01 1.024831831531084481e+00 9.396781752716440450e-02
3.667499999999325411e+01 1.025008845277658898e+00 9.329579433050549930e-02
3.682500000000676721e+01 1.026099288516778341e+00 9.380561315714384951e-02
3.697499999999613607e+01 1.024344558508652581e+00 9.370922087113907339e-02
3.712500000000000000e+01 1.024145536715947769e+00 9.237294624823406963e-02
3.727500000000402736e+01 1.024136976046450265e+00 9.290920200814170582e-02
3.742499999999315463e+01 1.024588663053323856e+00 9.315215961373267406e-02
3.757500000000686668e+01 1.022458988156771831e+00 9.317303081805362874e-02
3.772499999999575238e+01 1.024893950462585135e+00 9.101283715653105122e-02
3.787500000000000000e+01 1.022989036164552168e+00 9.171100552092717462e-02
3.802500000000440394e+01 1.025305170697728085e+00 9.135175544000241621e-02
3.817499999999306226e+01 1.023798889075521856e+00 9.130268870237857881e-02
3.832500000000695906e+01 1.024401196635926992e+00 9.096968997860943595e-02
3.847499999999537579e+01 1.023234464024024959e+00 9.074480976018300948e-02
3.862500000000000000e+01 1.022793622324425833e+00 8.879298132168381152e-02
3.877500000000476632e+01 1.024432708034765271e+00 9.022465236573515290e-02
3.892499999999297700e+01 1.023058926734245144e+00 9.011937828623992064e-02
3.907500000000705143e+01 1.022923029182533083e+00 9.075209567520532705e-02
3.922499999999502052e+01 1.023157527775875320e+00 9.056902508912950678e-02
3.937500000000000000e+01 1.025013688074112306e+00 9.061368244125926619e-02
3.952500000000512159e+01 1.024093490467099521e+00 9.020938932320551884e-02
3.967499999999288463e+01 1.023412342133802611e+00 8.865375166748953872e-02
3.982500000000712959e+01 1.023943704210796390e+00 8.922708207304494432e-02
3.997499999999467946e+01 1.024011951961827149e+00 8.948931393967179959e-02
4.012500000000000000e+01 1.023265906475157028e+00 8.922870748339668812e-02
4.027500000000545555e+01 1.026570595233466054e+00 8.923224525567033383e-02
4.042499999999279936e+01 1.024543284224868511e+00 8.716103115693854542e-02
4.057500000000721485e+01 1.023362054938127930e+00 8.909438072445981238e-02
4.072499999999434550e+01 1.023239035540987940e+00 8.869344291524573765e-02
4.087500000000000000e+01 1.023833501614524133e+00 8.866108741679062932e-02
4.102500000000578240e+01 1.023471415195551515e+00 8.883693826478007705e-02
4.117499999999272120e+01 1.024713293733104047e+00 8.837590174060276638e-02
4.132500000000730012e+01 1.024170405606022349e+00 8.737761076493773260e-02
4.147499999999402576e+01 1.022613796028223110e+00 8.815173214323414330e-02
4.162500000000000000e+01 1.024701522972347290e+00 8.670892399062740674e-02
4.177500000000609504e+01 1.023415233301921967e+00 8.842363608698823596e-02
4.192499999999264304e+01 1.024497168643774936e+00 8.686519512743441640e-02
4.207500000000737828e+01 1.022598580394773249e+00 8.845350115533576196e-02
4.222499999999372022e+01 1.023903480659104526e+00 8.642361693571942727e-02
4.237500000000000000e+01 1.023691370376829113e+00 8.609427617101224339e-02
4.252500000000640057e+01 1.023847316783747186e+00 8.732247248152893992e-02
4.267499999999256488e+01 1.022247978144009917e+00 8.620296289034337645e-02
4.282500000000744933e+01 1.022763807829852656e+00 8.652996077493500804e-02
4.297499999999342180e+01 1.022671256191602929e+00 8.755124569040720339e-02
4.312500000000000000e+01 1.022036429114064005e+00 8.622652854361426145e-02
4.327500000000669900e+01 1.023070509948379225e+00 8.645978313766360113e-02
4.342499999999249383e+01 1.020961584752989815e+00 8.604731662866055286e-02
4.357500000000752038e+01 1.022305979074388693e+00 8.610320229302569073e-02
4.372499999999313758e+01 1.022039054116620882e+00 8.540260104311936384e-02
4.387500000000000000e+01 1.022533941615987763e+00 8.645924537396497411e-02
4.402500000000697611e+01 1.022645687051854990e+00 8.489408382728320934e-02
4.417499999999242277e+01 1.021473967193122334e+00 8.615580948514525716e-02
4.432500000000759144e+01 1.021723966458960797e+00 8.517513829117656643e-02
4.447499999999286047e+01 1.021561727293877286e+00 8.463083493703642268e-02
4.462500000000000000e+01 1.021682280766251560e+00 8.446076984820684308e-02
4.477500000000724611e+01 1.021213136125164622e+00 8.510369795623753952e-02
4.492499999999235882e+01 1.020776505521028943e+00 8.500237730207325926e-02
4.507500000000766249e+01 1.023621825670980812e+00 8.479536586394578745e-02
4.522499999999259757e+01 1.021353874917412252e+00 8.439363953184166045e-02
4.537500000000000000e+01 1.020362862149400751e+00 8.364294351949454198e-02
4.552500000000750902e+01 1.021739316130169106e+00 8.436728850318479800e-02
4.567499999999228777e+01 1.020013188593980491e+00 8.454525942298639352e-02
4.582500000000772644e+01 1.020053356506716469e+00 8.400872975232921702e-02
4.597499999999233466e+01 1.021484338040075546e+00 8.260255678493767795e-02
4.612500000000000000e+01 1.019179015366086904e+00 8.265336023584639313e-02
4.627500000000776481e+01 1.018712818008509435e+00 8.377153483136333401e-02
4.642499999999223093e+01 1.019982623607654348e+00 8.309216830985086122e-02
4.657500000000779039e+01 1.019383911494200268e+00 8.268872509511296376e-02
4.672499999999207887e+01 1.019893457532467185e+00 8.239234215112967163e-02
4.687500000000000000e+01 1.018219436960681845e+00 8.284359813854849652e-02
4.702500000000801350e+01 1.019751964178298609e+00 8.316951559516905235e-02
4.717499999999216698e+01 1.020125572927806923e+00 8.249254846020981358e-02
4.732500000000784723e+01 1.019092957656782872e+00 8.265094089597170568e-02
4.747499999999183729e+01 1.018164840247126834e+00 8.331658645292439047e-02
4.762500000000000000e+01 1.018999202742049581e+00 8.257797846718674395e-02
4.777500000000825509e+01 1.019730310657989802e+00 8.101202011654143331e-02
4.792499999999211013e+01 1.017313120931976789e+00 8.119998126803233685e-02
4.807500000000790408e+01 1.016455091161813540e+00 8.210039538689584138e-02
4.822499999999160281e+01 1.016862752438081330e+00 8.142851148896951274e-02
4.837500000000000000e+01 1.018372310103587752e+00 8.200292920497728733e-02
4.852500000000848956e+01 1.017240472277705088e+00 8.054298654095377874e-02
4.867499999999204618e+01 1.016667001764622213e+00 8.204009496319489281e-02
4.882500000000796092e+01 1.016304317849813232e+00 8.132090469732251858e-02
4.897499999999137543e+01 1.017059776027504414e+00 8.050096517598315238e-02
4.912500000000000000e+01 1.017320577592063069e+00 8.150539356794400669e-02
4.927500000000870983e+01 1.015559255116598836e+00 8.124925758525504416e-02
4.942499999999198934e+01 1.016533283078593808e+00 8.040267376906486130e-02
4.957500000000802487e+01 1.016208821389188222e+00 8.143767675254134919e-02
4.972499999999115516e+01 1.016557526315220450e+00 7.992382248393579969e-02
4.987500000000000000e+01 1.014991711094820781e+00 8.052045898389925682e-02
5.002500000000893010e+01 1.016683252584029251e+00 8.067580553349006089e-02
5.017499999999193960e+01 1.015583662950532373e+00 8.007842627483811870e-02
5.032500000000807461e+01 1.015613458230645527e+00 7.956520777248780874e-02
5.047499999999094200e+01 1.016129352385438667e+00 8.019362424911306853e-02
5.062500000000000000e+01 1.014653806580832818e+00 7.950462582601675043e-02
5.077500000000914326e+01 1.015666507451836731e+00 8.042239215552679510e-02
5.092499999999188276e+01 1.013552413196652680e+00 8.030172559267982624e-02
5.107500000000812435e+01 1.015356160793419171e+00 8.028954322954086342e-02
5.122499999999072884e+01 1.014497113600099976e+00 7.821028537247097512e-02
5.137500000000000000e+01 1.014738682298142347e+00 7.959080651314605348e-02
5.152500000000934932e+01 1.013993174676297127e+00 8.042221299028613768e-02
5.167499999999183302e+01 1.014003089589081252e+00 7.959034189653940716e-02
5.182500000000818119e+01 1.011891106635051329e+00 7.965341190986965914e-02
5.197499999999052989e+01 1.013814743557739595e+00 7.916298518834419262e-02
5.212500000000000000e+01 1.013660488298591345e+00 7.800990038593527687e-02
5.227500000000954827e+01 1.013021955384053374e+00 7.925559298625091398e-02
5.242499999999178328e+01 1.010468163240631156e+00 7.873937843595536779e-02
5.257500000000806040e+01 1.013129478915543835e+00 7.787398060140150735e-02
5.272499999999033804e+01 1.014730755107301263e+00 7.845411363712671837e-02
5.287500000000000000e+01 1.011870511803964368e+00 7.854293649532073651e-02
5.302500000000974723e+01 1.010983512493758951e+00 7.811987774932736828e-02
5.317499999999255778e+01 1.012163578694120547e+00 7.760821887597642299e-02
5.332500000000729301e+01 1.011373863301222586e+00 7.730796680985042857e-02
5.347499999999015330e+01 1.013289069820633159e+00 7.891820256093488861e-02
5.362500000000000000e+01 1.011602196875037940e+00 7.660359494686212745e-02
5.377500000000993197e+01 1.011214557343398601e+00 7.796189590119803614e-02
5.392499999999331095e+01 1.010939223154212474e+00 7.680343694050903447e-02
5.407500000000654694e+01 1.011421533239547754e+00 7.682321990427755376e-02
5.422499999998996145e+01 1.011079339688164547e+00 7.665636524710085775e-02
5.437500000000000000e+01 1.012100742491358618e+00 7.720519470043120391e-02
5.452500000001011671e+01 1.009009784683569277e+00 7.631118746966261690e-02
5.467499999999403570e+01 1.010532489411752000e+00 7.702314048654496093e-02
5.482500000000581508e+01 1.011559042623303872e+00 7.647688128431648358e-02
5.497499999998977671e+01 1.012220415582735011e+00 7.612217739248246240e-02
5.512500000000000000e+01 1.008686162334659020e+00 7.636582186093375524e-02
5.527500000001029434e+01 1.009458063365334279e+00 7.543836581611836067e-02
5.542499999999475335e+01 1.009049775952405303e+00 7.542960846039108158e-02
5.557500000000510454e+01 1.009514554532394470e+00 7.504975564145544009e-02
5.572499999998960618e+01 1.010299423278258946e+00 7.615302740537596704e-02
5.587500000000000000e+01 1.008746999693368451e+00 7.625537308587232443e-02
5.602500000001046487e+01 1.009761394153871006e+00 7.562249288543118619e-02
5.617499999999544258e+01 1.008892281473001473e+00 7.512645294487563241e-02
5.632500000000441531e+01 1.008635979652776182e+00 7.497104403801105321e-02
5.647499999998942855e+01 1.008693226260984011e+00 7.439650266842015580e-02
5.662500000000000000e+01 1.008957187864548688e+00 7.603585200392590226e-02
5.677500000001062830e+01 1.007485506104272233e+00 7.520298385690206422e-02
5.692499999999611759e+01 1.008498228478834413e+00 7.450183978320293332e-02
5.707500000000374030e+01 1.008145013780034960e+00 7.469655541882638805e-02
5.722499999998926512e+01 1.008150624029532150e+00 7.461725456885566488e-02
5.737500000000000000e+01 1.007724027196643002e+00 7.498632662380502745e-02
5.752500000001079172e+01 1.008138811083189479e+00 7.453647612060251837e-02
5.767499999999677129e+01 1.007686673806525324e+00 7.373564334102501727e-02
5.782500000000310081e+01 1.007558628993929783e+00 7.325037116994270736e-02
5.797499999998910170e+01 1.006867478432857954e+00 7.254586967805554121e-02
5.812500000000000000e+01 1.006572433142630674e+00 7.494180049123012888e-02
5.827500000001095515e+01 1.006500556696669602e+00 7.282605835185301801e-02
5.842499999999741078e+01 1.006562450926732355e+00 7.388457674025800115e-02
5.857500000000246132e+01 1.007107980210962150e+00 7.329027755442903136e-02
5.872499999998893827e+01 1.005631557314683899e+00 7.391471337975483169e-02
5.887500000000000000e+01 1.005861203746759802e+00 7.359887086388000599e-02
5.902500000001111857e+01 1.006736067263095391e+00 7.307037206186485501e-02
5.917499999999803606e+01 1.005695095055724408e+00 7.376358287907838762e-02
5.932500000000184315e+01 1.005769741357811498e+00 7.300953289530250079e-02
5.947499999998878906e+01 1.004530375953184951e+00 7.285683894536665317e-02
5.962500000000000000e+01 1.006209911675303825e+00 7.379669366627725213e-02
5.977500000001126779e+01 1.003330029377283550e+00 7.253050183752707269e-02
5.992499999999864002e+01 1.006383976662188928e+00 7.283243108310499814e-02
6.007500000000123919e+01 1.003624237716831846e+00 7.278958086973437436e-02
6.022499999998863984e+01 1.003619954910166312e+00 7.257351977197487591e-02
6.037500000000000000e+01 1.003694814889827924e+00 7.204110247720922622e-02
6.052500000001142411e+01 1.004417842278593875e+00 7.208222121539066551e-02
6.067499999999923688e+01 1.004130375662506847e+00 7.196805158262922775e-02
6.082500000000064944e+01 1.003975564912381824e+00 7.218993102468493350e-02
6.097499999998849773e+01 1.003638543836081309e+00 7.159559903365701750e-02
6.112500000000000000e+01 1.003213714877705609e+00 7.212236193278187546e-02
6.127500000001155911e+01 1.003015611967564835e+00 7.202471301770095591e-02
6.142499999999980531e+01 1.002665496781879551e+00 7.139414523613266117e-02
6.157500000000007390e+01 1.003173014420541076e+00 7.199803434977479488e-02
6.172499999998834852e+01 1.002309466247072400e+00 7.053539787681603612e-02
6.187500000000000000e+01 1.003010934404898968e+00 7.205985541324509691e-02
6.202500000001170122e+01 1.002450901382683002e+00 7.209330247867369590e-02
6.217500000000037375e+01 1.000881121344800784e+00 7.019449272294214781e-02
6.232499999999951967e+01 1.001318248212355710e+00 7.127922642216774629e-02
6.247499999998820641e+01 1.002371008173264189e+00 6.989789265135591678e-02
6.262500000000000000e+01 1.001321559352630342e+00 7.039369843719095465e-02
6.277500000001184333e+01 1.001346482591359610e+00 7.089786784495941130e-02
6.292500000000092086e+01 1.001466680387235186e+00 7.124577992869846055e-02
6.307499999999897256e+01 1.000813514460743958e+00 7.108973506716562141e-02
6.322499999998807851e+01 1.000279265544572027e+00 7.055604470360753167e-02
6.337500000000000000e+01 1.001789147191357143e+00 7.017791630447874074e-02
6.352500000001197833e+01 1.001766662694416166e+00 7.085432694509800899e-02
6.367500000000146798e+01 1.001109073599100174e+00 7.031906679497040846e-02
6.382499999999843254e+01 9.994028108703673086e-01 6.991042980652877048e-02
6.397499999998793641e+01 9.991645283693433299e-01 7.000314931331373669e-02
6.412500000000000000e+01 1.000417741070175115e+00 7.028917595321498846e-02
6.427500000001211333e+01 1.000145442406479734e+00 7.033596217729823352e-02
6.442500000000200089e+01 9.989695179823113724e-01 6.987116018755541724e-02
6.457499999999791385e+01 9.992123759371637215e-01 7.031182712208780550e-02
6.472499999998781561e+01 9.997993359499530719e-01 6.919843145832921261e-02
6.487500000000000000e+01 9.990891856432210227e-01 6.988035855277546782e-02
6.502500000001224123e+01 1.000551416738884924e+00 6.928238250528785669e-02
6.517500000000251248e+01 9.995076754521161622e-01 6.927033322859163511e-02
6.532499999999740226e+01 9.988771750856235698e-01 6.911025651881207155e-02
6.547499999998768772e+01 9.989978687100088406e-01 6.856848932567209676e-02
6.562500000000000000e+01 9.978273930899338451e-01 6.995847093408155692e-02
6.577500000001236913e+01 9.986250633622231199e-01 6.940404550055287447e-02
6.592500000000300986e+01 9.985333690167977894e-01 6.911402508663282152e-02
6.607499999999690488e+01 9.982670584713442263e-01 6.884337011584636123e-02
6.622499999998755982e+01 9.981609300857123834e-01 6.903851888604521647e-02
6.637500000000000000e+01 9.983109617092199572e-01 6.848723959355972057e-02
6.652500000001249703e+01 9.982198577750328594e-01 6.888570097120802482e-02
6.667500000000349303e+01 9.979038576472208932e-01 6.850059744136063888e-02
6.682499999999640750e+01 9.972586597034752698e-01 6.791438043274818093e-02
6.697499999998743192e+01 9.973319433588156979e-01 6.851027090262323815e-02
6.712500000000000000e+01 9.983469013810833959e-01 6.851135796881382967e-02
6.727500000001261071e+01 9.970454184887360682e-01 6.894262650141771975e-02
6.742500000000397620e+01 9.981389992260810695e-01 6.837191267599346256e-02
6.757499999999593854e+01 9.957475764018570707e-01 6.763028409242892447e-02
6.772499999998731823e+01 9.971398878974135904e-01 6.793618023061769040e-02
6.787500000000000000e+01 9.965156196153286405e-01 6.787526887356223892e-02
6.802500000001272440e+01 9.972274289892362198e-01 6.757468227793740623e-02
6.817500000000444516e+01 9.968334397272781144e-01 6.763110748276512929e-02
6.832499999999546958e+01 9.968809106417465538e-01 6.724591940064997275e-02
6.847499999998720455e+01 9.969006359011645113e-01 6.807381427939274143e-02
6.862500000000000000e+01 9.966258078751299987e-01 6.709538946453091901e-02
6.877500000001283809e+01 9.968265023917333156e-01 6.765252864553170098e-02
6.892500000000489990e+01 9.961285286713004172e-01 6.762640789958973553e-02
6.907499999999501483e+01 9.967093352547595764e-01 6.764100142784797154e-02
6.922499999998709086e+01 9.966906295362517598e-01 6.701195322305526780e-02
6.937500000000000000e+01 9.965759671817399079e-01 6.642691397047736923e-02
6.952500000001295177e+01 9.959957568353101642e-01 6.743191156107551654e-02
6.967500000000535465e+01 9.964617898631147330e-01 6.716469766578120337e-02
6.982499999999456008e+01 9.965148905229963550e-01 6.648464698885483970e-02
6.997499999998697717e+01 9.952221913482534044e-01 6.708308500148844888e-02
7.012500000000000000e+01 9.950052337698390703e-01 6.695157862160702744e-02
7.027500000001306546e+01 9.961160614158871551e-01 6.704784204861284624e-02
7.042500000000579519e+01 9.968303468840529202e-01 6.634413908180224195e-02
7.057499999999413376e+01 9.961865340814491931e-01 6.747547346205366725e-02
7.072499999998686349e+01 9.956316580683071127e-01 6.669302267163407238e-02
7.087500000000000000e+01 9.962719298439862703e-01 6.713049419754046898e-02
7.102500000001316494e+01 9.964484296309085165e-01 6.615994084076447235e-02
7.117500000000620730e+01 9.948403204698491598e-01 6.635335635899620998e-02
7.132499999999369322e+01 9.954350359280574878e-01 6.606882925422302710e-02
7.147499999998676401e+01 9.950115541265688313e-01 6.604720702879053607e-02
7.162500000000000000e+01 9.960053393944738875e-01 6.550949028651939510e-02
7.177500000001327862e+01 9.971412160230976873e-01 6.670813270065981126e-02
7.192500000000663363e+01 9.954601674712258985e-01 6.594665186013336233e-02
7.207499999999328111e+01 9.949664684390989722e-01 6.614588860296412298e-02
7.222499999998666453e+01 9.948364143734904630e-01 6.548022800591291048e-02
7.237500000000000000e+01 9.965145976161723373e-01 6.564774764237120419e-02
7.252500000001337810e+01 9.953284504800103960e-01 6.539580999859939681e-02
7.267500000000704574e+01 9.967011738827801226e-01 6.556788243306660435e-02
7.282499999999286899e+01 9.955669988560644779e-01 6.544555942887282651e-02
7.297499999998655085e+01 9.963138696954534357e-01 6.668820631869594451e-02
7.312500000000000000e+01 9.952203838013631287e-01 6.467401835312468206e-02
7.327500000001347757e+01 9.947060958226634497e-01 6.555394038369906362e-02
7.342500000000745786e+01 9.956016671599811074e-01 6.488509197505690218e-02
7.357499999999247109e+01 9.942660128354239291e-01 6.511568065301301389e-02
7.372499999998646558e+01 9.955450435434710643e-01 6.552583143551926614e-02
7.387500000000000000e+01 9.950900023986628540e-01 6.515841280280197656e-02
7.402500000001359126e+01 9.954553393677633144e-01 6.507951858033118875e-02
7.417500000000785576e+01 9.945993886855781785e-01 6.518093518702246236e-02
7.432499999999207319e+01 9.954762970125414778e-01 6.497504943494612772e-02
7.447499999998635190e+01 9.955867230954295044e-01 6.544344581943269124e-02
7.462500000000000000e+01 9.944699321733978525e-01 6.417400489957959808e-02
7.477500000001367653e+01 9.944772811678725954e-01 6.450825624700451399e-02
7.492500000000823945e+01 9.951620142758326182e-01 6.464577066100694880e-02
7.507499999999168949e+01 9.960273637006162861e-01 6.453823959530712029e-02
7.522499999998626663e+01 9.939476849184992746e-01 6.437210167760265556e-02
7.537500000000000000e+01 9.950413275493683596e-01 6.464077229935123736e-02
7.552500000001377600e+01 9.947174864898872260e-01 6.404523960727402654e-02
7.567500000000862315e+01 9.943899457122195029e-01 6.416676106338774221e-02
7.582499999999130580e+01 9.948922312892185538e-01 6.366518115436373138e-02
7.597499999998616715e+01 9.950731925017931578e-01 6.440227051859098717e-02
7.612500000000000000e+01 9.951836707638093138e-01 6.373262521990039065e-02
7.627500000001386127e+01 9.949385470582825519e-01 6.414186842460108118e-02
7.642500000000899263e+01 9.951853804604613440e-01 6.307282098401786885e-02
7.657499999999093632e+01 9.943797687718215483e-01 6.414709699239902474e-02
7.672499999998608189e+01 9.964327026595599657e-01 6.312572458587430158e-02
7.687500000000000000e+01 9.947742028767471156e-01 6.409816977764148938e-02
7.702500000001396074e+01 9.948513312922033780e-01 6.307980826438505662e-02
7.717500000000934790e+01 9.952054782153961776e-01 6.341485130890570088e-02
7.732499999999058105e+01 9.952883801263298080e-01 6.403469359496903601e-02
7.747499999998598241e+01 9.951604310813847443e-01 6.371503930234391488e-02
7.762500000000000000e+01 9.955386485439084998e-01 6.309076091567272782e-02
7.777500000001404601e+01 9.956070935630421115e-01 6.373463942103901880e-02
7.792500000000971738e+01 9.954853194384618575e-01 6.392523794109478130e-02
7.807499999999021156e+01 9.940231924305981126e-01 6.340150549371680044e-02
7.822499999998589715e+01 9.953560657099024267e-01 6.294936128834741074e-02
7.837500000000000000e+01 9.954379697547034445e-01 6.304639477981108242e-02
7.852500000001413127e+01 9.958365361260053117e-01 6.375169166885007177e-02
7.867500000001005844e+01 9.956288029801075856e-01 6.333634830594248033e-02
7.882499999998987050e+01 9.953221859316856435e-01 6.302992036923042718e-02
7.897499999998581188e+01 9.951950110963068141e-01 6.310332246626668140e-02
7.912500000000000000e+01 9.954547808118090479e-01 6.312947401955147642e-02
7.927500000001423075e+01 9.949032546097331675e-01 6.377012748569849121e-02
7.942500000001041371e+01 9.964363079291768122e-01 6.213440193515071958e-02
7.957499999998951523e+01 9.962459862366822572e-01 6.219760897747326350e-02
7.972499999998572662e+01 9.948312157184341364e-01 6.251900143009177235e-02
7.987500000000000000e+01 9.966780086477995404e-01 6.345029663530894759e-02
8.002500000001430180e+01 9.957087560184421093e-01 6.279201028490150049e-02
8.017500000001075477e+01 9.964623750975569738e-01 6.260243915922894531e-02
8.032499999998918838e+01 9.957197679306670768e-01 6.195570285913594433e-02
8.047499999998564135e+01 9.961764929393149837e-01 6.241685034258495635e-02
8.062500000000000000e+01 9.963894546374854055e-01 6.244264062200303306e-02
8.077500000001438707e+01 9.958888435950716822e-01 6.161283722447829375e-02
8.092500000001108162e+01 9.960215485097841936e-01 6.256476331910050537e-02
8.107499999998886153e+01 9.965739569361301564e-01 6.245096621807663673e-02
8.122499999998557030e+01 9.958931535758348552e-01 6.225209426685358871e-02
8.137500000000000000e+01 9.951526811987428944e-01 6.174811862023654729e-02
8.152500000001447233e+01 9.979695710982166013e-01 6.344789150239744935e-02
8.167500000001139426e+01 9.965038383692571555e-01 6.234231651026770488e-02
8.182499999998853468e+01 9.970165002788466957e-01 6.246045543986502441e-02
8.197499999998548503e+01 9.957008754002516504e-01 6.111979850017547344e-02
8.212500000000000000e+01 9.965445297234278854e-01 6.261283737611561540e-02
8.227500000001455760e+01 9.960730077862893772e-01 6.272170863376272387e-02
8.242500000001172111e+01 9.958567562216263935e-01 6.156911340956329470e-02
8.257499999998822204e+01 9.972135153558755460e-01 6.181425853158292738e-02
8.272499999998539977e+01 9.963729411025179505e-01 6.112548313646636033e-02
8.287500000000000000e+01 9.962699474969152202e-01 6.225137452118442716e-02
8.302500000001462865e+01 9.987068774308424102e-01 6.133553700056455088e-02
8.317500000001203375e+01 9.982036853527761489e-01 6.095355612430795184e-02
8.332499999998789519e+01 9.965681661613254860e-01 6.165252090159304560e-02
8.347499999998531450e+01 9.966003449113086665e-01 6.139227587705878286e-02
8.362500000000000000e+01 9.973742633698490234e-01 6.051602043473549436e-02
8.377500000001469971e+01 9.973227278475069735e-01 6.154225558329919771e-02
8.392500000001234639e+01 9.974672242272600853e-01 6.157542977676406376e-02
8.407499999998758256e+01 9.969794802099587461e-01 6.156301487372917158e-02
8.422499999998524345e+01 9.977016876441753279e-01 6.191017443057127839e-02
8.437500000000000000e+01 9.982291313765360163e-01 6.200254813533317283e-02
8.452500000001478497e+01 9.977630815836520117e-01 6.036085261960443676e-02
8.467500000001264482e+01 9.987580563016362767e-01 6.050596302389414649e-02
8.482499999998728413e+01 9.991026250326789926e-01 6.012383413387138026e-02
8.497499999998517239e+01 9.986460077547532066e-01 6.139555166108204981e-02
8.512500000000000000e+01 9.983619350815013949e-01 6.091179151541870063e-02
8.527500000001485603e+01 9.983375778994443284e-01 6.071600988578072094e-02
8.542500000001294325e+01 9.993629088165062457e-01 6.051219201129966890e-02
8.557499999998699991e+01 9.984720099429996720e-01 6.029015251805450171e-02
8.572499999998510134e+01 9.985374066972849683e-01 6.043206492273277275e-02
8.587500000000000000e+01 9.994625962951390052e-01 6.073622299736836788e-02
8.602500000001494129e+01 9.999253416465360145e-01 6.095547437657651557e-02
8.617500000001324167e+01 9.983347161700775185e-01 6.037280861741721461e-02
8.632499999998670148e+01 9.984945522329714551e-01 6.071461623418260289e-02
8.647499999998503029e+01 1.000126441138997180e+00 6.055334064181101122e-02
8.662500000000000000e+01 9.987610464124597742e-01 5.985943398454367237e-02
8.677500000001501235e+01 1.000198866196835512e+00 5.976315933555388649e-02
8.692500000001352589e+01 9.988141967847468106e-01 5.990700066880012831e-02
8.707499999998641727e+01 9.998304660854577808e-01 6.060062774290888438e-02
8.722499999998494502e+01 9.990925308320487419e-01 5.955774749688470121e-02
8.737500000000000000e+01 9.999336234685357594e-01 6.027150349573145993e-02
8.752500000001508340e+01 9.990106075823288467e-01 5.983587486517476933e-02
8.767500000001381011e+01 9.997457278996243479e-01 6.061558651277430126e-02
8.782499999998613305e+01 9.997655181219277098e-01 5.992764856499352422e-02
8.797499999998487397e+01 1.000061380219601892e+00 6.046737800084979464e-02
8.812500000000000000e+01 1.000036344577343694e+00 5.966876668812605422e-02
8.827500000001514024e+01 1.001253892302939263e+00 5.995817492114434433e-02
8.842500000001409433e+01 1.000577934958908344e+00 6.053141962944903059e-02
8.857499999998586304e+01 1.001752831772303898e+00 5.930663150067073952e-02
8.872499999998480291e+01 1.000335181727419531e+00 5.956726435985546658e-02
8.887500000000000000e+01 1.000176936676341777e+00 5.925467006488732702e-02
8.902500000001521130e+01 1.001065921483633936e+00 5.971816526321045704e-02
8.917500000001436433e+01 1.000285656828015401e+00 5.944593110796955043e-02
8.932499999998557882e+01 1.000691926666868792e+00 5.869151250777168011e-02
8.947499999998473186e+01 1.001146359443043199e+00 5.938828303919848478e-02
8.962500000000000000e+01 1.001448489839819045e+00 5.883386960997588622e-02
8.977500000001528235e+01 1.002199098202636973e+00 5.952171171251889603e-02
8.992500000001462013e+01 1.001290996428792601e+00 5.860954613170803185e-02
9.007499999998532303e+01 1.001974122388312516e+00 5.949595326564872250e-02
9.022499999998467501e+01 1.001262384618194723e+00 5.931362883625935362e-02
9.037500000000000000e+01 1.001510696751169327e+00 5.884721547193760144e-02
9.052500000001533920e+01 1.002525774206510123e+00 5.881105308654586278e-02
9.067500000001489013e+01 1.002389575271205979e+00 5.977552867365063666e-02
9.082499999998505302e+01 1.001187734933653539e+00 5.929268385240621386e-02
9.097499999998460396e+01 1.001980344527199085e+00 5.895314443681965583e-02
9.112500000000000000e+01 1.003171787379883551e+00 5.939767347056750663e-02
9.127500000001541025e+01 1.003366653373683581e+00 5.927691727540698730e-02
9.142500000001514593e+01 1.001719409401806260e+00 5.952733322851448683e-02
9.157499999998479723e+01 1.002909886345135337e+00 5.889378610360865990e-02
9.172499999998454712e+01 1.002701981644999352e+00 5.815695087774441774e-02
9.187500000000000000e+01 1.001681663370279418e+00 5.892662575746174247e-02
9.202500000001548131e+01 1.002227758433107185e+00 5.840993537989630502e-02
9.217500000001541594e+01 1.002033912147965777e+00 5.828430456369254609e-02
9.232499999998454143e+01 1.002074550130208852e+00 5.840568457044220674e-02
9.247499999998447606e+01 1.002213951827075622e+00 5.831141064421152542e-02
9.262500000000000000e+01 1.002967707981365919e+00 5.867135912549768795e-02
9.277500000001553815e+01 1.002961585551430446e+00 5.930055266791880997e-02
9.292500000001565752e+01 1.003282523736185095e+00 5.815043526748524955e-02
9.307499999998428564e+01 1.002626262668856461e+00 5.847785331104410345e-02
9.322499999998441922e+01 1.003287191896381048e+00 5.820562718513377920e-02
9.337500000000000000e+01 1.002836994195964726e+00 5.821346719904811617e-02
9.352500000001559499e+01 1.003248818037854484e+00 5.777495989945880678e-02
9.367500000001591332e+01 1.003562700796905682e+00 5.812131887041283029e-02
9.382499999998402984e+01 1.002863338794057979e+00 5.812097275440356037e-02
9.397499999998436238e+01 1.004746949450164184e+00 5.838677541586109049e-02
9.412500000000000000e+01 1.005178146099216407e+00 5.761733443490486828e-02
9.427500000001566605e+01 1.003800167362354667e+00 5.814086136587395121e-02
9.442500000001615490e+01 1.004282753727603561e+00 5.793693731404000319e-02
9.457499999998380247e+01 1.003625345801955504e+00 5.792687672719740860e-02
9.472499999998429132e+01 1.003296486396970888e+00 5.832829449616076800e-02
9.487500000000000000e+01 1.005091650173669748e+00 5.780752631223556870e-02
9.502500000001572289e+01 1.005336980122613078e+00 5.769256655248657800e-02
9.517500000001639648e+01 1.004842205107967734e+00 5.787266818101543392e-02
9.532499999998356088e+01 1.004977040168682834e+00 5.751169961617337567e-02
9.547499999998423448e+01 1.004574248360785793e+00 5.794592896167801571e-02
9.562500000000000000e+01 1.004240422583047465e+00 5.754321436172646353e-02
9.577500000001577973e+01 1.006209527403540083e+00 5.769350677024211171e-02
9.592500000001662386e+01 1.005114099828949836e+00 5.849831576914112791e-02
9.607499999998331930e+01 1.005252364503092410e+00 5.740852491605515778e-02
9.622499999998417763e+01 1.005783754732547441e+00 5.772781681320644787e-02
9.637500000000000000e+01 1.005944351657614755e+00 5.712791127322650736e-02
9.652500000001585079e+01 1.005372202208697052e+00 5.788110602379173408e-02
9.667500000001686544e+01 1.005505957465675282e+00 5.849984506167257153e-02
9.682499999998309193e+01 1.005323158226506752e+00 5.734227487373171062e-02
9.697499999998412079e+01 1.005016802972277912e+00 5.748651712769710376e-02
9.712500000000000000e+01 1.005646206696273248e+00 5.749174649563256606e-02
9.727500000001590763e+01 1.005603929434191635e+00 5.782514179751979677e-02
9.742500000001709282e+01 1.006735651638826834e+00 5.696563251416218721e-02
9.757499999998287876e+01 1.007150477603570460e+00 5.714310470260260816e-02
9.772499999998406395e+01 1.006606656948638046e+00 5.759179633880984889e-02
9.787500000000000000e+01 1.006663991378320411e+00 5.714237019391469469e-02
9.802500000001595026e+01 1.004855866346962667e+00 5.774513562371700465e-02
9.817500000001732019e+01 1.007771774255105557e+00 5.731447627456893318e-02
9.832499999998263718e+01 1.007450867265290428e+00 5.714910600530870993e-02
9.847499999998402131e+01 1.007121044545548516e+00 5.685053579063829854e-02
9.862500000000000000e+01 1.007493903954035819e+00 5.709301848825448084e-02
9.877500000001600711e+01 1.006600263487214875e+00 5.635149713498779217e-02
9.892500000001753335e+01 1.006740233549144659e+00 5.696479656509614853e-02
9.907499999998242401e+01 1.006475656895922555e+00 5.692748354985507214e-02
9.922499999998395026e+01 1.007341016873277040e+00 5.685324175367421906e-02
9.937500000000000000e+01 1.007546280055230614e+00 5.736025396006325106e-02
9.952500000001606395e+01 1.007828289057194571e+00 5.619759550041641266e-02
9.967500000001776073e+01 1.006411882351887499e+00 5.624348707046222112e-02
9.982499999998221085e+01 1.008396061024358081e+00 5.709375908590948873e-02
9.997499999998389342e+01 1.008025759411098177e+00 5.687562498049634346e-02
1.001250000000000000e+02 1.008253255839479001e+00 5.699887762791298190e-02
1.002750000000161208e+02 1.007214827972247484e+00 5.600330423254419598e-02
1.004250000000179597e+02 1.008233038971178441e+00 5.646027504152780624e-02
1.005749999999819835e+02 1.007584585254593934e+00 5.636216536223546264e-02
1.007249999999838508e+02 1.007763333731942046e+00 5.713160518233235258e-02
1.008750000000000000e+02 1.007330917123232972e+00 5.650206409175207584e-02
1.010250000000161776e+02 1.006410447708779410e+00 5.646388620601971303e-02
1.011750000000181871e+02 1.007471071325001244e+00 5.567953382416786917e-02
1.013249999999817845e+02 9.858608340596971553e-01 5.584979954490644494e-02
1.014749999999837939e+02 9.642407752237428520e-01 5.528493419464371172e-02
1.016250000000000000e+02 9.521852704749255158e-01 5.434579891237265731e-02
1.017750000000162345e+02 9.410848860594428489e-01 5.396546028255757438e-02
1.019250000000184002e+02 9.334196862412613704e-01 5.368122183152791715e-02
1.020749999999815714e+02 9.260442588530377606e-01 5.353799427933400579e-02
1.022249999999837513e+02 9.175004016533718776e-01 5.298852947349520087e-02
1.023750000000000000e+02 9.117950796633573773e-01 5.296398391800213185e-02
1.025250000000162771e+02 9.052236348621239825e-01 5.371246172805723557e-02
1.026750000000185992e+02 9.003857781453226128e-01 5.199563380711792748e-02
1.028249999999813582e+02 8.942814070491578171e-01 5.307983226483858896e-02
1.029749999999836945e+02 8.890646235025679855e-01 5.183553957968023429e-02
1.031250000000000000e+02 8.839145188535522113e-01 5.235552778413136293e-02
1.032750000000163340e+02 8.794470255865659558e-01 5.179657009246951826e-02
1.034250000000187981e+02 8.757062729536240209e-01 5.152495964122339595e-02
1.035749999999811592e+02 8.694500282410473346e-01 5.175344384730083680e-02
1.037249999999836376e+02 8.655806341935581294e-01 5.180882820656744492e-02
1.038750000000000000e+02 8.633219967846539333e-01 5.124489726045574484e-02
1.040250000000163766e+02 8.573505517518843488e-01 5.084261043077913794e-02
1.041750000000189971e+02 8.543364633101719896e-01 5.080036907368608995e-02
1.043249999999809603e+02 8.499139862568975134e-01 5.077680395455629048e-02
1.044749999999835950e+02 8.462219467059477473e-01 5.044830186832138796e-02
1.046250000000000000e+02 8.436876491296358971e-01 5.041641138154880769e-02
1.047750000000164334e+02 8.393048106307626766e-01 5.063168484646769080e-02
1.049250000000191818e+02 8.349923112767880795e-01 4.982716301801663056e-02
1.050749999999807613e+02 8.328683374977839948e-01 4.975476778241483267e-02
1.052249999999839503e+02 8.280892844851120982e-01 4.897161414752736197e-02
1.053750000000000000e+02 8.264494257591230575e-01 4.926236641097629654e-02
1.055250000000157229e+02 8.238445296210198387e-01 4.980751977405202535e-02
1.056750000000193808e+02 8.205469571628416503e-01 4.915947059754224857e-02
1.058249999999805766e+02 8.161542830456191000e-01 4.897841032120919813e-02
1.059749999999847319e+02 8.143656346489478448e-01 4.901091175165978725e-02
1.061250000000000000e+02 8.114887104343038171e-01 4.877771761110988313e-02
1.062750000000149555e+02 8.079625274506997412e-01 4.863800864239119920e-02
1.064250000000195797e+02 8.052816899838236564e-01 4.897348370768392356e-02
1.065749999999803919e+02 8.025865773637553824e-01 4.894582485403617400e-02
1.067249999999854850e+02 7.988678045815044149e-01 4.920971732358944695e-02
1.068750000000000000e+02 7.979394882008407075e-01 4.815168696637151663e-02
1.070250000000141881e+02 7.949468056218562673e-01 4.804768972377732039e-02
1.071750000000197645e+02 7.918056197496939896e-01 4.857059706674183436e-02
1.073249999999802071e+02 7.896175728264444027e-01 4.839285182468302388e-02
1.074749999999862524e+02 7.866633637138953361e-01 4.801069359277890247e-02
1.076250000000000000e+02 7.834189570288183635e-01 4.771808194367458539e-02
1.077750000000134492e+02 7.814412595723356780e-01 4.727635476960944522e-02
1.079250000000199492e+02 7.794379015200076921e-01 4.787353108449503986e-02
1.080749999999800224e+02 7.768308946902382495e-01 4.725057576997518383e-02
1.082249999999869914e+02 7.738454775953430564e-01 4.812600308641882402e-02
1.083750000000000000e+02 7.728248689815379047e-01 4.717282651011316108e-02
1.085250000000127244e+02 7.706018226896759193e-01 4.728136372045292635e-02
1.086750000000201481e+02 7.668961795842945683e-01 4.726245441107902040e-02
1.088249999999798376e+02 7.646755931587705390e-01 4.698054293005830828e-02
1.089749999999877161e+02 7.634491463072665685e-01 4.650684439627125744e-02
1.091250000000000000e+02 7.607921476821672968e-01 4.714804858195401766e-02
1.092750000000119854e+02 7.588528128773792680e-01 4.662324980592476992e-02
1.094250000000203045e+02 7.554592206775178065e-01 4.673686471056593544e-02
1.095749999999796529e+02 7.545423592854449968e-01 4.620010556341878905e-02
1.097249999999884409e+02 7.519166484727396460e-01 4.678301084763126366e-02
1.098750000000000000e+02 7.510631883057016234e-01 4.635616720195036289e-02
1.100250000000112749e+02 7.479003829744652609e-01 4.577217179513827505e-02
1.101750000000204892e+02 7.461287945667608446e-01 4.592213510094866197e-02
1.103249999999794682e+02 7.441332795332255001e-01 4.620068858703973297e-02
1.104749999999891372e+02 7.418766303503211423e-01 4.498979104615967450e-02
1.106250000000000000e+02 7.401030867593053619e-01 4.646343040631487759e-02
1.107750000000105643e+02 7.374097530570455916e-01 4.569651729180435745e-02
1.109250000000206740e+02 7.361031931685331209e-01 4.567744225920515599e-02
1.110749999999792976e+02 7.341324276960237150e-01 4.542653509483567803e-02
1.112249999999898620e+02 7.321378744967969032e-01 4.546089618996774356e-02
1.113750000000000000e+02 7.294548225563750599e-01 4.534505747451082758e-02
1.115250000000098822e+02 7.275635099162941488e-01 4.465261897393255769e-02
1.116750000000208445e+02 7.262876740483046323e-01 4.513857497131740920e-02
1.118249999999791129e+02 7.242308764029914414e-01 4.510407560981705144e-02
1.119749999999905299e+02 7.217291232197090567e-01 4.478377187039220275e-02
1.121250000000000000e+02 7.202747757578477072e-01 4.539123980930000191e-02
1.122750000000091859e+02 7.184248766700498390e-01 4.441513951406029365e-02
1.124250000000210008e+02 7.169505850358216525e-01 4.496476690725961095e-02
1.125749999999789566e+02 7.149704608643875359e-01 4.490973331575328492e-02
1.127249999999912120e+02 7.135844254190929492e-01 4.494171204232039890e-02
1.128750000000000000e+02 7.112935686092773935e-01 4.421873902142808149e-02
1.130250000000085180e+02 7.103109325525502893e-01 4.437307622530682616e-02
1.131750000000211855e+02 7.084100868013911700e-01 4.399873726194154788e-02
1.133249999999787860e+02 7.067325245027111791e-01 4.378701696920159897e-02
1.134749999999919083e+02 7.049868352742062472e-01 4.359211048029202479e-02
1.136250000000000000e+02 7.042638775867688938e-01 4.398020447121437498e-02
1.137750000000078359e+02 7.006038038841366777e-01 4.414086206641845006e-02
1.139250000000213561e+02 6.988675622813708133e-01 4.365652828235154492e-02
1.140749999999786297e+02 6.989274467989173845e-01 4.391624532389013652e-02
1.142249999999925620e+02 6.964033747670029806e-01 4.347200713496008478e-02
1.143750000000000000e+02 6.942315900217063129e-01 4.367346720348396633e-02
1.145250000000071680e+02 6.931491590096332533e-01 4.332722541376585884e-02
1.146750000000215124e+02 6.925170932162851845e-01 4.374273758497407294e-02
1.148249999999784308e+02 6.902724079276186808e-01 4.383271054130285366e-02
1.149749999999932157e+02 6.883047338225670719e-01 4.338424902255267473e-02
1.151250000000000000e+02 6.862804926439092235e-01 4.364845228422567502e-02
1.152750000000065285e+02 6.857942429668046902e-01 4.346778456050107153e-02
1.154250000000216829e+02 6.835800367906204045e-01 4.296553359190935506e-02
1.155749999999783029e+02 6.818885016097744334e-01 4.359251019982661457e-02
1.157249999999938694e+02 6.815203642880593993e-01 4.297086771692423812e-02
1.158750000000000000e+02 6.790702265954057237e-01 4.301873197210241695e-02
1.160250000000058748e+02 6.776010045143143756e-01 4.262738175961632708e-02
1.161750000000218392e+02 6.757395387554354649e-01 4.281720017618961122e-02
1.163249999999781323e+02 6.741190011272653049e-01 4.222812017328105710e-02
1.164749999999945089e+02 6.733771265703841769e-01 4.289866235047295334e-02
1.166250000000000000e+02 6.714326127808706302e-01 4.218397166234624102e-02
1.167750000000052495e+02 6.702805618572874602e-01 4.225624831244485791e-02
1.169250000000220098e+02 6.689933126862589452e-01 4.222550983287917670e-02
1.170749999999779760e+02 6.675797065046882306e-01 4.255407345297125554e-02
1.172249999999951484e+02 6.663793678728195946e-01 4.225234553811679783e-02
1.173750000000000000e+02 6.643756286051325510e-01 4.205742261186853903e-02
1.175250000000046242e+02 6.632107889304514892e-01 4.232390938464684199e-02
1.176750000000221377e+02 6.618496852295696620e-01 4.216669823674519535e-02
1.178249999999778055e+02 6.604493704210725458e-01 4.267912184110176504e-02
1.179749999999957453e+02 6.587894230520101591e-01 4.222729243922793141e-02
1.181250000000000000e+02 6.576085939664756408e-01 4.169533573647142555e-02
1.182750000000039989e+02 6.560337826497880664e-01 4.173595311235962085e-02
1.184250000000223082e+02 6.547559378904809213e-01 4.178978740611036941e-02
1.185749999999776634e+02 6.521733430704068635e-01 4.082641973746037323e-02
1.187249999999963705e+02 6.519719632662692721e-01 4.164085176232405067e-02
1.188750000000000000e+02 6.515339488396412193e-01 4.171831647775748469e-02
1.190250000000033879e+02 6.494652705315673291e-01 4.161395218848160799e-02
1.191750000000224645e+02 6.475265334989973587e-01 4.088831035468121211e-02
1.193249999999775071e+02 6.472832830482001532e-01 4.154380846372759950e-02
1.194749999999969816e+02 6.455946816781705788e-01 4.114237505145923457e-02
1.196250000000000000e+02 6.447026658138947930e-01 4.104590263936818556e-02
1.197750000000027910e+02 6.434539390900513300e-01 4.103215311422991896e-02
1.199250000000226066e+02 6.411359924589560277e-01 4.029398837488636781e-02
1.200749999999773650e+02 6.395451682713165775e-01 4.108497107644335650e-02
1.202249999999975927e+02 6.386180990418189873e-01 4.102769110100539657e-02
1.203750000000000000e+02 6.379909702268921068e-01 4.075347614035066540e-02
1.205250000000021799e+02 6.364047847178241346e-01 4.078714590447750366e-02
1.206750000000227772e+02 6.350517207748335169e-01 4.029648334431628481e-02
1.208249999999772086e+02 6.345944419773363876e-01 4.059470022844215847e-02
1.209749999999981753e+02 6.335620961624578440e-01 4.060325345419173865e-02
1.211250000000000000e+02 6.328810246074346724e-01 4.056540454867725576e-02
1.212750000000015973e+02 6.306980993819599757e-01 4.040295181927289203e-02
1.214250000000229193e+02 6.292098085000947805e-01 4.028737368059313179e-02
1.215749999999770665e+02 6.284440840589613497e-01 4.037877810796557110e-02
1.217249999999987580e+02 6.268068123618920628e-01 4.038851819524345160e-02
1.218750000000000000e+02 6.258504681634807776e-01 4.033573688211410796e-02
1.220250000000010147e+02 6.242000635947604348e-01 4.009864119884923306e-02
1.221750000000230472e+02 6.238658542980524135e-01 4.005229255640788133e-02
1.223249999999769244e+02 6.228709033224474334e-01 4.003981440037427536e-02
1.224749999999993406e+02 6.213402943064694206e-01 4.051348360029816825e-02
1.226250000000000000e+02 6.198890349998873450e-01 3.975314093208520694e-02
1.227750000000004320e+02 6.186222964130696500e-01 3.982204820293350211e-02
1.229250000000231893e+02 6.182511688497372981e-01 3.957318524005073307e-02
1.230749999999767681e+02 6.165638433739539792e-01 3.976664813461330827e-02
1.232249999999999233e+02 6.156738019844899545e-01 3.935473407873597840e-02
1.233750000000000000e+02 6.136783566575506610e-01 3.914488509090976315e-02
1.235249999999998494e+02 6.124924917258722790e-01 3.931662745936483072e-02
1.236750000000233314e+02 6.122171935236976337e-01 3.966100484315135399e-02
1.238249999999766402e+02 6.109113535724109978e-01 3.902428295359756244e-02
1.239750000000004775e+02 6.111316875790200331e-01 3.913209582580295248e-02
1.241250000000000000e+02 6.079128975591999717e-01 3.931984851456044733e-02
1.242749999999992951e+02 6.073374527926812538e-01 3.935419999572890848e-02
1.244250000000234735e+02 6.066843376648423103e-01 3.878079109944762570e-02
1.245749999999764839e+02 6.055771835778031020e-01 3.919863434703034499e-02
1.247250000000010317e+02 6.043726591051363783e-01 3.923006746311320792e-02
1.248750000000000000e+02 6.032943470106084671e-01 3.832143563931240254e-02
1.250249999999987551e+02 6.026162876629641563e-01 3.909152073599123783e-02
1.251750000000236156e+02 6.018564989728386605e-01 3.855835837302701297e-02
1.253249999999763702e+02 6.004791345574400641e-01 3.836188804099415622e-02
1.254750000000015859e+02 5.992761324128660361e-01 3.865853512409416631e-02
1.256250000000000000e+02 5.989228223077232016e-01 3.869226563887916137e-02
1.257749999999982009e+02 5.969089706139895091e-01 3.876968957614335132e-02
1.259250000000237577e+02 5.950753658894919473e-01 3.880211145500158526e-02
1.260749999999762281e+02 5.946527843993026918e-01 3.815222419923692404e-02
1.262250000000021259e+02 5.939792405142825249e-01 3.801800587141912491e-02
1.263750000000000000e+02 5.924528191239964992e-01 3.824939878379655933e-02
1.265249999999976609e+02 5.900002982642690297e-01 3.843585568589093920e-02
1.266750000000238856e+02 5.651930739761682476e-01 3.731569821256885272e-02
1.268249999999760860e+02 5.484229822388406728e-01 3.723910759041638291e-02
1.269750000000026660e+02 5.370023095771820909e-01 3.667731091347873479e-02
1.271250000000000000e+02 5.265737208552573323e-01 3.594199045513560287e-02
1.272749999999971209e+02 5.183480853619970574e-01 3.536521231866492088e-02
1.274250000000240277e+02 5.103951091113867466e-01 3.559023837412107760e-02
1.275749999999759439e+02 5.030072264053124798e-01 3.527317317837623534e-02
1.277250000000031918e+02 4.959477098441035792e-01 3.490955812419270499e-02
1.278750000000000000e+02 4.898895410330870726e-01 3.432074103082244365e-02
1.280249999999965951e+02 4.835102447659419544e-01 3.440945631111187730e-02
1.281750000000241414e+02 4.783914505469978318e-01 3.442632857223933834e-02
1.283249999999758018e+02 4.732471527239735520e-01 3.447162867601106379e-02
1.284750000000037176e+02 4.672239663417751543e-01 3.384937343790719172e-02
1.286250000000000000e+02 4.622031565171934586e-01 3.356787049716256077e-02
1.287749999999960835e+02 4.570107628051235937e-01 3.291781728904765586e-02
1.289250000000242835e+02 4.520408204569096866e-01 3.320794185289040884e-02
1.290749999999756881e+02 4.471394040686225702e-01 3.347603319467547245e-02
1.292250000000042292e+02 4.429894206440390114e-01 3.266030218938471147e-02
1.293750000000000000e+02 4.382935094137492271e-01 3.267665406204624950e-02
1.295249999999955719e+02 4.340772465942173697e-01 3.212546842465247715e-02
1.296750000000243972e+02 4.302042183673465692e-01 3.225077225012318999e-02
1.298249999999755460e+02 4.255429872911765110e-01 3.185753818564514284e-02
1.299750000000047692e+02 4.211485764392323139e-01 3.164413815297027061e-02
1.301250000000000000e+02 4.170036399475639532e-01 3.156600103046380140e-02
1.302749999999950319e+02 4.137070355317750137e-01 3.178944184595487027e-02
1.304250000000245393e+02 4.094387472548114415e-01 3.119508111550251678e-02
1.305749999999754323e+02 4.050399464547889683e-01 3.093071421266537988e-02
1.307250000000052523e+02 4.018157782121584698e-01 3.078223899947589437e-02
1.308750000000000000e+02 3.985716254790634960e-01 3.135918555257585782e-02
1.310249999999945487e+02 3.947247023261895027e-01 3.057068959896154167e-02
1.311750000000246530e+02 3.904562850837943189e-01 3.060192453165992005e-02
1.313249999999753186e+02 3.868059444490239418e-01 3.079282731710004592e-02
1.314750000000057639e+02 3.836020877783227201e-01 2.994864944295172124e-02
1.316250000000000000e+02 3.805893819920791454e-01 3.027194028660668348e-02
1.317749999999940655e+02 3.771363611615011768e-01 2.968811470053749416e-02
1.319250000000247951e+02 3.733762637154338093e-01 2.959019959408423772e-02
1.320749999999751765e+02 3.704335024365505991e-01 2.978904996368212516e-02
1.322250000000062471e+02 3.669883051036559873e-01 2.921240481859368326e-02
1.323750000000000000e+02 3.640000985263093236e-01 2.931604776680537747e-02
1.325249999999935540e+02 3.606638905160787223e-01 2.930605705355521576e-02
1.326750000000249088e+02 3.571954700438181862e-01 2.858427358995071013e-02
1.328249999999750628e+02 3.544333483473900981e-01 2.908509714913554145e-02
1.329750000000067303e+02 3.511993413975333933e-01 2.885769120279353672e-02
1.331250000000000000e+02 3.480217257785603868e-01 2.855597662941564141e-02
1.332749999999930424e+02 3.447847649346709176e-01 2.846492059799037022e-02
1.334250000000250225e+02 3.417159583711850690e-01 2.822573573936267358e-02
1.335749999999749491e+02 3.394109362351888648e-01 2.828882069555231638e-02
1.337250000000072134e+02 3.359740828788294054e-01 2.805673487525962850e-02
1.338750000000000000e+02 3.332750087187497101e-01 2.777487503773687014e-02
1.340249999999925876e+02 3.300119336294773387e-01 2.766100138552926579e-02
1.341750000000251362e+02 3.274054309562766107e-01 2.768802679116517257e-02
1.343249999999748354e+02 3.249360040898955360e-01 2.736811142624276383e-02
1.344750000000077250e+02 3.220717509434189441e-01 2.712430443164943333e-02
1.346250000000000000e+02 3.190152198430919461e-01 2.733036380911310279e-02
1.347749999999921044e+02 3.164423536631940093e-01 2.768553834673133374e-02
1.349250000000252783e+02 3.134475582689571493e-01 2.705528047349220824e-02
1.350749999999746933e+02 3.108121360967345259e-01 2.701469429807074399e-02
1.352250000000081798e+02 3.083259564207835313e-01 2.645641590725503201e-02
1.353750000000000000e+02 3.047773939739595872e-01 2.637434150890210008e-02
1.355249999999916213e+02 3.028810438826531337e-01 2.634848878719507972e-02
1.356750000000253920e+02 3.003940426616168446e-01 2.628323533605158441e-02
1.358249999999746080e+02 2.979106834900769885e-01 2.594631092796658225e-02
1.359750000000086345e+02 2.947930462221961534e-01 2.628976361105058585e-02
1.361250000000000000e+02 2.921701111247724802e-01 2.618320428544613360e-02
1.362749999999911665e+02 2.894770771420269728e-01 2.588520043639574650e-02
1.364250000000255056e+02 2.877330743510804756e-01 2.543347994585030275e-02
1.365749999999744659e+02 2.848678910232098627e-01 2.549027195108945903e-02
1.367250000000091177e+02 2.828576312330869924e-01 2.519048364556624245e-02
1.368750000000000000e+02 2.797161443009552051e-01 2.503890556277269322e-02
1.370249999999907118e+02 2.776409262081033780e-01 2.495612317767518726e-02
1.371750000000256193e+02 2.749163830876721337e-01 2.512476393489583570e-02
1.373249999999743522e+02 2.730157161622236428e-01 2.451737260055503187e-02
1.374750000000095724e+02 2.701311691757101729e-01 2.487368507242814636e-02
1.376250000000000000e+02 2.677390780936919623e-01 2.477938360387592701e-02
1.377749999999902286e+02 2.651890995483630054e-01 2.470381479825643073e-02
1.379250000000257330e+02 2.630725855844321392e-01 2.437020200095487213e-02
1.380749999999742386e+02 2.605851122628344840e-01 2.412102752916685244e-02
1.382250000000100272e+02 2.583024358246273633e-01 2.453202912397105598e-02
1.383750000000000000e+02 2.562709035714961225e-01 2.413422393563028137e-02
1.385249999999898023e+02 2.541012956543984291e-01 2.373396457310920915e-02
1.386750000000258467e+02 2.517290184382178220e-01 2.390475777639841995e-02
1.388249999999741249e+02 2.491406932373623206e-01 2.365699067901570751e-02
1.389750000000104535e+02 2.470475417209293811e-01 2.340644860549558753e-02
1.391250000000000000e+02 2.444813657754575931e-01 2.331338367266251599e-02
1.392749999999893475e+02 2.427285436448730904e-01 2.348268469384132834e-02
1.394250000000259604e+02 2.409668702586475753e-01 2.320338382180703318e-02
1.395749999999740112e+02 2.382227616428727046e-01 2.305235850574032311e-02
1.397250000000109367e+02 2.359559835620482493e-01 2.275746213175582414e-02
1.398750000000000000e+02 2.340692858987969416e-01 2.272270205158247874e-02
1.400249999999889212e+02 2.314996160287607907e-01 2.272084465072635173e-02
1.401750000000260741e+02 2.294403463567178114e-01 2.233972552800913072e-02
1.403249999999738975e+02 2.274450529002408905e-01 2.246550212762606774e-02
1.404750000000113346e+02 2.252193360407231670e-01 2.234847776421135593e-02
1.406250000000000000e+02 2.231742489311549504e-01 2.247923440725948727e-02
1.407749999999884665e+02 2.211701322744920595e-01 2.233568481792914603e-02
1.409250000000261593e+02 2.195366837808676030e-01 2.171423905026519455e-02
1.410749999999738122e+02 2.164758527587499481e-01 2.178303988131261026e-02
1.412250000000117893e+02 2.148906937072542489e-01 2.174417239020676185e-02
1.413750000000000000e+02 2.124961770429296681e-01 2.135996227975993714e-02
1.415249999999880401e+02 2.106507889558519309e-01 2.145911995099255079e-02
1.416750000000263014e+02 2.087225740686761699e-01 2.167689841460957237e-02
1.418249999999736986e+02 2.065812771276222259e-01 2.149034722552831123e-02
1.419750000000122441e+02 2.044887765516400502e-01 2.093534363341541943e-02
1.421250000000000000e+02 2.026129727527516688e-01 2.112317426162656220e-02
1.422749999999876138e+02 2.007362646411270934e-01 2.124602940538707768e-02
1.424250000000264151e+02 1.985316382677950742e-01 2.104792278477565781e-02
1.425749999999735849e+02 1.966799253730751595e-01 2.086047217366984036e-02
1.427250000000126420e+02 1.943967785669331039e-01 2.064947994294261471e-02
1.428750000000000000e+02 1.923130940197223249e-01 2.044201165668728393e-02
1.430249999999871875e+02 1.908967158416914056e-01 2.033384355466781590e-02
1.431750000000265004e+02 1.892488760101919409e-01 2.040576839710272344e-02
1.433249999999734712e+02 1.868804442526626197e-01 2.013069808596975457e-02
1.434750000000130683e+02 1.849789291133771552e-01 2.004868528766854188e-02
1.436250000000000000e+02 1.832717552805103733e-01 2.009719726948148988e-02
1.437749999999867612e+02 1.814748068925912672e-01 1.980260388841927066e-02
1.439250000000266141e+02 1.795820322191800378e-01 1.968490191667865430e-02
1.440749999999733575e+02 1.780422100440663680e-01 1.964071993708748839e-02
1.442250000000134946e+02 1.759819646853682529e-01 1.953623957305300127e-02
1.443750000000000000e+02 1.737964814803280578e-01 1.938734524674828180e-02
1.445249999999863348e+02 1.718501664591120526e-01 1.944256698837371761e-02
1.446750000000266994e+02 1.701561782619213925e-01 1.914399373365525264e-02
1.448249999999732722e+02 1.680985310227266216e-01 1.918791230370556905e-02
1.449750000000139210e+02 1.663991400091630879e-01 1.889764247878721742e-02
1.451250000000000000e+02 1.646480407225103804e-01 1.867983482232441622e-02
1.452749999999859369e+02 1.628131601286445795e-01 1.857590465219092005e-02
1.454250000000268130e+02 1.611378779601294053e-01 1.865850338721217888e-02
1.455749999999731870e+02 1.592544814717984925e-01 1.854660319957971565e-02
1.457250000000142904e+02 1.570667809941409254e-01 1.828421928718203249e-02
1.458750000000000000e+02 1.555286083219557247e-01 1.837057630608735295e-02
1.460249999999855390e+02 1.537008977133594301e-01 1.808842005365501882e-02
1.461750000000269267e+02 1.519631524904254405e-01 1.795472647814632533e-02
1.463249999999730733e+02 1.498745865332943017e-01 1.780845371552749329e-02
1.464750000000146883e+02 1.489371104216024588e-01 1.773704573866225626e-02
1.466250000000000000e+02 1.472822326040511554e-01 1.778118803452630875e-02
1.467749999999851411e+02 1.454196155416884462e-01 1.753117677565244753e-02
1.469250000000270120e+02 1.432788804317968179e-01 1.728036480895224145e-02
1.470749999999729596e+02 1.417579179436975201e-01 1.715050864662341634e-02
1.472250000000150862e+02 1.398906126273666006e-01 1.721705674511924897e-02
1.473750000000000000e+02 1.384476328316316951e-01 1.715681379576194585e-02
1.475249999999847432e+02 1.368689043377706305e-01 1.697405192237695301e-02
1.476750000000270973e+02 1.346283378485856330e-01 1.690415269616913838e-02
1.478249999999728743e+02 1.331525706845286261e-01 1.686453730142695173e-02
1.479750000000154841e+02 1.313765125235603348e-01 1.667045394947079540e-02
1.481250000000000000e+02 1.298484688947369459e-01 1.648044045912866115e-02
1.482749999999843453e+02 1.282315291786970957e-01 1.640723551878490311e-02
1.484250000000272109e+02 1.263760516188374150e-01 1.615849006846794417e-02
1.485749999999727606e+02 1.250057522319019954e-01 1.619965125202722442e-02
1.487250000000158821e+02 1.231093030523200266e-01 1.601676330981608581e-02
1.488750000000000000e+02 1.216392957735693836e-01 1.583509867773104374e-02
1.490249999999839474e+02 1.202876027098369882e-01 1.587364767797714779e-02
1.491750000000273246e+02 1.183356774546401036e-01 1.571830774594354038e-02
1.493249999999726754e+02 1.169879139199658108e-01 1.569826426306875425e-02
1.494750000000162800e+02 1.153508157556705910e-01 1.559505878822205205e-02
1.496250000000000000e+02 1.137132192569551836e-01 1.535728234949896957e-02
1.497749999999835779e+02 1.121271639034587819e-01 1.540004032206862029e-02
1.499250000000274099e+02 1.107539028861186242e-01 1.509557123912406984e-02
1.500749999999725617e+02 1.089394354380770896e-01 1.497789389180748457e-02
1.502250000000166494e+02 1.073181285245517896e-01 1.491150138870064694e-02
1.503750000000000000e+02 1.058904490757450606e-01 1.498908887927105291e-02
1.505249999999831800e+02 1.040710112248055957e-01 1.480113155460028272e-02
1.506750000000274952e+02 1.025609701682526353e-01 1.457037887736521535e-02
1.508249999999724764e+02 1.011702030194929908e-01 1.425660107914869176e-02
1.509750000000170473e+02 9.976533825742851802e-02 1.425119662739209557e-02
1.511250000000000000e+02 9.819045074223783920e-02 1.411331213215003336e-02
1.512749999999828106e+02 9.672941717995106603e-02 1.418823738833963760e-02
1.514250000000275804e+02 9.497158442111738874e-02 1.388729546197221831e-02
1.515749999999723912e+02 9.363481108205079506e-02 1.400982630272011933e-02
1.517250000000174168e+02 9.227872471172580970e-02 1.389341638204163489e-02
1.518750000000000000e+02 9.064203093776858344e-02 1.367508890520121104e-02
1.520249999999824411e+02 8.915782242830791460e-02 1.348693271756412626e-02
1.521750000000276941e+02 8.742210570453416707e-02 1.359391262461801496e-02
1.523249999999722775e+02 8.608077985032254464e-02 1.337080021866347661e-02
1.524750000000177863e+02 8.451701559691629506e-02 1.325484640938251295e-02
1.526250000000000000e+02 8.320403765302603061e-02 1.324675086468413837e-02
1.527749999999820716e+02 8.201582981997145028e-02 1.297891413493412228e-02
1.529250000000277794e+02 8.033591072108110798e-02 1.288517972696773435e-02
1.530749999999721922e+02 7.873689002619699284e-02 1.290771631044521257e-02
1.532250000000181558e+02 7.719699401316391929e-02 1.268128305662140180e-02
1.533750000000000000e+02 7.593119993933661327e-02 1.252324852167567733e-02
1.535249999999817021e+02 7.448180225070143157e-02 1.253382599957420830e-02
1.536750000000278646e+02 7.302971238834166101e-02 1.222686329595518498e-02
1.538249999999721069e+02 7.144520390227740436e-02 1.204974968733195720e-02
1.539750000000185253e+02 7.009952619910420069e-02 1.194062273183757114e-02
1.541250000000000000e+02 6.884414840986728679e-02 1.187190865952960500e-02
1.542749999999813326e+02 6.738424235038435739e-02 1.172001623654560926e-02
1.544250000000279783e+02 6.592249165569798175e-02 1.167908931097041796e-02
1.545749999999720217e+02 6.471284179251521329e-02 1.145243104341544908e-02
1.547250000000188948e+02 6.317486185787293818e-02 1.124315480248858773e-02
1.548750000000000000e+02 6.181741684779322454e-02 1.133668875788211745e-02
1.550249999999809631e+02 6.044861073260591328e-02 1.102651518829827516e-02
1.551750000000280636e+02 5.901399626775272883e-02 1.108586146601644486e-02
1.553249999999719080e+02 5.774401907142003715e-02 1.077752320490974088e-02
1.554750000000192358e+02 5.645162943660638616e-02 1.064576976278587203e-02
1.556250000000000000e+02 5.498503105916617562e-02 1.056856196141536114e-02
1.557749999999806221e+02 5.337055099952144055e-02 1.054251099289795109e-02
1.559250000000281489e+02 5.224290783068080007e-02 1.023474973667572868e-02
1.560749999999718511e+02 5.088184012291536301e-02 1.004254604938510827e-02
1.562250000000196053e+02 4.956060204899502553e-02 9.914651556821661715e-03
1.563750000000000000e+02 4.839463928024290151e-02 9.725234877905429912e-03
1.565249999999802810e+02 4.688978291617931782e-02 9.732483191538255848e-03
1.566750000000282341e+02 4.548549516973118129e-02 9.686256257719690066e-03
1.568249999999717659e+02 4.411154865694613680e-02 9.310078771767042044e-03
1.569750000000199748e+02 4.297286758657704181e-02 9.273923366599557891e-03
1.571250000000000000e+02 4.168434912493911709e-02 9.198463149378706058e-03
1.572749999999799115e+02 4.036451818065408398e-02 8.930471136718248423e-03
1.574250000000283194e+02 3.892602459142062432e-02 8.782067191998185751e-03
1.575749999999716522e+02 3.755010285907212780e-02 8.613464546602398256e-03
1.577250000000202874e+02 3.647109669670478560e-02 8.451951345847009966e-03
1.578750000000000000e+02 3.502049604753844358e-02 8.295617466007598750e-03
1.580249999999795705e+02 3.370510065981389969e-02 8.254027572138602706e-03
1.581750000000284047e+02 3.248220547217800513e-02 8.067634497259671550e-03
1.583249999999715669e+02 3.106431933907680132e-02 7.826270242980354341e-03
1.584750000000206569e+02 2.998505657121302084e-02 7.650162971474624984e-03
1.586250000000000000e+02 2.853239052291802261e-02 7.550839783072375334e-03
1.587749999999792294e+02 2.727545736519567873e-02 7.274374732565562149e-03
1.589250000000284899e+02 2.599321193787085260e-02 7.110357451560697130e-03
1.590749999999715101e+02 2.477403661910965518e-02 6.985694994176592371e-03
1.592250000000209980e+02 2.336629469148967728e-02 6.771179477893035474e-03
1.593750000000000000e+02 2.225896159639154104e-02 6.603678944083224769e-03
1.595249999999788884e+02 2.091848582825759154e-02 6.463049883999085962e-03
1.596750000000285752e+02 1.967500259099105170e-02 6.289528184099976542e-03
1.598249999999713964e+02 1.845646659608019685e-02 6.082447046323070754e-03
1.599750000000213390e+02 1.722783925077553055e-02 5.766427418453569723e-03
1.601250000000000000e+02 1.589238891171763229e-02 5.481167912940994834e-03
1.602749999999785473e+02 1.478532709381682325e-02 5.336297990148394961e-03
1.604250000000286605e+02 1.346504061799762113e-02 5.114464103250015298e-03
1.605749999999713395e+02 1.222139783379033381e-02 4.788555735399387982e-03
1.607250000000216517e+02 1.097069067796383086e-02 4.632273441967038607e-03
1.608750000000000000e+02 9.845974136227996290e-03 4.380231617446188851e-03
1.610249999999782062e+02 8.585952787762408250e-03 4.049313825000061887e-03
1.611750000000287457e+02 7.354990267747090610e-03 3.813431780583847932e-03
1.613249999999712543e+02 6.132940312309891409e-03 3.438752511871189747e-03
1.614750000000219927e+02 4.914912412017538590e-03 3.062913283786110503e-03
1.616250000000000000e+02 3.716839960611551235e-03 2.696588340372921017e-03
1.617749999999778652e+02 2.512247279840237792e-03 2.218149131635332397e-03
1.619250000000288310e+02 1.306586897615782906e-03 1.586662065020269519e-03
1.620749999999711406e+02 2.072859050722425530e-04 6.321590201758572718e-04
