# Radius RDF_mean RDF_std
7.500000000000896228e-02 1.614344974167499034e-03 6.588894455985629117e-02
2.249999999999577616e-01 1.794373056203770952e-03 4.008530510733131214e-02
3.750000000000000000e-01 2.205745298614706154e-03 3.437901320406106659e-02
5.249999999999700462e-01 1.807559067515576278e-03 2.630526134280810474e-02
6.750000000001169509e-01 2.153188410181580865e-03 2.563639838173944682e-02
8.249999999998777200e-01 1.786040888774917618e-03 2.082865849780079007e-02
9.750000000001839418e-01 1.801371517347670958e-03 1.922951669465818372e-02
1.125000000000000000e+00 2.583870161694963672e-03 2.137775930082350118e-02
1.274999999999773648e+00 2.644136047194726915e-03 2.053527180251634929e-02
1.424999999999764455e+00 2.890277810019303926e-03 2.012992542338763041e-02
1.575000000000282396e+00 3.679399968758110054e-03 2.178682612414492570e-02
1.725000000000170397e+00 4.506498562717040773e-03 2.306268561882748869e-02
1.875000000000000000e+00 6.170417751396342805e-03 2.589495229447878397e-02
2.025000000000070521e+00 7.947744878761573567e-03 2.840810513543460397e-02
2.174999999999594813e+00 1.151262828636652642e-02 3.245994616870339494e-02
2.325000000000426059e+00 1.636246293021225220e-02 3.770732964417246313e-02
2.474999999999678124e+00 2.353962989399749697e-02 4.384116298268590090e-02
2.625000000000000000e+00 3.482699255051463494e-02 5.164240868888535924e-02
2.775000000000444444e+00 5.206819689954299973e-02 6.143374404421472756e-02
2.924999999999512212e+00 7.994295963684368289e-02 7.462928533806618969e-02
3.075000000000499334e+00 1.176373442904638245e-01 8.824090082054412976e-02
3.224999999999414779e+00 1.760333369960637995e-01 1.062101413864979527e-01
3.375000000000000000e+00 2.620936804434745304e-01 1.250353800537514215e-01
3.525000000000659384e+00 3.953912529656468111e-01 1.518113024528761346e-01
3.674999999999857714e+00 6.045827361823701285e-01 1.799327433919163111e-01
3.825000000000022382e+00 9.203461295181708524e-01 2.173945489128811526e-01
3.974999999999250466e+00 1.380487816402701462e+00 2.599199018896595215e-01
4.125000000000000000e+00 1.806715505335054317e+00 2.895944834123929668e-01
4.275000000000798828e+00 2.030577870631590898e+00 3.006755198655666206e-01
4.425000000000374634e+00 1.985438423518939510e+00 2.923728778298563258e-01
4.574999999999541878e+00 1.811418777648029277e+00 2.720820435479671118e-01
4.724999999999138112e+00 1.598259196287198591e+00 2.541671065162954268e-01
4.875000000000000000e+00 1.386088394027000126e+00 2.382633207146438170e-01
5.025000000000897415e+00 1.225536812014764054e+00 2.168550466967980594e-01
5.175000000000743228e+00 1.127303453463101013e+00 2.062035041425193671e-01
5.324999999999196376e+00 1.084882650850989450e+00 1.972577443194067082e-01
5.474999999999057287e+00 1.101464177759126306e+00 1.976482093209788737e-01
5.625000000000000000e+00 1.158104081190505896e+00 1.996157091261401562e-01
5.775000000000969358e+00 1.208708414317713364e+00 2.032904368500393633e-01
5.925000000001017675e+00 1.229995910885982147e+00 1.989962251208952926e-01
6.074999999998936140e+00 1.186841687007162971e+00 1.948662614579153574e-01
6.224999999998995115e+00 1.105466529662813224e+00 1.858084455874970120e-01
6.375000000000000000e+00 1.012406822758823211e+00 1.781177414388908642e-01
6.525000000001025313e+00 9.349590633162598863e-01 1.691918597339931718e-01
6.675000000001229949e+00 8.854921583364201432e-01 1.645422650662409780e-01
6.824999999998733635e+00 8.620646288552024084e-01 1.574960497345460897e-01
6.974999999999387690e+00 8.709586922764459560e-01 1.567219461362087674e-01
7.125000000000000000e+00 8.975316791515988157e-01 1.581522867939892107e-01
7.275000000000346745e+00 9.412002741486487079e-01 1.594043338031583268e-01
7.425000000001398703e+00 9.890439494481801930e-01 1.631389111121633040e-01
7.574999999998571099e+00 1.021952254247290748e+00 1.633524281992440041e-01
7.725000000000012079e+00 1.044087557559861601e+00 1.611854205753963099e-01
7.875000000000000000e+00 1.056577760050124937e+00 1.651646795621944386e-01
8.024999999999771205e+00 1.063086120078472696e+00 1.607090913800208742e-01
8.175000000001539036e+00 1.071460974528432697e+00 1.619763629543844730e-01
8.324999999998437872e+00 1.077863705812968753e+00 1.591848322978559882e-01
8.475000000000525446e+00 1.085101184979199607e+00 1.608544433365197979e-01
8.625000000000000000e+00 1.085873540897116296e+00 1.599001313522701029e-01
8.774999999999291589e+00 1.074475715466959747e+00 1.542048807028359170e-01
8.925000000001652722e+00 1.064423652845580825e+00 1.530323829852244522e-01
9.074999999998325961e+00 1.049028586411198560e+00 1.501594779850604910e-01
9.225000000000957101e+00 1.034489835390969947e+00 1.503274385860686457e-01
9.375000000000000000e+00 1.019273126351878611e+00 1.480092012193901241e-01
9.524999999998890132e+00 1.008753532913475137e+00 1.446211361443636711e-01
9.675000000001750422e+00 1.000443721829048727e+00 1.447862936377275755e-01
9.824999999998231814e+00 9.932626555690643455e-01 1.411115173989416494e-01
9.975000000001321254e+00 9.872634513335095674e-01 1.412332622881514177e-01
1.012500000000000000e+01 9.784136858441133677e-01 1.386785952083069706e-01
1.027499999999854730e+01 9.657087269275691499e-01 1.351903276811000920e-01
1.042500000000183391e+01 9.541328869517126110e-01 1.341421246609041107e-01
1.057499999999815010e+01 9.439494432726274198e-01 1.326745081618000699e-01
1.072500000000163745e+01 9.305504825829227222e-01 1.327884126549322141e-01
1.087500000000000000e+01 9.251295050494142691e-01 1.294043844459333847e-01
1.102499999999824887e+01 9.218189041200641753e-01 1.291651082236647818e-01
1.117500000000190674e+01 9.243078251849479177e-01 1.285287928880625152e-01
1.132499999999808082e+01 9.289987897954593565e-01 1.293840333226281003e-01
1.147500000000190923e+01 9.342272776934320566e-01 1.268134622162458147e-01
1.162500000000000000e+01 9.402146466338352493e-01 1.290874560371964574e-01
1.177499999999798952e+01 9.491700473161280849e-01 1.267529284399730172e-01
1.192500000000196891e+01 9.575009310325592882e-01 1.242537671818645661e-01
1.207499999999801865e+01 9.645467450379066054e-01 1.267344824730099184e-01
1.222500000000215081e+01 9.708429243828163857e-01 1.250573857184986981e-01
1.237500000000000000e+01 9.790959311144311616e-01 1.240431321961699279e-01
1.252499999999776215e+01 9.858103368883422979e-01 1.249936229244023173e-01
1.267500000000202398e+01 9.912023492878713204e-01 1.243806835482227785e-01
1.282499999999796536e+01 9.962977305493700975e-01 1.239237492415059816e-01
1.297500000000236220e+01 1.000692841061100902e+00 1.250215710320429774e-01
1.312500000000000000e+01 1.001530906674833465e+00 1.220955647711199632e-01
1.327499999999756142e+01 1.005466444666428094e+00 1.241627182794287076e-01
1.342500000000173088e+01 1.007703084083486411e+00 1.215155812489554094e-01
1.357499999999841833e+01 1.008667386242111386e+00 1.217164064947486024e-01
1.372500000000255049e+01 1.008518190579046125e+00 1.201636481833791570e-01
1.387500000000000000e+01 1.012836585335707085e+00 1.205529866217574797e-01
1.402499999999738023e+01 1.012251110295769641e+00 1.192884376929776169e-01
1.417500000000102034e+01 1.016238107062287455e+00 1.195643241030413806e-01
1.432499999999911111e+01 1.014925995785525448e+00 1.182270602812780791e-01
1.447500000000271925e+01 1.014945334425628953e+00 1.176747482528030658e-01
1.462500000000000000e+01 1.012656828651578467e+00 1.170276234843079521e-01
1.477499999999721680e+01 1.011189547879672856e+00 1.163378844986505539e-01
1.492500000000038618e+01 1.010898390595890817e+00 1.163975251805011851e-01
1.507499999999973639e+01 1.007406952988522786e+00 1.147257865868443749e-01
1.522500000000287201e+01 1.006220782504345657e+00 1.157285986695932994e-01
1.537500000000000000e+01 1.002520850184110524e+00 1.130989687238717484e-01
1.552499999999706937e+01 9.985154529445513516e-01 1.150828958840855315e-01
1.567499999999980886e+01 9.977388037326658798e-01 1.113913500519558147e-01
1.582500000000029772e+01 9.961809157471226417e-01 1.104804916760087213e-01
1.597500000000300879e+01 9.939742168894522001e-01 1.115430740427745260e-01
1.612500000000000000e+01 9.909299421282740106e-01 1.102352292316757798e-01
1.627499999999693969e+01 9.890383112507336039e-01 1.112608834276724717e-01
1.642499999999928662e+01 9.873108202487171914e-01 1.086093340047018935e-01
1.657500000000081286e+01 9.880466966594310119e-01 1.072394079996820959e-01
1.672500000000313847e+01 9.880664141023610680e-01 1.072210853547336112e-01
1.687500000000000000e+01 9.895048117287167377e-01 1.075813709942904789e-01
1.702499999999681535e+01 9.892454547146430910e-01 1.073771852864048998e-01
1.717499999999880700e+01 9.909343323588275521e-01 1.063257049258558573e-01
1.732500000000128182e+01 9.911140654255800042e-01 1.051879231379932722e-01
1.747500000000325215e+01 9.903085967098707032e-01 1.062355727340326544e-01
1.762500000000000000e+01 9.945638823904382475e-01 1.067222948911117769e-01
1.777499999999670521e+01 9.946080762241280571e-01 1.061875453657973728e-01
1.792499999999837357e+01 9.955799921439877354e-01 1.040773075219561111e-01
1.807500000000171170e+01 9.982641868826139797e-01 1.032038794936349646e-01
1.822500000000335874e+01 9.962055449732016843e-01 1.051849195075891669e-01
1.837500000000000000e+01 9.987753317009282483e-01 1.047411254774805039e-01
1.852499999999660218e+01 9.995094136731905721e-01 1.048746023341314282e-01
1.867499999999797211e+01 1.000319962851808242e+00 1.040066487275943807e-01
1.882500000000210960e+01 1.001665613740683858e+00 1.038567961177751936e-01
1.897500000000345466e+01 1.003010450014950150e+00 1.017565941171723332e-01
1.912500000000000000e+01 1.001674211065945119e+00 1.016915279707713837e-01
1.927499999999650626e+01 1.002488234716649718e+00 1.012432220590216564e-01
1.942499999999759908e+01 1.002368698973368444e+00 1.015665229471094666e-01
1.957500000000247198e+01 9.998271996308388809e-01 9.995659183659991176e-02
1.972500000000354348e+01 1.001488269159877653e+00 9.968196027865608433e-02
1.987500000000000000e+01 9.991689409970306857e-01 1.003185751650232660e-01
2.002499999999642100e+01 9.966212873343733847e-01 9.913787538907702090e-02
2.017499999999725446e+01 9.937381925913502112e-01 9.910020225200662225e-02
2.032500000000281304e+01 9.940487474569432713e-01 9.740175581681814743e-02
2.047500000000362874e+01 9.951432100053271279e-01 9.909629872187362964e-02
2.062500000000000000e+01 9.925332348205154753e-01 9.717250752913859924e-02
2.077499999999633928e+01 9.913641304142836175e-01 9.736682066812656078e-02
2.092499999999693472e+01 9.897883334197571381e-01 9.641194610432858580e-02
2.107500000000312212e+01 9.915006788816095318e-01 9.686788782572626488e-02
2.122500000000370690e+01 9.894926525804860207e-01 9.517475477560904951e-02
2.137500000000000000e+01 9.889797409007151652e-01 9.594597327516513063e-02
2.152499999999626468e+01 9.904228338434408752e-01 9.481406341010151229e-02
2.167499999999663984e+01 9.915000514267947596e-01 9.557320443869538051e-02
2.182500000000341700e+01 9.916342923768483031e-01 9.359830715401551426e-02
2.197500000000377796e+01 9.928380217415599951e-01 9.486439975654759049e-02
2.212500000000000000e+01 9.938676194100183325e-01 9.451924867545632991e-02
2.227499999999619718e+01 9.934028135385861713e-01 9.433418278601950202e-02
2.242499999999636273e+01 9.959155773594385863e-01 9.326520464269291710e-02
2.257500000000369056e+01 9.958618429720385024e-01 9.320324519024193732e-02
2.272500000000384546e+01 9.989042000118035780e-01 9.277814245201808363e-02
2.287500000000000000e+01 9.993856634263659222e-01 9.153426037369818968e-02
2.302499999999612967e+01 9.988967081590546249e-01 9.318147827882290735e-02
2.317499999999610338e+01 1.000282361127140085e+00 9.127563318849948870e-02
2.332500000000394635e+01 1.000772521985440422e+00 9.148349797100714664e-02
2.347500000000390941e+01 1.001513907196395436e+00 9.110205651797378956e-02
2.362500000000000000e+01 1.003083846093720366e+00 9.174974389868441327e-02
2.377499999999606928e+01 1.002660554910488111e+00 9.077457875181500768e-02
2.392499999999586180e+01 1.002814464055143517e+00 9.078350434261998891e-02
2.407500000000418439e+01 1.003728479591130984e+00 9.146344199653194673e-02
2.422500000000396625e+01 1.001864968107345488e+00 8.994565707792008535e-02
2.437500000000000000e+01 1.004997399206778885e+00 9.032024314555453515e-02
2.452499999999600888e+01 1.003374317050937270e+00 8.943251633721292781e-02
2.467499999999563087e+01 1.004661219251141713e+00 8.927968164256350203e-02
2.482500000000441176e+01 1.001127884669620993e+00 8.873952408484420129e-02
2.497500000000402309e+01 1.002263685928104886e+00 8.859410614307680620e-02
2.512500000000000000e+01 1.000999531175139401e+00 8.972555771608148323e-02
2.527499999999595559e+01 1.000893207642203464e+00 8.717482875798215902e-02
2.542499999999541771e+01 9.984512685272972643e-01 8.847403371360682001e-02
2.557500000000462137e+01 1.000181506894049388e+00 8.696215808987191320e-02
2.572500000000407638e+01 1.000315145258947158e+00 8.805560475720053404e-02
2.587500000000000000e+01 9.980221313594848098e-01 8.751832700241776730e-02
2.602499999999590585e+01 9.985820356304792034e-01 8.798483150934290065e-02
2.617499999999521521e+01 9.965099870183551367e-01 8.578389637789911315e-02
2.632500000000482032e+01 9.964715871399684177e-01 8.650382062753629586e-02
2.647500000000383480e+01 9.980301962137887450e-01 8.629918604277680982e-02
2.662500000000000000e+01 9.977367270726398285e-01 8.624707094875402880e-02
2.677499999999647073e+01 9.970441905525532222e-01 8.595406188929959057e-02
2.692499999999502691e+01 9.965847778833973880e-01 8.523083308160492311e-02
2.707500000000501217e+01 9.967626276672929553e-01 8.603854721161759145e-02
2.722500000000308873e+01 9.960758403367949709e-01 8.536605243517021713e-02
2.737500000000000000e+01 9.985048027223475398e-01 8.471128103624178673e-02
2.752499999999719549e+01 9.967873735712462491e-01 8.522393643264140894e-02
2.767499999999484928e+01 9.966515751863079808e-01 8.413049957766355336e-02
2.782500000000518625e+01 9.961605237619509667e-01 8.280822347789192073e-02
2.797500000000238529e+01 9.969243160918378477e-01 8.420230100832475084e-02
2.812500000000000000e+01 9.970239175301971457e-01 8.422247416728693981e-02
2.827499999999788827e+01 9.977802750078215155e-01 8.439500751587329652e-02
2.842499999999467164e+01 9.974529578270470154e-01 8.264161583222282004e-02
2.857500000000536033e+01 9.992837577272254412e-01 8.373421631411991084e-02
2.872500000000171028e+01 9.963337610390667898e-01 8.373574302413611115e-02
2.887500000000000000e+01 9.955865741716554140e-01 8.310686015274919292e-02
2.902499999999854552e+01 9.964541038754072266e-01 8.150607305886757581e-02
2.917499999999451177e+01 9.968241149198009410e-01 8.247598092290757410e-02
2.932500000000552021e+01 9.959825536515946043e-01 8.197127594849291932e-02
2.947500000000107434e+01 9.962705305097550035e-01 8.184913634821149031e-02
2.962500000000000000e+01 9.967158726967643156e-01 8.154686077699888069e-02
2.977499999999917080e+01 9.956364736254762482e-01 8.023416142582764921e-02
2.992499999999435900e+01 9.973684619256584227e-01 8.100259361052909723e-02
3.007500000000566942e+01 9.970736310017115356e-01 8.010521621299787620e-02
3.022500000000047393e+01 9.956997878412041647e-01 8.055414563111279458e-02
3.037500000000000000e+01 9.975344040304273685e-01 8.047123743980015564e-02
3.052499999999976410e+01 9.976281606693949700e-01 7.976910714982202166e-02
3.067499999999420623e+01 9.975140549944752077e-01 8.035682733133753253e-02
3.082500000000581508e+01 9.981200746065965745e-01 7.917136603827799879e-02
3.097499999999989839e+01 9.965232662446062983e-01 8.012528160915372011e-02
3.112500000000000000e+01 9.990149922675627403e-01 7.920739173047788850e-02
3.127500000000032898e+01 9.977552754485199404e-01 7.924810755985244037e-02
3.142499999999406768e+01 9.991892669527622228e-01 7.907790041056007857e-02
3.157500000000595364e+01 1.000548316955401029e+00 7.937706331185477582e-02
3.172499999999935127e+01 9.988583454415034257e-01 7.871080345864921168e-02
3.187500000000000000e+01 1.002624658438690641e+00 7.902427752454362075e-02
3.202500000000086544e+01 1.000414610417006633e+00 7.740191426748431469e-02
3.217499999999394333e+01 1.001871123896242555e+00 7.834899349748922215e-02
3.232500000000609219e+01 1.001009989501076003e+00 7.830709038700159330e-02
3.247499999999882903e+01 1.001987482384039119e+00 7.717613073624647602e-02
3.262500000000000000e+01 1.001659865891764145e+00 7.940427458115642545e-02
3.277500000000137703e+01 1.002269209148437090e+00 7.804393912352196316e-02
3.292499999999381544e+01 1.004012513560288866e+00 7.765291011214377204e-02
3.307500000000621299e+01 1.003287694222106952e+00 7.780856946827720277e-02
3.322499999999832454e+01 1.004481840963878714e+00 7.769654997043712319e-02
3.337500000000000000e+01 1.002724044563113814e+00 7.668574683511879264e-02
3.352500000000186731e+01 1.003046365862814371e+00 7.789630733026257914e-02
3.367499999999368754e+01 1.003315171696081975e+00 7.698576056650406618e-02
3.382500000000633378e+01 1.003494913285117418e+00 7.722643737659629082e-02
3.397499999999784848e+01 1.002606595220043362e+00 7.630618484707009375e-02
3.412500000000000000e+01 1.003426117243858551e+00 7.643902512158078089e-02
3.427500000000233626e+01 1.003656571660695329e+00 7.560926684868242431e-02
3.442499999999357385e+01 1.003240679795691648e+00 7.689163765108303350e-02
3.457500000000644746e+01 1.003144634685171344e+00 7.529593584479456203e-02
3.472499999999739373e+01 1.002555051756445881e+00 7.514833494187074525e-02
3.487500000000000000e+01 1.003305262560031386e+00 7.493801501608624016e-02
3.502500000000278391e+01 1.001972538321680650e+00 7.479797484372655014e-02
3.517499999999346016e+01 1.003043986348705729e+00 7.433108710489394477e-02
3.532500000000656115e+01 1.003992071195196178e+00 7.476050416834288670e-02
3.547499999999695319e+01 1.002672823148377246e+00 7.531152712752713085e-02
3.562500000000000000e+01 1.003470657635371577e+00 7.424922020048962956e-02
3.577500000000321734e+01 1.003908165292499710e+00 7.409410927351169074e-02
3.592499999999336069e+01 1.003928561782591267e+00 7.399619636351396912e-02
3.607500000000666773e+01 1.003442613122998095e+00 7.458571699616560469e-02
3.622499999999653397e+01 1.004170056040339487e+00 7.466301423303636775e-02
3.637500000000000000e+01 1.004065688830523717e+00 7.479906644675103633e-02
3.652500000000362235e+01 1.004505341609268632e+00 7.394310407673992946e-02
3.667499999999325411e+01 1.004578790072986116e+00 7.411688936717292231e-02
3.682500000000676721e+01 1.005163655128146649e+00 7.323865380758887156e-02
3.697499999999613607e+01 1.004690358184322507e+00 7.280035431328449325e-02
3.712500000000000000e+01 1.004895246408993525e+00 7.303927326392423147e-02
3.727500000000402736e+01 1.004583340919454670e+00 7.362726762295578042e-02
3.742499999999315463e+01 1.005663417012308214e+00 7.288269662898484713e-02
3.757500000000686668e+01 1.004772830388049876e+00 7.316120137033135795e-02
3.772499999999575238e+01 1.005935664277057384e+00 7.279147588762424625e-02
3.787500000000000000e+01 1.005602201037166576e+00 7.264634817140595835e-02
3.802500000000440394e+01 1.005577698408534948e+00 7.307335795760579178e-02
3.817499999999306226e+01 1.003830572314511116e+00 7.211403728825019344e-02
3.832500000000695906e+01 1.004800593994586988e+00 7.231189957792923118e-02
3.847499999999537579e+01 1.004557395800093511e+00 7.246626718750771856e-02
3.862500000000000000e+01 1.005573227168800488e+00 7.164212679719855759e-02
3.877500000000476632e+01 1.005288139446780971e+00 7.073332982610586184e-02
3.892499999999297700e+01 1.004384456824877869e+00 7.162976820163220737e-02
3.907500000000705143e+01 1.003764394693570150e+00 7.078549204570465381e-02
3.922499999999502052e+01 1.003464292844763461e+00 7.076011422460250222e-02
3.937500000000000000e+01 1.004317343680098951e+00 7.042918505819024955e-02
3.952500000000512159e+01 1.003875670600870240e+00 7.017916346209604472e-02
3.967499999999288463e+01 1.002962605133870033e+00 7.021364991904320563e-02
3.982500000000712959e+01 1.003431923904812839e+00 7.185800683661977550e-02
3.997499999999467946e+01 1.002021577882909797e+00 6.966990721858369595e-02
4.012500000000000000e+01 1.003271416196301669e+00 7.013250583265484561e-02
4.027500000000545555e+01 1.001418610908229034e+00 7.023974159565012088e-02
4.042499999999279936e+01 1.002114387573133980e+00 7.008486980041632453e-02
4.057500000000721485e+01 1.002717397749340211e+00 7.007111301755719612e-02
4.072499999999434550e+01 1.001386215222322074e+00 6.997236907422949015e-02
4.087500000000000000e+01 1.002507074355114103e+00 6.929806801288843077e-02
4.102500000000578240e+01 1.001264587432250108e+00 6.899627723513096500e-02
4.117499999999272120e+01 1.001862118531680723e+00 6.923704194210471285e-02
4.132500000000730012e+01 1.001025757773569724e+00 6.898035652392016381e-02
4.147499999999402576e+01 1.001335408490200862e+00 6.988018868217900359e-02
4.162500000000000000e+01 1.001610997419643212e+00 6.977403373608849491e-02
4.177500000000609504e+01 1.002865173478321159e+00 6.886987851529959015e-02
4.192499999999264304e+01 1.002450806152838547e+00 6.933645135030508388e-02
4.207500000000737828e+01 1.000543231541035860e+00 6.870214687922360230e-02
4.222499999999372022e+01 1.001122586460244213e+00 6.850366996781173667e-02
4.237500000000000000e+01 1.000874727806697839e+00 6.831386614174234095e-02
4.252500000000640057e+01 1.002074976805449991e+00 6.864199974442863894e-02
4.267499999999256488e+01 1.001388494620103486e+00 6.819584583813591283e-02
4.282500000000744933e+01 1.002564307895592588e+00 6.812078331133421261e-02
4.297499999999342180e+01 1.003026329790627003e+00 6.860087289481810180e-02
4.312500000000000000e+01 1.001847969144562978e+00 6.803947405229374135e-02
4.327500000000669900e+01 1.002546689560858129e+00 6.751051224317961008e-02
4.342499999999249383e+01 1.002178436668966555e+00 6.721135492857981120e-02
4.357500000000752038e+01 1.003296098290213489e+00 6.763003456394901802e-02
4.372499999999313758e+01 1.001589717584433936e+00 6.654198439039053781e-02
4.387500000000000000e+01 1.003304926708883382e+00 6.789775104082269863e-02
4.402500000000697611e+01 1.001105414385864423e+00 6.682414793422532251e-02
4.417499999999242277e+01 1.001117141502750885e+00 6.775961193502565150e-02
4.432500000000759144e+01 1.002072192680846019e+00 6.668858074914410516e-02
4.447499999999286047e+01 1.001384384072466327e+00 6.628532851288763961e-02
4.462500000000000000e+01 1.001542568360783481e+00 6.689376618485590176e-02
4.477500000000724611e+01 1.000830996209530532e+00 6.778221365542651256e-02
4.492499999999235882e+01 1.002833827865534433e+00 6.598425945992721087e-02
4.507500000000766249e+01 1.002021061088436360e+00 6.589905632807892266e-02
4.522499999999259757e+01 1.001909592376105440e+00 6.631670829171444626e-02
4.537500000000000000e+01 1.000321611999333671e+00 6.543986901257185795e-02
4.552500000000750902e+01 1.002128475983277145e+00 6.646742970372214454e-02
4.567499999999228777e+01 1.002566248672666527e+00 6.639932836526137028e-02
4.582500000000772644e+01 1.002220539095307617e+00 6.667290601409002482e-02
4.597499999999233466e+01 1.003043030071482322e+00 6.691508353477912396e-02
4.612500000000000000e+01 1.002397160271903731e+00 6.452133957429738442e-02
4.627500000000776481e+01 1.002333868202708977e+00 6.557522219108977146e-02
4.642499999999223093e+01 1.003035470323016209e+00 6.532735034266146101e-02
4.657500000000779039e+01 1.002902815016449845e+00 6.491208835420522738e-02
4.672499999999207887e+01 1.001514724751399577e+00 6.592062139642121399e-02
4.687500000000000000e+01 1.002708663234579411e+00 6.518513517719271011e-02
4.702500000000801350e+01 1.002144950023098557e+00 6.582134957671201270e-02
4.717499999999216698e+01 1.003177256447938426e+00 6.527384679542388990e-02
4.732500000000784723e+01 1.002052058706981885e+00 6.470966975067252158e-02
4.747499999999183729e+01 1.004240247908495531e+00 6.618014632687396759e-02
4.762500000000000000e+01 1.003701927505526115e+00 6.430162421281530871e-02
4.777500000000825509e+01 1.004126189656425527e+00 6.451456221004339686e-02
4.792499999999211013e+01 1.003977827635496256e+00 6.537993430698062214e-02
4.807500000000790408e+01 1.003530812951516138e+00 6.421330371171482532e-02
4.822499999999160281e+01 1.004815894784580443e+00 6.393058701702887536e-02
4.837500000000000000e+01 1.003931547001339464e+00 6.394950285965564363e-02
4.852500000000848956e+01 1.004360560071691610e+00 6.346890889420489512e-02
4.867499999999204618e+01 1.003970096504759324e+00 6.443258618652022984e-02
4.882500000000796092e+01 1.003680779197291262e+00 6.393442476840111022e-02
4.897499999999137543e+01 1.003550343761536956e+00 6.394163344772098301e-02
4.912500000000000000e+01 1.003854758413667225e+00 6.353625345428472182e-02
4.927500000000870983e+01 1.003550814702196536e+00 6.299361616779790285e-02
4.942499999999198934e+01 1.004658720982926079e+00 6.336075557961322324e-02
4.957500000000802487e+01 1.004374579240818965e+00 6.302998546179144901e-02
4.972499999999115516e+01 1.003535729866052550e+00 6.285555243312866691e-02
4.987500000000000000e+01 1.004011482486007800e+00 6.317131012464458073e-02
5.002500000000893010e+01 1.003837220543727371e+00 6.308058840010856427e-02
5.017499999999193960e+01 1.003782456805899947e+00 6.300593079197656932e-02
5.032500000000807461e+01 1.003019922333924452e+00 6.342069167859283596e-02
5.047499999999094200e+01 1.003555281323509796e+00 6.298856248585887885e-02
5.062500000000000000e+01 1.003199444468405366e+00 6.229682637966311998e-02
5.077500000000914326e+01 1.002573155860841281e+00 6.254131189426428983e-02
5.092499999999188276e+01 1.003069032632890156e+00 6.326542801529751181e-02
5.107500000000812435e+01 1.003133713625352419e+00 6.265438097592815336e-02
5.122499999999072884e+01 1.003795425185451062e+00 6.257014627073385904e-02
5.137500000000000000e+01 1.002880661602272960e+00 6.257567147291183407e-02
5.152500000000934932e+01 1.002121662580922390e+00 6.181410116027640650e-02
5.167499999999183302e+01 1.002368158345545490e+00 6.162217944604887754e-02
5.182500000000818119e+01 1.001585325239476187e+00 6.158033637000065452e-02
5.197499999999052989e+01 1.002801291555410756e+00 6.229135192817271405e-02
5.212500000000000000e+01 1.002095947773247397e+00 6.159599881098922619e-02
5.227500000000954827e+01 1.002293276629597774e+00 6.185651730891029987e-02
5.242499999999178328e+01 1.002496829350851382e+00 6.211858527841138816e-02
5.257500000000806040e+01 1.002073379091789063e+00 6.102442702782836376e-02
5.272499999999033804e+01 1.002652731725868884e+00 6.098578484881023165e-02
5.287500000000000000e+01 1.003483249622926232e+00 6.124117926697682235e-02
5.302500000000974723e+01 1.002474816467223473e+00 6.075411820509214744e-02
5.317499999999255778e+01 1.002011321502765506e+00 6.013600537933107282e-02
5.332500000000729301e+01 1.001030754710916737e+00 6.092069087925364862e-02
5.347499999999015330e+01 1.004202652171075849e+00 6.074278918911703989e-02
5.362500000000000000e+01 1.003014202369119312e+00 6.077632752950527101e-02
5.377500000000993197e+01 1.002930080000992596e+00 6.049009027844706038e-02
5.392499999999331095e+01 1.002853404666369741e+00 6.068501957371818384e-02
5.407500000000654694e+01 1.002123592444921218e+00 6.118988792232833707e-02
5.422499999998996145e+01 1.003297039848326300e+00 6.072259442530991008e-02
5.437500000000000000e+01 1.002700221043959949e+00 6.078220432284608260e-02
5.452500000001011671e+01 1.002284841963699824e+00 6.118719597640931429e-02
5.467499999999403570e+01 1.004521511701042868e+00 6.086268415810897753e-02
5.482500000000581508e+01 1.002613628489442466e+00 6.108325870782311401e-02
5.497499999998977671e+01 1.004068464314453513e+00 6.019282231507346037e-02
5.512500000000000000e+01 1.003110654739293395e+00 6.012571575100712079e-02
5.527500000001029434e+01 1.003757811335666439e+00 5.951540820661168490e-02
5.542499999999475335e+01 1.003299795775840275e+00 6.014508228770337056e-02
5.557500000000510454e+01 1.004310944246316062e+00 6.024645073439190146e-02
5.572499999998960618e+01 1.003793285309598549e+00 5.932482331147599652e-02
5.587500000000000000e+01 1.003148052757472541e+00 5.846124285573353618e-02
5.602500000001046487e+01 1.003004170275695106e+00 5.934086460052203499e-02
5.617499999999544258e+01 1.003024801281997336e+00 5.969218457855841181e-02
5.632500000000441531e+01 1.003588512611576888e+00 5.962979273061924657e-02
5.647499999998942855e+01 1.003210593651086446e+00 5.923759380599571966e-02
5.662500000000000000e+01 1.002525185534432373e+00 5.957970460832431869e-02
5.677500000001062830e+01 1.002188680744931171e+00 5.862120092016988304e-02
5.692499999999611759e+01 1.002419526469777500e+00 5.896538787980926122e-02
5.707500000000374030e+01 1.002848648885630967e+00 5.890902495003765005e-02
5.722499999998926512e+01 1.002333827521124654e+00 5.790613078077199577e-02
5.737500000000000000e+01 1.002771736414898474e+00 5.846246314589715470e-02
5.752500000001079172e+01 1.002403149627692613e+00 5.827172898432415177e-02
5.767499999999677129e+01 1.001768593603149737e+00 5.869249927028637182e-02
5.782500000000310081e+01 1.002659384537297749e+00 5.832221044240657598e-02
5.797499999998910170e+01 1.002178224057396871e+00 5.845967724783471264e-02
5.812500000000000000e+01 1.002243915373714378e+00 5.843854214977707573e-02
5.827500000001095515e+01 1.002532900362496981e+00 5.818652010354757181e-02
5.842499999999741078e+01 1.002168534136774758e+00 5.885220074404960700e-02
5.857500000000246132e+01 1.001174588554411438e+00 5.877812286286422661e-02
5.872499999998893827e+01 1.002789876815271430e+00 5.740749385494370999e-02
5.887500000000000000e+01 1.002333949908154498e+00 5.789264326886851136e-02
5.902500000001111857e+01 1.003215199464736029e+00 5.762422074711818359e-02
5.917499999999803606e+01 1.002447108144068677e+00 5.747405757090558176e-02
5.932500000000184315e+01 1.002430255035423601e+00 5.824662028413760129e-02
5.947499999998878906e+01 1.002067213628621500e+00 5.752375985027032707e-02
5.962500000000000000e+01 1.002974205408623032e+00 5.761735975525932724e-02
5.977500000001126779e+01 1.002706703747042960e+00 5.733019163743870161e-02
5.992499999999864002e+01 1.002830566828997405e+00 5.799615473913161123e-02
6.007500000000123919e+01 1.003316471211312289e+00 5.705511733729914242e-02
6.022499999998863984e+01 1.001881932686785603e+00 5.714708901007003322e-02
6.037500000000000000e+01 1.002519022941199545e+00 5.792331964500681968e-02
6.052500000001142411e+01 1.004047015672098420e+00 5.652443339210819900e-02
6.067499999999923688e+01 1.003513173965938199e+00 5.812247549916386979e-02
6.082500000000064944e+01 1.002790685543424098e+00 5.795303320339308811e-02
6.097499999998849773e+01 1.003005050124861519e+00 5.739662143037133762e-02
6.112500000000000000e+01 1.002646604345933223e+00 5.678423157272004251e-02
6.127500000001155911e+01 1.003249372574455123e+00 5.709808756498824245e-02
6.142499999999980531e+01 1.002048240046016447e+00 5.688350563698473666e-02
6.157500000000007390e+01 1.002952546427448244e+00 5.622306717838593954e-02
6.172499999998834852e+01 1.001169451913390018e+00 5.592703980465464630e-02
6.187500000000000000e+01 1.001925999910536991e+00 5.691084817995661904e-02
6.202500000001170122e+01 1.001732788789245987e+00 5.680686526607800491e-02
6.217500000000037375e+01 1.002634321084199920e+00 5.713547140183727197e-02
6.232499999999951967e+01 1.001854474777919446e+00 5.683223449165343555e-02
6.247499999998820641e+01 1.001346010266882081e+00 5.625869088488912040e-02
6.262500000000000000e+01 1.001570817043805572e+00 5.625324401453721951e-02
6.277500000001184333e+01 1.002381820432685533e+00 5.619953760425082379e-02
6.292500000000092086e+01 1.002142357491488500e+00 5.650889440634311589e-02
6.307499999999897256e+01 1.001736745171604825e+00 5.588211695742940216e-02
6.322499999998807851e+01 1.002188037589491598e+00 5.558052039419605211e-02
6.337500000000000000e+01 1.002250087390719413e+00 5.598253686452851069e-02
6.352500000001197833e+01 1.002456837613067586e+00 5.601718129640555904e-02
6.367500000000146798e+01 1.001467423867534734e+00 5.531486973278558483e-02
6.382499999999843254e+01 1.002663089974783706e+00 5.531675681193178040e-02
6.397499999998793641e+01 1.002823537764307549e+00 5.636619001105454968e-02
6.412500000000000000e+01 1.003383832080088078e+00 5.612655475957131074e-02
6.427500000001211333e+01 1.003007130956223403e+00 5.567764100536715804e-02
6.442500000000200089e+01 1.002295048187186621e+00 5.590308412367751140e-02
6.457499999999791385e+01 1.003027525993116953e+00 5.591640827161815236e-02
6.472499999998781561e+01 1.002401795242900961e+00 5.549682241817049250e-02
6.487500000000000000e+01 1.004014625828834051e+00 5.617003604409601808e-02
6.502500000001224123e+01 1.003503520571267904e+00 5.540019160432914369e-02
6.517500000000251248e+01 1.002233329125463257e+00 5.512392753591401073e-02
6.532499999999740226e+01 1.002724743526896445e+00 5.548495495794017462e-02
6.547499999998768772e+01 1.003253636809663618e+00 5.476502824942839492e-02
6.562500000000000000e+01 1.003031777558328175e+00 5.421596236775338973e-02
6.577500000001236913e+01 1.001676681971602756e+00 5.479535409432551019e-02
6.592500000000300986e+01 1.001328022486548619e+00 5.513642255460709379e-02
6.607499999999690488e+01 1.001489170346921753e+00 5.422470805945669992e-02
6.622499999998755982e+01 1.001746801573992318e+00 5.461083245606240116e-02
6.637500000000000000e+01 1.000606974481429212e+00 5.410913733177798168e-02
6.652500000001249703e+01 1.000395609835867505e+00 5.397976619394257575e-02
6.667500000000349303e+01 1.001301703097939422e+00 5.505009461430968726e-02
6.682499999999640750e+01 1.000452708666711432e+00 5.445606058183728726e-02
6.697499999998743192e+01 1.000258260546367239e+00 5.380499955946069224e-02
6.712500000000000000e+01 1.000800627257349973e+00 5.461662450787895667e-02
6.727500000001261071e+01 1.001707771539470215e+00 5.438770892680368924e-02
6.742500000000397620e+01 1.000902260533676147e+00 5.396369079774013255e-02
6.757499999999593854e+01 1.001052539311505285e+00 5.366852080746905423e-02
6.772499999998731823e+01 1.000791433741625935e+00 5.359110553281652700e-02
6.787500000000000000e+01 1.000416750135917798e+00 5.446418959819786243e-02
6.802500000001272440e+01 1.000606780886567293e+00 5.322275862394477974e-02
6.817500000000444516e+01 9.992997141040879105e-01 5.387853436554592562e-02
6.832499999999546958e+01 9.998285248518958834e-01 5.396044774058073035e-02
6.847499999998720455e+01 1.000044527486365853e+00 5.400735217765861851e-02
6.862500000000000000e+01 9.998223951012832345e-01 5.308440672921890119e-02
6.877500000001283809e+01 9.999972593175810998e-01 5.399365159940698600e-02
6.892500000000489990e+01 1.000268986341093846e+00 5.401952651684104045e-02
6.907499999999501483e+01 9.995578192235926585e-01 5.283418507146438875e-02
6.922499999998709086e+01 9.993885472875607690e-01 5.339669830460613831e-02
6.937500000000000000e+01 9.996008833211962319e-01 5.331005330403654208e-02
6.952500000001295177e+01 1.000117997339989184e+00 5.353071466167879516e-02
6.967500000000535465e+01 9.999552698635965076e-01 5.337808205009683671e-02
6.982499999999456008e+01 9.985124117921623244e-01 5.300134915282941200e-02
6.997499999998697717e+01 9.986493752196562435e-01 5.323483507754976640e-02
7.012500000000000000e+01 9.996455838482480871e-01 5.344035399913271700e-02
7.027500000001306546e+01 1.000519151835390197e+00 5.321035445227437904e-02
7.042500000000579519e+01 1.000309532377408939e+00 5.280565486326251751e-02
7.057499999999413376e+01 9.994857996861121752e-01 5.244428969458413831e-02
7.072499999998686349e+01 9.995753151854037677e-01 5.295593863833436554e-02
7.087500000000000000e+01 9.999554742144659558e-01 5.274340922606882837e-02
7.102500000001316494e+01 1.000179655696066039e+00 5.270926934603178959e-02
7.117500000000620730e+01 9.992405687044377816e-01 5.225509299790767614e-02
7.132499999999369322e+01 1.000345049088296800e+00 5.303254961416023483e-02
7.147499999998676401e+01 9.995985778656224507e-01 5.314895231726977920e-02
7.162500000000000000e+01 9.993108092004427956e-01 5.219367005326456393e-02
7.177500000001327862e+01 9.995765134711628308e-01 5.262239772426257484e-02
7.192500000000663363e+01 1.000214650147409401e+00 5.205121465504521094e-02
7.207499999999328111e+01 9.999067364504466982e-01 5.206749389458492638e-02
7.222499999998666453e+01 1.000676149992475450e+00 5.258615422421786950e-02
7.237500000000000000e+01 1.000061000713794224e+00 5.163607331621363622e-02
7.252500000001337810e+01 1.000413645403254392e+00 5.231830725566299911e-02
7.267500000000704574e+01 9.998506051945298401e-01 5.183313281564108643e-02
7.282499999999286899e+01 9.996306709105858834e-01 5.187272851211194302e-02
7.297499999998655085e+01 9.998893857366635274e-01 5.203769826519930725e-02
7.312500000000000000e+01 1.000112389478163610e+00 5.232087711788602907e-02
7.327500000001347757e+01 1.000770108842250039e+00 5.233211430570891554e-02
7.342500000000745786e+01 9.998173262518392779e-01 5.210049839499347052e-02
7.357499999999247109e+01 1.000648584128205787e+00 5.220678571136603413e-02
7.372499999998646558e+01 1.000185300823303036e+00 5.208130630370230024e-02
7.387500000000000000e+01 9.997999008110679542e-01 5.186408170650430582e-02
7.402500000001359126e+01 1.000219510009610735e+00 5.191109382512896359e-02
7.417500000000785576e+01 1.000430124769129181e+00 5.150677645246389685e-02
7.432499999999207319e+01 1.000825837824937503e+00 5.133611511643085962e-02
7.447499999998635190e+01 9.995820137018249785e-01 5.122296434461730275e-02
7.462500000000000000e+01 1.001481504395960398e+00 5.126764628437069371e-02
7.477500000001367653e+01 9.997105855280847830e-01 5.100722522444930962e-02
7.492500000000823945e+01 1.000858823915583562e+00 5.080035434891732454e-02
7.507499999999168949e+01 1.001028417509477686e+00 5.079806905428960878e-02
7.522499999998626663e+01 9.996538575160908158e-01 5.134910021213647674e-02
7.537500000000000000e+01 1.001067925180641138e+00 5.132322409110768452e-02
7.552500000001377600e+01 1.001590891425896190e+00 5.165326136234289073e-02
7.567500000000862315e+01 1.001714790961236057e+00 5.096664395217297139e-02
7.582499999999130580e+01 1.000654734086025233e+00 5.105838810058734023e-02
7.597499999998616715e+01 1.001617369656168544e+00 5.086317393344082921e-02
7.612500000000000000e+01 1.001106757489269805e+00 5.094351185702060414e-02
7.627500000001386127e+01 1.000908714464041616e+00 5.064065165274621999e-02
7.642500000000899263e+01 1.002507218792195065e+00 5.050501146248400491e-02
7.657499999999093632e+01 1.000710481054572831e+00 5.082096635326486395e-02
7.672499999998608189e+01 1.000747158541331450e+00 5.089317497565096909e-02
7.687500000000000000e+01 1.001435845310707284e+00 5.067692952182626526e-02
7.702500000001396074e+01 1.000797313368373409e+00 5.076903584438486466e-02
7.717500000000934790e+01 1.001099329649631997e+00 5.155960127049119546e-02
7.732499999999058105e+01 1.001982122783569018e+00 5.058060447977911350e-02
7.747499999998598241e+01 1.002359836054623754e+00 5.091622666037104450e-02
7.762500000000000000e+01 1.001127854210625445e+00 5.107936852511283515e-02
7.777500000001404601e+01 1.002531664701099556e+00 5.058034148966369936e-02
7.792500000000971738e+01 1.001207889848458432e+00 5.093081331415996033e-02
7.807499999999021156e+01 1.002297168585310150e+00 5.105654219590188836e-02
7.822499999998589715e+01 1.001407358157493599e+00 5.029597456286791224e-02
7.837500000000000000e+01 1.001886412332545717e+00 5.024106852792963041e-02
7.852500000001413127e+01 1.000808370877385833e+00 5.017651258340667664e-02
7.867500000001005844e+01 1.001619311224680731e+00 5.044304845304476564e-02
7.882499999998987050e+01 1.001924716023601114e+00 5.064048136728155347e-02
7.897499999998581188e+01 1.001027658973443257e+00 5.056270217912461201e-02
7.912500000000000000e+01 1.001363300014463054e+00 4.989397068438474608e-02
7.927500000001423075e+01 1.001216195373856976e+00 5.004641171761778362e-02
7.942500000001041371e+01 1.001770969815841017e+00 5.029239510541849006e-02
7.957499999998951523e+01 1.000606371849811271e+00 4.927471393092564683e-02
7.972499999998572662e+01 1.000914547314566638e+00 4.929024788639651405e-02
7.987500000000000000e+01 1.000887840644290927e+00 5.010099297709358357e-02
8.002500000001430180e+01 9.998526498431551390e-01 4.942972071783886118e-02
8.017500000001075477e+01 1.000553919261420788e+00 5.030802083489286508e-02
8.032499999998918838e+01 1.000287264124029685e+00 5.022063035569258177e-02
8.047499999998564135e+01 1.000230765009755940e+00 4.906393410061263977e-02
8.062500000000000000e+01 9.736053519385603483e-01 4.871078981137176578e-02
8.077500000001438707e+01 9.513926119707739604e-01 4.862545056395782550e-02
8.092500000001108162e+01 9.386925480498070629e-01 4.804366827069259105e-02
8.107499999998886153e+01 9.280799524535054967e-01 4.753076035970997537e-02
8.122499999998557030e+01 9.182259160529416819e-01 4.726103600241859243e-02
8.137500000000000000e+01 9.090987574643971669e-01 4.691608114677437574e-02
8.152500000001447233e+01 9.014321114800076806e-01 4.715833188750197247e-02
8.167500000001139426e+01 8.940257724410617390e-01 4.677607995733715218e-02
8.182499999998853468e+01 8.870342716370388514e-01 4.611719690253490017e-02
8.197499999998548503e+01 8.816083173644823079e-01 4.612484692894929655e-02
8.212500000000000000e+01 8.750863790051296442e-01 4.596355931022654689e-02
8.227500000001455760e+01 8.697194494519574492e-01 4.543653764601592038e-02
8.242500000001172111e+01 8.651627383028207552e-01 4.531918875159047372e-02
8.257499999998822204e+01 8.596584285331211328e-01 4.587180642010263432e-02
8.272499999998539977e+01 8.538813184891526076e-01 4.536545846770365792e-02
8.287500000000000000e+01 8.494206436758385825e-01 4.488014591026400629e-02
8.302500000001462865e+01 8.439842830913165672e-01 4.462005305532380783e-02
8.317500000001203375e+01 8.411520916746868526e-01 4.448435971339610717e-02
8.332499999998789519e+01 8.357430498499216487e-01 4.455947361723110178e-02
8.347499999998531450e+01 8.319670626180063477e-01 4.430672348358989654e-02
8.362500000000000000e+01 8.272247923635169808e-01 4.418447447623209678e-02
8.377500000001469971e+01 8.241004113926567731e-01 4.374584560350716633e-02
8.392500000001234639e+01 8.194609797087563097e-01 4.389445573296660991e-02
8.407499999998758256e+01 8.165782118965055902e-01 4.403338178422180893e-02
8.422499999998524345e+01 8.119443099322781743e-01 4.355787991280976601e-02
8.437500000000000000e+01 8.096697611487366775e-01 4.317523831892244868e-02
8.452500000001478497e+01 8.056792766872964418e-01 4.366732580224719912e-02
8.467500000001264482e+01 8.020478043309992033e-01 4.319996607817758183e-02
8.482499999998728413e+01 7.990015719656894388e-01 4.320297115665205218e-02
8.497499999998517239e+01 7.946849117525587314e-01 4.281529622590158485e-02
8.512500000000000000e+01 7.920030819230553520e-01 4.285311413713559225e-02
8.527500000001485603e+01 7.879696334014177905e-01 4.308867647871929968e-02
8.542500000001294325e+01 7.855872074095864299e-01 4.222191330364721135e-02
8.557499999998699991e+01 7.815656784107154476e-01 4.214821223452631938e-02
8.572499999998510134e+01 7.788518344833201823e-01 4.223144476091391514e-02
8.587500000000000000e+01 7.765385487804258302e-01 4.266567256975287159e-02
8.602500000001494129e+01 7.729390819976479365e-01 4.245688254967772135e-02
8.617500000001324167e+01 7.699892762602833507e-01 4.225431890880368413e-02
8.632499999998670148e+01 7.662175645916794453e-01 4.163775993703940081e-02
8.647499999998503029e+01 7.641987682092957757e-01 4.210722351750691150e-02
8.662500000000000000e+01 7.606822592922045656e-01 4.148664590203032798e-02
8.677500000001501235e+01 7.577512260464764893e-01 4.170501351977426441e-02
8.692500000001352589e+01 7.548641973654024451e-01 4.178421641157554350e-02
8.707499999998641727e+01 7.522515873039986589e-01 4.109550739525591467e-02
8.722499999998494502e+01 7.492957748470854273e-01 4.106621741308236900e-02
8.737500000000000000e+01 7.466270076249679200e-01 4.090023876266367375e-02
8.752500000001508340e+01 7.445284372517022575e-01 4.080276609114312503e-02
8.767500000001381011e+01 7.401117503687522081e-01 4.063379780856034296e-02
8.782499999998613305e+01 7.391330537086576724e-01 4.058856540147764980e-02
8.797499999998487397e+01 7.360295045244036327e-01 4.078305533851514508e-02
8.812500000000000000e+01 7.340987086852224230e-01 4.021003296562647433e-02
8.827500000001514024e+01 7.311025903758440192e-01 4.059338490260143428e-02
8.842500000001409433e+01 7.284786430503253918e-01 4.021788266363888337e-02
8.857499999998586304e+01 7.260594627713194971e-01 4.009479919806378800e-02
8.872499999998480291e+01 7.244152572348764307e-01 4.024392054099498045e-02
8.887500000000000000e+01 7.212203486935995222e-01 4.001378528709543386e-02
8.902500000001521130e+01 7.184161153606440919e-01 3.962317874007026397e-02
8.917500000001436433e+01 7.155476927222048644e-01 3.977472571569916349e-02
8.932499999998557882e+01 7.140305694657824720e-01 3.976782824072104539e-02
8.947499999998473186e+01 7.120563514739453037e-01 3.964024941995918788e-02
8.962500000000000000e+01 7.099032713441431053e-01 3.939099265388556342e-02
8.977500000001528235e+01 7.073471430903744972e-01 3.947038470175984887e-02
8.992500000001462013e+01 7.050669440129052612e-01 3.971592334502659777e-02
9.007499999998532303e+01 7.030303054956995590e-01 3.919674214071788149e-02
9.022499999998467501e+01 7.011011396495553383e-01 3.907631069475502733e-02
9.037500000000000000e+01 6.983199775647526142e-01 3.888666470826288024e-02
9.052500000001533920e+01 6.976669468368658089e-01 3.905836556646921642e-02
9.067500000001489013e+01 6.951171617981810602e-01 3.934131336279125812e-02
9.082499999998505302e+01 6.923764884839364031e-01 3.901939799903219458e-02
9.097499999998460396e+01 6.901659315167232300e-01 3.887708029109682162e-02
9.112500000000000000e+01 6.892297984858579696e-01 3.849555569288849038e-02
9.127500000001541025e+01 6.877307714636879954e-01 3.846466724611313781e-02
9.142500000001514593e+01 6.851677384781801328e-01 3.818620671759501151e-02
9.157499999998479723e+01 6.827692854105468223e-01 3.879152252709114346e-02
9.172499999998454712e+01 6.812061598445016131e-01 3.822755926051960712e-02
9.187500000000000000e+01 6.788512249767629791e-01 3.775215932912957123e-02
9.202500000001548131e+01 6.776972647079637646e-01 3.879351024625532496e-02
9.217500000001541594e+01 6.754484437588010870e-01 3.855788145149820906e-02
9.232499999998454143e+01 6.748197906866935103e-01 3.802354842154444942e-02
9.247499999998447606e+01 6.723072287215957621e-01 3.812907754528855470e-02
9.262500000000000000e+01 6.704009574880175348e-01 3.761622885656268345e-02
9.277500000001553815e+01 6.687652505310238693e-01 3.808474372562676430e-02
9.292500000001565752e+01 6.672511435472184838e-01 3.777471640915619489e-02
9.307499999998428564e+01 6.655792464531953279e-01 3.741173053532042408e-02
9.322499999998441922e+01 6.636166861510701676e-01 3.771943111241866931e-02
9.337500000000000000e+01 6.615185989093058661e-01 3.738607226561419666e-02
9.352500000001559499e+01 6.608275010020747686e-01 3.783892093810842933e-02
9.367500000001591332e+01 6.587487387502467540e-01 3.784159458208481014e-02
9.382499999998402984e+01 6.569196512914611263e-01 3.720719304432838076e-02
9.397499999998436238e+01 6.556370121163698217e-01 3.703611432935847991e-02
9.412500000000000000e+01 6.548536350316530585e-01 3.705977518073532567e-02
9.427500000001566605e+01 6.525055094702233438e-01 3.720026259098219851e-02
9.442500000001615490e+01 6.501909761887934014e-01 3.692021802624617655e-02
9.457499999998380247e+01 6.489509999687695929e-01 3.710423449574307142e-02
9.472499999998429132e+01 6.468918861657431130e-01 3.639456856697621812e-02
9.487500000000000000e+01 6.458039280914327218e-01 3.678911247911633570e-02
9.502500000001572289e+01 6.435615882470637761e-01 3.641512927573668790e-02
9.517500000001639648e+01 6.431396134892443106e-01 3.641173601652183262e-02
9.532499999998356088e+01 6.407282773094231665e-01 3.638107376767445861e-02
9.547499999998423448e+01 6.392262284103484848e-01 3.639192084852755499e-02
9.562500000000000000e+01 6.373075119206831340e-01 3.618876324056620464e-02
9.577500000001577973e+01 6.365718309624157634e-01 3.619951174109974079e-02
9.592500000001662386e+01 6.347226159906781406e-01 3.646855091810241589e-02
9.607499999998331930e+01 6.328527879721616012e-01 3.602947703158364268e-02
9.622499999998417763e+01 6.312744269010336362e-01 3.572302757279726543e-02
9.637500000000000000e+01 6.295949026394440651e-01 3.631143957705593173e-02
9.652500000001585079e+01 6.284309917729697936e-01 3.571973931267122954e-02
9.667500000001686544e+01 6.264877724938637815e-01 3.554029144034773907e-02
9.682499999998309193e+01 6.255118762670243138e-01 3.618033845630394540e-02
9.697499999998412079e+01 6.242537593323506107e-01 3.553478855318534246e-02
9.712500000000000000e+01 6.228036854717788895e-01 3.563298286934675485e-02
9.727500000001590763e+01 6.209344144456439007e-01 3.487034571876788253e-02
9.742500000001709282e+01 6.185859523577900143e-01 3.589748750706671376e-02
9.757499999998287876e+01 6.177584947674928939e-01 3.563424338635003824e-02
9.772499999998406395e+01 6.162913615758224273e-01 3.537776858815092074e-02
9.787500000000000000e+01 6.151254649074267000e-01 3.572049552831110114e-02
9.802500000001595026e+01 6.128621607922432046e-01 3.535833725894116375e-02
9.817500000001732019e+01 6.119429429624839711e-01 3.514584611056978392e-02
9.832499999998263718e+01 6.099076094899893441e-01 3.500339496902800385e-02
9.847499999998402131e+01 6.090960562134460909e-01 3.516253895111628308e-02
9.862500000000000000e+01 6.069979157780754919e-01 3.496108192193798925e-02
9.877500000001600711e+01 6.062828797438500894e-01 3.513456656486823454e-02
9.892500000001753335e+01 6.045874102662407434e-01 3.487703354794371297e-02
9.907499999998242401e+01 6.026717817456352932e-01 3.504435075398971283e-02
9.922499999998395026e+01 6.020973395962305741e-01 3.497940243469409294e-02
9.937500000000000000e+01 6.004786226460510079e-01 3.433236561136064624e-02
9.952500000001606395e+01 5.995203047436296062e-01 3.448168920324121839e-02
9.967500000001776073e+01 5.979764496676084340e-01 3.436521412789133451e-02
9.982499999998221085e+01 5.968080699355444718e-01 3.433874417218550634e-02
9.997499999998389342e+01 5.948518327758931523e-01 3.404734929932635296e-02
1.001250000000000000e+02 5.944548323805637358e-01 3.414250514781781709e-02
1.002750000000161208e+02 5.922937699119280586e-01 3.394408196601109845e-02
1.004250000000179597e+02 5.907981859459249252e-01 3.392907025457064102e-02
1.005749999999819835e+02 5.901615933682173853e-01 3.371159644223804819e-02
1.007249999999838508e+02 5.736129204932378656e-01 3.384684140293953147e-02
1.008750000000000000e+02 5.486925964975161163e-01 3.280573878248355113e-02
1.010250000000161776e+02 5.345978987107913305e-01 3.244370473363474700e-02
1.011750000000181871e+02 5.230860616322383638e-01 3.213040883664528696e-02
1.013249999999817845e+02 5.123088412067973163e-01 3.147161049430598906e-02
1.014749999999837939e+02 5.035018366482140184e-01 3.102526977388776752e-02
1.016250000000000000e+02 4.948030589386526179e-01 3.091401052805942129e-02
1.017750000000162345e+02 4.870264296846150143e-01 3.074201135460955664e-02
1.019250000000184002e+02 4.798963593569666730e-01 3.053366839444757522e-02
1.020749999999815714e+02 4.731669064878322173e-01 3.078930983338830363e-02
1.022249999999837513e+02 4.659563523629043358e-01 2.973032482155715112e-02
1.023750000000000000e+02 4.601186506178405744e-01 2.974323550054342596e-02
1.025250000000162771e+02 4.537480887822128439e-01 2.971207894976337846e-02
1.026750000000185992e+02 4.485122688984742312e-01 2.963267335727824692e-02
1.028249999999813582e+02 4.415749011587319917e-01 2.911518993791908233e-02
1.029749999999836945e+02 4.357651950420451947e-01 2.890402107783274915e-02
1.031250000000000000e+02 4.309279882755486235e-01 2.882685842291794059e-02
1.032750000000163340e+02 4.254983607793703659e-01 2.843005287630418626e-02
1.034250000000187981e+02 4.209108963400293169e-01 2.858999984716838541e-02
1.035749999999811592e+02 4.149922609991197886e-01 2.808201188644826943e-02
1.037249999999836376e+02 4.103542676839233572e-01 2.806266799905317647e-02
1.038750000000000000e+02 4.050432446188017011e-01 2.767390703694723800e-02
1.040250000000163766e+02 4.013598769781516751e-01 2.735956386086689854e-02
1.041750000000189971e+02 3.967270240340752263e-01 2.746138363066812776e-02
1.043249999999809603e+02 3.914254873957860315e-01 2.731653105772010107e-02
1.044749999999835950e+02 3.872509637147933392e-01 2.698441967843489414e-02
1.046250000000000000e+02 3.829914824217527380e-01 2.682242811079937547e-02
1.047750000000164334e+02 3.785363425253521208e-01 2.701829968009249530e-02
1.049250000000191818e+02 3.739546275193120217e-01 2.638771578656163089e-02
1.050749999999807613e+02 3.700983772282719908e-01 2.652778747598895370e-02
1.052249999999839503e+02 3.659431100223438649e-01 2.626089352537988586e-02
1.053750000000000000e+02 3.616199673447439422e-01 2.612858295803701172e-02
1.055250000000157229e+02 3.581015060622684265e-01 2.569942877935337683e-02
1.056750000000193808e+02 3.545532097116130821e-01 2.607816193785110828e-02
1.058249999999805766e+02 3.505749743376417871e-01 2.587986957812412128e-02
1.059749999999847319e+02 3.470131252484717210e-01 2.548518809231886326e-02
1.061250000000000000e+02 3.433540978057462167e-01 2.540271146275490874e-02
1.062750000000149555e+02 3.394672616753510730e-01 2.505916180351593081e-02
1.064250000000195797e+02 3.362259273389953673e-01 2.476797355693619029e-02
1.065749999999803919e+02 3.318703386345958073e-01 2.484602674102683387e-02
1.067249999999854850e+02 3.291425296931657640e-01 2.471153141285231322e-02
1.068750000000000000e+02 3.251159794908237699e-01 2.446486104909462514e-02
1.070250000000141881e+02 3.215132063037712817e-01 2.454018504794840821e-02
1.071750000000197645e+02 3.179098896643005046e-01 2.419971801448642795e-02
1.073249999999802071e+02 3.151689204970943292e-01 2.410305584432782117e-02
1.074749999999862524e+02 3.113210635274474281e-01 2.416710569782267934e-02
1.076250000000000000e+02 3.081254918578580915e-01 2.371111913224262582e-02
1.077750000000134492e+02 3.050781042595744896e-01 2.379855236186683917e-02
1.079250000000199492e+02 3.014076287648295716e-01 2.358165905735993065e-02
1.080749999999800224e+02 2.985669574675200444e-01 2.343500849901531541e-02
1.082249999999869914e+02 2.953343841060360186e-01 2.312764203244368350e-02
1.083750000000000000e+02 2.921983972296351428e-01 2.330098847745048357e-02
1.085250000000127244e+02 2.887442930473647640e-01 2.310985753698107173e-02
1.086750000000201481e+02 2.857838140564140095e-01 2.293064947373509715e-02
1.088249999999798376e+02 2.822417623198182901e-01 2.275794854780084989e-02
1.089749999999877161e+02 2.798760413233467026e-01 2.270017489348601439e-02
1.091250000000000000e+02 2.766224577001930029e-01 2.236240124089293804e-02
1.092750000000119854e+02 2.733443871295146432e-01 2.241920636377595435e-02
1.094250000000203045e+02 2.699794813416672157e-01 2.215190985318032588e-02
1.095749999999796529e+02 2.669071080715776367e-01 2.208193420754893388e-02
1.097249999999884409e+02 2.643071581620024535e-01 2.190806469628282793e-02
1.098750000000000000e+02 2.608385785991672590e-01 2.161061928901009815e-02
1.100250000000112749e+02 2.583685003988191453e-01 2.155049153414401522e-02
1.101750000000204892e+02 2.552590528985090867e-01 2.140148575613786894e-02
1.103249999999794682e+02 2.525940299066862238e-01 2.131324633473638888e-02
1.104749999999891372e+02 2.491791288021155681e-01 2.085355600586417599e-02
1.106250000000000000e+02 2.463748865858123305e-01 2.092075312567303474e-02
1.107750000000105643e+02 2.439867327080330883e-01 2.060406709454149637e-02
1.109250000000206740e+02 2.409912024973676625e-01 2.099147420059252131e-02
1.110749999999792976e+02 2.378150971632627675e-01 2.070307859088591287e-02
1.112249999999898620e+02 2.352877829627987583e-01 2.034885568745547352e-02
1.113750000000000000e+02 2.322053152363700856e-01 2.017222805216919296e-02
1.115250000000098822e+02 2.298627259507969312e-01 2.010101024343763712e-02
1.116750000000208445e+02 2.271129441433077378e-01 2.005898384722137884e-02
1.118249999999791129e+02 2.248123477587972985e-01 2.006732113487132499e-02
1.119749999999905299e+02 2.218085426619061107e-01 1.977303423910179228e-02
1.121250000000000000e+02 2.192343442781424512e-01 1.958785409870504937e-02
1.122750000000091859e+02 2.165432869718609266e-01 1.955097478431353647e-02
1.124250000000210008e+02 2.142717042388023463e-01 1.946742961787817361e-02
1.125749999999789566e+02 2.118265856448549589e-01 1.918601870941567811e-02
1.127249999999912120e+02 2.089742341708723528e-01 1.877384074225670399e-02
1.128750000000000000e+02 2.067083708576095413e-01 1.885720841350446361e-02
1.130250000000085180e+02 2.034954557710917655e-01 1.888068461083376379e-02
1.131750000000211855e+02 2.017139088013400749e-01 1.890598793317494614e-02
1.133249999999787860e+02 1.993404839411386242e-01 1.868395169696561095e-02
1.134749999999919083e+02 1.965622566465793641e-01 1.867703446993097122e-02
1.136250000000000000e+02 1.941153554740796816e-01 1.834147650867225948e-02
1.137750000000078359e+02 1.916335659503821398e-01 1.809643457966908162e-02
1.139250000000213561e+02 1.894984262553621734e-01 1.803892230031308927e-02
1.140749999999786297e+02 1.867616705653339371e-01 1.772228774428970949e-02
1.142249999999925620e+02 1.841165280609170507e-01 1.780717217032265487e-02
1.143750000000000000e+02 1.821243269658653352e-01 1.754276076769835727e-02
1.145250000000071680e+02 1.799413777536199577e-01 1.765453902953431978e-02
1.146750000000215124e+02 1.772797393486472417e-01 1.758509499342239199e-02
1.148249999999784308e+02 1.748003671435093276e-01 1.719353358981299054e-02
1.149749999999932157e+02 1.724138635719213442e-01 1.722268220740741373e-02
1.151250000000000000e+02 1.704945578560593811e-01 1.728306064046186002e-02
1.152750000000065285e+02 1.678780693601428509e-01 1.701801822128157921e-02
1.154250000000216829e+02 1.659862629627184283e-01 1.686394505504332578e-02
1.155749999999783029e+02 1.635883235073936626e-01 1.668124568304654720e-02
1.157249999999938694e+02 1.617967106825419499e-01 1.653535908494687540e-02
1.158750000000000000e+02 1.592565941440402810e-01 1.666310089442403844e-02
1.160250000000058748e+02 1.568304854109718316e-01 1.640174743818335543e-02
1.161750000000218392e+02 1.549781380387882657e-01 1.608334474366674566e-02
1.163249999999781323e+02 1.525234618005820719e-01 1.606595559271090795e-02
1.164749999999945089e+02 1.504795216086130538e-01 1.609277288374121040e-02
1.166250000000000000e+02 1.483528689294432434e-01 1.575977275936742139e-02
1.167750000000052495e+02 1.462156878761224077e-01 1.571855118867794207e-02
1.169250000000220098e+02 1.439418716946472276e-01 1.548702339165592724e-02
1.170749999999779760e+02 1.421487098989627773e-01 1.559266633325835129e-02
1.172249999999951484e+02 1.398460940186851686e-01 1.521302761506570893e-02
1.173750000000000000e+02 1.376160710072415749e-01 1.525591098980992773e-02
1.175250000000046242e+02 1.356028162077018151e-01 1.516025890907868844e-02
1.176750000000221377e+02 1.332890336680453147e-01 1.494979113508862652e-02
1.178249999999778055e+02 1.313771130234817064e-01 1.492087861869145250e-02
1.179749999999957453e+02 1.290000559734277852e-01 1.478709031223579204e-02
1.181250000000000000e+02 1.270490340326328738e-01 1.464311080520931500e-02
1.182750000000039989e+02 1.249264336848479595e-01 1.436252006134300201e-02
1.184250000000223082e+02 1.231271651936149264e-01 1.440795039561278135e-02
1.185749999999776634e+02 1.211560239979884573e-01 1.424348903760852374e-02
1.187249999999963705e+02 1.190100066733385253e-01 1.388245440214291165e-02
1.188750000000000000e+02 1.167558931406675327e-01 1.406711918429691399e-02
1.190250000000033879e+02 1.149380881732683379e-01 1.361148883709188857e-02
1.191750000000224645e+02 1.131140073547168279e-01 1.366512678859265612e-02
1.193249999999775071e+02 1.111112503954534009e-01 1.350576842818778864e-02
1.194749999999969816e+02 1.092036436327174231e-01 1.333835521499549849e-02
1.196250000000000000e+02 1.070744080022735939e-01 1.310582874174636391e-02
1.197750000000027910e+02 1.054086097161744118e-01 1.305390129126055877e-02
1.199250000000226066e+02 1.031972306972287617e-01 1.287288059841701360e-02
1.200749999999773650e+02 1.013093453158567941e-01 1.291483446137873560e-02
1.202249999999975927e+02 9.982368327410880149e-02 1.268798275516935629e-02
1.203750000000000000e+02 9.745670543687375009e-02 1.257110373816112958e-02
1.205250000000021799e+02 9.566873929579670921e-02 1.251761339291040942e-02
1.206750000000227772e+02 9.385398417915875868e-02 1.240179685813954519e-02
1.208249999999772086e+02 9.204950995550681414e-02 1.220358524066332377e-02
1.209749999999981753e+02 8.990451030425992973e-02 1.212390615896652597e-02
1.211250000000000000e+02 8.812803519331575963e-02 1.216913161245329437e-02
1.212750000000015973e+02 8.629517783618925741e-02 1.191533740823832663e-02
1.214250000000229193e+02 8.424734573189078535e-02 1.181680906046015354e-02
1.215749999999770665e+02 8.241241404112957525e-02 1.154507570358337919e-02
1.217249999999987580e+02 8.056741421189228536e-02 1.135476141871348890e-02
1.218750000000000000e+02 7.856086933606322431e-02 1.133039701501095675e-02
1.220250000000010147e+02 7.678932197192835096e-02 1.121548963037112719e-02
1.221750000000230472e+02 7.487082952913040601e-02 1.101583414037644523e-02
1.223249999999769244e+02 7.304326549582718098e-02 1.092924242506921120e-02
1.224749999999993406e+02 7.117927653252256737e-02 1.067121470852457413e-02
1.226250000000000000e+02 6.949615203968899368e-02 1.051815886283292631e-02
1.227750000000004320e+02 6.766355612312092982e-02 1.043754267048510945e-02
1.229250000000231893e+02 6.583955027565201179e-02 1.015623749770728709e-02
1.230749999999767681e+02 6.396717278327988809e-02 1.020080966435032988e-02
1.232249999999999233e+02 6.217974995507655894e-02 9.979587881183287629e-03
1.233750000000000000e+02 6.045572146497810856e-02 9.902643487278458070e-03
1.235249999999998494e+02 5.886446551038195668e-02 9.699211497880489558e-03
1.236750000000233314e+02 5.704753264683411207e-02 9.539871214089329712e-03
1.238249999999766402e+02 5.542061050800958788e-02 9.322786567596146740e-03
1.239750000000004775e+02 5.353641283876364731e-02 9.363793412830794319e-03
1.241250000000000000e+02 5.194821179484510054e-02 9.086741660047147756e-03
1.242749999999992951e+02 5.022010625401681500e-02 8.836990526174483621e-03
1.244250000000234735e+02 4.860153259613815557e-02 8.822577651809425728e-03
1.245749999999764839e+02 4.686860220133285543e-02 8.683390533905628941e-03
1.247250000000010317e+02 4.509008372375504503e-02 8.388288390706275313e-03
1.248750000000000000e+02 4.343159545410894828e-02 8.262919038328406934e-03
1.250249999999987551e+02 4.197365247816623596e-02 8.098364232243178071e-03
1.251750000000236156e+02 4.009508441370093768e-02 7.889450982650895658e-03
1.253249999999763702e+02 3.843212184594407832e-02 7.740196546284126844e-03
1.254750000000015859e+02 3.674275234189847139e-02 7.561113584132544800e-03
1.256250000000000000e+02 3.537874846564182524e-02 7.432996461610097243e-03
1.257749999999982009e+02 3.337182270160689995e-02 7.264026114125903856e-03
1.259250000000237577e+02 3.203231071020014309e-02 7.054029084078062943e-03
1.260749999999762281e+02 3.024035103569557015e-02 6.773280301068051144e-03
1.262250000000021259e+02 2.869580626099885179e-02 6.656747472942712955e-03
1.263750000000000000e+02 2.715065261471075880e-02 6.473450659618041128e-03
1.265249999999976609e+02 2.549782188765700383e-02 6.306380280165975807e-03
1.266750000000238856e+02 2.376945780724454976e-02 6.024637924318915032e-03
1.268249999999760860e+02 2.220996487749757331e-02 5.861736286521878475e-03
1.269750000000026660e+02 2.062161687316710693e-02 5.714028394538479480e-03
1.271250000000000000e+02 1.899347366272205809e-02 5.483433898502788027e-03
1.272749999999971209e+02 1.746991223394761886e-02 5.170000996622970899e-03
1.274250000000240277e+02 1.591654348599173124e-02 4.943957665638472852e-03
1.275749999999759439e+02 1.421117049741909590e-02 4.711193959559953869e-03
1.277250000000031918e+02 1.269544960663423518e-02 4.462551275464558646e-03
1.278750000000000000e+02 1.108243779190166110e-02 4.148306496733466034e-03
1.280249999999965951e+02 9.470635541993942599e-03 3.779517165784469952e-03
1.281750000000241414e+02 7.913816610161571174e-03 3.510083676897215576e-03
1.283249999999758018e+02 6.387152294797394068e-03 3.146017306978940182e-03
1.284750000000037176e+02 4.760729694945007792e-03 2.747007817857081632e-03
1.286250000000000000e+02 3.234249131883726834e-03 2.238943324827913882e-03
1.287749999999960835e+02 1.693130536077578968e-03 1.641484184674750447e-03
1.289250000000242835e+02 2.927473281576478052e-04 6.689216030318483617e-04
