# Radius RDF_mean RDF_std
7.500000000000896228e-02 1.743663634448820858e+03 1.630835892867606107e+00
2.249999999999577616e-01 2.516983483728548743e-01 8.333555389614065723e-01
3.750000000000000000e-01 2.794103085932526653e-01 6.823512524708774674e-01
5.249999999999700462e-01 2.848218031293952013e-01 5.847269564157052679e-01
6.750000000001169509e-01 2.827998091040853090e-01 5.087570043880637050e-01
8.249999999998777200e-01 2.868462158078413649e-01 4.697752867623183892e-01
9.750000000001839418e-01 2.944180885389158231e-01 4.338887488413912807e-01
1.125000000000000000e+00 3.074016232513621660e-01 4.107799547159975972e-01
1.274999999999773648e+00 2.994350919925502508e-01 3.845746673505567315e-01
1.424999999999764455e+00 3.109655977618922540e-01 3.688002461975606883e-01
1.575000000000282396e+00 3.146728201870635511e-01 3.532025922435094722e-01
1.725000000000170397e+00 3.269175671864001931e-01 3.421639435360798176e-01
1.875000000000000000e+00 3.430360753250952244e-01 3.381231494328172382e-01
2.025000000000070521e+00 3.520486702731403517e-01 3.312983894038631361e-01
2.174999999999594813e+00 3.686611615667750863e-01 3.245906088010152568e-01
2.325000000000426059e+00 3.812917731679215660e-01 3.232734605663390992e-01
2.474999999999678124e+00 4.001117423685430774e-01 3.191912736579416987e-01
2.625000000000000000e+00 4.125426520484496429e-01 3.139751423884827308e-01
2.775000000000444444e+00 4.382618120406818196e-01 3.122815548025642540e-01
2.924999999999512212e+00 4.629117920812794162e-01 3.165573722268221202e-01
3.075000000000499334e+00 4.929243120931525723e-01 3.138665770705640345e-01
3.224999999999414779e+00 5.167732266814222264e-01 3.158685948009061217e-01
3.375000000000000000e+00 5.576659521773107420e-01 3.224290208108345213e-01
3.525000000000659384e+00 6.011588625198367453e-01 3.246995272966687884e-01
3.674999999999857714e+00 6.475150810469959550e-01 3.305887960920011470e-01
3.825000000000022382e+00 7.006702276078662361e-01 3.373730572932031047e-01
3.974999999999250466e+00 7.682984954289782120e-01 3.440556440642030256e-01
4.125000000000000000e+00 8.439907063681244548e-01 3.568345788027509902e-01
4.275000000000798828e+00 9.453501200613546596e-01 3.688521026478413511e-01
4.425000000000374634e+00 1.076343178838178538e+00 3.857361087989075732e-01
4.574999999999541878e+00 1.266670873433831668e+00 4.116634748504864882e-01
4.724999999999138112e+00 1.481243649453821698e+00 4.423642661928882114e-01
4.875000000000000000e+00 1.636995516152702113e+00 4.537802335707206702e-01
5.025000000000897415e+00 1.663593201760676266e+00 4.526404746955397518e-01
5.175000000000743228e+00 1.589781813292800328e+00 4.277085135606411570e-01
5.324999999999196376e+00 1.466244882987484788e+00 4.066495996057392093e-01
5.474999999999057287e+00 1.327549689574387459e+00 3.853325943898877615e-01
5.625000000000000000e+00 1.215538203522628091e+00 3.622937114735946262e-01
5.775000000000969358e+00 1.121676999002916286e+00 3.433723493476967259e-01
5.925000000001017675e+00 1.045383203348200007e+00 3.333766621191062152e-01
6.074999999998936140e+00 9.850451331930293319e-01 3.163915515847277038e-01
6.224999999998995115e+00 9.479303843223940707e-01 3.073519153161983208e-01
6.375000000000000000e+00 9.100776006349203806e-01 2.991360458060726701e-01
6.525000000001025313e+00 8.914778081888211636e-01 2.918408386906006791e-01
6.675000000001229949e+00 8.870288100633225703e-01 2.855401794157971795e-01
6.824999999998733635e+00 8.867078232257810111e-01 2.824292216856884585e-01
6.974999999999387690e+00 8.850128815187956466e-01 2.827004212036484110e-01
7.125000000000000000e+00 8.989419965258268475e-01 2.779882792173859474e-01
7.275000000000346745e+00 9.135235706095820030e-01 2.768956092160952398e-01
7.425000000001398703e+00 9.367431519152182862e-01 2.812785532268998190e-01
7.574999999998571099e+00 9.580972129939221427e-01 2.803294318336389535e-01
7.725000000000012079e+00 9.813477300491251221e-01 2.838082064009733729e-01
7.875000000000000000e+00 1.007128618816664378e+00 2.811591648924944287e-01
8.024999999999771205e+00 1.042401946536902102e+00 2.841812161711110840e-01
8.175000000001539036e+00 1.065040075195455627e+00 2.860013540560695788e-01
8.324999999998437872e+00 1.091354736796916081e+00 2.862191214076315049e-01
8.475000000000525446e+00 1.113044494183087707e+00 2.895499098281851813e-01
8.625000000000000000e+00 1.136574177742406322e+00 2.908624758452478254e-01
8.774999999999291589e+00 1.148139576036227405e+00 2.848753664338642411e-01
8.925000000001652722e+00 1.166041855597681920e+00 2.851196537091360006e-01
9.074999999998325961e+00 1.172457501194015927e+00 2.838632944283157045e-01
9.225000000000957101e+00 1.170154417843280559e+00 2.826843257504379481e-01
9.375000000000000000e+00 1.169574341760309277e+00 2.816205864602659981e-01
9.524999999998890132e+00 1.158935979261431770e+00 2.776704876567672731e-01
9.675000000001750422e+00 1.155702302018264183e+00 2.728478609080657868e-01
9.824999999998231814e+00 1.138652953041769500e+00 2.737916523424653858e-01
9.975000000001321254e+00 1.115928560624901866e+00 2.637749874033725184e-01
1.012500000000000000e+01 1.085366485003438797e+00 2.564912892388597210e-01
1.027499999999854730e+01 1.064077365889001703e+00 2.544459751318363105e-01
1.042500000000183391e+01 1.037630907823457349e+00 2.472279159397824666e-01
1.057499999999815010e+01 1.014692585995922602e+00 2.483479107459675150e-01
1.072500000000163745e+01 9.982506175747677402e-01 2.401142990590894588e-01
1.087500000000000000e+01 9.800543573471633962e-01 2.384065168300848192e-01
1.102499999999824887e+01 9.706084421420667629e-01 2.341092195401676956e-01
1.117500000000190674e+01 9.673050500890364445e-01 2.326809025397976460e-01
1.132499999999808082e+01 9.646608241913504633e-01 2.308221239820073545e-01
1.147500000000190923e+01 9.589963969537705912e-01 2.276265710885301552e-01
1.162500000000000000e+01 9.620209874173231146e-01 2.296995826940553820e-01
1.177499999999798952e+01 9.713313938514684942e-01 2.272443256652609267e-01
1.192500000000196891e+01 9.803285136476502792e-01 2.257605556963833693e-01
1.207499999999801865e+01 9.958951001794111857e-01 2.277960975423509449e-01
1.222500000000215081e+01 1.005146401990593130e+00 2.264784373395873351e-01
1.237500000000000000e+01 1.015692102125266283e+00 2.267061883705740466e-01
1.252499999999776215e+01 1.029217023655736973e+00 2.269579786044204073e-01
1.267500000000202398e+01 1.036654564598834538e+00 2.264021987348500131e-01
1.282499999999796536e+01 1.049412098584265429e+00 2.266028438488005559e-01
1.297500000000236220e+01 1.061051130262255615e+00 2.286595643987110460e-01
1.312500000000000000e+01 1.070067971787240113e+00 2.250379894315012452e-01
1.327499999999756142e+01 1.073862132645682310e+00 2.249167243931124160e-01
1.342500000000173088e+01 1.080460251161934560e+00 2.240280123040923610e-01
1.357499999999841833e+01 1.077420677601092391e+00 2.238134782848991977e-01
1.372500000000255049e+01 1.073096566427517162e+00 2.206827136893590169e-01
1.387500000000000000e+01 1.075647467277937697e+00 2.214382166482805336e-01
1.402499999999738023e+01 1.071098693627684062e+00 2.157201222076433056e-01
1.417500000000102034e+01 1.064109829392724915e+00 2.178052828505525618e-01
1.432499999999911111e+01 1.055744773991822649e+00 2.143406449988013440e-01
1.447500000000271925e+01 1.048004686498483329e+00 2.158053512292977538e-01
1.462500000000000000e+01 1.040629662538444800e+00 2.106184521293515410e-01
1.477499999999721680e+01 1.033736207280309127e+00 2.102009710799821463e-01
1.492500000000038618e+01 1.031015809685452478e+00 2.095871173697206602e-01
1.507499999999973639e+01 1.016716730233818700e+00 2.038498443168345053e-01
1.522500000000287201e+01 1.006348903425511310e+00 2.020403687439868701e-01
1.537500000000000000e+01 1.003705504926345249e+00 2.022845514121653365e-01
1.552499999999706937e+01 9.987042606430900360e-01 2.011259483975598727e-01
1.567499999999980886e+01 9.996611672732442777e-01 2.023646766025618271e-01
1.582500000000029772e+01 9.986616638402810997e-01 2.002496739405328352e-01
1.597500000000300879e+01 9.936007818065596409e-01 1.971432010232063436e-01
1.612500000000000000e+01 9.992053473695639010e-01 1.991101307772454865e-01
1.627499999999693969e+01 9.983071978538420321e-01 1.965732848209688355e-01
1.642499999999928662e+01 1.003540636340052083e+00 1.973841953995610909e-01
1.657500000000081286e+01 1.009047189701503644e+00 1.968330895890777199e-01
1.672500000000313847e+01 1.013722135172800298e+00 1.976039186749493359e-01
1.687500000000000000e+01 1.017606272593537753e+00 1.945201021760797899e-01
1.702499999999681535e+01 1.020834953554067059e+00 1.944999865129178052e-01
1.717499999999880700e+01 1.022759292533682141e+00 1.921683894597108200e-01
1.732500000000128182e+01 1.029181656284695157e+00 1.935317565560169539e-01
1.747500000000325215e+01 1.034202499930861219e+00 1.931408009960911276e-01
1.762500000000000000e+01 1.037558043907703453e+00 1.919799634368377639e-01
1.777499999999670521e+01 1.037154623898258743e+00 1.916424487171520807e-01
1.792499999999837357e+01 1.039349289530841158e+00 1.926900346881438575e-01
1.807500000000171170e+01 1.040665988423514321e+00 1.903837867964333630e-01
1.822500000000335874e+01 1.038474256019393360e+00 1.879328759109419600e-01
1.837500000000000000e+01 1.036725366324964925e+00 1.865717031444526774e-01
1.852499999999660218e+01 1.031153779053131325e+00 1.865808125870769274e-01
1.867499999999797211e+01 1.031965584329994634e+00 1.868816121880447489e-01
1.882500000000210960e+01 1.023539078231309851e+00 1.847252458857787938e-01
1.897500000000345466e+01 1.022414054480438095e+00 1.829211608947247936e-01
1.912500000000000000e+01 1.021960696197463658e+00 1.823589050870681461e-01
1.927499999999650626e+01 1.014865323664191576e+00 1.825528704654243717e-01
1.942499999999759908e+01 1.012374010714130357e+00 1.817736248122168441e-01
1.957500000000247198e+01 1.009824549689056106e+00 1.813152445258441048e-01
1.972500000000354348e+01 1.009996940959554168e+00 1.811151401473112821e-01
1.987500000000000000e+01 1.002311072475851494e+00 1.806711759472090228e-01
2.002499999999642100e+01 1.000330575657281562e+00 1.764572942220465346e-01
2.017499999999725446e+01 9.986349977196334882e-01 1.733720712981234868e-01
2.032500000000281304e+01 1.001992826641256551e+00 1.761169096113427979e-01
2.047500000000362874e+01 9.966690974963275940e-01 1.776463918135788300e-01
2.062500000000000000e+01 9.992945045490805311e-01 1.752040383675175506e-01
2.077499999999633928e+01 1.000254280949473440e+00 1.756118312878558463e-01
2.092499999999693472e+01 9.991396826605165593e-01 1.740089146780266494e-01
2.107500000000312212e+01 1.002914243968552999e+00 1.737783726706993437e-01
2.122500000000370690e+01 1.001085876322463486e+00 1.722429865418855233e-01
2.137500000000000000e+01 1.001838527938430534e+00 1.717469416021312478e-01
2.152499999999626468e+01 1.006181149793453633e+00 1.721247809327743350e-01
2.167499999999663984e+01 1.007337603001549287e+00 1.709971846165559417e-01
2.182500000000341700e+01 1.010813793440265451e+00 1.686066162802828949e-01
2.197500000000377796e+01 1.010893134386087189e+00 1.693142460216976453e-01
2.212500000000000000e+01 1.009292432003637163e+00 1.700265138006069043e-01
2.227499999999619718e+01 1.012388947531554395e+00 1.708417067471391104e-01
2.242499999999636273e+01 1.010967827028766308e+00 1.668141666459402872e-01
2.257500000000369056e+01 1.009443084254368017e+00 1.656201337767480020e-01
2.272500000000384546e+01 1.010109690232102064e+00 1.684128024048937577e-01
2.287500000000000000e+01 1.012438184965454901e+00 1.672127882608820670e-01
2.302499999999612967e+01 1.006571365860156719e+00 1.658828184673384887e-01
2.317499999999610338e+01 1.006581843528888465e+00 1.666148774318590986e-01
2.332500000000394635e+01 1.001582669719304208e+00 1.654549961668691227e-01
2.347500000000390941e+01 1.001520466916436813e+00 1.646807081962021191e-01
2.362500000000000000e+01 9.984845943585159977e-01 1.633911935393052572e-01
2.377499999999606928e+01 9.949609265038119599e-01 1.646367656305306459e-01
2.392499999999586180e+01 9.935332527524183277e-01 1.636832879987277500e-01
2.407500000000418439e+01 9.962275298522272893e-01 1.604386109682780226e-01
2.422500000000396625e+01 9.916260907854049789e-01 1.606975764983319677e-01
2.437500000000000000e+01 9.896728344445772096e-01 1.587433248066894842e-01
2.452499999999600888e+01 9.888403858205075947e-01 1.593854960940053189e-01
2.467499999999563087e+01 9.878524833336596034e-01 1.582913162583285405e-01
2.482500000000441176e+01 9.913580058442957865e-01 1.568964435049056139e-01
2.497500000000402309e+01 9.892318145156320242e-01 1.583835337012528821e-01
2.512500000000000000e+01 9.884068681273300294e-01 1.562545814425295720e-01
2.527499999999595559e+01 9.891360377716428287e-01 1.573095863001379158e-01
2.542499999999541771e+01 9.878319020117479754e-01 1.567829511065179093e-01
2.557500000000462137e+01 9.897871800828141886e-01 1.566269235819754135e-01
2.572500000000407638e+01 9.884284861566676739e-01 1.542138467240274369e-01
2.587500000000000000e+01 9.881009378553687883e-01 1.528969431638815546e-01
2.602499999999590585e+01 9.908347680774157729e-01 1.559793100288194290e-01
2.617499999999521521e+01 9.908573834619488485e-01 1.529109941179070675e-01
2.632500000000482032e+01 9.917488438163560849e-01 1.531771927021543245e-01
2.647500000000383480e+01 9.907831395842863209e-01 1.533259952446365260e-01
2.662500000000000000e+01 9.898590061690966113e-01 1.511818626389248854e-01
2.677499999999647073e+01 9.880038731603557611e-01 1.522456475413080657e-01
2.692499999999502691e+01 9.879202388058583306e-01 1.492758645263175532e-01
2.707500000000501217e+01 9.901543931602692084e-01 1.499587057972053827e-01
2.722500000000308873e+01 9.897412292195735262e-01 1.515310367854525164e-01
2.737500000000000000e+01 9.907240078090431279e-01 1.506815041135202704e-01
2.752499999999719549e+01 9.896842662535044743e-01 1.514225487941578407e-01
2.767499999999484928e+01 9.882878653741477004e-01 1.505953320684310648e-01
2.782500000000518625e+01 9.876090474971617184e-01 1.482477332339944831e-01
2.797500000000238529e+01 9.846839501790545235e-01 1.478268260909968712e-01
2.812500000000000000e+01 9.848964752463057470e-01 1.482517693000505177e-01
2.827499999999788827e+01 9.847132780146157227e-01 1.475783922560188477e-01
2.842499999999467164e+01 9.823605678948845732e-01 1.442020132519998554e-01
2.857500000000536033e+01 9.818230661147540062e-01 1.461403633496481391e-01
2.872500000000171028e+01 9.847462744613082464e-01 1.478560778760934780e-01
2.887500000000000000e+01 9.833007736742903626e-01 1.464123036195699445e-01
2.902499999999854552e+01 9.820910983681341300e-01 1.450178428916569784e-01
2.917499999999451177e+01 9.826992527730040727e-01 1.445293175081295012e-01
2.932500000000552021e+01 9.821244675960406623e-01 1.447588096048392503e-01
2.947500000000107434e+01 9.801161109288376583e-01 1.440454358288846270e-01
2.962500000000000000e+01 9.813827480565706640e-01 1.430346263411676200e-01
2.977499999999917080e+01 9.812053713938611033e-01 1.434418934872578599e-01
2.992499999999435900e+01 9.789608697768447110e-01 1.421890326759963352e-01
3.007500000000566942e+01 9.831381334247653037e-01 1.412784310891804507e-01
3.022500000000047393e+01 9.802824493970037079e-01 1.418926284418162154e-01
3.037500000000000000e+01 9.836731925100608009e-01 1.446109340047078418e-01
3.052499999999976410e+01 9.836001114164480974e-01 1.401402918765511374e-01
3.067499999999420623e+01 9.814336112968601311e-01 1.407066139566969798e-01
3.082500000000581508e+01 9.862822526966557035e-01 1.429641257498865115e-01
3.097499999999989839e+01 9.828372285514109796e-01 1.387764635204004060e-01
3.112500000000000000e+01 9.844780224929188250e-01 1.383267708738135648e-01
3.127500000000032898e+01 9.812314575692708818e-01 1.387735795505578573e-01
3.142499999999406768e+01 9.804180675829801128e-01 1.393871491149311637e-01
3.157500000000595364e+01 9.823256606267392055e-01 1.403056759146050214e-01
3.172499999999935127e+01 9.842290836259564024e-01 1.394160494901965086e-01
3.187500000000000000e+01 9.832986993235456330e-01 1.374893657694516991e-01
3.202500000000086544e+01 9.833328545309529822e-01 1.375706510740980215e-01
3.217499999999394333e+01 9.833393418893792148e-01 1.380891790954583143e-01
3.232500000000609219e+01 9.804368532248942669e-01 1.364290205392880706e-01
3.247499999999882903e+01 9.818134293493363529e-01 1.358319589169138253e-01
3.262500000000000000e+01 9.824568055114294429e-01 1.362337487381136414e-01
3.277500000000137703e+01 9.837214018079534217e-01 1.376561286248721983e-01
3.292499999999381544e+01 9.795642900986598622e-01 1.360700220514782233e-01
3.307500000000621299e+01 9.819061437213963961e-01 1.351965922040275214e-01
3.322499999999832454e+01 9.817921172121579776e-01 1.348149887423656934e-01
3.337500000000000000e+01 9.829993007894998192e-01 1.343385692347161542e-01
3.352500000000186731e+01 9.800147395736500400e-01 1.345720636796132741e-01
3.367499999999368754e+01 9.818480998937317850e-01 1.353137211005607521e-01
3.382500000000633378e+01 9.794191362409474522e-01 1.352615612674160084e-01
3.397499999999784848e+01 9.812944384258732722e-01 1.342551830236147214e-01
3.412500000000000000e+01 9.791526533034854429e-01 1.318382922402209223e-01
3.427500000000233626e+01 9.799509163173906190e-01 1.349334836987265140e-01
3.442499999999357385e+01 9.799844967016532182e-01 1.341204755619899713e-01
3.457500000000644746e+01 9.808376697815543999e-01 1.336586849593765502e-01
3.472499999999739373e+01 9.836998921886394021e-01 1.334994149789210660e-01
3.487500000000000000e+01 9.808062216379918041e-01 1.318917983149435758e-01
3.502500000000278391e+01 9.818494947807443474e-01 1.325138731968803496e-01
3.517499999999346016e+01 9.790312805126805129e-01 1.335523800917041704e-01
3.532500000000656115e+01 9.824842194281407926e-01 1.329765308999003304e-01
3.547499999999695319e+01 9.799245757557367709e-01 1.308389418374168445e-01
3.562500000000000000e+01 9.805058468460126075e-01 1.327174551051919782e-01
3.577500000000321734e+01 9.813510563064340442e-01 1.303574440827698355e-01
3.592499999999336069e+01 9.814036326448507541e-01 1.319006528776850151e-01
3.607500000000666773e+01 9.823060314186776720e-01 1.306562564997765519e-01
3.622499999999653397e+01 9.816254672869370035e-01 1.288341807034242559e-01
3.637500000000000000e+01 9.812822854493329361e-01 1.295404549707091235e-01
3.652500000000362235e+01 9.780474203153622925e-01 1.307852333986066762e-01
3.667499999999325411e+01 9.801793133495069199e-01 1.299374688397104127e-01
3.682500000000676721e+01 9.808430161834912342e-01 1.277293770837857334e-01
3.697499999999613607e+01 9.807499668962955663e-01 1.278834054681451116e-01
3.712500000000000000e+01 9.837288752801282010e-01 1.284133033419913306e-01
3.727500000000402736e+01 9.821242045246951768e-01 1.274233965887835718e-01
3.742499999999315463e+01 9.810983835079402082e-01 1.268993008389649457e-01
3.757500000000686668e+01 9.787224544546700988e-01 1.276190938325878210e-01
3.772499999999575238e+01 9.809156200821086413e-01 1.270360263894164121e-01
3.787500000000000000e+01 9.833901297369364025e-01 1.276195959612265451e-01
3.802500000000440394e+01 9.818200985514110579e-01 1.268872382184397796e-01
3.817499999999306226e+01 9.823863773829695223e-01 1.255083029452328802e-01
3.832500000000695906e+01 9.802913495949414635e-01 1.267572959815509159e-01
3.847499999999537579e+01 9.811630322448495756e-01 1.264444588976701700e-01
3.862500000000000000e+01 9.794258800048726288e-01 1.250539771856520044e-01
3.877500000000476632e+01 9.817952238473567350e-01 1.259523060913357029e-01
3.892499999999297700e+01 9.803257715929629690e-01 1.253282938369237320e-01
3.907500000000705143e+01 9.818482754388845324e-01 1.251392503919508681e-01
3.922499999999502052e+01 9.810612710507418122e-01 1.227132601825252634e-01
3.937500000000000000e+01 9.801908694664783761e-01 1.255896944150302896e-01
3.952500000000512159e+01 9.816074970991912618e-01 1.246967472163233448e-01
3.967499999999288463e+01 9.834886851920090489e-01 1.241616918847493201e-01
3.982500000000712959e+01 9.805782680095539439e-01 1.237876519947379572e-01
3.997499999999467946e+01 9.810073541280328602e-01 1.229217626801576563e-01
4.012500000000000000e+01 9.836027978991908061e-01 1.235315324042595142e-01
4.027500000000545555e+01 9.843779309843417868e-01 1.248718620478796310e-01
4.042499999999279936e+01 9.827543999298873345e-01 1.237646072793038010e-01
4.057500000000721485e+01 9.814619874830494695e-01 1.224782513325203548e-01
4.072499999999434550e+01 9.820404295581514065e-01 1.225875070108561338e-01
4.087500000000000000e+01 9.823931929444384981e-01 1.213596136693729927e-01
4.102500000000578240e+01 9.809278282144944239e-01 1.217403356998171676e-01
4.117499999999272120e+01 9.815080005615912651e-01 1.219136609736866106e-01
4.132500000000730012e+01 9.830893329097603051e-01 1.195573207132982901e-01
4.147499999999402576e+01 9.825390632607469144e-01 1.216477307773341371e-01
4.162500000000000000e+01 9.803800539003605374e-01 1.216617588991164151e-01
4.177500000000609504e+01 9.807973816968101888e-01 1.212855746743788377e-01
4.192499999999264304e+01 9.808714005786577372e-01 1.201083632937301193e-01
4.207500000000737828e+01 9.810180915225794607e-01 1.202086739039546492e-01
4.222499999999372022e+01 9.834591108235933854e-01 1.206712665886611191e-01
4.237500000000000000e+01 9.827946223456520691e-01 1.185730334859232266e-01
4.252500000000640057e+01 9.819352827330412037e-01 1.198087797090432172e-01
4.267499999999256488e+01 9.805002003256367837e-01 1.192143543088248075e-01
4.282500000000744933e+01 9.825213578286301486e-01 1.184815861569095824e-01
4.297499999999342180e+01 9.840603776523737523e-01 1.196868213260384728e-01
4.312500000000000000e+01 9.839431721547259313e-01 1.181683983853459990e-01
4.327500000000669900e+01 9.827359896619731749e-01 1.185165037841048180e-01
4.342499999999249383e+01 9.813287166906069503e-01 1.184215123960136867e-01
4.357500000000752038e+01 9.839858586333048995e-01 1.181838505952877427e-01
4.372499999999313758e+01 9.831819539161388288e-01 1.185296032938707722e-01
4.387500000000000000e+01 9.859377939831081017e-01 1.178627765849118020e-01
4.402500000000697611e+01 9.836093546715306557e-01 1.184055596014656903e-01
4.417499999999242277e+01 9.815258083152280655e-01 1.177594067100012076e-01
4.432500000000759144e+01 9.850959201344031690e-01 1.190808281089647674e-01
4.447499999999286047e+01 9.837308709748601165e-01 1.193639524688843434e-01
4.462500000000000000e+01 9.834046192582428514e-01 1.169319969599628833e-01
4.477500000000724611e+01 9.836336471935808179e-01 1.166278927385280134e-01
4.492499999999235882e+01 9.852714425879125493e-01 1.174302342157881318e-01
4.507500000000766249e+01 9.853393445283998853e-01 1.177192297726272763e-01
4.522499999999259757e+01 9.842615818293116714e-01 1.168459102682212897e-01
4.537500000000000000e+01 9.842160140103417554e-01 1.158879220396161897e-01
4.552500000000750902e+01 9.876817761362263193e-01 1.164189656845616844e-01
4.567499999999228777e+01 9.845193495076506318e-01 1.166735738090925595e-01
4.582500000000772644e+01 9.856653281545721956e-01 1.163980669553567882e-01
4.597499999999233466e+01 9.854530841784108208e-01 1.156940185856560888e-01
4.612500000000000000e+01 9.841002742176835349e-01 1.143368853005643920e-01
4.627500000000776481e+01 9.828961380999472475e-01 1.150402558096549066e-01
4.642499999999223093e+01 9.849518478991119430e-01 1.156671275473707960e-01
4.657500000000779039e+01 9.860874266425292411e-01 1.141262744056224521e-01
4.672499999999207887e+01 9.846773107040869277e-01 1.156019153298747798e-01
4.687500000000000000e+01 9.857810231378384414e-01 1.160387451937350406e-01
4.702500000000801350e+01 9.850104304708963143e-01 1.143810950676774907e-01
4.717499999999216698e+01 9.868801742173336500e-01 1.123105020833231743e-01
4.732500000000784723e+01 9.854615167459250813e-01 1.155241330266901650e-01
4.747499999999183729e+01 9.864256746778372609e-01 1.124732339685175220e-01
4.762500000000000000e+01 9.870604119114552155e-01 1.146008087850265977e-01
4.777500000000825509e+01 9.858505816034451863e-01 1.124865930070714365e-01
4.792499999999211013e+01 9.867192196720665498e-01 1.136907125251843953e-01
4.807500000000790408e+01 9.853768010144255962e-01 1.130160960678101567e-01
4.822499999999160281e+01 9.871291002418937088e-01 1.139895052150903809e-01
4.837500000000000000e+01 9.862822811489949659e-01 1.134218754326583312e-01
4.852500000000848956e+01 9.877048931962617573e-01 1.135627558226894179e-01
4.867499999999204618e+01 9.877512348324610780e-01 1.140170084228333824e-01
4.882500000000796092e+01 9.896356241562020983e-01 1.121892410071519824e-01
4.897499999999137543e+01 9.875722680915438589e-01 1.126202133055699550e-01
4.912500000000000000e+01 9.881418999498452482e-01 1.128640413354724120e-01
4.927500000000870983e+01 9.880013862937924163e-01 1.128033641888883110e-01
4.942499999999198934e+01 9.876811413239011683e-01 1.125127240910974574e-01
4.957500000000802487e+01 9.883251490537475759e-01 1.121862154926518002e-01
4.972499999999115516e+01 9.893596541030177383e-01 1.101484035111503224e-01
4.987500000000000000e+01 9.874377016542325025e-01 1.117752244950699497e-01
5.002500000000893010e+01 9.883379912462765260e-01 1.113783202078321294e-01
5.017499999999193960e+01 9.886077954099303788e-01 1.103553244908345443e-01
5.032500000000807461e+01 9.876395043475637570e-01 1.107003649349695973e-01
5.047499999999094200e+01 9.881152493786322655e-01 1.113744635553968881e-01
5.062500000000000000e+01 9.898471325125525189e-01 1.106961836824556927e-01
5.077500000000914326e+01 9.886720796268950728e-01 1.095917881842973368e-01
5.092499999999188276e+01 9.887159934349658563e-01 1.102454969153308095e-01
5.107500000000812435e+01 9.889811638378733782e-01 1.090278132981196135e-01
5.122499999999072884e+01 9.902668994798307089e-01 1.101572040704706656e-01
5.137500000000000000e+01 9.898261797969047926e-01 1.095881410990632854e-01
5.152500000000934932e+01 9.897600921216204162e-01 1.088097876512200551e-01
5.167499999999183302e+01 9.897649362647132909e-01 1.099778703360953791e-01
5.182500000000818119e+01 9.894580558809715765e-01 1.093158512512314301e-01
5.197499999999052989e+01 9.918098372871998469e-01 1.089644785392004100e-01
5.212500000000000000e+01 9.891426144655605102e-01 1.083970495247768978e-01
5.227500000000954827e+01 9.867359853414382487e-01 1.092076962911060212e-01
5.242499999999178328e+01 9.881102166555019162e-01 1.072001994424337940e-01
5.257500000000806040e+01 9.899787270940504369e-01 1.091679807369482225e-01
5.272499999999033804e+01 9.895119637028296777e-01 1.086806045611094090e-01
5.287500000000000000e+01 9.901153391893227074e-01 1.076520112801346990e-01
5.302500000000974723e+01 9.893497437581977305e-01 1.076031999801431577e-01
5.317499999999255778e+01 9.900979272165146838e-01 1.083938022025261599e-01
5.332500000000729301e+01 9.887107925258394880e-01 1.070120258846223166e-01
5.347499999999015330e+01 9.900548517134881710e-01 1.081151694956309500e-01
5.362500000000000000e+01 9.921087270002915126e-01 1.080070539114541400e-01
5.377500000000993197e+01 9.907988908740066325e-01 1.090165125970119497e-01
5.392499999999331095e+01 9.908682478826670303e-01 1.067225445935112982e-01
5.407500000000654694e+01 9.896528096222616533e-01 1.064999992515184013e-01
5.422499999998996145e+01 9.900634241992785078e-01 1.052322667729479883e-01
5.437500000000000000e+01 9.918600685428361485e-01 1.065308578523418148e-01
5.452500000001011671e+01 9.885458232881609852e-01 1.066245837767576532e-01
5.467499999999403570e+01 9.915300648106972758e-01 1.066136592538110828e-01
5.482500000000581508e+01 9.922084931972512400e-01 1.067709298037402416e-01
5.497499999998977671e+01 9.920062827370089709e-01 1.057612226590026738e-01
5.512500000000000000e+01 9.917629845206575867e-01 1.062194805310000406e-01
5.527500000001029434e+01 9.923988695751182476e-01 1.052754151334589078e-01
5.542499999999475335e+01 9.899240144155621035e-01 1.060147089858713282e-01
5.557500000000510454e+01 9.933945593881894354e-01 1.054537759092660648e-01
5.572499999998960618e+01 9.915180070915490251e-01 1.053961564688496305e-01
5.587500000000000000e+01 9.914468980927977348e-01 1.048410971008013060e-01
5.602500000001046487e+01 9.903428950172128431e-01 1.046915384733261706e-01
5.617499999999544258e+01 9.887144246544149473e-01 1.037821565972038285e-01
5.632500000000441531e+01 9.911086275522843492e-01 1.045493034022958179e-01
5.647499999998942855e+01 9.914611754283357836e-01 1.047623732807649310e-01
5.662500000000000000e+01 9.907329183615445345e-01 1.039701453261414471e-01
5.677500000001062830e+01 9.932113061998180115e-01 1.043084490502422385e-01
5.692499999999611759e+01 9.919036915449315206e-01 1.022589274423044009e-01
5.707500000000374030e+01 9.916535576513511030e-01 1.034839005794341987e-01
5.722499999998926512e+01 9.924580807077667544e-01 1.039604977319493612e-01
5.737500000000000000e+01 9.925441261532236270e-01 1.040209304505022442e-01
5.752500000001079172e+01 9.929214606766988416e-01 1.035534452916496012e-01
5.767499999999677129e+01 9.927944304076452564e-01 1.033790751262522456e-01
5.782500000000310081e+01 9.924408798903818774e-01 1.026063992650258772e-01
5.797499999998910170e+01 9.936471109811800817e-01 1.035888858934895379e-01
5.812500000000000000e+01 9.921707206212304619e-01 1.034007862193656591e-01
5.827500000001095515e+01 9.948555752809172814e-01 1.042755575931119116e-01
5.842499999999741078e+01 9.940668085880340898e-01 1.025375936476328187e-01
5.857500000000246132e+01 9.917315035844482818e-01 1.038057177713928025e-01
5.872499999998893827e+01 9.934582328041571264e-01 1.027372380720608935e-01
5.887500000000000000e+01 9.941096344230178072e-01 1.034345028929102156e-01
5.902500000001111857e+01 9.953348920891609275e-01 1.022967995150320941e-01
5.917499999999803606e+01 9.947365409347637133e-01 1.022372434333378016e-01
5.932500000000184315e+01 9.923782100731700639e-01 1.014676588063028184e-01
5.947499999998878906e+01 9.935087337180114053e-01 1.020282637044294394e-01
5.962500000000000000e+01 9.950257195740254135e-01 1.017514862369591766e-01
5.977500000001126779e+01 9.954415087060050071e-01 1.025300650828503274e-01
5.992499999999864002e+01 9.935497555116239443e-01 1.028105338218256448e-01
6.007500000000123919e+01 9.946911733381039733e-01 1.022296875032855656e-01
6.022499999998863984e+01 9.944450924125123326e-01 1.019146857719849947e-01
6.037500000000000000e+01 9.960783289286135878e-01 1.008865311559863365e-01
6.052500000001142411e+01 9.957334501398729110e-01 1.006034088565005979e-01
6.067499999999923688e+01 9.940653285052197807e-01 1.013084972724620642e-01
6.082500000000064944e+01 9.961948032402276887e-01 1.013576477479530696e-01
6.097499999998849773e+01 9.975118165279485138e-01 1.001816144360461180e-01
6.112500000000000000e+01 9.956994232696063651e-01 1.001276736581943189e-01
6.127500000001155911e+01 9.956212675457718486e-01 1.012265422096403772e-01
6.142499999999980531e+01 9.965503974422093014e-01 1.006399026621328241e-01
6.157500000000007390e+01 9.955069297902074954e-01 1.010842924250884567e-01
6.172499999998834852e+01 9.959328532862811167e-01 9.957892812778069980e-02
6.187500000000000000e+01 9.949061002913038854e-01 1.012747785684594559e-01
6.202500000001170122e+01 9.959536306063241362e-01 9.973693488266507923e-02
6.217500000000037375e+01 9.976158083154121892e-01 1.002030653839503654e-01
6.232499999999951967e+01 9.957372104568918969e-01 1.004938985789299022e-01
6.247499999998820641e+01 9.969150449715556972e-01 9.916479907407813044e-02
6.262500000000000000e+01 9.983271139697701413e-01 1.004585902857638852e-01
6.277500000001184333e+01 9.989504425575634894e-01 9.842500571092085981e-02
6.292500000000092086e+01 9.974991148571981103e-01 9.922649488366382109e-02
6.307499999999897256e+01 9.993581143789314059e-01 9.960686528604445478e-02
6.322499999998807851e+01 9.993482497761977390e-01 1.000237061836520974e-01
6.337500000000000000e+01 9.979648014690072344e-01 9.858155129631150648e-02
6.352500000001197833e+01 1.000975103484844198e+00 9.876584789171288792e-02
6.367500000000146798e+01 9.978185152312810668e-01 9.911743816611316704e-02
6.382499999999843254e+01 9.992846350800290711e-01 9.932385551255332179e-02
6.397499999998793641e+01 1.000586681529653577e+00 9.878850828169988274e-02
6.412500000000000000e+01 9.999212743238722334e-01 9.785137297096394016e-02
6.427500000001211333e+01 1.000497976623958563e+00 9.904284134260239736e-02
6.442500000000200089e+01 9.998953876961103049e-01 9.852037559068761718e-02
6.457499999999791385e+01 1.000330280368193270e+00 9.804377314272114119e-02
6.472499999998781561e+01 1.000060077548529547e+00 9.983076207016659820e-02
6.487500000000000000e+01 9.986749982832764383e-01 9.817450347101126795e-02
6.502500000001224123e+01 9.993204206266764755e-01 9.816792208547207854e-02
6.517500000000251248e+01 1.001868525843956581e+00 9.882430094128295817e-02
6.532499999999740226e+01 1.000204990667770133e+00 9.872800733937039941e-02
6.547499999998768772e+01 1.001294622978786908e+00 9.747184286083761251e-02
6.562500000000000000e+01 9.998325194282264849e-01 9.796043726542272290e-02
6.577500000001236913e+01 9.997177947174664681e-01 9.755759969417969468e-02
6.592500000000300986e+01 1.001804104165427978e+00 9.729125106992433936e-02
6.607499999999690488e+01 1.001182206057097179e+00 9.804926979443696899e-02
6.622499999998755982e+01 1.000036369617663290e+00 9.668605919034553575e-02
6.637500000000000000e+01 1.000548164621341440e+00 9.686022668881340281e-02
6.652500000001249703e+01 1.001481879859073443e+00 9.877527028118000818e-02
6.667500000000349303e+01 1.002387826318550834e+00 9.619438751109407604e-02
6.682499999999640750e+01 9.998518589787550592e-01 9.604608865596285516e-02
6.697499999998743192e+01 1.001952084109638985e+00 9.642240320017030075e-02
6.712500000000000000e+01 1.001606452658134527e+00 9.663546584328032429e-02
6.727500000001261071e+01 1.003279507069308352e+00 9.651981080033794624e-02
6.742500000000397620e+01 1.002516691460118237e+00 9.604241163317769892e-02
6.757499999999593854e+01 1.000867110780766733e+00 9.611079468766180189e-02
6.772499999998731823e+01 1.005495926701011733e+00 9.581503458182882849e-02
6.787500000000000000e+01 1.002997877285879413e+00 9.574427886887267036e-02
6.802500000001272440e+01 1.002794035857901500e+00 9.529884169112096126e-02
6.817500000000444516e+01 1.002532085864108025e+00 9.607551783165185766e-02
6.832499999999546958e+01 1.003811261870470206e+00 9.613257276689225750e-02
6.847499999998720455e+01 1.005403352735120714e+00 9.561568183529707554e-02
6.862500000000000000e+01 1.003649969130083086e+00 9.569362272898694621e-02
6.877500000001283809e+01 1.003851794308782575e+00 9.539146852698374146e-02
6.892500000000489990e+01 1.003964283859517304e+00 9.601045725477898307e-02
6.907499999999501483e+01 1.004608605201746219e+00 9.655027144530273220e-02
6.922499999998709086e+01 1.004724415229059309e+00 9.595145859444671743e-02
6.937500000000000000e+01 1.002957026548535246e+00 9.474783832861426169e-02
6.952500000001295177e+01 1.003323612481982208e+00 9.551016249633699495e-02
6.967500000000535465e+01 1.003111267452981625e+00 9.338988544908463640e-02
6.982499999999456008e+01 1.004650675940759186e+00 9.489006973236106812e-02
6.997499999998697717e+01 1.003322571795936424e+00 9.390644942802887918e-02
7.012500000000000000e+01 1.003163578450050331e+00 9.462557116523444278e-02
7.027500000001306546e+01 1.002954282398204278e+00 9.381968827473755046e-02
7.042500000000579519e+01 1.004629065978843716e+00 9.466484080020168279e-02
7.057499999999413376e+01 1.003151989099400065e+00 9.407164159559824879e-02
7.072499999998686349e+01 1.003267543525611538e+00 9.198159496666641344e-02
7.087500000000000000e+01 1.004931030573382289e+00 9.446343936749661274e-02
7.102500000001316494e+01 1.002502485729156012e+00 9.376886764722761058e-02
7.117500000000620730e+01 1.003078774261277006e+00 9.397137259688290167e-02
7.132499999999369322e+01 1.003613864118429122e+00 9.257600636176123443e-02
7.147499999998676401e+01 1.004892434909558041e+00 9.271186179753790335e-02
7.162500000000000000e+01 1.003858563047974606e+00 9.290382680909296809e-02
7.177500000001327862e+01 1.004362396879934671e+00 9.300741375433767277e-02
7.192500000000663363e+01 1.004352901855228186e+00 9.231039162352754068e-02
7.207499999999328111e+01 1.004911166660881428e+00 9.314228507469127227e-02
7.222499999998666453e+01 1.003256644473249137e+00 9.320383389320507916e-02
7.237500000000000000e+01 1.005729820222897031e+00 9.320747557019010143e-02
7.252500000001337810e+01 1.003549184251031345e+00 9.275870340978639716e-02
7.267500000000704574e+01 1.005348188335369430e+00 9.304511304971364860e-02
7.282499999999286899e+01 1.004106009554647905e+00 9.298244582987844065e-02
7.297499999998655085e+01 1.004730247561971046e+00 9.143276602476800574e-02
7.312500000000000000e+01 1.004197546101018634e+00 9.313789492237671552e-02
7.327500000001347757e+01 1.003546076859846314e+00 9.272419314396847245e-02
7.342500000000745786e+01 1.002676411032564108e+00 9.315213319020422544e-02
7.357499999999247109e+01 1.003846076029368151e+00 9.222517917779340935e-02
7.372499999998646558e+01 1.003362989200928368e+00 9.200591218648929148e-02
7.387500000000000000e+01 1.004004103242852608e+00 9.150083350853538411e-02
7.402500000001359126e+01 1.003171975020857865e+00 9.099621273203047089e-02
7.417500000000785576e+01 1.004681146287006444e+00 8.960867417391286949e-02
7.432499999999207319e+01 1.002755862097611805e+00 9.235461235772302047e-02
7.447499999998635190e+01 1.003867345649955389e+00 9.015358801960522694e-02
7.462500000000000000e+01 1.004807590538776996e+00 9.265047661761915965e-02
7.477500000001367653e+01 1.004625244405188633e+00 9.065523709360130689e-02
7.492500000000823945e+01 1.004811906458819237e+00 9.128999330131327972e-02
7.507499999999168949e+01 1.004635303714437766e+00 9.125768732926976823e-02
7.522499999998626663e+01 1.002632042889431307e+00 9.191811811512470842e-02
7.537500000000000000e+01 1.003554549801722873e+00 9.120064921564868810e-02
7.552500000001377600e+01 1.003541286169453706e+00 9.068136881491714596e-02
7.567500000000862315e+01 1.004934260637912580e+00 9.113809665682537364e-02
7.582499999999130580e+01 1.005362634561216106e+00 9.169899042293364055e-02
7.597499999998616715e+01 1.003705327357731436e+00 9.104523398161086523e-02
7.612500000000000000e+01 1.003764530844183378e+00 9.047452980794917776e-02
7.627500000001386127e+01 1.003011807902536079e+00 8.962462511652077857e-02
7.642500000000899263e+01 1.002642005610973275e+00 8.919830493848693309e-02
7.657499999999093632e+01 1.002474754466209150e+00 9.024510660810382279e-02
7.672499999998608189e+01 1.004132562952801955e+00 9.046409492394107132e-02
7.687500000000000000e+01 1.002471712204888510e+00 9.007738120046900054e-02
7.702500000001396074e+01 1.003663644552530876e+00 9.038642294474036332e-02
7.717500000000934790e+01 1.002989938027615491e+00 9.210695780155291057e-02
7.732499999999058105e+01 1.002121319224344331e+00 8.885714921440975023e-02
7.747499999998598241e+01 1.002803195303274109e+00 8.980886659583574294e-02
7.762500000000000000e+01 1.003973937978116071e+00 8.990391268841894934e-02
7.777500000001404601e+01 1.005584653508780679e+00 8.952366249706769641e-02
7.792500000000971738e+01 1.005025044947847057e+00 8.980484113610438801e-02
7.807499999999021156e+01 1.004744525929576193e+00 8.916253328499536279e-02
7.822499999998589715e+01 1.004254562508683168e+00 8.885260590575548567e-02
7.837500000000000000e+01 1.003800959447715302e+00 8.868420058822093499e-02
7.852500000001413127e+01 1.002173239295300000e+00 8.978233021114831458e-02
7.867500000001005844e+01 1.003653918309229454e+00 8.872263733389953999e-02
7.882499999998987050e+01 1.005771663273978822e+00 8.893071875128087667e-02
7.897499999998581188e+01 1.003697414110599651e+00 8.907937014296674061e-02
7.912500000000000000e+01 1.003469208078187958e+00 8.790265510719205699e-02
7.927500000001423075e+01 1.002652763429419336e+00 8.977412123061270788e-02
7.942500000001041371e+01 1.002146455082907117e+00 8.870435509901172799e-02
7.957499999998951523e+01 1.003381372607134336e+00 8.797529725825174729e-02
7.972499999998572662e+01 1.002520821103647375e+00 8.821876278916489234e-02
7.987500000000000000e+01 1.002172635017593905e+00 8.762761735775367877e-02
8.002500000001430180e+01 1.003537225598453153e+00 8.798654054156221371e-02
8.017500000001075477e+01 1.003784257523052892e+00 8.865741604226075323e-02
8.032499999998918838e+01 1.003592163786508618e+00 8.782586199413630612e-02
8.047499999998564135e+01 1.004561421828374046e+00 8.799081903214782396e-02
8.062500000000000000e+01 1.005747698368338661e+00 8.822325337757284947e-02
8.077500000001438707e+01 1.004167150518563867e+00 8.900643420590090282e-02
8.092500000001108162e+01 1.004100043894153416e+00 8.938015590597614413e-02
8.107499999998886153e+01 1.004603006614490868e+00 8.701708675720487562e-02
8.122499999998557030e+01 1.004009908969462517e+00 8.741865908568771659e-02
8.137500000000000000e+01 1.002960959569519916e+00 8.883144260153121030e-02
8.152500000001447233e+01 1.005012926569222476e+00 8.695311012972002651e-02
8.167500000001139426e+01 1.005220389439986706e+00 8.684038388509217332e-02
8.182499999998853468e+01 1.005018430189709600e+00 8.788048918167394585e-02
8.197499999998548503e+01 1.003030670680898018e+00 8.668451662496774734e-02
8.212500000000000000e+01 1.004182768869458453e+00 8.742127701854247868e-02
8.227500000001455760e+01 1.004339047027792420e+00 8.623244011675300358e-02
8.242500000001172111e+01 1.003548408275999337e+00 8.693055706226471280e-02
8.257499999998822204e+01 1.003154173963706208e+00 8.822344216731063671e-02
8.272499999998539977e+01 1.001697644364824891e+00 8.619468538100272248e-02
8.287500000000000000e+01 1.006021819062577594e+00 8.628776654878962671e-02
8.302500000001462865e+01 1.002263914898485542e+00 8.647423287580029150e-02
8.317500000001203375e+01 1.004039900832664367e+00 8.615904102460013314e-02
8.332499999998789519e+01 1.004103192655235066e+00 8.562475094095418904e-02
8.347499999998531450e+01 1.003053357124614076e+00 8.673879389009796215e-02
8.362500000000000000e+01 1.001436051839887265e+00 8.602984411536171439e-02
8.377500000001469971e+01 1.003158034398780041e+00 8.593893947195675731e-02
8.392500000001234639e+01 1.001754528459562144e+00 8.620173524577666446e-02
8.407499999998758256e+01 1.002793964971566476e+00 8.652416886760797010e-02
8.422499999998524345e+01 1.000204310369465333e+00 8.520805832303308958e-02
8.437500000000000000e+01 1.003530533658990143e+00 8.631996710973288689e-02
8.452500000001478497e+01 1.002388417703956147e+00 8.542586750777571292e-02
8.467500000001264482e+01 1.002748321438634793e+00 8.586245157092511904e-02
8.482499999998728413e+01 1.001926550131086335e+00 8.608338406444544788e-02
8.497499999998517239e+01 1.002656580820738608e+00 8.562128694955391250e-02
8.512500000000000000e+01 1.002420450500490778e+00 8.485967756352477687e-02
8.527500000001485603e+01 1.001964026008978825e+00 8.543089424661004516e-02
8.542500000001294325e+01 1.001153082689038909e+00 8.481556969102471699e-02
8.557499999998699991e+01 1.001204346073398588e+00 8.566299981381168827e-02
8.572499999998510134e+01 1.001666762970582214e+00 8.547948688831649711e-02
8.587500000000000000e+01 1.000876690898589771e+00 8.541374509720096875e-02
8.602500000001494129e+01 1.002614523881859343e+00 8.463747985774588978e-02
8.617500000001324167e+01 1.001261008608937741e+00 8.626631474761496665e-02
8.632499999998670148e+01 1.000094226515268581e+00 8.460475909483931856e-02
8.647499999998503029e+01 1.001245797168652807e+00 8.423514043850306721e-02
8.662500000000000000e+01 1.002055251989555806e+00 8.455823029953260517e-02
8.677500000001501235e+01 1.000128242883928209e+00 8.482420649561776826e-02
8.692500000001352589e+01 1.001127005677771242e+00 8.656171878584309476e-02
8.707499999998641727e+01 1.000755872775782152e+00 8.526700310320149689e-02
8.722499999998494502e+01 1.000223159669785700e+00 8.406843754254768319e-02
8.737500000000000000e+01 1.000955485216433072e+00 8.442103454835553356e-02
8.752500000001508340e+01 1.001457651917759373e+00 8.376440361529463585e-02
8.767500000001381011e+01 1.000145044636491232e+00 8.420708910268524805e-02
8.782499999998613305e+01 1.000637576317528366e+00 8.364413996919807526e-02
8.797499999998487397e+01 1.001199874584012717e+00 8.371596974474619646e-02
8.812500000000000000e+01 1.000465718291810857e+00 8.374758537596586894e-02
8.827500000001514024e+01 1.000137067913294375e+00 8.518176633119131647e-02
8.842500000001409433e+01 1.000244557780045396e+00 8.446916860313816167e-02
8.857499999998586304e+01 9.981405021402814937e-01 8.344781046339282138e-02
8.872499999998480291e+01 1.000308261688615863e+00 8.316373200289399470e-02
8.887500000000000000e+01 9.999523922865363179e-01 8.307113680894516461e-02
8.902500000001521130e+01 1.000740086421289199e+00 8.364800786343261352e-02
8.917500000001436433e+01 1.000713851498092888e+00 8.310738510578663529e-02
8.932499999998557882e+01 1.000831252053939080e+00 8.268992912792030858e-02
8.947499999998473186e+01 9.992524628025051259e-01 8.350155008957386993e-02
8.962500000000000000e+01 1.000555724486173803e+00 8.388898256984818336e-02
8.977500000001528235e+01 9.995028727900969745e-01 8.390393403376497639e-02
8.992500000001462013e+01 1.000251979652372780e+00 8.309945203581094175e-02
9.007499999998532303e+01 9.995038941381595432e-01 8.325902784722162553e-02
9.022499999998467501e+01 1.000537526033583147e+00 8.349711068875016740e-02
9.037500000000000000e+01 9.993790253364889242e-01 8.321872044085394660e-02
9.052500000001533920e+01 1.000389997279270915e+00 8.220601093935060721e-02
9.067500000001489013e+01 9.993651995597723214e-01 8.295056706496380106e-02
9.082499999998505302e+01 9.996012277946575431e-01 8.207863840217996532e-02
9.097499999998460396e+01 9.991504126800874186e-01 8.279880285403526385e-02
9.112500000000000000e+01 9.985562312813371921e-01 8.312757638656241566e-02
9.127500000001541025e+01 9.992820415891611185e-01 8.321796648372753458e-02
9.142500000001514593e+01 9.996101573553346498e-01 8.337375823155632193e-02
9.157499999998479723e+01 9.981169329335921603e-01 8.239521057673289406e-02
9.172499999998454712e+01 9.993346528464146505e-01 8.159352259712666922e-02
9.187500000000000000e+01 1.001359778644711707e+00 8.341538174243692816e-02
9.202500000001548131e+01 9.990588955633378232e-01 8.224527711715229339e-02
9.217500000001541594e+01 9.993703846450773254e-01 8.280175710090972863e-02
9.232499999998454143e+01 9.982409721317058171e-01 8.162660403557980837e-02
9.247499999998447606e+01 9.990013757934834704e-01 8.230536669754213996e-02
9.262500000000000000e+01 9.982351949889122222e-01 8.228508966013658998e-02
9.277500000001553815e+01 9.985338064221844778e-01 8.264516757120719814e-02
9.292500000001565752e+01 9.980360038909911191e-01 8.251030521409187524e-02
9.307499999998428564e+01 9.978754363934428939e-01 8.129397154414748361e-02
9.322499999998441922e+01 9.987860569982518477e-01 8.185691656371177349e-02
9.337500000000000000e+01 9.992891928371085974e-01 8.250517302272127040e-02
9.352500000001559499e+01 9.973437311888722068e-01 8.177721355499896483e-02
9.367500000001591332e+01 9.982749842724754075e-01 8.200521926356689473e-02
9.382499999998402984e+01 9.971412622241242474e-01 8.222575922616524868e-02
9.397499999998436238e+01 9.984972578318310754e-01 8.185621689431159254e-02
9.412500000000000000e+01 9.966796498805806648e-01 8.138650864251574524e-02
9.427500000001566605e+01 9.955412100900861150e-01 8.047944444691935983e-02
9.442500000001615490e+01 9.983437538232181607e-01 8.046914378997133133e-02
9.457499999998380247e+01 9.974275984375813309e-01 8.265563822213295442e-02
9.472499999998429132e+01 9.979230606568966211e-01 8.017602666486231544e-02
9.487500000000000000e+01 9.967573920874965854e-01 8.064891418994635242e-02
9.502500000001572289e+01 9.980665989812370631e-01 8.087342725374289942e-02
9.517500000001639648e+01 9.975073349841482306e-01 8.149645140744207761e-02
9.532499999998356088e+01 9.972650114431107493e-01 8.132168318016406994e-02
9.547499999998423448e+01 9.963618203957648189e-01 8.069317980498039167e-02
9.562500000000000000e+01 9.958657051929477033e-01 8.021153454862943455e-02
9.577500000001577973e+01 9.970190507889453713e-01 8.026122861519900675e-02
9.592500000001662386e+01 9.972042630155849574e-01 8.054340439829309195e-02
9.607499999998331930e+01 9.950932184002554415e-01 7.962759347054224057e-02
9.622499999998417763e+01 9.952174942859525197e-01 8.025498534273968476e-02
9.637500000000000000e+01 9.950309411906513857e-01 8.123797286401494844e-02
9.652500000001585079e+01 9.952545575097360153e-01 8.021524544293331949e-02
9.667500000001686544e+01 9.960151667649554952e-01 8.078804507031012161e-02
9.682499999998309193e+01 9.957854004976458562e-01 7.999570184400074668e-02
9.697499999998412079e+01 9.958992185750504822e-01 7.957895456962271741e-02
9.712500000000000000e+01 9.952600459918499176e-01 7.975781408295912200e-02
9.727500000001590763e+01 9.939624740133965464e-01 7.955331711190205546e-02
9.742500000001709282e+01 9.963669568453332737e-01 7.980813319215331048e-02
9.757499999998287876e+01 9.946671348327104090e-01 7.912021331037945304e-02
9.772499999998406395e+01 9.944550604983525277e-01 7.871880327825590828e-02
9.787500000000000000e+01 9.956635273767626693e-01 7.987749231137486472e-02
9.802500000001595026e+01 9.940527365081068822e-01 7.946397663302927350e-02
9.817500000001732019e+01 9.954265062374036965e-01 7.914231927041474879e-02
9.832499999998263718e+01 9.940984283234655106e-01 7.856802527622837318e-02
9.847499999998402131e+01 9.958209128658584985e-01 7.985892382220566299e-02
9.862500000000000000e+01 9.961819611584700196e-01 7.807801979783139668e-02
9.877500000001600711e+01 9.942848053775735773e-01 7.992914602513874478e-02
9.892500000001753335e+01 9.936088806361819126e-01 7.942793457528957157e-02
9.907499999998242401e+01 9.946821838004056282e-01 8.013139062874485852e-02
9.922499999998395026e+01 9.950224997012906414e-01 7.904549790999898518e-02
9.937500000000000000e+01 9.949475003314754984e-01 7.853205692255790793e-02
9.952500000001606395e+01 9.933923800811296223e-01 7.903601290344650088e-02
9.967500000001776073e+01 9.930571006775522624e-01 7.986825771075377334e-02
9.982499999998221085e+01 9.947339289672437745e-01 7.870589296820905412e-02
9.997499999998389342e+01 9.925542807607994344e-01 7.927459186141891379e-02
1.001250000000000000e+02 9.938432750747193678e-01 7.918765019959270179e-02
1.002750000000161208e+02 9.941135854086943224e-01 7.814358619935825312e-02
1.004250000000179597e+02 9.948994454005917198e-01 7.831741281353593598e-02
1.005749999999819835e+02 9.937737268231439103e-01 7.859104354984029761e-02
1.007249999999838508e+02 9.933671158364738574e-01 7.897171505063042829e-02
1.008750000000000000e+02 9.936602040453273998e-01 7.898120058475548155e-02
1.010250000000161776e+02 9.936581353871016820e-01 7.781796206589521037e-02
1.011750000000181871e+02 9.925260230730025279e-01 7.855850988063851903e-02
1.013249999999817845e+02 9.729400192936534797e-01 7.644743216732645397e-02
1.014749999999837939e+02 9.534305017779238778e-01 7.646520401814997647e-02
1.016250000000000000e+02 9.389079973068936713e-01 7.676599166606050406e-02
1.017750000000162345e+02 9.290052255045994078e-01 7.545515973289464162e-02
1.019250000000184002e+02 9.201016330096725149e-01 7.499832904725378668e-02
1.020749999999815714e+02 9.138966512046020618e-01 7.494455408607350599e-02
1.022249999999837513e+02 9.070704178086219649e-01 7.536785578550286857e-02
1.023750000000000000e+02 8.998516030112874153e-01 7.343506128643470521e-02
1.025250000000162771e+02 8.941418261950223600e-01 7.311081559337130609e-02
1.026750000000185992e+02 8.890798816527648585e-01 7.355881267021946446e-02
1.028249999999813582e+02 8.814463848861237016e-01 7.347154050299291306e-02
1.029749999999836945e+02 8.773808733874666199e-01 7.297764120737623705e-02
1.031250000000000000e+02 8.734295849306842330e-01 7.282999710985911535e-02
1.032750000000163340e+02 8.688172544934703589e-01 7.162981843363364076e-02
1.034250000000187981e+02 8.641453749076266622e-01 7.210139421111617930e-02
1.035749999999811592e+02 8.597916671549361567e-01 7.216353996328106479e-02
1.037249999999836376e+02 8.551148413657593261e-01 7.134605249740234856e-02
1.038750000000000000e+02 8.518275197478530902e-01 7.065538593136828915e-02
1.040250000000163766e+02 8.471798951419106105e-01 7.133542654736547972e-02
1.041750000000189971e+02 8.424038656546538606e-01 7.054652734617804233e-02
1.043249999999809603e+02 8.398936771324445605e-01 7.132499786562883359e-02
1.044749999999835950e+02 8.358872363019813623e-01 7.060846814732711640e-02
1.046250000000000000e+02 8.321776455339331413e-01 7.027435695092591750e-02
1.047750000000164334e+02 8.288740118785670186e-01 6.948016324840593227e-02
1.049250000000191818e+02 8.246776628444018042e-01 6.945038302357964266e-02
1.050749999999807613e+02 8.217764110284880852e-01 6.930044636002360980e-02
1.052249999999839503e+02 8.188858201252691149e-01 6.902570810866752449e-02
1.053750000000000000e+02 8.161967202377591324e-01 6.966096981753781836e-02
1.055250000000157229e+02 8.133252565994728567e-01 6.919499460789693690e-02
1.056750000000193808e+02 8.112000828306985545e-01 6.897341085439274988e-02
1.058249999999805766e+02 8.060036792035419895e-01 6.870292764789376339e-02
1.059749999999847319e+02 8.043681858124935857e-01 6.848248054109169758e-02
1.061250000000000000e+02 8.015184222272151437e-01 6.846840836257209184e-02
1.062750000000149555e+02 7.989824750055615210e-01 6.780533983534885178e-02
1.064250000000195797e+02 7.961554226505287435e-01 6.728120457667474685e-02
1.065749999999803919e+02 7.920423726181088364e-01 6.808512498406714408e-02
1.067249999999854850e+02 7.898843901425475211e-01 6.769334592602498091e-02
1.068750000000000000e+02 7.870514284482718059e-01 6.803902487118204667e-02
1.070250000000141881e+02 7.857668703399084409e-01 6.772102737469562483e-02
1.071750000000197645e+02 7.819764097232180244e-01 6.734678105381303181e-02
1.073249999999802071e+02 7.796149855753111702e-01 6.628711695518894886e-02
1.074749999999862524e+02 7.777315270428638572e-01 6.768091364122792719e-02
1.076250000000000000e+02 7.747612081888823887e-01 6.745525835676964566e-02
1.077750000000134492e+02 7.720120266937935405e-01 6.646557656711896134e-02
1.079250000000199492e+02 7.694789837616266004e-01 6.629960046533750484e-02
1.080749999999800224e+02 7.671553635946953831e-01 6.689620858301344175e-02
1.082249999999869914e+02 7.662994231065518580e-01 6.662564327413292298e-02
1.083750000000000000e+02 7.643554997348601665e-01 6.639937476843671416e-02
1.085250000000127244e+02 7.596815160077065032e-01 6.649584941758762691e-02
1.086750000000201481e+02 7.573576425519015221e-01 6.617331824787232863e-02
1.088249999999798376e+02 7.561086916482276932e-01 6.568405255944849419e-02
1.089749999999877161e+02 7.539322539009188917e-01 6.579181364700124879e-02
1.091250000000000000e+02 7.519075245860649126e-01 6.566905299837404175e-02
1.092750000000119854e+02 7.502702852898570640e-01 6.627794870011230466e-02
1.094250000000203045e+02 7.473904918500013927e-01 6.469287267532196350e-02
1.095749999999796529e+02 7.461057979044271038e-01 6.503932571622453307e-02
1.097249999999884409e+02 7.435265634997075823e-01 6.431520969162682344e-02
1.098750000000000000e+02 7.413181995419132475e-01 6.436924183975500924e-02
1.100250000000112749e+02 7.392701018079561592e-01 6.443731662312253416e-02
1.101750000000204892e+02 7.375407849792749992e-01 6.460281562539189892e-02
1.103249999999794682e+02 7.363927307883864071e-01 6.405107045023351875e-02
1.104749999999891372e+02 7.329810974917917443e-01 6.482782774222103916e-02
1.106250000000000000e+02 7.312355246387549634e-01 6.449413274545201524e-02
1.107750000000105643e+02 7.294714153575319049e-01 6.373266362846581601e-02
1.109250000000206740e+02 7.277619416467397961e-01 6.356343362296684729e-02
1.110749999999792976e+02 7.254187761585079164e-01 6.353926686470955099e-02
1.112249999999898620e+02 7.245907837707721288e-01 6.413646957121994785e-02
1.113750000000000000e+02 7.226650988391268848e-01 6.388318798971469314e-02
1.115250000000098822e+02 7.199735982567446735e-01 6.347673660637863369e-02
1.116750000000208445e+02 7.177407227781057442e-01 6.361308462593776025e-02
1.118249999999791129e+02 7.170387643151362456e-01 6.320238395941342457e-02
1.119749999999905299e+02 7.146732251313789863e-01 6.330044847873655955e-02
1.121250000000000000e+02 7.132412102798021403e-01 6.288597995322435519e-02
1.122750000000091859e+02 7.128503840579222262e-01 6.226323683116233298e-02
1.124250000000210008e+02 7.111646495938915846e-01 6.286620803004169811e-02
1.125749999999789566e+02 7.103253790965825543e-01 6.326354899946072530e-02
1.127249999999912120e+02 7.071347392296005729e-01 6.194043300012951753e-02
1.128750000000000000e+02 7.069144789784777005e-01 6.151439190721171707e-02
1.130250000000085180e+02 7.045754541319561026e-01 6.234306364027383807e-02
1.131750000000211855e+02 7.018949637224132232e-01 6.207550462345939185e-02
1.133249999999787860e+02 7.001444927136903917e-01 6.244137517539001536e-02
1.134749999999919083e+02 6.999246669869720883e-01 6.116694492927732263e-02
1.136250000000000000e+02 6.974351828218863236e-01 6.122050200664855973e-02
1.137750000000078359e+02 6.954339973685509380e-01 6.186450044814639782e-02
1.139250000000213561e+02 6.948653823779014083e-01 6.133255651412758414e-02
1.140749999999786297e+02 6.920187966664219648e-01 6.157885972439348238e-02
1.142249999999925620e+02 6.914391015041843058e-01 6.178128070688107543e-02
1.143750000000000000e+02 6.889792686347444572e-01 6.160747068594701198e-02
1.145250000000071680e+02 6.886240561827756679e-01 6.206888367869362738e-02
1.146750000000215124e+02 6.868819533064423055e-01 6.010125988487453885e-02
1.148249999999784308e+02 6.855582333668294170e-01 6.117306261107675197e-02
1.149749999999932157e+02 6.842199268586778294e-01 6.109832584779606446e-02
1.151250000000000000e+02 6.825242218984740594e-01 6.094971268921879626e-02
1.152750000000065285e+02 6.804005394577956611e-01 6.057885595528219452e-02
1.154250000000216829e+02 6.798392467129950045e-01 6.107241265828907556e-02
1.155749999999783029e+02 6.768750774358794908e-01 6.013000246385803715e-02
1.157249999999938694e+02 6.769178053020800112e-01 6.056027270837868043e-02
1.158750000000000000e+02 6.749761923845599698e-01 5.986641019377376277e-02
1.160250000000058748e+02 6.735656240234029202e-01 6.050716656964773982e-02
1.161750000000218392e+02 6.721873730470625530e-01 5.945225062358181628e-02
1.163249999999781323e+02 6.697109285880001872e-01 5.954607455907622721e-02
1.164749999999945089e+02 6.696449656730757427e-01 5.981868816824852803e-02
1.166250000000000000e+02 6.680491005752453582e-01 6.014235706790291985e-02
1.167750000000052495e+02 6.663437634808352383e-01 5.943000133278186076e-02
1.169250000000220098e+02 6.653749649244899977e-01 5.999156131947596532e-02
1.170749999999779760e+02 6.660101497488256639e-01 6.004461371288274951e-02
1.172249999999951484e+02 6.625268503394083908e-01 5.880557133262084152e-02
1.173750000000000000e+02 6.623088520192083051e-01 5.877603997549748355e-02
1.175250000000046242e+02 6.600013326815535875e-01 5.877001165136109401e-02
1.176750000000221377e+02 6.591440066364516737e-01 5.819991957363428864e-02
1.178249999999778055e+02 6.561256892289553111e-01 5.808129610839918994e-02
1.179749999999957453e+02 6.562019758300534633e-01 5.835643806525395855e-02
1.181250000000000000e+02 6.542757624987260989e-01 5.845813647169157551e-02
1.182750000000039989e+02 6.533625554821401726e-01 5.868182620407141198e-02
1.184250000000223082e+02 6.519899043525988480e-01 5.848759072291041111e-02
1.185749999999776634e+02 6.511842057255131655e-01 5.890169354915569117e-02
1.187249999999963705e+02 6.498844814951951765e-01 5.825559160081121568e-02
1.188750000000000000e+02 6.486832117086199778e-01 5.931164671314823056e-02
1.190250000000033879e+02 6.470070570957984213e-01 5.844748482871865713e-02
1.191750000000224645e+02 6.458588455215998891e-01 5.713678945844553880e-02
1.193249999999775071e+02 6.449684689504643353e-01 5.854955932854070955e-02
1.194749999999969816e+02 6.440792759195790307e-01 5.816057519043844881e-02
1.196250000000000000e+02 6.421157036056618361e-01 5.745497129083840943e-02
1.197750000000027910e+02 6.404152380164243041e-01 5.795003990417550710e-02
1.199250000000226066e+02 6.396168389173197966e-01 5.678047223914792913e-02
1.200749999999773650e+02 6.388162468699917218e-01 5.660310883913067387e-02
1.202249999999975927e+02 6.365391478474179410e-01 5.807078749371247239e-02
1.203750000000000000e+02 6.370899868955678391e-01 5.713579950720822087e-02
1.205250000000021799e+02 6.348947583810964357e-01 5.743843520962963606e-02
1.206750000000227772e+02 6.332784538080719061e-01 5.749124730134728967e-02
1.208249999999772086e+02 6.332392868372477279e-01 5.694622814855428844e-02
1.209749999999981753e+02 6.308741107003277282e-01 5.612237435434024729e-02
1.211250000000000000e+02 6.298567317350880490e-01 5.743248615194609247e-02
1.212750000000015973e+02 6.288999171526213905e-01 5.748214770763356712e-02
1.214250000000229193e+02 6.277730915602810491e-01 5.676672502258948289e-02
1.215749999999770665e+02 6.259123159871944342e-01 5.613442435725157775e-02
1.217249999999987580e+02 6.253067668137644031e-01 5.678314454832415065e-02
1.218750000000000000e+02 6.243293187837503089e-01 5.660413716788920135e-02
1.220250000000010147e+02 6.233496379463535630e-01 5.666765382528662215e-02
1.221750000000230472e+02 6.216202150336245236e-01 5.608360587663877711e-02
1.223249999999769244e+02 6.205907647866047983e-01 5.635879358065556261e-02
1.224749999999993406e+02 6.189813487959183735e-01 5.565619328129189219e-02
1.226250000000000000e+02 6.178336014306857749e-01 5.602962084300833895e-02
1.227750000000004320e+02 6.171355915497273026e-01 5.525234440209387393e-02
1.229250000000231893e+02 6.165609807585183955e-01 5.540113664282689948e-02
1.230749999999767681e+02 6.136135132338709219e-01 5.540325361724102865e-02
1.232249999999999233e+02 6.119035372377437110e-01 5.550140790458267526e-02
1.233750000000000000e+02 6.118254470710409176e-01 5.575816300724969338e-02
1.235249999999998494e+02 6.109557878973267409e-01 5.515001889092656373e-02
1.236750000000233314e+02 6.109471388120600865e-01 5.482484339718321498e-02
1.238249999999766402e+02 6.087908148137447517e-01 5.426459007734035778e-02
1.239750000000004775e+02 6.080745056200824727e-01 5.464245144830714995e-02
1.241250000000000000e+02 6.065309792622272100e-01 5.535395429475879064e-02
1.242749999999992951e+02 6.055232505572242241e-01 5.539677893648860263e-02
1.244250000000234735e+02 6.049513803437727155e-01 5.541181499097909413e-02
1.245749999999764839e+02 6.038097327735708619e-01 5.507345983908726317e-02
1.247250000000010317e+02 6.020323307671046065e-01 5.597561734289841634e-02
1.248750000000000000e+02 6.002355417530631509e-01 5.422654878186567579e-02
1.250249999999987551e+02 6.000593650411756297e-01 5.421129419863690568e-02
1.251750000000236156e+02 5.986965634250113188e-01 5.473481795306179426e-02
1.253249999999763702e+02 5.975160716885600243e-01 5.513390868551108770e-02
1.254750000000015859e+02 5.975196058094897067e-01 5.426857164611328943e-02
1.256250000000000000e+02 5.950919973782363703e-01 5.351726288066727122e-02
1.257749999999982009e+02 5.948405483999212873e-01 5.441448885789534201e-02
1.259250000000237577e+02 5.934007366962197327e-01 5.413265626290530985e-02
1.260749999999762281e+02 5.934350749154897464e-01 5.389394437290963291e-02
1.262250000000021259e+02 5.911578104892608598e-01 5.413465507377818869e-02
1.263750000000000000e+02 5.900870932196384810e-01 5.363494683483913811e-02
1.265249999999976609e+02 5.886602414847145193e-01 5.415147174085431503e-02
1.266750000000238856e+02 5.631606836087788004e-01 5.205981693276069688e-02
1.268249999999760860e+02 5.476478604045916798e-01 5.182375143341474283e-02
1.269750000000026660e+02 5.364619988233395587e-01 5.129233770301227374e-02
1.271250000000000000e+02 5.272441715057458733e-01 5.086254356494059742e-02
1.272749999999971209e+02 5.188634177528284042e-01 5.021457329680166504e-02
1.274250000000240277e+02 5.103465221565076648e-01 5.009370553796919229e-02
1.275749999999759439e+02 5.034006382545314073e-01 4.921776289000084209e-02
1.277250000000031918e+02 4.971654360145716378e-01 4.890904423296980191e-02
1.278750000000000000e+02 4.901033577727985646e-01 4.924308393273019169e-02
1.280249999999965951e+02 4.839621705302828980e-01 4.834293064543960378e-02
1.281750000000241414e+02 4.789352844933174591e-01 4.798647594865961680e-02
1.283249999999758018e+02 4.743335492339083581e-01 4.782350504454047774e-02
1.284750000000037176e+02 4.666990148327390675e-01 4.749798136524454456e-02
1.286250000000000000e+02 4.624379608448455636e-01 4.805298758500589629e-02
1.287749999999960835e+02 4.587945149179805115e-01 4.729533823326734221e-02
1.289250000000242835e+02 4.539977641095244709e-01 4.678640256991661861e-02
1.290749999999756881e+02 4.481885658397558592e-01 4.673878593136321369e-02
1.292250000000042292e+02 4.436925085831633364e-01 4.667271874997999670e-02
1.293750000000000000e+02 4.397170024615332240e-01 4.639851284315220370e-02
1.295249999999955719e+02 4.355764918784525430e-01 4.551478901743829381e-02
1.296750000000243972e+02 4.322555104096337808e-01 4.563617251056067275e-02
1.298249999999755460e+02 4.271276096041998205e-01 4.500356813687977908e-02
1.299750000000047692e+02 4.229574488124106524e-01 4.472895152037376781e-02
1.301250000000000000e+02 4.189785228614916757e-01 4.460367378792593623e-02
1.302749999999950319e+02 4.150126194841607385e-01 4.423834979798493133e-02
1.304250000000245393e+02 4.106972879921335640e-01 4.432670515364666580e-02
1.305749999999754323e+02 4.082961666050299865e-01 4.398838909212367254e-02
1.307250000000052523e+02 4.034445444044670870e-01 4.358542761967536955e-02
1.308750000000000000e+02 3.999271748780680591e-01 4.395680876713105312e-02
1.310249999999945487e+02 3.962494786517483103e-01 4.309660469519607101e-02
1.311750000000246530e+02 3.930909855567384370e-01 4.307437759539063660e-02
1.313249999999753186e+02 3.886421694066310994e-01 4.345533014548844802e-02
1.314750000000057639e+02 3.857821041547125351e-01 4.267702390392566492e-02
1.316250000000000000e+02 3.827480516256632215e-01 4.195364080732305601e-02
1.317749999999940655e+02 3.791528168565487800e-01 4.242639277304334489e-02
1.319250000000247951e+02 3.757024968742116444e-01 4.221836213381902070e-02
1.320749999999751765e+02 3.720192076945333381e-01 4.167181302437793916e-02
1.322250000000062471e+02 3.697118920307592704e-01 4.189773465232182054e-02
1.323750000000000000e+02 3.663357548646734574e-01 4.129944119913150219e-02
1.325249999999935540e+02 3.621567056140072571e-01 4.144878389061388418e-02
1.326750000000249088e+02 3.599465348596790903e-01 4.090570298701155100e-02
1.328249999999750628e+02 3.561683902093714660e-01 4.090853529651930498e-02
1.329750000000067303e+02 3.529678771482548383e-01 4.044650575601217712e-02
1.331250000000000000e+02 3.506896000043410733e-01 4.059842430823052545e-02
1.332749999999930424e+02 3.474798199728314496e-01 4.086725557172770501e-02
1.334250000000250225e+02 3.438773043411454955e-01 3.960134913879746754e-02
1.335749999999749491e+02 3.420945269565290325e-01 4.002501836347545361e-02
1.337250000000072134e+02 3.379402179538543716e-01 3.942131068000608030e-02
1.338750000000000000e+02 3.350647551330967477e-01 3.944154419491784080e-02
1.340249999999925876e+02 3.326647065061699160e-01 3.940658740398031434e-02
1.341750000000251362e+02 3.294769323372763181e-01 3.915539533665254174e-02
1.343249999999748354e+02 3.277866359734861179e-01 3.874403660317261855e-02
1.344750000000077250e+02 3.244436150161559840e-01 3.874760256857813501e-02
1.346250000000000000e+02 3.214362656983416611e-01 3.885720797339829724e-02
1.347749999999921044e+02 3.187522744143790332e-01 3.795684223422303438e-02
1.349250000000252783e+02 3.154141420801421791e-01 3.835070336296434595e-02
1.350749999999746933e+02 3.132695555062728898e-01 3.768494081889071229e-02
1.352250000000081798e+02 3.108647816100868488e-01 3.821575966886038567e-02
1.353750000000000000e+02 3.083455471935188652e-01 3.774576640718496634e-02
1.355249999999916213e+02 3.051927907472049561e-01 3.768670897371526746e-02
1.356750000000253920e+02 3.024954551482393894e-01 3.779176644704958926e-02
1.358249999999746080e+02 3.002663771926852854e-01 3.669990730426089115e-02
1.359750000000086345e+02 2.979409839840886365e-01 3.675379645907303483e-02
1.361250000000000000e+02 2.949253308434238163e-01 3.705532773789931011e-02
1.362749999999911665e+02 2.921464725325947365e-01 3.660909840305030805e-02
1.364250000000255056e+02 2.900463871026811025e-01 3.663976897515597991e-02
1.365749999999744659e+02 2.876835260312555209e-01 3.612430012873634605e-02
1.367250000000091177e+02 2.849107254494263053e-01 3.576317107593385974e-02
1.368750000000000000e+02 2.827340906537267329e-01 3.611731759235995570e-02
1.370249999999907118e+02 2.801177312760712024e-01 3.572598578726943197e-02
1.371750000000256193e+02 2.776940429040298253e-01 3.522251946793982652e-02
1.373249999999743522e+02 2.748765279587671029e-01 3.494414659514648303e-02
1.374750000000095724e+02 2.722228983942110436e-01 3.490459714467266522e-02
1.376250000000000000e+02 2.700824583986514704e-01 3.490706298518632400e-02
1.377749999999902286e+02 2.680338158188795838e-01 3.438889177856239293e-02
1.379250000000257330e+02 2.657098190770953994e-01 3.437166832897218388e-02
1.380749999999742386e+02 2.626543229036681915e-01 3.401314497734717057e-02
1.382250000000100272e+02 2.607245433869281870e-01 3.442126496202345398e-02
1.383750000000000000e+02 2.579785995203659477e-01 3.400506442661257317e-02
1.385249999999898023e+02 2.561029828800669428e-01 3.399780505177548567e-02
1.386750000000258467e+02 2.543560681747404906e-01 3.397311476468386354e-02
1.388249999999741249e+02 2.510635754041913859e-01 3.343636423216739956e-02
1.389750000000104535e+02 2.497763355685946873e-01 3.366511390993021102e-02
1.391250000000000000e+02 2.470231146701209746e-01 3.295485605089810976e-02
1.392749999999893475e+02 2.451716539009640150e-01 3.386946942102424946e-02
1.394250000000259604e+02 2.428666006521192355e-01 3.267503145556006211e-02
1.395749999999740112e+02 2.405052570230613584e-01 3.289027457484654943e-02
1.397250000000109367e+02 2.381039987634073207e-01 3.272828762588710777e-02
1.398750000000000000e+02 2.364201321307366488e-01 3.211881788384791936e-02
1.400249999999889212e+02 2.343219636887613477e-01 3.256270823603505532e-02
1.401750000000260741e+02 2.319009522586575611e-01 3.198189281814213525e-02
1.403249999999738975e+02 2.295693261564962784e-01 3.190662932448009442e-02
1.404750000000113346e+02 2.279192153954212319e-01 3.191363388226148290e-02
1.406250000000000000e+02 2.249420038129530952e-01 3.155963186208085580e-02
1.407749999999884665e+02 2.234146417444103638e-01 3.130666110552174364e-02
1.409250000000261593e+02 2.206300910252017855e-01 3.127370728194900362e-02
1.410749999999738122e+02 2.193270947429589723e-01 3.098043209080836996e-02
1.412250000000117893e+02 2.173784020920992988e-01 3.104461185444385915e-02
1.413750000000000000e+02 2.147211573349614988e-01 3.056934178967489479e-02
1.415249999999880401e+02 2.131256738590569799e-01 3.085069840471208261e-02
1.416750000000263014e+02 2.108991429485874425e-01 3.061587518392740875e-02
1.418249999999736986e+02 2.087854589826160512e-01 3.035558942047859518e-02
1.419750000000122441e+02 2.072446899822521782e-01 3.002260202556719659e-02
1.421250000000000000e+02 2.052640389957522404e-01 2.997779225040092532e-02
1.422749999999876138e+02 2.034333529524433026e-01 2.962111283115735974e-02
1.424250000000264151e+02 2.011991862910356144e-01 2.957824258637983122e-02
1.425749999999735849e+02 1.992792001201240393e-01 2.959663837399355291e-02
1.427250000000126420e+02 1.971501006024567737e-01 2.918219576809498450e-02
1.428750000000000000e+02 1.952960275076962293e-01 2.935511363863542791e-02
1.430249999999871875e+02 1.933759681652094109e-01 2.885464162378108960e-02
1.431750000000265004e+02 1.914533468990460285e-01 2.875496500392865640e-02
1.433249999999734712e+02 1.895386968808477346e-01 2.849544256214306404e-02
1.434750000000130683e+02 1.883649151808488575e-01 2.873504920838194920e-02
1.436250000000000000e+02 1.854211798039425430e-01 2.838637305109735845e-02
1.437749999999867612e+02 1.843192820865381110e-01 2.806056169797036329e-02
1.439250000000266141e+02 1.817689014429666183e-01 2.819229271216876914e-02
1.440749999999733575e+02 1.801617991157912491e-01 2.776146899290904760e-02
1.442250000000134946e+02 1.783950466222981313e-01 2.790016862933723113e-02
1.443750000000000000e+02 1.771378507936718361e-01 2.724494757426702829e-02
1.445249999999863348e+02 1.746516116233292892e-01 2.729967020006306491e-02
1.446750000000266994e+02 1.729438574991498112e-01 2.720833888554975016e-02
1.448249999999732722e+02 1.703377789067392623e-01 2.675542758932991649e-02
1.449750000000139210e+02 1.690698435832997948e-01 2.704576046352922744e-02
1.451250000000000000e+02 1.673688230134642296e-01 2.649621212575187582e-02
1.452749999999859369e+02 1.657158791620474136e-01 2.690215453482912994e-02
1.454250000000268130e+02 1.634007353483824532e-01 2.627175308413555802e-02
1.455749999999731870e+02 1.617159956130029275e-01 2.652584558745144094e-02
1.457250000000142904e+02 1.601416926561148590e-01 2.625957443370553757e-02
1.458750000000000000e+02 1.583142532162007676e-01 2.621389504612610388e-02
1.460249999999855390e+02 1.560790691591548707e-01 2.589218654845252751e-02
1.461750000000269267e+02 1.549836633898480087e-01 2.586209166743801482e-02
1.463249999999730733e+02 1.534214285509325482e-01 2.549842859376811460e-02
1.464750000000146883e+02 1.517632676055196972e-01 2.530886110364272829e-02
1.466250000000000000e+02 1.498371468476195068e-01 2.533559566141746142e-02
1.467749999999851411e+02 1.482742553195316726e-01 2.486700372633190992e-02
1.469250000000270120e+02 1.458529625936260399e-01 2.475408479434352063e-02
1.470749999999729596e+02 1.446152822024931450e-01 2.473062763480562629e-02
1.472250000000150862e+02 1.423751309415275668e-01 2.454055204919646654e-02
1.473750000000000000e+02 1.415866384217311369e-01 2.446771499996328383e-02
1.475249999999847432e+02 1.397635673521659405e-01 2.418193531028828280e-02
1.476750000000270973e+02 1.376479621121255992e-01 2.393219613725953987e-02
1.478249999999728743e+02 1.357598787697836540e-01 2.389361608203730697e-02
1.479750000000154841e+02 1.344460840046812766e-01 2.378578301673096168e-02
1.481250000000000000e+02 1.327462584467767048e-01 2.353353462749286154e-02
1.482749999999843453e+02 1.308620814748758798e-01 2.329536906311257052e-02
1.484250000000272109e+02 1.298587361499498050e-01 2.332995791312170858e-02
1.485749999999727606e+02 1.278404030292527305e-01 2.319968393338200929e-02
1.487250000000158821e+02 1.257982479992241220e-01 2.270907770037961654e-02
1.488750000000000000e+02 1.242660015179260918e-01 2.295985684422566231e-02
1.490249999999839474e+02 1.231746401422894599e-01 2.264868818681725626e-02
1.491750000000273246e+02 1.211808370935737039e-01 2.232092851620637655e-02
1.493249999999726754e+02 1.197538175013302397e-01 2.228882573244555729e-02
1.494750000000162800e+02 1.182089774913746560e-01 2.201546027180528373e-02
1.496250000000000000e+02 1.162946222941010771e-01 2.148383590186061717e-02
1.497749999999835779e+02 1.150081376864080657e-01 2.189802705041300063e-02
1.499250000000274099e+02 1.131314201691120125e-01 2.161913024507522776e-02
1.500749999999725617e+02 1.113196022588851947e-01 2.138192031320381575e-02
1.502250000000166494e+02 1.101105571574725189e-01 2.129034414586541968e-02
1.503750000000000000e+02 1.085197943481517185e-01 2.115262637260052758e-02
1.505249999999831800e+02 1.066603637931370363e-01 2.121123289351106722e-02
1.506750000000274952e+02 1.051667255119010658e-01 2.093594256843483645e-02
1.508249999999724764e+02 1.036602220626945403e-01 2.077596286790371616e-02
1.509750000000170473e+02 1.015963379847458908e-01 2.044805584397706502e-02
1.511250000000000000e+02 1.007214851303129682e-01 2.063420279172441599e-02
1.512749999999828106e+02 9.911334789834994052e-02 2.005608600480470599e-02
1.514250000000275804e+02 9.769103553349273161e-02 2.002597295767262128e-02
1.515749999999723912e+02 9.607249301483504478e-02 1.988997996680537048e-02
1.517250000000174168e+02 9.456278901072157073e-02 1.974173804133679336e-02
1.518750000000000000e+02 9.282637571141619248e-02 1.942594142099832166e-02
1.520249999999824411e+02 9.160027877869740542e-02 1.933369251366220606e-02
1.521750000000276941e+02 8.984212194482509017e-02 1.926609064494036114e-02
1.523249999999722775e+02 8.833624714204775519e-02 1.902195049758403922e-02
1.524750000000177863e+02 8.637493559308984103e-02 1.884367980413080915e-02
1.526250000000000000e+02 8.513528969570983984e-02 1.870181660027413553e-02
1.527749999999820716e+02 8.399764178819713045e-02 1.867321337636386469e-02
1.529250000000277794e+02 8.241503934757041239e-02 1.858864000182670895e-02
1.530749999999721922e+02 8.069141299064519490e-02 1.826843684568894496e-02
1.532250000000181558e+02 7.929522888668043279e-02 1.803090808527833475e-02
1.533750000000000000e+02 7.753868323796742068e-02 1.778143683916695583e-02
1.535249999999817021e+02 7.644021742329240587e-02 1.785385920822590150e-02
1.536750000000278646e+02 7.500891608388704501e-02 1.732668539885227205e-02
1.538249999999721069e+02 7.326659211203578881e-02 1.742400989086204804e-02
1.539750000000185253e+02 7.179055263582406754e-02 1.708110627991275138e-02
1.541250000000000000e+02 7.038916196789410384e-02 1.686266433715259347e-02
1.542749999999813326e+02 6.896075474226893987e-02 1.656865925039176235e-02
1.544250000000279783e+02 6.764461204316685183e-02 1.645386847507033720e-02
1.545749999999720217e+02 6.614560068808301996e-02 1.647783682509528988e-02
1.547250000000188948e+02 6.484611366115214381e-02 1.617478171471017911e-02
1.548750000000000000e+02 6.335839815525384777e-02 1.599771994101006553e-02
1.550249999999809631e+02 6.209777499293540892e-02 1.579599925083233561e-02
1.551750000000280636e+02 6.052283427710959673e-02 1.550686808693633144e-02
1.553249999999719080e+02 5.926333761757853619e-02 1.547268549080538583e-02
1.554750000000192358e+02 5.757288780560376046e-02 1.521871552941754177e-02
1.556250000000000000e+02 5.644184762322115162e-02 1.503951785261459576e-02
1.557749999999806221e+02 5.466698692876351129e-02 1.485097930524629378e-02
1.559250000000281489e+02 5.368764997315796095e-02 1.482855020686390732e-02
1.560749999999718511e+02 5.196395262764622047e-02 1.430423170620573857e-02
1.562250000000196053e+02 5.094000678688336697e-02 1.418064115744941019e-02
1.563750000000000000e+02 4.943568675313139010e-02 1.388866578055600320e-02
1.565249999999802810e+02 4.784189030257039038e-02 1.370341071565267174e-02
1.566750000000282341e+02 4.646417178646072843e-02 1.359213357940080615e-02
1.568249999999717659e+02 4.540772118426369963e-02 1.357843777173479115e-02
1.569750000000199748e+02 4.373905686018042527e-02 1.317111223511955968e-02
1.571250000000000000e+02 4.239160255576979869e-02 1.281147973918155339e-02
1.572749999999799115e+02 4.105950726101192244e-02 1.275527603663991795e-02
1.574250000000283194e+02 3.981739016861599034e-02 1.255440877482510292e-02
1.575749999999716522e+02 3.840890833891109218e-02 1.237027699226618364e-02
1.577250000000202874e+02 3.708719079184427669e-02 1.209677651954016442e-02
1.578750000000000000e+02 3.572339427998950240e-02 1.181767903290545027e-02
1.580249999999795705e+02 3.435741382237418595e-02 1.165725543131413203e-02
1.581750000000284047e+02 3.296024727667239834e-02 1.141266440341886200e-02
1.583249999999715669e+02 3.176065427569847721e-02 1.115302901367474717e-02
1.584750000000206569e+02 3.043403322547306653e-02 1.083077183422052892e-02
1.586250000000000000e+02 2.878420576428225228e-02 1.075256003638174612e-02
1.587749999999792294e+02 2.769765600640581096e-02 1.029693179714528430e-02
1.589250000000284899e+02 2.636438816220361067e-02 9.961160667321160289e-03
1.590749999999715101e+02 2.514031888750262178e-02 9.905465623840181352e-03
1.592250000000209980e+02 2.400461234448549377e-02 9.610499377689945069e-03
1.593750000000000000e+02 2.270934668042924945e-02 9.262706102159184648e-03
1.595249999999788884e+02 2.117656362331750072e-02 9.068175826178926854e-03
1.596750000000285752e+02 1.988166451648965688e-02 8.729951978512702840e-03
1.598249999999713964e+02 1.880549577974688705e-02 8.597433891797852390e-03
1.599750000000213390e+02 1.747752946900532275e-02 8.165721164741204102e-03
1.601250000000000000e+02 1.613163930485410347e-02 7.964591147965868756e-03
1.602749999999785473e+02 1.481258277947928095e-02 7.513484191525966055e-03
1.604250000000286605e+02 1.376594413575036972e-02 7.300134066351960174e-03
1.605749999999713395e+02 1.234039421267224372e-02 6.926328575135037510e-03
1.607250000000216517e+02 1.116779002925201436e-02 6.478755723604425615e-03
1.608750000000000000e+02 9.979790772471758969e-03 6.168883836089293290e-03
1.610249999999782062e+02 8.637087531133567572e-03 5.700806463068317301e-03
1.611750000000287457e+02 7.416606835207234169e-03 5.421275441072970387e-03
1.613249999999712543e+02 6.215538835034738890e-03 4.901623213135752888e-03
1.614750000000219927e+02 4.986729727981723155e-03 4.444959537160862728e-03
1.616250000000000000e+02 3.758257010656307091e-03 3.810075593858998442e-03
1.617749999999778652e+02 2.549546342454752246e-03 3.124505049394170689e-03
1.619250000000288310e+02 1.345792267983858146e-03 2.279153381539401977e-03
1.620749999999711406e+02 2.074798114380769923e-04 9.065490706092399010e-04
