# Radius RDF_mean RDF_std
7.500000000000896228e-02 1.743871474150470249e+03 2.072834361733278286e+00
2.249999999999577616e-01 5.184818363818045617e-01 1.213745878599526984e+00
3.750000000000000000e-01 5.308293025283865596e-01 9.326889408565357531e-01
5.249999999999700462e-01 5.224726140633583205e-01 7.896455522599638011e-01
6.750000000001169509e-01 5.289110687228120167e-01 7.039297019064102434e-01
8.249999999998777200e-01 5.247800091591788840e-01 6.279214745649500662e-01
9.750000000001839418e-01 5.396483072387642244e-01 5.896887692927775815e-01
1.125000000000000000e+00 5.335669760179005960e-01 5.468392851596287629e-01
1.274999999999773648e+00 5.507061924018312737e-01 5.227023889195248074e-01
1.424999999999764455e+00 5.506958139088793391e-01 4.934702728482275869e-01
1.575000000000282396e+00 5.514057522542812340e-01 4.720156946888690586e-01
1.725000000000170397e+00 5.599720433036416978e-01 4.482014139990032064e-01
1.875000000000000000e+00 5.599268607597878145e-01 4.338344601912613174e-01
2.025000000000070521e+00 5.754391022918217136e-01 4.186843750998224256e-01
2.174999999999594813e+00 5.894185977357808692e-01 4.094909502800716528e-01
2.325000000000426059e+00 5.927000024768677156e-01 3.990358625152867211e-01
2.474999999999678124e+00 6.124719067407815576e-01 3.943336283909390505e-01
2.625000000000000000e+00 6.195682350544372552e-01 3.849265458775165127e-01
2.775000000000444444e+00 6.451954993011834727e-01 3.838849295950076401e-01
2.924999999999512212e+00 6.537108730343016427e-01 3.739888809791201973e-01
3.075000000000499334e+00 6.841662720327406078e-01 3.699160858961876852e-01
3.224999999999414779e+00 7.028817517269170256e-01 3.711749767571771996e-01
3.375000000000000000e+00 7.253531093174556688e-01 3.659643055696608638e-01
3.525000000000659384e+00 7.592318682811929342e-01 3.665338269827944084e-01
3.674999999999857714e+00 7.962798707917548846e-01 3.683133762646816911e-01
3.825000000000022382e+00 8.376524977675803285e-01 3.656427210936085137e-01
3.974999999999250466e+00 8.801246039264385423e-01 3.668121789878277528e-01
4.125000000000000000e+00 9.395603990930592175e-01 3.745738411159108550e-01
4.275000000000798828e+00 1.027215673174283195e+00 3.880357383110054070e-01
4.425000000000374634e+00 1.131030361134814033e+00 4.004103763675685990e-01
4.574999999999541878e+00 1.283377184724820985e+00 4.149612460323320873e-01
4.724999999999138112e+00 1.446271134371520661e+00 4.411140427705178557e-01
4.875000000000000000e+00 1.543918915269726355e+00 4.482840588732730502e-01
5.025000000000897415e+00 1.543750147984926713e+00 4.305574172161378832e-01
5.175000000000743228e+00 1.466343589362252953e+00 4.248632844357492222e-01
5.324999999999196376e+00 1.354451958501107667e+00 3.962154831922379827e-01
5.474999999999057287e+00 1.234823150121680646e+00 3.761676120519241717e-01
5.625000000000000000e+00 1.133016902624361721e+00 3.548606403088553352e-01
5.775000000000969358e+00 1.034387807169159679e+00 3.330477040512728193e-01
5.925000000001017675e+00 9.726202126561611649e-01 3.205660022422774369e-01
6.074999999998936140e+00 9.237423538075979490e-01 3.104283197531628735e-01
6.224999999998995115e+00 8.873272999208534628e-01 2.987580679718255805e-01
6.375000000000000000e+00 8.617755750942038828e-01 2.878023145079744438e-01
6.525000000001025313e+00 8.512122375126236484e-01 2.860611007083370128e-01
6.675000000001229949e+00 8.400595987618669769e-01 2.796894130326656458e-01
6.824999999998733635e+00 8.433587681176246686e-01 2.765757927915906689e-01
6.974999999999387690e+00 8.442271336137531224e-01 2.760588425715339578e-01
7.125000000000000000e+00 8.586620271816777228e-01 2.790418843292369888e-01
7.275000000000346745e+00 8.691234946703099151e-01 2.749134401703358099e-01
7.425000000001398703e+00 8.938410825124103454e-01 2.735888643190888536e-01
7.574999999998571099e+00 9.138955964694062128e-01 2.711989029178696886e-01
7.725000000000012079e+00 9.366862783433066442e-01 2.768463470795045622e-01
7.875000000000000000e+00 9.587125039845810770e-01 2.758281187319086558e-01
8.024999999999771205e+00 9.938177714783439365e-01 2.755965860386926924e-01
8.175000000001539036e+00 1.022275780263734779e+00 2.820904845431147501e-01
8.324999999998437872e+00 1.049489321740763037e+00 2.799339140372904544e-01
8.475000000000525446e+00 1.076874274908102391e+00 2.790995276004231140e-01
8.625000000000000000e+00 1.098373065678404759e+00 2.811808730685110280e-01
8.774999999999291589e+00 1.121371690556586920e+00 2.832628783231574965e-01
8.925000000001652722e+00 1.137139235118405534e+00 2.840415852047846190e-01
9.074999999998325961e+00 1.143069876090248682e+00 2.830606374506089429e-01
9.225000000000957101e+00 1.147928706238502627e+00 2.816856227016345526e-01
9.375000000000000000e+00 1.153771819928182341e+00 2.785833290369380544e-01
9.524999999998890132e+00 1.147038119784657750e+00 2.758987999908430466e-01
9.675000000001750422e+00 1.137823618005089799e+00 2.727157457550830610e-01
9.824999999998231814e+00 1.115340718591395941e+00 2.669285215563430014e-01
9.975000000001321254e+00 1.105934813146677742e+00 2.634029119394510898e-01
1.012500000000000000e+01 1.076867902220791651e+00 2.625264326939839021e-01
1.027499999999854730e+01 1.059746352562816796e+00 2.558630725369315795e-01
1.042500000000183391e+01 1.032988398822740628e+00 2.486469111755409689e-01
1.057499999999815010e+01 1.009444288793921451e+00 2.452950928334462766e-01
1.072500000000163745e+01 9.973480878529471516e-01 2.441822374454593603e-01
1.087500000000000000e+01 9.778349345041472684e-01 2.363097928454570007e-01
1.102499999999824887e+01 9.713153799027928192e-01 2.351432448281110810e-01
1.117500000000190674e+01 9.635422020589984315e-01 2.315608908495338236e-01
1.132499999999808082e+01 9.596546446653116957e-01 2.329602234076741663e-01
1.147500000000190923e+01 9.593140941574389569e-01 2.283116538764096981e-01
1.162500000000000000e+01 9.596257483998398286e-01 2.286164167363408384e-01
1.177499999999798952e+01 9.673973004644206286e-01 2.266565552771332981e-01
1.192500000000196891e+01 9.748679250162701759e-01 2.233503728335427263e-01
1.207499999999801865e+01 9.915486227480267978e-01 2.283537493391961104e-01
1.222500000000215081e+01 9.950330858132886425e-01 2.264754953501163515e-01
1.237500000000000000e+01 1.008738716212193465e+00 2.229516226186489813e-01
1.252499999999776215e+01 1.017343623662717356e+00 2.260102949488493884e-01
1.267500000000202398e+01 1.030455871454473593e+00 2.266281903312588886e-01
1.282499999999796536e+01 1.043864217470531930e+00 2.256418008911400264e-01
1.297500000000236220e+01 1.051396447123278177e+00 2.253255694484402882e-01
1.312500000000000000e+01 1.061098299870282258e+00 2.278108623976891067e-01
1.327499999999756142e+01 1.069667081259114916e+00 2.234488747415919463e-01
1.342500000000173088e+01 1.070646951137951053e+00 2.256053293731808684e-01
1.357499999999841833e+01 1.072670108765414687e+00 2.242637437277792134e-01
1.372500000000255049e+01 1.069671039879917407e+00 2.206994034691219519e-01
1.387500000000000000e+01 1.068797998470192079e+00 2.183065030378843474e-01
1.402499999999738023e+01 1.062601538324636774e+00 2.184716205154070001e-01
1.417500000000102034e+01 1.055578433549143380e+00 2.160212833545898659e-01
1.432499999999911111e+01 1.044814848792996465e+00 2.145000212912106796e-01
1.447500000000271925e+01 1.045334173868601946e+00 2.126957614325459545e-01
1.462500000000000000e+01 1.039091064250770469e+00 2.113146440343138810e-01
1.477499999999721680e+01 1.024168672299604843e+00 2.090603921103988128e-01
1.492500000000038618e+01 1.018651217286907329e+00 2.118440103095109162e-01
1.507499999999973639e+01 1.010850287042000639e+00 2.075749436971614792e-01
1.522500000000287201e+01 1.005259008279389077e+00 2.034713898475098703e-01
1.537500000000000000e+01 1.003096375981683996e+00 2.009500407689802925e-01
1.552499999999706937e+01 9.951698197138567625e-01 1.992739517241077785e-01
1.567499999999980886e+01 9.906108854660359286e-01 1.981758570498665939e-01
1.582500000000029772e+01 9.901420154675968366e-01 1.965299506656877915e-01
1.597500000000300879e+01 9.895166986186938463e-01 1.989103233876240440e-01
1.612500000000000000e+01 9.907467548604311780e-01 1.972690693920159666e-01
1.627499999999693969e+01 9.910465571687728792e-01 1.960375192175502768e-01
1.642499999999928662e+01 9.991589811184994341e-01 1.951602941603117203e-01
1.657500000000081286e+01 1.000605882303318817e+00 1.956280226829272550e-01
1.672500000000313847e+01 1.001354124574290738e+00 1.949157447237921392e-01
1.687500000000000000e+01 1.006514039053699960e+00 1.952763897862081488e-01
1.702499999999681535e+01 1.015717967862524107e+00 1.931269803857506018e-01
1.717499999999880700e+01 1.014993483143138864e+00 1.932139014149546474e-01
1.732500000000128182e+01 1.022640408866732020e+00 1.906012657934684773e-01
1.747500000000325215e+01 1.023667360685714289e+00 1.915073719119893825e-01
1.762500000000000000e+01 1.024184693166482418e+00 1.905472205329480639e-01
1.777499999999670521e+01 1.028883610862897813e+00 1.932633344614298199e-01
1.792499999999837357e+01 1.031989059847855383e+00 1.890362852586275622e-01
1.807500000000171170e+01 1.034250109532646400e+00 1.895214960470235632e-01
1.822500000000335874e+01 1.032973387770746543e+00 1.904276520695434571e-01
1.837500000000000000e+01 1.031464381118533558e+00 1.878894287281205056e-01
1.852499999999660218e+01 1.024266052228730128e+00 1.882116021782437310e-01
1.867499999999797211e+01 1.024123465777537323e+00 1.878905533124851646e-01
1.882500000000210960e+01 1.024884653989025285e+00 1.841731559931864826e-01
1.897500000000345466e+01 1.014599859398845005e+00 1.851585190379470558e-01
1.912500000000000000e+01 1.015453381060314797e+00 1.849030985742031452e-01
1.927499999999650626e+01 1.009553241418793101e+00 1.848230815782736236e-01
1.942499999999759908e+01 1.006666120041014079e+00 1.820425491178303545e-01
1.957500000000247198e+01 1.004365899756878955e+00 1.813151356878852372e-01
1.972500000000354348e+01 1.001820247189751045e+00 1.800904167083342555e-01
1.987500000000000000e+01 9.996450823892178983e-01 1.774778784308096713e-01
2.002499999999642100e+01 9.979325218324829327e-01 1.762146951779745840e-01
2.017499999999725446e+01 9.980087868425442377e-01 1.775422977481801168e-01
2.032500000000281304e+01 9.927339278978155601e-01 1.781618885600652069e-01
2.047500000000362874e+01 9.971940382528958757e-01 1.762481265025666877e-01
2.062500000000000000e+01 9.944550698536989142e-01 1.751776311237298600e-01
2.077499999999633928e+01 9.972560111180693854e-01 1.744572125125665174e-01
2.092499999999693472e+01 9.935105405501932774e-01 1.741431385459552839e-01
2.107500000000312212e+01 9.967107859924533297e-01 1.727127504917519984e-01
2.122500000000370690e+01 1.001159910184042490e+00 1.744230133149239359e-01
2.137500000000000000e+01 1.003091212048564884e+00 1.723780902533696702e-01
2.152499999999626468e+01 1.002496007280726076e+00 1.712665930346600474e-01
2.167499999999663984e+01 1.007036016203746387e+00 1.715847824861279070e-01
2.182500000000341700e+01 1.005569417862297588e+00 1.691790378135278883e-01
2.197500000000377796e+01 1.007440771181539629e+00 1.693131230663647568e-01
2.212500000000000000e+01 1.005974269462216020e+00 1.684735152814894610e-01
2.227499999999619718e+01 1.008904071465217323e+00 1.684321723625963885e-01
2.242499999999636273e+01 1.011469543861703180e+00 1.688739614123781763e-01
2.257500000000369056e+01 1.011561908776899665e+00 1.687268962051563237e-01
2.272500000000384546e+01 1.012881107524984614e+00 1.672975087027855634e-01
2.287500000000000000e+01 1.007929129566026649e+00 1.653999541533208439e-01
2.302499999999612967e+01 1.008815300854883246e+00 1.650724949721021906e-01
2.317499999999610338e+01 1.007501272212209420e+00 1.642059125541820985e-01
2.332500000000394635e+01 1.003223764760105441e+00 1.634367040958645545e-01
2.347500000000390941e+01 1.001606147510753164e+00 1.650056643769567399e-01
2.362500000000000000e+01 9.986522070211464319e-01 1.649444806251369466e-01
2.377499999999606928e+01 9.992305550548672421e-01 1.634518245381273716e-01
2.392499999999586180e+01 1.000224623468752183e+00 1.620123316173950057e-01
2.407500000000418439e+01 9.950343992164164542e-01 1.609025873383561345e-01
2.422500000000396625e+01 9.956477568390738053e-01 1.619837510131366398e-01
2.437500000000000000e+01 9.942834719948950850e-01 1.590612473102342439e-01
2.452499999999600888e+01 9.942096293709075105e-01 1.614198801004858019e-01
2.467499999999563087e+01 9.942003671521685293e-01 1.599315726663138038e-01
2.482500000000441176e+01 9.914238355909424927e-01 1.563016004090014843e-01
2.497500000000402309e+01 9.896495878188688033e-01 1.573826640444841163e-01
2.512500000000000000e+01 9.907859672639705018e-01 1.574581815794819095e-01
2.527499999999595559e+01 9.915283728078958525e-01 1.561430873162369393e-01
2.542499999999541771e+01 9.909591884161504938e-01 1.579599490585414101e-01
2.557500000000462137e+01 9.906842273241293073e-01 1.559607884972839253e-01
2.572500000000407638e+01 9.911894527567270963e-01 1.567621875613830762e-01
2.587500000000000000e+01 9.956750868707313629e-01 1.548495958603796907e-01
2.602499999999590585e+01 9.936170416702412300e-01 1.565776840514607193e-01
2.617499999999521521e+01 9.918323224451170983e-01 1.538197371471218544e-01
2.632500000000482032e+01 9.937425271965656393e-01 1.539994196539560545e-01
2.647500000000383480e+01 9.924735109127246213e-01 1.544622079849668483e-01
2.662500000000000000e+01 9.919789522400268567e-01 1.547311822066299580e-01
2.677499999999647073e+01 9.910439067471520369e-01 1.526567595002962519e-01
2.692499999999502691e+01 9.919891645851530715e-01 1.535156055562647004e-01
2.707500000000501217e+01 9.910203145336540231e-01 1.509000252679306431e-01
2.722500000000308873e+01 9.946426298084095619e-01 1.511074822588600319e-01
2.737500000000000000e+01 9.908801401523044117e-01 1.494362722288335721e-01
2.752499999999719549e+01 9.912759014830503368e-01 1.510150681314640919e-01
2.767499999999484928e+01 9.930709584294984404e-01 1.501294523392545655e-01
2.782500000000518625e+01 9.940289287259471696e-01 1.511747592632663173e-01
2.797500000000238529e+01 9.886158826132507293e-01 1.471660584343981448e-01
2.812500000000000000e+01 9.857613565854433935e-01 1.490861939686267679e-01
2.827499999999788827e+01 9.898683677311131968e-01 1.468825979537468074e-01
2.842499999999467164e+01 9.864646457554253622e-01 1.468123335203636304e-01
2.857500000000536033e+01 9.852435082457217108e-01 1.484085029928814692e-01
2.872500000000171028e+01 9.846981350542861611e-01 1.465110989595183599e-01
2.887500000000000000e+01 9.859847530640941660e-01 1.478365859112608927e-01
2.902499999999854552e+01 9.836221339298243382e-01 1.457171901643599665e-01
2.917499999999451177e+01 9.845951286484390108e-01 1.463207837419279178e-01
2.932500000000552021e+01 9.830739868996409836e-01 1.425725726975202723e-01
2.947500000000107434e+01 9.841678165138845191e-01 1.429655748775522095e-01
2.962500000000000000e+01 9.839690750912304384e-01 1.446614311499666850e-01
2.977499999999917080e+01 9.820328797534161325e-01 1.450081723461654482e-01
2.992499999999435900e+01 9.829558482769662486e-01 1.440266831192344166e-01
3.007500000000566942e+01 9.843001364224993610e-01 1.420945226149134821e-01
3.022500000000047393e+01 9.876960863976474991e-01 1.405729886766153014e-01
3.037500000000000000e+01 9.848630354854696067e-01 1.439392564394278984e-01
3.052499999999976410e+01 9.840737098489242829e-01 1.425186402406102004e-01
3.067499999999420623e+01 9.840994312733011284e-01 1.429634844005854277e-01
3.082500000000581508e+01 9.870407917537856735e-01 1.411815638119500727e-01
3.097499999999989839e+01 9.844849462517729632e-01 1.413034195594197739e-01
3.112500000000000000e+01 9.863177229224344700e-01 1.391240723997831386e-01
3.127500000000032898e+01 9.892704341938910462e-01 1.400876584372372502e-01
3.142499999999406768e+01 9.888087014696808064e-01 1.404338219277741773e-01
3.157500000000595364e+01 9.877004134662052959e-01 1.399031456309270394e-01
3.172499999999935127e+01 9.869136599599388493e-01 1.389465462851338651e-01
3.187500000000000000e+01 9.891138727597450497e-01 1.382711759128378848e-01
3.202500000000086544e+01 9.857410598826882309e-01 1.393598547317454750e-01
3.217499999999394333e+01 9.874339356056859307e-01 1.396831531063044696e-01
3.232500000000609219e+01 9.866007991705522118e-01 1.398233025175281419e-01
3.247499999999882903e+01 9.844301997865984033e-01 1.377555133755241357e-01
3.262500000000000000e+01 9.860537347196864921e-01 1.360113495736888500e-01
3.277500000000137703e+01 9.831153880620849828e-01 1.374841225470855022e-01
3.292499999999381544e+01 9.846251234541765207e-01 1.358242016329296586e-01
3.307500000000621299e+01 9.860527517695159005e-01 1.373821203285364168e-01
3.322499999999832454e+01 9.817164455811761004e-01 1.355567538259052629e-01
3.337500000000000000e+01 9.839729608633911440e-01 1.369399741550534344e-01
3.352500000000186731e+01 9.857686910455828455e-01 1.359477433064015250e-01
3.367499999999368754e+01 9.821616736946304771e-01 1.349039731394477692e-01
3.382500000000633378e+01 9.864562665442183631e-01 1.350850395269819204e-01
3.397499999999784848e+01 9.819271484768317126e-01 1.341196214494460581e-01
3.412500000000000000e+01 9.824293887629046429e-01 1.341329966977308219e-01
3.427500000000233626e+01 9.825311243733106936e-01 1.339440262237148738e-01
3.442499999999357385e+01 9.828930693765880466e-01 1.341781971789602901e-01
3.457500000000644746e+01 9.831155295024541774e-01 1.339782358136187290e-01
3.472499999999739373e+01 9.834754432667639490e-01 1.333091690859919687e-01
3.487500000000000000e+01 9.846198602843450054e-01 1.302193076375340874e-01
3.502500000000278391e+01 9.836315009261835662e-01 1.324697081024957812e-01
3.517499999999346016e+01 9.872082052905600813e-01 1.334222829314274661e-01
3.532500000000656115e+01 9.855606768981682864e-01 1.321148921954654887e-01
3.547499999999695319e+01 9.823909269858805970e-01 1.322024937010880807e-01
3.562500000000000000e+01 9.863370031614923095e-01 1.322059594297542162e-01
3.577500000000321734e+01 9.822629113578124072e-01 1.315768110048684547e-01
3.592499999999336069e+01 9.878561952727719087e-01 1.321725838217294724e-01
3.607500000000666773e+01 9.850327862732055628e-01 1.308594689624664464e-01
3.622499999999653397e+01 9.831367574437176460e-01 1.306424495500326244e-01
3.637500000000000000e+01 9.857819078562527482e-01 1.296816972194299589e-01
3.652500000000362235e+01 9.846762085743521187e-01 1.284934958452848275e-01
3.667499999999325411e+01 9.872677179774307366e-01 1.294226029013578472e-01
3.682500000000676721e+01 9.849838341012575604e-01 1.293010451985578124e-01
3.697499999999613607e+01 9.868204011582504265e-01 1.312896665857128387e-01
3.712500000000000000e+01 9.825047949258168822e-01 1.265303206945271319e-01
3.727500000000402736e+01 9.835912368836725594e-01 1.287308356728346925e-01
3.742499999999315463e+01 9.848721876453665480e-01 1.291208693425200116e-01
3.757500000000686668e+01 9.821048177662934364e-01 1.281197959024782118e-01
3.772499999999575238e+01 9.822385271807525520e-01 1.278720989265767771e-01
3.787500000000000000e+01 9.830947331632058361e-01 1.295802029373631370e-01
3.802500000000440394e+01 9.826779976825897878e-01 1.273245629965168713e-01
3.817499999999306226e+01 9.809440523097089359e-01 1.276192710338807657e-01
3.832500000000695906e+01 9.813737797058248447e-01 1.277669376509452670e-01
3.847499999999537579e+01 9.838928642062908514e-01 1.265730539555463829e-01
3.862500000000000000e+01 9.842671195321033295e-01 1.260245872094505337e-01
3.877500000000476632e+01 9.822572123275079559e-01 1.260879837057627684e-01
3.892499999999297700e+01 9.830466515208953204e-01 1.262504593353322435e-01
3.907500000000705143e+01 9.850589748112044131e-01 1.269634340043434284e-01
3.922499999999502052e+01 9.807680290119333844e-01 1.251257729650196993e-01
3.937500000000000000e+01 9.828934241123966631e-01 1.246152411430054979e-01
3.952500000000512159e+01 9.848802377033598621e-01 1.253400333927780774e-01
3.967499999999288463e+01 9.822070344919932028e-01 1.242494136769126539e-01
3.982500000000712959e+01 9.850037473503903129e-01 1.232269901992476963e-01
3.997499999999467946e+01 9.833564471670481755e-01 1.243648553703221998e-01
4.012500000000000000e+01 9.855561903318217354e-01 1.242585438143502946e-01
4.027500000000545555e+01 9.839706041226613520e-01 1.237132705701695229e-01
4.042499999999279936e+01 9.856246501636820589e-01 1.247748404310285858e-01
4.057500000000721485e+01 9.841434802649474678e-01 1.235695042968727175e-01
4.072499999999434550e+01 9.830559832598645409e-01 1.232454935035664362e-01
4.087500000000000000e+01 9.834834441169186814e-01 1.224853387133548466e-01
4.102500000000578240e+01 9.840686505031459586e-01 1.224587252920355807e-01
4.117499999999272120e+01 9.835291222857535098e-01 1.218499701845806305e-01
4.132500000000730012e+01 9.835395447803292335e-01 1.202334077730794482e-01
4.147499999999402576e+01 9.843015725431302210e-01 1.204296661015979292e-01
4.162500000000000000e+01 9.842593055245011380e-01 1.218538080839586812e-01
4.177500000000609504e+01 9.836064736278494758e-01 1.209525076609794941e-01
4.192499999999264304e+01 9.844380421205271015e-01 1.217253197912032264e-01
4.207500000000737828e+01 9.836069751618550239e-01 1.209462324481255929e-01
4.222499999999372022e+01 9.870867490013316425e-01 1.215614441932987982e-01
4.237500000000000000e+01 9.820322072254039636e-01 1.203144083615658305e-01
4.252500000000640057e+01 9.834724711733232594e-01 1.189231649356165682e-01
4.267499999999256488e+01 9.833133829759983513e-01 1.227398093923851019e-01
4.282500000000744933e+01 9.836177383801117946e-01 1.189183869925582449e-01
4.297499999999342180e+01 9.828157146864703320e-01 1.199340669636727308e-01
4.312500000000000000e+01 9.860128241627710288e-01 1.206507482677345172e-01
4.327500000000669900e+01 9.823903067009285284e-01 1.203001460034401754e-01
4.342499999999249383e+01 9.833218309948598135e-01 1.187182697379012136e-01
4.357500000000752038e+01 9.853951320531288971e-01 1.199488283475133865e-01
4.372499999999313758e+01 9.834867042118219382e-01 1.188683121481734078e-01
4.387500000000000000e+01 9.852487197034310862e-01 1.181912945313523394e-01
4.402500000000697611e+01 9.851055903651364520e-01 1.178659615545989414e-01
4.417499999999242277e+01 9.853604104015744047e-01 1.184076493935566909e-01
4.432500000000759144e+01 9.850420345068252592e-01 1.179910312042574128e-01
4.447499999999286047e+01 9.849095300020763721e-01 1.176191090823509311e-01
4.462500000000000000e+01 9.871357616388266587e-01 1.173672918014088268e-01
4.477500000000724611e+01 9.849012705968437364e-01 1.168139700618721771e-01
4.492499999999235882e+01 9.862298288474864449e-01 1.180723269774998224e-01
4.507500000000766249e+01 9.835195897470031534e-01 1.173046039637900551e-01
4.522499999999259757e+01 9.856847606562381126e-01 1.164109413142953992e-01
4.537500000000000000e+01 9.857868632617055038e-01 1.165505877297257492e-01
4.552500000000750902e+01 9.848417493897935193e-01 1.162139658361078381e-01
4.567499999999228777e+01 9.864129047110210546e-01 1.164865154141205006e-01
4.582500000000772644e+01 9.878407265418090999e-01 1.170176186840460320e-01
4.597499999999233466e+01 9.872153412919674187e-01 1.151402102706369085e-01
4.612500000000000000e+01 9.865327018825917893e-01 1.160409331288546897e-01
4.627500000000776481e+01 9.867631822692261023e-01 1.154187456498335929e-01
4.642499999999223093e+01 9.842952070156454347e-01 1.138900404289660412e-01
4.657500000000779039e+01 9.867729921225083523e-01 1.155447487020664910e-01
4.672499999999207887e+01 9.865323497230132910e-01 1.143508940839040450e-01
4.687500000000000000e+01 9.866311545626679225e-01 1.154568223325659754e-01
4.702500000000801350e+01 9.854622094179918967e-01 1.150879837813993112e-01
4.717499999999216698e+01 9.869148159441040180e-01 1.128467484532917342e-01
4.732500000000784723e+01 9.882333679891527334e-01 1.152325484375788800e-01
4.747499999999183729e+01 9.884725086147728712e-01 1.143688685118024462e-01
4.762500000000000000e+01 9.885953215699636587e-01 1.136824129715690579e-01
4.777500000000825509e+01 9.877266856607432866e-01 1.125311237847649165e-01
4.792499999999211013e+01 9.876884353033535957e-01 1.118865993095279204e-01
4.807500000000790408e+01 9.879982003011614777e-01 1.126398756183299432e-01
4.822499999999160281e+01 9.884415881988346531e-01 1.135386944919882929e-01
4.837500000000000000e+01 9.874464745265969512e-01 1.126783539506307358e-01
4.852500000000848956e+01 9.881504786363159987e-01 1.134919296477623213e-01
4.867499999999204618e+01 9.854281594853193660e-01 1.127226630655722289e-01
4.882500000000796092e+01 9.888799510919968894e-01 1.123231272553097820e-01
4.897499999999137543e+01 9.883551449996623717e-01 1.125300687002469269e-01
4.912500000000000000e+01 9.851427848262636067e-01 1.122113097224836237e-01
4.927500000000870983e+01 9.867972283522635779e-01 1.120026361938216142e-01
4.942499999999198934e+01 9.874789378841688503e-01 1.117713400510781385e-01
4.957500000000802487e+01 9.879916987491321745e-01 1.114123244671285928e-01
4.972499999999115516e+01 9.887718721413251144e-01 1.113374349178726519e-01
4.987500000000000000e+01 9.854742390349310321e-01 1.115077620177315348e-01
5.002500000000893010e+01 9.867259444235935151e-01 1.112933783041165081e-01
5.017499999999193960e+01 9.896450396898354152e-01 1.120424290717309118e-01
5.032500000000807461e+01 9.898402011548868007e-01 1.103586434173470660e-01
5.047499999999094200e+01 9.899320909445131766e-01 1.114966950667817813e-01
5.062500000000000000e+01 9.903996335115770044e-01 1.107279991429160199e-01
5.077500000000914326e+01 9.873896075554204899e-01 1.100508633171077555e-01
5.092499999999188276e+01 9.894948122134320512e-01 1.101157682256654474e-01
5.107500000000812435e+01 9.902290290353801261e-01 1.106003382321820439e-01
5.122499999999072884e+01 9.886030431802875773e-01 1.094158934541911987e-01
5.137500000000000000e+01 9.895398924753372460e-01 1.094922086112748022e-01
5.152500000000934932e+01 9.909177661887978994e-01 1.096154047653945252e-01
5.167499999999183302e+01 9.914885004369783372e-01 1.100144139030611867e-01
5.182500000000818119e+01 9.894386506523028535e-01 1.098667749029762636e-01
5.197499999999052989e+01 9.878746886279221595e-01 1.091284560587363339e-01
5.212500000000000000e+01 9.902881686345733625e-01 1.101749560989783994e-01
5.227500000000954827e+01 9.890109003893878814e-01 1.079207552571463391e-01
5.242499999999178328e+01 9.930175029796590724e-01 1.093189831475377821e-01
5.257500000000806040e+01 9.914432457225335060e-01 1.068827687288851774e-01
5.272499999999033804e+01 9.911821297080634086e-01 1.082984867777143645e-01
5.287500000000000000e+01 9.895685177367919971e-01 1.053808718008397982e-01
5.302500000000974723e+01 9.917050928432940005e-01 1.084371352859536397e-01
5.317499999999255778e+01 9.909761797435180375e-01 1.076826851636608073e-01
5.332500000000729301e+01 9.919074559648998202e-01 1.075271249440015037e-01
5.347499999999015330e+01 9.925079206257995112e-01 1.086430022506613413e-01
5.362500000000000000e+01 9.907478997184296921e-01 1.074672394770893463e-01
5.377500000000993197e+01 9.923593016452854076e-01 1.066555489695779624e-01
5.392499999999331095e+01 9.911596468093363255e-01 1.074365128816473641e-01
5.407500000000654694e+01 9.913242867987588358e-01 1.071317889540773366e-01
5.422499999998996145e+01 9.907890502490894757e-01 1.065563191767524426e-01
5.437500000000000000e+01 9.917687485404449443e-01 1.080882721854936473e-01
5.452500000001011671e+01 9.900432706660688975e-01 1.051442365315470723e-01
5.467499999999403570e+01 9.901034028469327675e-01 1.075351927813081171e-01
5.482500000000581508e+01 9.906928711727056580e-01 1.070167614831963737e-01
5.497499999998977671e+01 9.905976961043196916e-01 1.066110036154776231e-01
5.512500000000000000e+01 9.924858853921115776e-01 1.056343662413439383e-01
5.527500000001029434e+01 9.912321762789813029e-01 1.050088740803635373e-01
5.542499999999475335e+01 9.917271546968331464e-01 1.057502347584682034e-01
5.557500000000510454e+01 9.943016130685073950e-01 1.058368990249350799e-01
5.572499999998960618e+01 9.914401788700110130e-01 1.054438422443701728e-01
5.587500000000000000e+01 9.901948652505151438e-01 1.056933804027088697e-01
5.602500000001046487e+01 9.912280783559639374e-01 1.042846665473006057e-01
5.617499999999544258e+01 9.915598118443447184e-01 1.058405546042180401e-01
5.632500000000441531e+01 9.927222621072366859e-01 1.044813089664690942e-01
5.647499999998942855e+01 9.915936183689197936e-01 1.021267700622224689e-01
5.662500000000000000e+01 9.924401254815115037e-01 1.055986812731425500e-01
5.677500000001062830e+01 9.913248334315819532e-01 1.050694340064844690e-01
5.692499999999611759e+01 9.909817114837289331e-01 1.023182244451532330e-01
5.707500000000374030e+01 9.921017728529807345e-01 1.046329372823835563e-01
5.722499999998926512e+01 9.927008225061886293e-01 1.045328635630680542e-01
5.737500000000000000e+01 9.935519931441660901e-01 1.033841063482019290e-01
5.752500000001079172e+01 9.905722610375858883e-01 1.035165032943710789e-01
5.767499999999677129e+01 9.937600014029959183e-01 1.052619924156222991e-01
5.782500000000310081e+01 9.939072189427730075e-01 1.025479830002388459e-01
5.797499999998910170e+01 9.939560993954588142e-01 1.036638312698203862e-01
5.812500000000000000e+01 9.924713420419355447e-01 1.037586863140855381e-01
5.827500000001095515e+01 9.942537228629931834e-01 1.045469401228206474e-01
5.842499999999741078e+01 9.948973411653461163e-01 1.035641002713136721e-01
5.857500000000246132e+01 9.934097763395208780e-01 1.018046076227779734e-01
5.872499999998893827e+01 9.926854592255245358e-01 1.022345326139180444e-01
5.887500000000000000e+01 9.931562706795656892e-01 1.022347592064884458e-01
5.902500000001111857e+01 9.925811033627074398e-01 1.023772620178412668e-01
5.917499999999803606e+01 9.929127707083679200e-01 1.022700447902481630e-01
5.932500000000184315e+01 9.945374680151836122e-01 1.032293032034190677e-01
5.947499999998878906e+01 9.945454803890939610e-01 1.020010078658594582e-01
5.962500000000000000e+01 9.947147401056349869e-01 1.022943419894024597e-01
5.977500000001126779e+01 9.952080707442620966e-01 1.014482558461447664e-01
5.992499999999864002e+01 9.953076955776904988e-01 1.014309025049304896e-01
6.007500000000123919e+01 9.947591809727512890e-01 1.011758675968120469e-01
6.022499999998863984e+01 9.961034767270141588e-01 1.014291432820772360e-01
6.037500000000000000e+01 9.956400374319440694e-01 1.011932500156361159e-01
6.052500000001142411e+01 9.949566578744252210e-01 1.018492049293374530e-01
6.067499999999923688e+01 9.969327688645706065e-01 1.013445566247831164e-01
6.082500000000064944e+01 9.950632627619719894e-01 1.010001161821085097e-01
6.097499999998849773e+01 9.963954296053055826e-01 1.011422318912741786e-01
6.112500000000000000e+01 9.964984112380644854e-01 1.013164051411243605e-01
6.127500000001155911e+01 9.968470761861337737e-01 1.007587142266601621e-01
6.142499999999980531e+01 9.965196991523582737e-01 1.012178564412442722e-01
6.157500000000007390e+01 9.980017248416690467e-01 9.966652256099205187e-02
6.172499999998834852e+01 9.964094190585035538e-01 9.993578331131663939e-02
6.187500000000000000e+01 9.983619686443054864e-01 1.006095599434940896e-01
6.202500000001170122e+01 9.965413896409194283e-01 1.003545315621389572e-01
6.217500000000037375e+01 9.970395766043445018e-01 1.005110725356125334e-01
6.232499999999951967e+01 9.965308997799051660e-01 1.016925786518837194e-01
6.247499999998820641e+01 9.971957408471356921e-01 9.942145714696279390e-02
6.262500000000000000e+01 9.966941450949931003e-01 9.963155177039310917e-02
6.277500000001184333e+01 9.957213455625824050e-01 9.862935773659919914e-02
6.292500000000092086e+01 9.963783674944817204e-01 1.001667795871507838e-01
6.307499999999897256e+01 9.986356460055557660e-01 9.939649558366872584e-02
6.322499999998807851e+01 9.978480866214082257e-01 1.005385556518588325e-01
6.337500000000000000e+01 9.999751616295841083e-01 1.000493822050941561e-01
6.352500000001197833e+01 9.992435677139481776e-01 9.967840162142914406e-02
6.367500000000146798e+01 1.000236954709647685e+00 9.896658940073051192e-02
6.382499999999843254e+01 9.983530159329021547e-01 9.811025684707247452e-02
6.397499999998793641e+01 9.981058962241177168e-01 9.889956444439328143e-02
6.412500000000000000e+01 9.987744508427585099e-01 9.810456245153820198e-02
6.427500000001211333e+01 9.978400348677727294e-01 9.855581381573944033e-02
6.442500000000200089e+01 9.989373223020711068e-01 9.924763205027721524e-02
6.457499999999791385e+01 9.983173710400548018e-01 9.830416591481735966e-02
6.472499999998781561e+01 1.000575734117784332e+00 9.819607568835840572e-02
6.487500000000000000e+01 9.992505007202601153e-01 9.838546268070025302e-02
6.502500000001224123e+01 9.985722533782893651e-01 9.879390158054636439e-02
6.517500000000251248e+01 1.000274373189661947e+00 9.832493872381890820e-02
6.532499999999740226e+01 1.001622289473992566e+00 9.857567406226860895e-02
6.547499999998768772e+01 1.000376881252165173e+00 9.748012362982719226e-02
6.562500000000000000e+01 9.984552222347914396e-01 9.810243540554526576e-02
6.577500000001236913e+01 1.000703020801645859e+00 9.869358385540634437e-02
6.592500000000300986e+01 1.000077445849099744e+00 9.764292601496005197e-02
6.607499999999690488e+01 1.000103473029765988e+00 9.766283835480589481e-02
6.622499999998755982e+01 1.002404396759487115e+00 9.738986765847033877e-02
6.637500000000000000e+01 1.000294378216924240e+00 9.747180382443550173e-02
6.652500000001249703e+01 1.000539885357175640e+00 9.775508803371853184e-02
6.667500000000349303e+01 9.996935800318380583e-01 9.622069918906356323e-02
6.682499999999640750e+01 1.000465121919435152e+00 9.679648765544787703e-02
6.697499999998743192e+01 1.002007454474107551e+00 9.701608998500392544e-02
6.712500000000000000e+01 9.999340715662613510e-01 9.604022860542150986e-02
6.727500000001261071e+01 1.000907330088252722e+00 9.781952979970112705e-02
6.742500000000397620e+01 1.001204129563710632e+00 9.683220942378048535e-02
6.757499999999593854e+01 1.002184200293943173e+00 9.639361815771745057e-02
6.772499999998731823e+01 1.002015597327601037e+00 9.613264643700011880e-02
6.787500000000000000e+01 1.001222664720968547e+00 9.503172861537075022e-02
6.802500000001272440e+01 1.001043989645065801e+00 9.530962181905328068e-02
6.817500000000444516e+01 1.000676176678953366e+00 9.697941593608597199e-02
6.832499999999546958e+01 1.001762560445324635e+00 9.463828632600247703e-02
6.847499999998720455e+01 1.001671079535635389e+00 9.550158466510463851e-02
6.862500000000000000e+01 9.998223553754258530e-01 9.484108624022222211e-02
6.877500000001283809e+01 1.001319325998378140e+00 9.538769695687993044e-02
6.892500000000489990e+01 1.001355253240538978e+00 9.565583619540125870e-02
6.907499999999501483e+01 1.002572138649348021e+00 9.543685751551748975e-02
6.922499999998709086e+01 1.001760776383978646e+00 9.448938546212870548e-02
6.937500000000000000e+01 1.001188486454255067e+00 9.597400012939763525e-02
6.952500000001295177e+01 1.002781176680618946e+00 9.516087739758281872e-02
6.967500000000535465e+01 1.002597062836752428e+00 9.502838997501970864e-02
6.982499999999456008e+01 1.002390335468973825e+00 9.353954938728911706e-02
6.997499999998697717e+01 1.001175764380772382e+00 9.446486827843057765e-02
7.012500000000000000e+01 1.002232297399434424e+00 9.473330218283322612e-02
7.027500000001306546e+01 1.002270057814923065e+00 9.486745601442163334e-02
7.042500000000579519e+01 1.002983284563093269e+00 9.475012361640161584e-02
7.057499999999413376e+01 1.003354157401288749e+00 9.486742645680971975e-02
7.072499999998686349e+01 1.001400342018868628e+00 9.433455413724559091e-02
7.087500000000000000e+01 1.002635003147293702e+00 9.325527656551087230e-02
7.102500000001316494e+01 1.002124605016694980e+00 9.352671327261674605e-02
7.117500000000620730e+01 1.003387859782445268e+00 9.333333897571906290e-02
7.132499999999369322e+01 1.003555701995751726e+00 9.384797234876067484e-02
7.147499999998676401e+01 1.001754754005881765e+00 9.403896464066253957e-02
7.162500000000000000e+01 1.002236844720600484e+00 9.382371215854688751e-02
7.177500000001327862e+01 1.001643288638311757e+00 9.347596696691704010e-02
7.192500000000663363e+01 1.002253811054283794e+00 9.311667179974168762e-02
7.207499999999328111e+01 1.003596078756422649e+00 9.365550510514948634e-02
7.222499999998666453e+01 1.001974747006771693e+00 9.355994786254372142e-02
7.237500000000000000e+01 1.002306353300297159e+00 9.176368920067401458e-02
7.252500000001337810e+01 1.001518592376534844e+00 9.199249765062571249e-02
7.267500000000704574e+01 1.003858009709462706e+00 9.297185511513866851e-02
7.282499999999286899e+01 1.002750953528291245e+00 9.283869975207512115e-02
7.297499999998655085e+01 1.002179882227809404e+00 9.245492435012181431e-02
7.312500000000000000e+01 1.002964948366649178e+00 9.201776412631683388e-02
7.327500000001347757e+01 1.002002050285016432e+00 9.179592844185610612e-02
7.342500000000745786e+01 1.002523179844571066e+00 9.183156872471595622e-02
7.357499999999247109e+01 1.003674362751141524e+00 9.323597046843010161e-02
7.372499999998646558e+01 1.003241073581623066e+00 9.219520210871938459e-02
7.387500000000000000e+01 1.003554867273994455e+00 9.179072827271639312e-02
7.402500000001359126e+01 1.003049704385504448e+00 9.257725583488816967e-02
7.417500000000785576e+01 1.001338214264510862e+00 9.243577709569912593e-02
7.432499999999207319e+01 1.004010842881337684e+00 9.104618246783419133e-02
7.447499999998635190e+01 1.002251140972594268e+00 9.162140484028112597e-02
7.462500000000000000e+01 1.003770750399634704e+00 9.210798365305968016e-02
7.477500000001367653e+01 1.002836479379797918e+00 9.122234668688256054e-02
7.492500000000823945e+01 1.001546060134531846e+00 9.040968777934951794e-02
7.507499999999168949e+01 1.000552152087991642e+00 9.140359094842460952e-02
7.522499999998626663e+01 1.002071384381851171e+00 9.160096713036720850e-02
7.537500000000000000e+01 1.003528699092560483e+00 9.162863850669701604e-02
7.552500000001377600e+01 1.005011017858598921e+00 9.118085656661503724e-02
7.567500000000862315e+01 1.003380230450756416e+00 9.031828627119295461e-02
7.582499999999130580e+01 1.002928852279011185e+00 9.068813327751588937e-02
7.597499999998616715e+01 1.003585367653483162e+00 9.092037057759491669e-02
7.612500000000000000e+01 1.005271393451505624e+00 9.085524864513980225e-02
7.627500000001386127e+01 1.003277153415634615e+00 9.101380498494188176e-02
7.642500000000899263e+01 1.002727539060012552e+00 8.998003761106505849e-02
7.657499999999093632e+01 1.003137161022220170e+00 9.136773490902845574e-02
7.672499999998608189e+01 1.003927757646568164e+00 9.066388028645717967e-02
7.687500000000000000e+01 1.004378408445070203e+00 9.012202338899752418e-02
7.702500000001396074e+01 1.003244204880728629e+00 8.974719979329502662e-02
7.717500000000934790e+01 1.003147940246025493e+00 9.005957837661768273e-02
7.732499999999058105e+01 1.004237205552230172e+00 9.013013671686648243e-02
7.747499999998598241e+01 1.004043658813204676e+00 8.866774282871733859e-02
7.762500000000000000e+01 1.003267859515275529e+00 8.933652940996569813e-02
7.777500000001404601e+01 1.002500709822329972e+00 8.881394309229562190e-02
7.792500000000971738e+01 1.001656659581550368e+00 9.072764889203754901e-02
7.807499999999021156e+01 1.002884846531592267e+00 8.918952341194165412e-02
7.822499999998589715e+01 1.003640679123044110e+00 8.944228598602217695e-02
7.837500000000000000e+01 1.002797689395359182e+00 8.867459108094950804e-02
7.852500000001413127e+01 1.003554002633532338e+00 8.915128908605735036e-02
7.867500000001005844e+01 1.002585767070297118e+00 9.015904763478017891e-02
7.882499999998987050e+01 1.003141053502355717e+00 8.811122500394498458e-02
7.897499999998581188e+01 1.002547365214624842e+00 8.865635752292518046e-02
7.912500000000000000e+01 1.002646237848436872e+00 8.923207299587423980e-02
7.927500000001423075e+01 1.004609565942920391e+00 8.881386345697039886e-02
7.942500000001041371e+01 1.002026166486499115e+00 8.766370774995874138e-02
7.957499999998951523e+01 1.003559095741391349e+00 8.898272074350310756e-02
7.972499999998572662e+01 1.004816625777021688e+00 8.837552953808862355e-02
7.987500000000000000e+01 1.002804526886539760e+00 8.775491988207827221e-02
8.002500000001430180e+01 1.003743796030834634e+00 8.886078597428420656e-02
8.017500000001075477e+01 1.002626334685386977e+00 8.906999281125635437e-02
8.032499999998918838e+01 1.002318244950136217e+00 8.781209976422332808e-02
8.047499999998564135e+01 1.006039162544513310e+00 8.792995092635223775e-02
8.062500000000000000e+01 1.003136838800310349e+00 8.694997828467568302e-02
8.077500000001438707e+01 1.003308077261670261e+00 8.815672873124640041e-02
8.092500000001108162e+01 1.003489554770781833e+00 8.780769879940707179e-02
8.107499999998886153e+01 1.002798960981169163e+00 8.806375223628791493e-02
8.122499999998557030e+01 1.004723384846367917e+00 8.714968676626254351e-02
8.137500000000000000e+01 1.004480287253308957e+00 8.671887503885361559e-02
8.152500000001447233e+01 1.001933602859381933e+00 8.885444090936794881e-02
8.167500000001139426e+01 1.003991383828376716e+00 8.797652335045404171e-02
8.182499999998853468e+01 1.004775691411569527e+00 8.813620200432342733e-02
8.197499999998548503e+01 1.002343658120467662e+00 8.771967226529399364e-02
8.212500000000000000e+01 1.004420794157478758e+00 8.644150248611508214e-02
8.227500000001455760e+01 1.003785176561059478e+00 8.789360641955176745e-02
8.242500000001172111e+01 1.001752558319315423e+00 8.698677492936525424e-02
8.257499999998822204e+01 1.002212589660050446e+00 8.746321651750274540e-02
8.272499999998539977e+01 1.003643501250496728e+00 8.728526061607977393e-02
8.287500000000000000e+01 1.001885350908966243e+00 8.670501228247610992e-02
8.302500000001462865e+01 1.002918013094089122e+00 8.727514146700890429e-02
8.317500000001203375e+01 1.002424985323085549e+00 8.743002026288379525e-02
8.332499999998789519e+01 1.001939767288882788e+00 8.616565871709030988e-02
8.347499999998531450e+01 1.002818428325245925e+00 8.718420986076580448e-02
8.362500000000000000e+01 1.002198952524027353e+00 8.593851286719246529e-02
8.377500000001469971e+01 1.003011729702224963e+00 8.636287343945804607e-02
8.392500000001234639e+01 1.002155211098103349e+00 8.637107054345674606e-02
8.407499999998758256e+01 1.002826111914000951e+00 8.689285726078943561e-02
8.422499999998524345e+01 1.002549842865567031e+00 8.590927197362129009e-02
8.437500000000000000e+01 1.001744155148007964e+00 8.683457093370827717e-02
8.452500000001478497e+01 1.002497730310013324e+00 8.624105139296542322e-02
8.467500000001264482e+01 1.002011954027993701e+00 8.638224022272365799e-02
8.482499999998728413e+01 1.002153294051350008e+00 8.542992519869330170e-02
8.497499999998517239e+01 1.002814133764864390e+00 8.608550817439571123e-02
8.512500000000000000e+01 1.000235578832198158e+00 8.649505419142775042e-02
8.527500000001485603e+01 1.002163775488185138e+00 8.556077907147414952e-02
8.542500000001294325e+01 1.002300177250192714e+00 8.583816738409499880e-02
8.557499999998699991e+01 9.996354562952985967e-01 8.541135471502273036e-02
8.572499999998510134e+01 9.996460258831280088e-01 8.446536569888046797e-02
8.587500000000000000e+01 1.000924266545184516e+00 8.562617739093675295e-02
8.602500000001494129e+01 1.002160055372043113e+00 8.472887369825657378e-02
8.617500000001324167e+01 1.000948102463303568e+00 8.561305259686126379e-02
8.632499999998670148e+01 1.001672057270727834e+00 8.546922559957412235e-02
8.647499999998503029e+01 1.002696598879829759e+00 8.543149867123021879e-02
8.662500000000000000e+01 1.002533419715397223e+00 8.481801480994802245e-02
8.677500000001501235e+01 1.001378456607729728e+00 8.528609506777982963e-02
8.692500000001352589e+01 1.001578214916237553e+00 8.480956038833693811e-02
8.707499999998641727e+01 1.000244083896367098e+00 8.455892208024111401e-02
8.722499999998494502e+01 1.000800364066859016e+00 8.429072084844986545e-02
8.737500000000000000e+01 1.001746789632256718e+00 8.551883202884080770e-02
8.752500000001508340e+01 9.998978631293394814e-01 8.449333846914325319e-02
8.767500000001381011e+01 9.993363744763605894e-01 8.392927661018712016e-02
8.782499999998613305e+01 1.001515717807884842e+00 8.526518881925608528e-02
8.797499999998487397e+01 1.000797632772176593e+00 8.439056038213671451e-02
8.812500000000000000e+01 9.991997077549664708e-01 8.359231237955275229e-02
8.827500000001514024e+01 1.000848389281010276e+00 8.465003878245343227e-02
8.842500000001409433e+01 1.000124428263578835e+00 8.267807075012832685e-02
8.857499999998586304e+01 1.000246659560546147e+00 8.327666716292177196e-02
8.872499999998480291e+01 1.000423026064545917e+00 8.462180753964713975e-02
8.887500000000000000e+01 9.993059873344803945e-01 8.303640988254860911e-02
8.902500000001521130e+01 9.997184540589578727e-01 8.448490793771358531e-02
8.917500000001436433e+01 9.995727038917544549e-01 8.382112195109167607e-02
8.932499999998557882e+01 9.997884226416519082e-01 8.397031904466180363e-02
8.947499999998473186e+01 9.982268362835171605e-01 8.337918714725070513e-02
8.962500000000000000e+01 9.998544162743602248e-01 8.368472185959757725e-02
8.977500000001528235e+01 9.993432416828329501e-01 8.347590578850806742e-02
8.992500000001462013e+01 9.990399681553417954e-01 8.245418182428847220e-02
9.007499999998532303e+01 9.981620159107432722e-01 8.330258821903846478e-02
9.022499999998467501e+01 1.000120932632708515e+00 8.363939026714269087e-02
9.037500000000000000e+01 9.987642137441234969e-01 8.441838302824937468e-02
9.052500000001533920e+01 9.984423853544255323e-01 8.197392090943349252e-02
9.067500000001489013e+01 9.984342491631468253e-01 8.368019403387365329e-02
9.082499999998505302e+01 9.983195653207590503e-01 8.305620090932694377e-02
9.097499999998460396e+01 9.997487332317455122e-01 8.301404495684820695e-02
9.112500000000000000e+01 9.981644453045079857e-01 8.313775067402383312e-02
9.127500000001541025e+01 9.986801785360336359e-01 8.256018556646099738e-02
9.142500000001514593e+01 9.969756547992514317e-01 8.246563667357358074e-02
9.157499999998479723e+01 9.985109119194437444e-01 8.286485876166382880e-02
9.172499999998454712e+01 9.982101541572683256e-01 8.279884524492307774e-02
9.187500000000000000e+01 1.000147494407281012e+00 8.296519820416636826e-02
9.202500000001548131e+01 9.994605102561816556e-01 8.197895349885023220e-02
9.217500000001541594e+01 9.981456802428373409e-01 8.168242103405240484e-02
9.232499999998454143e+01 9.969971527384737797e-01 8.271544575346870265e-02
9.247499999998447606e+01 9.974883758461968730e-01 8.272272423196574964e-02
9.262500000000000000e+01 9.985812778145659596e-01 8.213628726876918973e-02
9.277500000001553815e+01 9.982092855434613332e-01 8.241131521683311978e-02
9.292500000001565752e+01 9.991419227908701073e-01 8.222487489735919031e-02
9.307499999998428564e+01 9.987128243936580496e-01 8.256610903397890167e-02
9.322499999998441922e+01 9.976243650525531415e-01 8.146261081726982600e-02
9.337500000000000000e+01 9.986847102225003825e-01 8.193275610794861774e-02
9.352500000001559499e+01 9.980245316188552929e-01 8.229210627400763978e-02
9.367500000001591332e+01 9.969947402360991306e-01 8.139076183961604927e-02
9.382499999998402984e+01 9.966053304491500064e-01 8.188679067748007301e-02
9.397499999998436238e+01 9.982758699973197647e-01 8.275892181956166771e-02
9.412500000000000000e+01 9.968713026063771299e-01 8.039367358654342377e-02
9.427500000001566605e+01 9.991521495521672458e-01 8.119441162689217117e-02
9.442500000001615490e+01 9.964712581124959279e-01 8.140279604974395844e-02
9.457499999998380247e+01 9.970135512971588510e-01 8.290723585419348951e-02
9.472499999998429132e+01 9.966450638706235710e-01 8.092527509606808889e-02
9.487500000000000000e+01 9.972986551126460375e-01 8.135046165307407984e-02
9.502500000001572289e+01 9.970797083236440095e-01 8.062000676853681158e-02
9.517500000001639648e+01 9.979372634450116575e-01 8.100163838823853935e-02
9.532499999998356088e+01 9.970955525355813531e-01 7.990314418410633668e-02
9.547499999998423448e+01 9.988022765636501710e-01 8.021378664243876411e-02
9.562500000000000000e+01 9.959932222774561250e-01 8.163566778836521542e-02
9.577500000001577973e+01 9.979765561717430788e-01 8.079983185238254206e-02
9.592500000001662386e+01 9.959750161231526455e-01 7.929634922064364433e-02
9.607499999998331930e+01 9.972528179292150519e-01 8.062063191353473213e-02
9.622499999998417763e+01 9.962802604671265883e-01 8.101997462476308309e-02
9.637500000000000000e+01 9.954052978768203053e-01 7.996936406258614571e-02
9.652500000001585079e+01 9.972080850461449986e-01 8.068907062021392351e-02
9.667500000001686544e+01 9.969065436480304410e-01 8.072980349367561703e-02
9.682499999998309193e+01 9.966461843498457540e-01 8.052384295181289064e-02
9.697499999998412079e+01 9.954869925370481987e-01 8.041159742187549420e-02
9.712500000000000000e+01 9.967245535421116465e-01 8.011900209418207353e-02
9.727500000001590763e+01 9.968992494629851375e-01 8.097747888989802190e-02
9.742500000001709282e+01 9.963172794972846580e-01 7.963465435279909466e-02
9.757499999998287876e+01 9.969114181400847707e-01 7.948516675705334655e-02
9.772499999998406395e+01 9.948802023632519198e-01 7.831999487883041511e-02
9.787500000000000000e+01 9.969999333189820678e-01 7.984868159642287411e-02
9.802500000001595026e+01 9.958571054163756209e-01 7.938579715995792985e-02
9.817500000001732019e+01 9.956813184594137667e-01 7.945159812623414641e-02
9.832499999998263718e+01 9.963601125353688248e-01 7.937867578032546667e-02
9.847499999998402131e+01 9.948168964214385568e-01 8.039023957320477753e-02
9.862500000000000000e+01 9.953152188726550609e-01 7.790402314378386261e-02
9.877500000001600711e+01 9.958285727258060493e-01 7.839976001858783849e-02
9.892500000001753335e+01 9.952564152615877013e-01 8.034952769724668098e-02
9.907499999998242401e+01 9.946510974246691728e-01 7.962915381439572560e-02
9.922499999998395026e+01 9.963001820161502264e-01 7.937051691858178215e-02
9.937500000000000000e+01 9.951315580100520419e-01 7.953936183702768614e-02
9.952500000001606395e+01 9.946725265285202289e-01 7.941714908849123455e-02
9.967500000001776073e+01 9.930924141053444343e-01 7.973873465226437307e-02
9.982499999998221085e+01 9.961361581169890789e-01 8.051196618609252065e-02
9.997499999998389342e+01 9.953765359840391902e-01 7.960622673432102281e-02
1.001250000000000000e+02 9.944653879910489991e-01 7.870638575492487632e-02
1.002750000000161208e+02 9.945542424835799311e-01 7.851002954848218529e-02
1.004250000000179597e+02 9.942078397538464118e-01 7.827621743374696406e-02
1.005749999999819835e+02 9.934062538715296986e-01 7.869800117794123473e-02
1.007249999999838508e+02 9.948853645638182641e-01 7.879107180456360049e-02
1.008750000000000000e+02 9.931698279654525008e-01 7.813671198486810132e-02
1.010250000000161776e+02 9.944694453798972322e-01 7.931424969050650253e-02
1.011750000000181871e+02 9.941642535820428561e-01 7.760901809534734297e-02
1.013249999999817845e+02 9.732526646747204913e-01 7.717709060653385467e-02
1.014749999999837939e+02 9.521538953563930541e-01 7.670261508735740086e-02
1.016250000000000000e+02 9.402235402345749948e-01 7.655783003629482164e-02
1.017750000000162345e+02 9.310500505817753680e-01 7.558803400264799133e-02
1.019250000000184002e+02 9.221687325133952617e-01 7.559791889747267957e-02
1.020749999999815714e+02 9.143209169083009735e-01 7.380428244343134603e-02
1.022249999999837513e+02 9.070913232764435952e-01 7.408008355385836685e-02
1.023750000000000000e+02 9.007271182380290897e-01 7.306126428342382684e-02
1.025250000000162771e+02 8.940982984004176570e-01 7.388935899313356370e-02
1.026750000000185992e+02 8.872354077576477538e-01 7.371827137970558830e-02
1.028249999999813582e+02 8.841959171854641975e-01 7.450948668613423254e-02
1.029749999999836945e+02 8.787414291958727253e-01 7.374805518137800275e-02
1.031250000000000000e+02 8.728554353736275306e-01 7.341790116335478178e-02
1.032750000000163340e+02 8.680364010216234938e-01 7.257334575135739041e-02
1.034250000000187981e+02 8.643872524990908746e-01 7.271972512651662945e-02
1.035749999999811592e+02 8.599324569367198245e-01 7.182988582352514695e-02
1.037249999999836376e+02 8.554311602735301667e-01 7.160922857310927925e-02
1.038750000000000000e+02 8.501362656249871197e-01 7.175431523689045077e-02
1.040250000000163766e+02 8.473285350662278503e-01 7.122063259758136533e-02
1.041750000000189971e+02 8.419682416718814455e-01 7.079556420215692147e-02
1.043249999999809603e+02 8.397436571720092724e-01 7.057892482274559509e-02
1.044749999999835950e+02 8.366146006562935611e-01 7.043362670004445214e-02
1.046250000000000000e+02 8.327063162977660360e-01 7.022588465592705109e-02
1.047750000000164334e+02 8.300750159965784025e-01 7.105873348310368098e-02
1.049250000000191818e+02 8.248022641089721718e-01 6.900975541410156455e-02
1.050749999999807613e+02 8.219845809306786100e-01 6.997633931320841605e-02
1.052249999999839503e+02 8.192681155781558200e-01 6.948347297412153789e-02
1.053750000000000000e+02 8.161734572703505108e-01 7.003491826595591163e-02
1.055250000000157229e+02 8.128815059468342819e-01 6.788546257631358771e-02
1.056750000000193808e+02 8.111489306341596039e-01 6.931770184961255632e-02
1.058249999999805766e+02 8.063695523437816037e-01 6.872812569167098540e-02
1.059749999999847319e+02 8.038782776053897683e-01 6.903216736952605403e-02
1.061250000000000000e+02 8.019963848375893933e-01 6.851209001377536745e-02
1.062750000000149555e+02 7.986364855643619531e-01 6.853187600676577396e-02
1.064250000000195797e+02 7.943345986939834846e-01 6.911772316097174185e-02
1.065749999999803919e+02 7.926869913381917598e-01 6.756707174950812855e-02
1.067249999999854850e+02 7.889579856509619793e-01 6.837440973654114462e-02
1.068750000000000000e+02 7.879212499501004885e-01 6.786258211823895103e-02
1.070250000000141881e+02 7.859395336994431380e-01 6.849515047059064055e-02
1.071750000000197645e+02 7.823353283709624240e-01 6.681561678978752139e-02
1.073249999999802071e+02 7.786832184675774871e-01 6.662646341064254463e-02
1.074749999999862524e+02 7.770876277353007122e-01 6.743527273771973696e-02
1.076250000000000000e+02 7.756944661501136151e-01 6.638470008628821750e-02
1.077750000000134492e+02 7.717688308680605846e-01 6.616537245355913477e-02
1.079250000000199492e+02 7.696909747595280793e-01 6.636695733085755389e-02
1.080749999999800224e+02 7.671821164832469675e-01 6.660962501157273452e-02
1.082249999999869914e+02 7.649543402006758752e-01 6.622095123549792683e-02
1.083750000000000000e+02 7.628185670153057041e-01 6.713677811532341166e-02
1.085250000000127244e+02 7.605473796242282480e-01 6.597687307211086427e-02
1.086750000000201481e+02 7.593761663357355696e-01 6.610694782356080212e-02
1.088249999999798376e+02 7.570484084024897697e-01 6.632255933925179647e-02
1.089749999999877161e+02 7.541987268882930362e-01 6.553891378864666606e-02
1.091250000000000000e+02 7.514824450499253405e-01 6.651367230379336137e-02
1.092750000000119854e+02 7.497111929491939719e-01 6.592558514133399494e-02
1.094250000000203045e+02 7.475628146696936538e-01 6.502347284394478788e-02
1.095749999999796529e+02 7.467557128488233609e-01 6.494448323229244646e-02
1.097249999999884409e+02 7.442277183153319653e-01 6.566316692399615240e-02
1.098750000000000000e+02 7.436287372358901804e-01 6.471261913159062629e-02
1.100250000000112749e+02 7.393049497030496076e-01 6.480533379796378501e-02
1.101750000000204892e+02 7.366177172865433498e-01 6.519185674561331356e-02
1.103249999999794682e+02 7.352054269511699713e-01 6.422275567523594297e-02
1.104749999999891372e+02 7.339437608494249199e-01 6.451744292156869065e-02
1.106250000000000000e+02 7.324474494162974691e-01 6.458718896657929254e-02
1.107750000000105643e+02 7.285822852209993261e-01 6.419722772042431302e-02
1.109250000000206740e+02 7.276429468558297531e-01 6.416500851313740317e-02
1.110749999999792976e+02 7.254923401225227275e-01 6.435495448195624468e-02
1.112249999999898620e+02 7.249179844843852694e-01 6.461006798067710222e-02
1.113750000000000000e+02 7.218513026791880671e-01 6.365380162961900568e-02
1.115250000000098822e+02 7.210506251507354802e-01 6.354500205495272613e-02
1.116750000000208445e+02 7.184617161321009693e-01 6.207155964643526480e-02
1.118249999999791129e+02 7.185125416504771767e-01 6.321313793168764628e-02
1.119749999999905299e+02 7.165890389878153410e-01 6.297786490830631356e-02
1.121250000000000000e+02 7.148808993706803339e-01 6.246464932854183666e-02
1.122750000000091859e+02 7.118600473839685749e-01 6.327561168944334513e-02
1.124250000000210008e+02 7.100872993574816050e-01 6.249986800196553893e-02
1.125749999999789566e+02 7.091500804462756991e-01 6.313528127647713428e-02
1.127249999999912120e+02 7.063541080663537919e-01 6.267987767875789207e-02
1.128750000000000000e+02 7.059060187392388608e-01 6.223370816140519346e-02
1.130250000000085180e+02 7.026346173948796459e-01 6.245572534689007582e-02
1.131750000000211855e+02 7.004698673264840858e-01 6.277119373108162870e-02
1.133249999999787860e+02 7.005255314272001987e-01 6.275577453355549173e-02
1.134749999999919083e+02 6.992638543415351515e-01 6.149804519833973471e-02
1.136250000000000000e+02 6.975458182427554110e-01 6.187915893858729477e-02
1.137750000000078359e+02 6.951743469023893285e-01 6.134608768395972273e-02
1.139250000000213561e+02 6.946115909861753090e-01 6.214072540922835342e-02
1.140749999999786297e+02 6.932767181285167668e-01 6.128570227613491794e-02
1.142249999999925620e+02 6.912987823020484424e-01 6.170667533737220212e-02
1.143750000000000000e+02 6.899673590196502282e-01 6.175670948664653548e-02
1.145250000000071680e+02 6.879544836601769742e-01 6.077821109765494528e-02
1.146750000000215124e+02 6.865054003331848564e-01 6.085059568394163981e-02
1.148249999999784308e+02 6.855226526252538033e-01 6.029363801389168304e-02
1.149749999999932157e+02 6.840045342002526452e-01 6.137233837703693490e-02
1.151250000000000000e+02 6.827174951315989615e-01 6.154039441225184204e-02
1.152750000000065285e+02 6.809905098577930804e-01 6.107096350395881806e-02
1.154250000000216829e+02 6.782028722776990426e-01 6.143244290383900741e-02
1.155749999999783029e+02 6.790058574883061082e-01 6.000220799772997687e-02
1.157249999999938694e+02 6.769389877189327942e-01 6.031846290032821106e-02
1.158750000000000000e+02 6.746881589740304497e-01 5.984873236987101747e-02
1.160250000000058748e+02 6.737899021175400849e-01 6.002335251631932961e-02
1.161750000000218392e+02 6.717978278014534732e-01 5.959692447913110536e-02
1.163249999999781323e+02 6.708121362167169810e-01 6.023529506996463251e-02
1.164749999999945089e+02 6.693227996731194729e-01 5.969886618416458957e-02
1.166250000000000000e+02 6.684344480150389289e-01 6.008400085046455841e-02
1.167750000000052495e+02 6.672598737948488568e-01 5.965918056204799064e-02
1.169250000000220098e+02 6.655351591947332723e-01 5.901076470904620397e-02
1.170749999999779760e+02 6.637273533315468654e-01 6.012355023643323193e-02
1.172249999999951484e+02 6.627230954914250516e-01 5.946367975881929058e-02
1.173750000000000000e+02 6.614857828100949577e-01 5.978066219254697666e-02
1.175250000000046242e+02 6.611485220922975747e-01 5.954600276948879278e-02
1.176750000000221377e+02 6.582525294729145715e-01 5.884557260989516092e-02
1.178249999999778055e+02 6.581298928364551770e-01 5.838011871272456854e-02
1.179749999999957453e+02 6.553383390655497243e-01 5.900169741270014367e-02
1.181250000000000000e+02 6.547668942053961327e-01 5.875985607216343415e-02
1.182750000000039989e+02 6.537520928369406903e-01 5.871028098192768163e-02
1.184250000000223082e+02 6.523980555164916595e-01 5.815611637512725640e-02
1.185749999999776634e+02 6.512918128428856201e-01 5.812855816552480598e-02
1.187249999999963705e+02 6.500660707032800412e-01 5.920915153067501935e-02
1.188750000000000000e+02 6.486091871888480798e-01 5.865763454085873990e-02
1.190250000000033879e+02 6.482385401746832976e-01 5.891338537002945019e-02
1.191750000000224645e+02 6.452512628049780208e-01 5.835531167217639786e-02
1.193249999999775071e+02 6.440113595601881791e-01 5.808184691383394549e-02
1.194749999999969816e+02 6.433801006884866114e-01 5.720839749010418751e-02
1.196250000000000000e+02 6.424514543624516572e-01 5.796338609215555965e-02
1.197750000000027910e+02 6.412832134202404166e-01 5.711246975261902864e-02
1.199250000000226066e+02 6.397761705290669898e-01 5.836546322901668693e-02
1.200749999999773650e+02 6.380734537148933239e-01 5.725912685504734589e-02
1.202249999999975927e+02 6.368293070107228226e-01 5.718344112180584471e-02
1.203750000000000000e+02 6.352906310220461927e-01 5.714988494375104061e-02
1.205250000000021799e+02 6.347826341668335592e-01 5.743943548704898150e-02
1.206750000000227772e+02 6.338107724569286283e-01 5.689221613117705773e-02
1.208249999999772086e+02 6.329073908758771072e-01 5.779354139558214726e-02
1.209749999999981753e+02 6.308881390384895038e-01 5.711785657687971918e-02
1.211250000000000000e+02 6.298214448587456937e-01 5.669790290723732834e-02
1.212750000000015973e+02 6.289507088685705183e-01 5.683061647838234115e-02
1.214250000000229193e+02 6.275639639639271072e-01 5.734580034316195257e-02
1.215749999999770665e+02 6.260043426804333677e-01 5.649173065421987661e-02
1.217249999999987580e+02 6.241490724526967959e-01 5.628528113820731316e-02
1.218750000000000000e+02 6.237233345419572750e-01 5.655229530350398826e-02
1.220250000000010147e+02 6.219243637070202002e-01 5.691110527585169221e-02
1.221750000000230472e+02 6.215085761515176666e-01 5.662009706474387810e-02
1.223249999999769244e+02 6.198302904129641133e-01 5.675251304761395194e-02
1.224749999999993406e+02 6.201021879115607982e-01 5.614236613254482838e-02
1.226250000000000000e+02 6.185383947368267021e-01 5.547495546834891461e-02
1.227750000000004320e+02 6.168304689262613660e-01 5.614075539534817139e-02
1.229250000000231893e+02 6.152003422739484861e-01 5.578301432255716036e-02
1.230749999999767681e+02 6.149178482135747581e-01 5.553442703884282905e-02
1.232249999999999233e+02 6.133271736996517287e-01 5.584440523845882881e-02
1.233750000000000000e+02 6.119563785430633951e-01 5.462015101283306667e-02
1.235249999999998494e+02 6.110794365828666752e-01 5.488489435841555769e-02
1.236750000000233314e+02 6.091317584879528679e-01 5.588532612382964698e-02
1.238249999999766402e+02 6.078309252164673104e-01 5.496963480703277033e-02
1.239750000000004775e+02 6.079731065501355891e-01 5.508444635596377453e-02
1.241250000000000000e+02 6.072586511540365439e-01 5.516733413335093289e-02
1.242749999999992951e+02 6.049218882884834780e-01 5.484912513089595237e-02
1.244250000000234735e+02 6.043365985161286424e-01 5.539645255338390695e-02
1.245749999999764839e+02 6.037431317155758093e-01 5.471779271869810918e-02
1.247250000000010317e+02 6.018927375393633428e-01 5.500589782556651597e-02
1.248750000000000000e+02 6.019781094347526063e-01 5.505556955443422634e-02
1.250249999999987551e+02 5.998497235285379370e-01 5.421112086171540889e-02
1.251750000000236156e+02 5.979257862017429703e-01 5.440060625575475484e-02
1.253249999999763702e+02 5.973365225167510673e-01 5.466545281370987358e-02
1.254750000000015859e+02 5.963970117361520051e-01 5.428699283037638490e-02
1.256250000000000000e+02 5.960316289615419372e-01 5.416822956339929773e-02
1.257749999999982009e+02 5.946066702660257608e-01 5.418263704173243572e-02
1.259250000000237577e+02 5.943431211721988960e-01 5.414471450434961419e-02
1.260749999999762281e+02 5.922505190368637651e-01 5.422257510812924369e-02
1.262250000000021259e+02 5.912837938631293477e-01 5.391276071061167074e-02
1.263750000000000000e+02 5.901452851529518373e-01 5.344193268061032259e-02
1.265249999999976609e+02 5.873537171732152729e-01 5.341788982756112691e-02
1.266750000000238856e+02 5.635968337877185208e-01 5.252155623981299981e-02
1.268249999999760860e+02 5.489166020258685608e-01 5.163902550707491490e-02
1.269750000000026660e+02 5.372777863838898993e-01 5.087854236068233699e-02
1.271250000000000000e+02 5.261257648896556782e-01 5.036826566738207556e-02
1.272749999999971209e+02 5.182727732493009887e-01 4.965497532100737049e-02
1.274250000000240277e+02 5.107199264696511420e-01 5.006002073034190175e-02
1.275749999999759439e+02 5.039470299148748333e-01 4.939099080010223020e-02
1.277250000000031918e+02 4.960916520162033105e-01 4.849021994431368388e-02
1.278750000000000000e+02 4.909969642849627003e-01 4.895349156717313660e-02
1.280249999999965951e+02 4.846028691967279589e-01 4.857223786469962168e-02
1.281750000000241414e+02 4.791539949893089401e-01 4.819289462880425173e-02
1.283249999999758018e+02 4.740288879944223877e-01 4.846928644745143733e-02
1.284750000000037176e+02 4.683663351894806759e-01 4.782883713984081853e-02
1.286250000000000000e+02 4.633463921562653298e-01 4.722969235081077993e-02
1.287749999999960835e+02 4.588765152887453458e-01 4.681958440521163251e-02
1.289250000000242835e+02 4.536340670579926404e-01 4.670693948352921954e-02
1.290749999999756881e+02 4.484792827473263466e-01 4.635967481152953457e-02
1.292250000000042292e+02 4.443856253685306568e-01 4.672198502595457242e-02
1.293750000000000000e+02 4.392399136653106773e-01 4.593585078363408847e-02
1.295249999999955719e+02 4.359438421552519483e-01 4.574574592770293963e-02
1.296750000000243972e+02 4.307727830095027799e-01 4.572914112753683619e-02
1.298249999999755460e+02 4.270743531256048775e-01 4.591752723891141807e-02
1.299750000000047692e+02 4.238487071425175445e-01 4.453089705673610871e-02
1.301250000000000000e+02 4.189162115258205921e-01 4.410292099324110426e-02
1.302749999999950319e+02 4.151645998777322988e-01 4.480309780413345433e-02
1.304250000000245393e+02 4.115093274875928908e-01 4.426909044301109014e-02
1.305749999999754323e+02 4.066927266877468083e-01 4.428060806587974518e-02
1.307250000000052523e+02 4.027584191331983199e-01 4.443308391454885153e-02
1.308750000000000000e+02 4.001130376300314206e-01 4.332179613834143128e-02
1.310249999999945487e+02 3.966097451360917625e-01 4.372634062433144314e-02
1.311750000000246530e+02 3.926549434670059124e-01 4.290645652392575948e-02
1.313249999999753186e+02 3.897008764589524055e-01 4.311960486931173259e-02
1.314750000000057639e+02 3.852160648148763578e-01 4.255861880399765262e-02
1.316250000000000000e+02 3.833611988017562866e-01 4.254411846823464433e-02
1.317749999999940655e+02 3.795816267134036748e-01 4.198963921033638941e-02
1.319250000000247951e+02 3.753051433761239175e-01 4.254950429368588305e-02
1.320749999999751765e+02 3.724237243419782906e-01 4.203526417572980844e-02
1.322250000000062471e+02 3.695184196720315284e-01 4.144606456265913924e-02
1.323750000000000000e+02 3.661453506785224410e-01 4.166316108703745774e-02
1.325249999999935540e+02 3.631607690174425418e-01 4.110443867430203790e-02
1.326750000000249088e+02 3.600370210625102319e-01 4.097633421222943162e-02
1.328249999999750628e+02 3.563576761073082300e-01 4.065844650165682111e-02
1.329750000000067303e+02 3.532637754189882351e-01 4.077457279389014311e-02
1.331250000000000000e+02 3.503189635531903101e-01 4.053863120754131605e-02
1.332749999999930424e+02 3.473689899905122447e-01 4.018118653287301029e-02
1.334250000000250225e+02 3.445599090295696776e-01 4.011276407941067462e-02
1.335749999999749491e+02 3.413468107271402929e-01 3.996985787483705449e-02
1.337250000000072134e+02 3.379942713924437570e-01 4.009913064973893299e-02
1.338750000000000000e+02 3.354844910445416439e-01 3.959876286093982206e-02
1.340249999999925876e+02 3.324808672119665687e-01 3.954998495888860377e-02
1.341750000000251362e+02 3.296408910625912569e-01 3.879437689781747162e-02
1.343249999999748354e+02 3.269087985779494665e-01 3.865187147886916391e-02
1.344750000000077250e+02 3.241220380170355408e-01 3.880540914790642226e-02
1.346250000000000000e+02 3.213947126984155744e-01 3.839688517755384528e-02
1.347749999999921044e+02 3.189453507703232660e-01 3.824914625477988245e-02
1.349250000000252783e+02 3.165056275401957331e-01 3.784583776081627132e-02
1.350749999999746933e+02 3.137493130164470956e-01 3.802279186136310607e-02
1.352250000000081798e+02 3.107337034879021909e-01 3.787722207845220512e-02
1.353750000000000000e+02 3.075483423687958018e-01 3.782159349641966983e-02
1.355249999999916213e+02 3.050443788710578974e-01 3.683287615402059539e-02
1.356750000000253920e+02 3.028873852548717438e-01 3.679035539910999880e-02
1.358249999999746080e+02 2.997068970460481374e-01 3.723495255503032897e-02
1.359750000000086345e+02 2.977306592143892372e-01 3.687713683072600668e-02
1.361250000000000000e+02 2.949377979009732420e-01 3.667631452961565841e-02
1.362749999999911665e+02 2.924610345466541195e-01 3.642271662522444248e-02
1.364250000000255056e+02 2.897501393234980793e-01 3.631462701095990175e-02
1.365749999999744659e+02 2.881870083291972473e-01 3.616088806404658268e-02
1.367250000000091177e+02 2.845264023941506681e-01 3.593228365969566851e-02
1.368750000000000000e+02 2.830440592763863727e-01 3.558017794633269032e-02
1.370249999999907118e+02 2.795617746611278598e-01 3.579011084983355073e-02
1.371750000000256193e+02 2.770960808353469806e-01 3.564003019242253933e-02
1.373249999999743522e+02 2.753928225612798375e-01 3.523814942455277821e-02
1.374750000000095724e+02 2.724350431717811327e-01 3.509206448945798029e-02
1.376250000000000000e+02 2.701952658309899058e-01 3.461421673646830621e-02
1.377749999999902286e+02 2.679156566473530066e-01 3.506853173942963559e-02
1.379250000000257330e+02 2.656314357764669731e-01 3.446870644537507883e-02
1.380749999999742386e+02 2.632074173770170833e-01 3.442989366016403763e-02
1.382250000000100272e+02 2.603011918163851690e-01 3.396598357166408233e-02
1.383750000000000000e+02 2.578073529788780793e-01 3.407118183110239423e-02
1.385249999999898023e+02 2.559718511543010444e-01 3.377697014518678265e-02
1.386750000000258467e+02 2.532215779244788023e-01 3.374079088895848288e-02
1.388249999999741249e+02 2.518962055677916867e-01 3.315678387237676328e-02
1.389750000000104535e+02 2.493204435990201140e-01 3.360424653750232471e-02
1.391250000000000000e+02 2.467723733554156029e-01 3.342650683275374957e-02
1.392749999999893475e+02 2.453214853602821710e-01 3.323960763777050048e-02
1.394250000000259604e+02 2.428354944828866047e-01 3.272793221025843691e-02
1.395749999999740112e+02 2.402990060840998476e-01 3.223649720586797135e-02
1.397250000000109367e+02 2.381854209103085873e-01 3.282371578166622811e-02
1.398750000000000000e+02 2.361293938124602310e-01 3.254941011811179896e-02
1.400249999999889212e+02 2.344229622133742197e-01 3.210060341425042402e-02
1.401750000000260741e+02 2.320161915692373344e-01 3.177083139233338738e-02
1.403249999999738975e+02 2.300987707508865276e-01 3.179142060595804842e-02
1.404750000000113346e+02 2.279210051729181896e-01 3.192983350658215591e-02
1.406250000000000000e+02 2.255892121742293643e-01 3.189521780429659115e-02
1.407749999999884665e+02 2.232967681617442635e-01 3.152410086366796288e-02
1.409250000000261593e+02 2.214311350434868542e-01 3.105557600506550497e-02
1.410749999999738122e+02 2.197004584093009416e-01 3.094219716057928019e-02
1.412250000000117893e+02 2.173196530972349994e-01 3.079052581622212376e-02
1.413750000000000000e+02 2.156748155878202289e-01 3.059437991923780534e-02
1.415249999999880401e+02 2.130155309329022639e-01 3.030834968803290327e-02
1.416750000000263014e+02 2.113232766316682221e-01 3.066602842267388690e-02
1.418249999999736986e+02 2.089020167041125975e-01 3.050060232654914702e-02
1.419750000000122441e+02 2.073018004774398182e-01 3.042680338468558773e-02
1.421250000000000000e+02 2.054497838989225444e-01 3.014238436328707180e-02
1.422749999999876138e+02 2.029641788678204495e-01 2.990612122170555401e-02
1.424250000000264151e+02 2.005213214943279698e-01 2.989038799383486600e-02
1.425749999999735849e+02 1.987334229598705093e-01 2.930652171915030732e-02
1.427250000000126420e+02 1.971346869314313799e-01 2.944021590711401112e-02
1.428750000000000000e+02 1.955529456047356562e-01 2.919532463199190839e-02
1.430249999999871875e+02 1.936462402876881206e-01 2.911783876935314722e-02
1.431750000000265004e+02 1.908426889270465887e-01 2.875677775924771404e-02
1.433249999999734712e+02 1.897185011500149843e-01 2.848128377783502169e-02
1.434750000000130683e+02 1.878159902820847604e-01 2.836771470940747594e-02
1.436250000000000000e+02 1.859349585661350390e-01 2.833379483278674130e-02
1.437749999999867612e+02 1.840145715339867039e-01 2.814217264684195502e-02
1.439250000000266141e+02 1.820510217661938657e-01 2.835348865507132318e-02
1.440749999999733575e+02 1.803489564095575037e-01 2.787620592785755580e-02
1.442250000000134946e+02 1.780721111490677078e-01 2.774992836261347406e-02
1.443750000000000000e+02 1.768814251877360577e-01 2.745397748774587934e-02
1.445249999999863348e+02 1.744406823514742799e-01 2.740663048313221953e-02
1.446750000000266994e+02 1.727131619992715306e-01 2.702594375567964405e-02
1.448249999999732722e+02 1.704645083150413132e-01 2.708776504387003931e-02
1.449750000000139210e+02 1.686150435753022425e-01 2.695715289088631422e-02
1.451250000000000000e+02 1.675676194272719688e-01 2.703848543728224266e-02
1.452749999999859369e+02 1.657033320086761519e-01 2.670463360033238642e-02
1.454250000000268130e+02 1.639090192350376174e-01 2.635716638149741831e-02
1.455749999999731870e+02 1.619569226241925897e-01 2.611714099228935881e-02
1.457250000000142904e+02 1.603116344705101670e-01 2.623358008277305864e-02
1.458750000000000000e+02 1.583681133262986040e-01 2.594308355999095511e-02
1.460249999999855390e+02 1.567298918245036699e-01 2.565972627624146796e-02
1.461750000000269267e+02 1.549578635957044870e-01 2.571144325281572371e-02
1.463249999999730733e+02 1.533651567446698283e-01 2.564952805026548058e-02
1.464750000000146883e+02 1.515508552450529345e-01 2.520283327854190222e-02
1.466250000000000000e+02 1.493591721191660227e-01 2.518174370346442509e-02
1.467749999999851411e+02 1.482160148440169745e-01 2.505316508859024155e-02
1.469250000000270120e+02 1.462576628969496917e-01 2.481389960456776775e-02
1.470749999999729596e+02 1.441891990188224892e-01 2.446879163270412189e-02
1.472250000000150862e+02 1.423102376029672655e-01 2.486130116395849493e-02
1.473750000000000000e+02 1.412198524424528867e-01 2.441555454041135012e-02
1.475249999999847432e+02 1.393204632110169039e-01 2.426723996926903257e-02
1.476750000000270973e+02 1.377841633615912442e-01 2.417542194217942725e-02
1.478249999999728743e+02 1.363266663884462326e-01 2.410966715903676075e-02
1.479750000000154841e+02 1.345323115021788141e-01 2.406084437035294760e-02
1.481250000000000000e+02 1.325909515239409031e-01 2.350266496868807023e-02
1.482749999999843453e+02 1.311138819847357806e-01 2.325167235695499088e-02
1.484250000000272109e+02 1.293526797279314078e-01 2.333824966891404409e-02
1.485749999999727606e+02 1.276280316091704392e-01 2.312191353607237140e-02
1.487250000000158821e+02 1.259935002688468419e-01 2.294764316294512982e-02
1.488750000000000000e+02 1.246548460072870318e-01 2.291049355689033992e-02
1.490249999999839474e+02 1.225803617285097236e-01 2.277984934268022232e-02
1.491750000000273246e+02 1.209697412062580024e-01 2.231936703742499334e-02
1.493249999999726754e+02 1.195075758950152056e-01 2.249150658800689456e-02
1.494750000000162800e+02 1.176829277148020159e-01 2.212810827019911705e-02
1.496250000000000000e+02 1.162618559089257653e-01 2.200048357639892982e-02
1.497749999999835779e+02 1.142393184627571168e-01 2.193910165403102630e-02
1.499250000000274099e+02 1.131301624452800692e-01 2.172323401281101365e-02
1.500749999999725617e+02 1.113158328586763279e-01 2.154332565446649347e-02
1.502250000000166494e+02 1.101411006531581305e-01 2.113404343683355363e-02
1.503750000000000000e+02 1.079797555448864382e-01 2.122171478377331624e-02
1.505249999999831800e+02 1.066678800560350859e-01 2.084755317536579264e-02
1.506750000000274952e+02 1.049251930787030301e-01 2.071810920282694812e-02
1.508249999999724764e+02 1.035710397906863811e-01 2.036486170007086038e-02
1.509750000000170473e+02 1.021413081173191267e-01 2.057038785611228771e-02
1.511250000000000000e+02 1.002731316556035868e-01 2.034197611614331144e-02
1.512749999999828106e+02 9.871903848627894273e-02 2.026118684600213687e-02
1.514250000000275804e+02 9.734443678834514557e-02 1.997068971429779433e-02
1.515749999999723912e+02 9.602978122797189986e-02 2.005487603860420590e-02
1.517250000000174168e+02 9.419533366779758721e-02 1.960365041375503395e-02
1.518750000000000000e+02 9.284748249115368224e-02 1.942678614310664950e-02
1.520249999999824411e+02 9.144068704763599897e-02 1.946750839047681897e-02
1.521750000000276941e+02 8.971160050226943683e-02 1.913838233189975313e-02
1.523249999999722775e+02 8.821617012377233613e-02 1.907213331157486813e-02
1.524750000000177863e+02 8.651014698841877348e-02 1.874907617068252014e-02
1.526250000000000000e+02 8.496973615670591617e-02 1.868471409352159482e-02
1.527749999999820716e+02 8.391042066773578278e-02 1.840039672687998618e-02
1.529250000000277794e+02 8.207759453145001272e-02 1.852795717012083870e-02
1.530749999999721922e+02 8.107328407403477377e-02 1.818589739825011292e-02
1.532250000000181558e+02 7.894900987724763619e-02 1.796447412683036329e-02
1.533750000000000000e+02 7.779932297740169145e-02 1.797127598269359847e-02
1.535249999999817021e+02 7.664901678318043754e-02 1.758926726451070371e-02
1.536750000000278646e+02 7.473815087486583575e-02 1.747469400838364689e-02
1.538249999999721069e+02 7.323758065653579452e-02 1.717597066525419769e-02
1.539750000000185253e+02 7.186443936727801574e-02 1.695989049557502723e-02
1.541250000000000000e+02 7.049478649251554596e-02 1.693473880092981679e-02
1.542749999999813326e+02 6.884912161256818985e-02 1.707332106148792827e-02
1.544250000000279783e+02 6.782166767269864893e-02 1.655429591673877182e-02
1.545749999999720217e+02 6.608663941666034769e-02 1.625981734196599998e-02
1.547250000000188948e+02 6.477502249304918636e-02 1.598202308047905890e-02
1.548750000000000000e+02 6.331132050667193090e-02 1.615082969712385713e-02
1.550249999999809631e+02 6.177747019498561198e-02 1.580453885291399282e-02
1.551750000000280636e+02 6.020769978817486212e-02 1.561035980906166389e-02
1.553249999999719080e+02 5.892260883455384401e-02 1.533686282355850236e-02
1.554750000000192358e+02 5.751507639519549270e-02 1.518158761364637316e-02
1.556250000000000000e+02 5.614903032104747588e-02 1.518265907080882521e-02
1.557749999999806221e+02 5.518911207424927190e-02 1.474960436530840455e-02
1.559250000000281489e+02 5.356349244528919168e-02 1.454314966491121117e-02
1.560749999999718511e+02 5.212020854570933309e-02 1.437408535741545833e-02
1.562250000000196053e+02 5.081850168819817409e-02 1.419053673182887713e-02
1.563750000000000000e+02 4.930304363882501845e-02 1.421873137279101341e-02
1.565249999999802810e+02 4.802420019435519466e-02 1.359166275412647742e-02
1.566750000000282341e+02 4.631212487613417528e-02 1.373449163740338499e-02
1.568249999999717659e+02 4.498929072089970227e-02 1.338962193712983292e-02
1.569750000000199748e+02 4.383675750442338204e-02 1.323353373796878722e-02
1.571250000000000000e+02 4.252641274026651430e-02 1.311017230258364023e-02
1.572749999999799115e+02 4.124734214759516460e-02 1.293307967066791193e-02
1.574250000000283194e+02 3.988047449613982276e-02 1.270541322922278706e-02
1.575749999999716522e+02 3.834349073617351195e-02 1.248572417991573869e-02
1.577250000000202874e+02 3.707483702926376440e-02 1.222034080719261277e-02
1.578750000000000000e+02 3.571344103399069769e-02 1.186423695287450002e-02
1.580249999999795705e+02 3.442304289055836408e-02 1.164924847438226184e-02
1.581750000000284047e+02 3.312515779110760533e-02 1.147476633699517044e-02
1.583249999999715669e+02 3.182695298403123707e-02 1.117466029607039855e-02
1.584750000000206569e+02 3.045307110480553747e-02 1.100378660635013134e-02
1.586250000000000000e+02 2.908654255289147561e-02 1.085117443729911348e-02
1.587749999999792294e+02 2.788173698921138713e-02 1.046925395458176040e-02
1.589250000000284899e+02 2.668672020571022374e-02 1.021638211751295724e-02
1.590749999999715101e+02 2.493050671434579590e-02 9.843893826606393838e-03
1.592250000000209980e+02 2.397776905419245208e-02 9.649538396543727581e-03
1.593750000000000000e+02 2.252635309111797671e-02 9.484704907988765824e-03
1.595249999999788884e+02 2.135386897870202028e-02 9.223599541939903404e-03
1.596750000000285752e+02 2.016981028689911540e-02 8.954196219010690863e-03
1.598249999999713964e+02 1.884875573490537790e-02 8.654179869453727456e-03
1.599750000000213390e+02 1.749442432248112314e-02 8.294994892538749484e-03
1.601250000000000000e+02 1.617246299785840558e-02 7.909082252560933543e-03
1.602749999999785473e+02 1.506435472473969910e-02 7.692670153401194068e-03
1.604250000000286605e+02 1.374909667316785190e-02 7.261223847960333704e-03
1.605749999999713395e+02 1.239480374117454126e-02 6.923975628013371089e-03
1.607250000000216517e+02 1.120572383297220413e-02 6.556678865894839149e-03
1.608750000000000000e+02 9.962209024644145747e-03 6.138202171298468186e-03
1.610249999999782062e+02 8.670656904644453641e-03 5.759406418519939092e-03
1.611750000000287457e+02 7.447805097212539284e-03 5.425076020132098276e-03
1.613249999999712543e+02 6.264240794188436282e-03 4.878440062508828355e-03
1.614750000000219927e+02 4.998796594078635906e-03 4.364020484035578684e-03
1.616250000000000000e+02 3.784312807398225714e-03 3.794774326006653421e-03
1.617749999999778652e+02 2.544106895823483074e-03 3.135201941450568765e-03
1.619250000000288310e+02 1.284072922552818028e-03 2.251450845842509207e-03
1.620749999999711406e+02 2.175629424612354388e-04 9.288000764736208635e-04
