# Radius RDF_mean RDF_std
7.500000000000896228e-02 8.078287274807056852e-04 4.663538002734741311e-02
2.249999999999577616e-01 3.591811768766006350e-04 1.795637817335300757e-02
3.750000000000000000e-01 6.999434464556012923e-04 1.940130626092143734e-02
5.249999999999700462e-01 8.847965798360730126e-04 1.842899591817810309e-02
6.750000000001169509e-01 7.473818732039781785e-04 1.492970376995865316e-02
8.249999999998777200e-01 1.199065574408369637e-03 1.708836186685021644e-02
9.750000000001839418e-01 1.676939842664957681e-03 1.855800162572319306e-02
1.125000000000000000e+00 1.956201297858692865e-03 1.880661432980870046e-02
1.274999999999773648e+00 2.248811184324519923e-03 1.939568350806994759e-02
1.424999999999764455e+00 2.862371339504503776e-03 2.033553212212697858e-02
1.575000000000282396e+00 4.063768277071628382e-03 2.296718989200826136e-02
1.725000000000170397e+00 5.865111944107974200e-03 2.601824993707529607e-02
1.875000000000000000e+00 8.573301251520854677e-03 3.028640227092858905e-02
2.025000000000070521e+00 1.201722229397573019e-02 3.483210637159956519e-02
2.174999999999594813e+00 1.696297693714710411e-02 3.975502766596340082e-02
2.325000000000426059e+00 2.432864116785562678e-02 4.557082084521873327e-02
2.474999999999678124e+00 3.511015582763045428e-02 5.389097258144843333e-02
2.625000000000000000e+00 5.052830501417120146e-02 6.175205972131795479e-02
2.775000000000444444e+00 7.586156200272038685e-02 7.454743703701675883e-02
2.924999999999512212e+00 1.082237170387345682e-01 8.617851924824501686e-02
3.075000000000499334e+00 1.590900484819897931e-01 1.028685321890291243e-01
3.224999999999414779e+00 2.274782752580108425e-01 1.189720402903105684e-01
3.375000000000000000e+00 3.226126208453140576e-01 1.379941055517980852e-01
3.525000000000659384e+00 4.565476082616832798e-01 1.596892276010682399e-01
3.674999999999857714e+00 6.327464300924995344e-01 1.844761432134124635e-01
3.825000000000022382e+00 8.550949638792981755e-01 2.103954403693410191e-01
3.974999999999250466e+00 1.135574590296149600e+00 2.347766211821505078e-01
4.125000000000000000e+00 1.487425382809387964e+00 2.585666578690725692e-01
4.275000000000798828e+00 1.837749981865701709e+00 2.832543500185750740e-01
4.425000000000374634e+00 2.009785096643212476e+00 2.914629333653640519e-01
4.574999999999541878e+00 1.969061788360000342e+00 2.860867709636252254e-01
4.724999999999138112e+00 1.767505433082504185e+00 2.689664932615307147e-01
4.875000000000000000e+00 1.542543543849279386e+00 2.442625002861761596e-01
5.025000000000897415e+00 1.343030318931300870e+00 2.279749708664810526e-01
5.175000000000743228e+00 1.192829781094359554e+00 2.128672168456983704e-01
5.324999999999196376e+00 1.104122115555463468e+00 1.998063248051763219e-01
5.474999999999057287e+00 1.063641386560707058e+00 1.983905385056865533e-01
5.625000000000000000e+00 1.072962710571865985e+00 1.941567763038102579e-01
5.775000000000969358e+00 1.108320602870073390e+00 1.936234156312781063e-01
5.925000000001017675e+00 1.144747811723795694e+00 1.951544489713214481e-01
6.074999999998936140e+00 1.152183318342995033e+00 1.913915900484151333e-01
6.224999999998995115e+00 1.123812308644845714e+00 1.870804736106403410e-01
6.375000000000000000e+00 1.049510123262947570e+00 1.794525542083654501e-01
6.525000000001025313e+00 9.716489172625155657e-01 1.699101076552411160e-01
6.675000000001229949e+00 9.106435759052973200e-01 1.634165108482855955e-01
6.824999999998733635e+00 8.711141774813639937e-01 1.582614339712199170e-01
6.974999999999387690e+00 8.694346318388408434e-01 1.591544501166156922e-01
7.125000000000000000e+00 8.951096858417084690e-01 1.599086588085564531e-01
7.275000000000346745e+00 9.373778186777789179e-01 1.597068998065048762e-01
7.425000000001398703e+00 9.840905040208886012e-01 1.593278995634406503e-01
7.574999999998571099e+00 1.035140093734158828e+00 1.635715379063868435e-01
7.725000000000012079e+00 1.071992529908232017e+00 1.659779422844954999e-01
7.875000000000000000e+00 1.085927245505054595e+00 1.631920959158172368e-01
8.024999999999771205e+00 1.078884469481006247e+00 1.633156395327491350e-01
8.175000000001539036e+00 1.071071372396493082e+00 1.622211349426087301e-01
8.324999999998437872e+00 1.062889672097371729e+00 1.594391991093201122e-01
8.475000000000525446e+00 1.061123501730792285e+00 1.572588727781045748e-01
8.625000000000000000e+00 1.058445330687769470e+00 1.544294854023760266e-01
8.774999999999291589e+00 1.060312608482426366e+00 1.547285410750079415e-01
8.925000000001652722e+00 1.062193599096885821e+00 1.532349283734115442e-01
9.074999999998325961e+00 1.055481058010293349e+00 1.529565768156700145e-01
9.225000000000957101e+00 1.050151817556765010e+00 1.498370972207296037e-01
9.375000000000000000e+00 1.038233902822188082e+00 1.497403911608289340e-01
9.524999999998890132e+00 1.023792028986438618e+00 1.456738006271004193e-01
9.675000000001750422e+00 1.009232703427855649e+00 1.446816225496535269e-01
9.824999999998231814e+00 9.925239385244056800e-01 1.419241029720680336e-01
9.975000000001321254e+00 9.782656401654660216e-01 1.376781850378795691e-01
1.012500000000000000e+01 9.641342309121960774e-01 1.388132883597421319e-01
1.027499999999854730e+01 9.551007022865073415e-01 1.340924479008115955e-01
1.042500000000183391e+01 9.425500072291702613e-01 1.352728495365294881e-01
1.057499999999815010e+01 9.351421131960893085e-01 1.330442157343912912e-01
1.072500000000163745e+01 9.294333208062200979e-01 1.316994563933025497e-01
1.087500000000000000e+01 9.246314577985683680e-01 1.305549419650385845e-01
1.102499999999824887e+01 9.228406222490355137e-01 1.302652335155307928e-01
1.117500000000190674e+01 9.240059892751046888e-01 1.303618270495470188e-01
1.132499999999808082e+01 9.313606017818747418e-01 1.303969825258670667e-01
1.147500000000190923e+01 9.358852731630221689e-01 1.273449188739050331e-01
1.162500000000000000e+01 9.408538300690940659e-01 1.276763922878330071e-01
1.177499999999798952e+01 9.474310538167501905e-01 1.277404813276912798e-01
1.192500000000196891e+01 9.528791203811600719e-01 1.277959150270334687e-01
1.207499999999801865e+01 9.624597148025849647e-01 1.260628104856372500e-01
1.222500000000215081e+01 9.698234184652781975e-01 1.251665014766052686e-01
1.237500000000000000e+01 9.789474546532889176e-01 1.256446799251019486e-01
1.252499999999776215e+01 9.851300428949052446e-01 1.264655917795195206e-01
1.267500000000202398e+01 9.925992136763486240e-01 1.256828154230343053e-01
1.282499999999796536e+01 9.991688920060161072e-01 1.246391787368550247e-01
1.297500000000236220e+01 1.001472696522460293e+00 1.233269883818886026e-01
1.312500000000000000e+01 1.001838008775892908e+00 1.234817661016636703e-01
1.327499999999756142e+01 1.004812760393335669e+00 1.212165117151761257e-01
1.342500000000173088e+01 1.000767503080092213e+00 1.204068594728826547e-01
1.357499999999841833e+01 1.005203795316267135e+00 1.214304065022419887e-01
1.372500000000255049e+01 1.002445813237637706e+00 1.196870144971711597e-01
1.387500000000000000e+01 1.008369795681234971e+00 1.221262884409795579e-01
1.402499999999738023e+01 1.012578290035112127e+00 1.206161375495243965e-01
1.417500000000102034e+01 1.017298570372603628e+00 1.191404941525718297e-01
1.432499999999911111e+01 1.017242963393547139e+00 1.185998633362797122e-01
1.447500000000271925e+01 1.020438245166946256e+00 1.174950095301947744e-01
1.462500000000000000e+01 1.024226568693116235e+00 1.179625779787253359e-01
1.477499999999721680e+01 1.025490400218480591e+00 1.198020352248013176e-01
1.492500000000038618e+01 1.024701297269805300e+00 1.166688852049249103e-01
1.507499999999973639e+01 1.022926591384247352e+00 1.155284701599947617e-01
1.522500000000287201e+01 1.020946090168788567e+00 1.180039627803280977e-01
1.537500000000000000e+01 1.014699816399782240e+00 1.124798312532970107e-01
1.552499999999706937e+01 1.011374426676709959e+00 1.146536197672712587e-01
1.567499999999980886e+01 1.006109855306288603e+00 1.136910510959397158e-01
1.582500000000029772e+01 1.000402724706548119e+00 1.119982874639872117e-01
1.597500000000300879e+01 9.941746527275041601e-01 1.109419433376250957e-01
1.612500000000000000e+01 9.884943550800635581e-01 1.096117005276342898e-01
1.627499999999693969e+01 9.861585923903767315e-01 1.098723596635955424e-01
1.642499999999928662e+01 9.835471957988183300e-01 1.079266250435172714e-01
1.657500000000081286e+01 9.792637532777775933e-01 1.066505155186394799e-01
1.672500000000313847e+01 9.777462060899192453e-01 1.075886022548552534e-01
1.687500000000000000e+01 9.789631945797021562e-01 1.062232537819541578e-01
1.702499999999681535e+01 9.814764048400733687e-01 1.065036974217884319e-01
1.717499999999880700e+01 9.822275854467081846e-01 1.065309591342111090e-01
1.732500000000128182e+01 9.830798358894842215e-01 1.062933427978344225e-01
1.747500000000325215e+01 9.871059189442358273e-01 1.058372610253067725e-01
1.762500000000000000e+01 9.881734399400428082e-01 1.059548151380168557e-01
1.777499999999670521e+01 9.918325764814933665e-01 1.058357527258191738e-01
1.792499999999837357e+01 9.932665670901523747e-01 1.067100446089808558e-01
1.807500000000171170e+01 9.948548941734407514e-01 1.036024345287353127e-01
1.822500000000335874e+01 9.971918881536515622e-01 1.047256764538719437e-01
1.837500000000000000e+01 9.981362864929944623e-01 1.034535690703852068e-01
1.852499999999660218e+01 1.001237670689948844e+00 1.038083431112214183e-01
1.867499999999797211e+01 1.001925954946444097e+00 1.034339779265747300e-01
1.882500000000210960e+01 1.006141537801999553e+00 1.025479947368908018e-01
1.897500000000345466e+01 1.005774070483707927e+00 1.025058300271507461e-01
1.912500000000000000e+01 1.005713185656978315e+00 1.018866002297258294e-01
1.927499999999650626e+01 1.006497029794544806e+00 1.024200738254324172e-01
1.942499999999759908e+01 1.008680507633659795e+00 1.014193041067427414e-01
1.957500000000247198e+01 1.005386267523318944e+00 1.007159923572600452e-01
1.972500000000354348e+01 1.006375661071292615e+00 9.997023279116451500e-02
1.987500000000000000e+01 1.002580073007580008e+00 1.001358543552071656e-01
2.002499999999642100e+01 1.002656114865050574e+00 9.941819625525034898e-02
2.017499999999725446e+01 9.992234143699159077e-01 9.851167287744543033e-02
2.032500000000281304e+01 9.961228052233035424e-01 9.909274699793867158e-02
2.047500000000362874e+01 9.950010931653804347e-01 9.875877694921551819e-02
2.062500000000000000e+01 9.906541548623909454e-01 9.694145496307710053e-02
2.077499999999633928e+01 9.876813909379159595e-01 9.534199476406195195e-02
2.092499999999693472e+01 9.855389202011158867e-01 9.736256661835139548e-02
2.107500000000312212e+01 9.867812804369539004e-01 9.624794169515532571e-02
2.122500000000370690e+01 9.844291961952282843e-01 9.602067717816353820e-02
2.137500000000000000e+01 9.844347863102744789e-01 9.485969588639783789e-02
2.152499999999626468e+01 9.836393040875178739e-01 9.488401132896134849e-02
2.167499999999663984e+01 9.857523433484827180e-01 9.521805377029535222e-02
2.182500000000341700e+01 9.871013301029191167e-01 9.427996845603207887e-02
2.197500000000377796e+01 9.896106745429538165e-01 9.467953836216203012e-02
2.212500000000000000e+01 9.895484047528156912e-01 9.370613070497331443e-02
2.227499999999619718e+01 9.914802681203161994e-01 9.364699791744049429e-02
2.242499999999636273e+01 9.953940141246598872e-01 9.344495469001649901e-02
2.257500000000369056e+01 9.962923053721983724e-01 9.299407705636784927e-02
2.272500000000384546e+01 9.968242320068380069e-01 9.254399669106951054e-02
2.287500000000000000e+01 9.997996060039193722e-01 9.378505484245110158e-02
2.302499999999612967e+01 1.001525619258212929e+00 9.272001516745667637e-02
2.317499999999610338e+01 1.004053472847290296e+00 9.264069370579498808e-02
2.332500000000394635e+01 1.005376155761593671e+00 9.197320259908002560e-02
2.347500000000390941e+01 1.008703690379660900e+00 9.258974774374915950e-02
2.362500000000000000e+01 1.009500827951929969e+00 9.115416519964034126e-02
2.377499999999606928e+01 1.010075286190275312e+00 9.235698126947496089e-02
2.392499999999586180e+01 1.010181802332477119e+00 9.091859461102784479e-02
2.407500000000418439e+01 1.010257131139098430e+00 9.094254019097219865e-02
2.422500000000396625e+01 1.010898999334346238e+00 9.109821428546462097e-02
2.437500000000000000e+01 1.008271628439640688e+00 9.020083821940544366e-02
2.452499999999600888e+01 1.006761137501650305e+00 9.044757203498790532e-02
2.467499999999563087e+01 1.006815754235386384e+00 9.060592533274164362e-02
2.482500000000441176e+01 1.001882886994696298e+00 8.927796329780633700e-02
2.497500000000402309e+01 1.003169431047843174e+00 8.819472344019332888e-02
2.512500000000000000e+01 9.999360001176048618e-01 8.970079640482940542e-02
2.527499999999595559e+01 1.000784111751078509e+00 8.910147862864896406e-02
2.542499999999541771e+01 9.976756789297513972e-01 8.684003108982307761e-02
2.557500000000462137e+01 9.961374889130262256e-01 8.743715866139596671e-02
2.572500000000407638e+01 9.968889771355257112e-01 8.727524408355692709e-02
2.587500000000000000e+01 9.951552932628714432e-01 8.684794822162252015e-02
2.602499999999590585e+01 9.937395121864734948e-01 8.633879464740250309e-02
2.617499999999521521e+01 9.946284980499746631e-01 8.724986267315165689e-02
2.632500000000482032e+01 9.950508529610873065e-01 8.633653822113758480e-02
2.647500000000383480e+01 9.939315693562588150e-01 8.651945553655088217e-02
2.662500000000000000e+01 9.930014458864390159e-01 8.587827383062923703e-02
2.677499999999647073e+01 9.929109892654438552e-01 8.584667729408648751e-02
2.692499999999502691e+01 9.948567919741865273e-01 8.557232061381721266e-02
2.707500000000501217e+01 9.960273304154706464e-01 8.523088197058857618e-02
2.722500000000308873e+01 9.973561436823894510e-01 8.617181697423582920e-02
2.737500000000000000e+01 9.965916887860900575e-01 8.422719504549878999e-02
2.752499999999719549e+01 9.982276898506704521e-01 8.484312116584011298e-02
2.767499999999484928e+01 9.982892335580597631e-01 8.488978615381576054e-02
2.782500000000518625e+01 9.975315596131998364e-01 8.486123188166216913e-02
2.797500000000238529e+01 1.000027701809945269e+00 8.571617705816382549e-02
2.812500000000000000e+01 9.985072208553545936e-01 8.380463889548400713e-02
2.827499999999788827e+01 9.991289195945936008e-01 8.387310482558822666e-02
2.842499999999467164e+01 1.000690534195434633e+00 8.345762602119120854e-02
2.857500000000536033e+01 1.000040680008292604e+00 8.387072270127694795e-02
2.872500000000171028e+01 9.994148655322281360e-01 8.211135263991416189e-02
2.887500000000000000e+01 9.979105719113714468e-01 8.193918195103763735e-02
2.902499999999854552e+01 9.967608988980865004e-01 8.210926909958664310e-02
2.917499999999451177e+01 9.988516958201418827e-01 8.249330740261204276e-02
2.932500000000552021e+01 9.969819979642927654e-01 8.143038371120811525e-02
2.947500000000107434e+01 9.984049803075715213e-01 8.142770031235109507e-02
2.962500000000000000e+01 9.959053573523999336e-01 8.152761404300054582e-02
2.977499999999917080e+01 9.969441773807299345e-01 8.140272068720694199e-02
2.992499999999435900e+01 9.955934887795935273e-01 8.117147988074015219e-02
3.007500000000566942e+01 9.966191775879807979e-01 8.158864237622806548e-02
3.022500000000047393e+01 9.958398558344809803e-01 8.022053635474282740e-02
3.037500000000000000e+01 9.950041253802380803e-01 8.015599345470247883e-02
3.052499999999976410e+01 9.969169973769911319e-01 7.985383487700038752e-02
3.067499999999420623e+01 9.947701216325661733e-01 7.961643685183947272e-02
3.082500000000581508e+01 9.969055928052420468e-01 7.869171143016570613e-02
3.097499999999989839e+01 9.968344814660325959e-01 7.909223092972413049e-02
3.112500000000000000e+01 9.980346478372086327e-01 7.975631483736761451e-02
3.127500000000032898e+01 9.961972447533594677e-01 7.900381803859411745e-02
3.142499999999406768e+01 9.981822040793327799e-01 7.896166109349150863e-02
3.157500000000595364e+01 9.977021921678745908e-01 7.875357953859600524e-02
3.172499999999935127e+01 1.000300027611318976e+00 7.888430088123223050e-02
3.187500000000000000e+01 9.984173056809867441e-01 7.944163162055192795e-02
3.202500000000086544e+01 1.000878244629620939e+00 7.888364074299958340e-02
3.217499999999394333e+01 1.002294864610201675e+00 7.846414750295097051e-02
3.232500000000609219e+01 1.001727495151637504e+00 7.806297113065392701e-02
3.247499999999882903e+01 1.003928267823739784e+00 7.834543602562564490e-02
3.262500000000000000e+01 1.002959479349689653e+00 7.864583942181992138e-02
3.277500000000137703e+01 1.004461290940700247e+00 7.779230399184720868e-02
3.292499999999381544e+01 1.004176825523400929e+00 7.746203331620239718e-02
3.307500000000621299e+01 1.003790448458962592e+00 7.755306985552962162e-02
3.322499999999832454e+01 1.005264764907525699e+00 7.695977781543221485e-02
3.337500000000000000e+01 1.005240124782928346e+00 7.641383751564477522e-02
3.352500000000186731e+01 1.004817494597406213e+00 7.734542623247629700e-02
3.367499999999368754e+01 1.004867059997160972e+00 7.741551986923471407e-02
3.382500000000633378e+01 1.004865093708206647e+00 7.723152141785653846e-02
3.397499999999784848e+01 1.004474672043654593e+00 7.672537650179341029e-02
3.412500000000000000e+01 1.003722370026191246e+00 7.633633075412793456e-02
3.427500000000233626e+01 1.003665361661896016e+00 7.575209891043795107e-02
3.442499999999357385e+01 1.004591655565708397e+00 7.549480987474263549e-02
3.457500000000644746e+01 1.003481770675304530e+00 7.522362292519982341e-02
3.472499999999739373e+01 1.003537811300566407e+00 7.570618944040154175e-02
3.487500000000000000e+01 1.002056151932088079e+00 7.570919883940964434e-02
3.502500000000278391e+01 1.003660245565891174e+00 7.485023817760642906e-02
3.517499999999346016e+01 1.001769813013113186e+00 7.556762237665475002e-02
3.532500000000656115e+01 1.000333841933390921e+00 7.545468221560207300e-02
3.547499999999695319e+01 1.001853597031810983e+00 7.486957210089351111e-02
3.562500000000000000e+01 1.001896585086140989e+00 7.434617151720251949e-02
3.577500000000321734e+01 1.000802093366701451e+00 7.436793279169191806e-02
3.592499999999336069e+01 1.001055790817064972e+00 7.387839487251593451e-02
3.607500000000666773e+01 1.003205828479932116e+00 7.355754457188275197e-02
3.622499999999653397e+01 1.003158189495215957e+00 7.378574289300414424e-02
3.637500000000000000e+01 1.005308145020560096e+00 7.334636175183123497e-02
3.652500000000362235e+01 1.004228986865649542e+00 7.364128236022400575e-02
3.667499999999325411e+01 1.004188464288173765e+00 7.314928282982530172e-02
3.682500000000676721e+01 1.005097945129089565e+00 7.326492910202341002e-02
3.697499999999613607e+01 1.004018845635741952e+00 7.348822563669908658e-02
3.712500000000000000e+01 1.004858451428095378e+00 7.353851219872133138e-02
3.727500000000402736e+01 1.005965600384258085e+00 7.374463539308541427e-02
3.742499999999315463e+01 1.006135021185517342e+00 7.356602085123235824e-02
3.757500000000686668e+01 1.005304335122223502e+00 7.289551768398205844e-02
3.772499999999575238e+01 1.006727209832213310e+00 7.279477852986634967e-02
3.787500000000000000e+01 1.006218270825762762e+00 7.226179645127224493e-02
3.802500000000440394e+01 1.007181770453923431e+00 7.239162216865144273e-02
3.817499999999306226e+01 1.005646698154249341e+00 7.296935195693754483e-02
3.832500000000695906e+01 1.006692539147128862e+00 7.236078447506366640e-02
3.847499999999537579e+01 1.005755019821202412e+00 7.201358643280234006e-02
3.862500000000000000e+01 1.004651483365362363e+00 7.184756928458999048e-02
3.877500000000476632e+01 1.006944542006268373e+00 7.144257022532472801e-02
3.892499999999297700e+01 1.003833396307275638e+00 7.129671209233263973e-02
3.907500000000705143e+01 1.003661185360565700e+00 7.131623032898824766e-02
3.922499999999502052e+01 1.003074668676841696e+00 7.140117601332790498e-02
3.937500000000000000e+01 1.004344067928725437e+00 7.108618345091294310e-02
3.952500000000512159e+01 1.004146121447733186e+00 7.085006701725540812e-02
3.967499999999288463e+01 1.002391043032764051e+00 7.005424577331352542e-02
3.982500000000712959e+01 1.002162171959577019e+00 7.041223302690491348e-02
3.997499999999467946e+01 1.003022122721347387e+00 6.997790141557323762e-02
4.012500000000000000e+01 1.002433091444247415e+00 7.005314597845013758e-02
4.027500000000545555e+01 1.001924251372924735e+00 7.076116926591012601e-02
4.042499999999279936e+01 1.001386017959984276e+00 7.032711414974522623e-02
4.057500000000721485e+01 1.001391342903606541e+00 6.974531123240290675e-02
4.072499999999434550e+01 1.000617143738898207e+00 6.956620398562991803e-02
4.087500000000000000e+01 1.000068053224650644e+00 6.879041774651949159e-02
4.102500000000578240e+01 1.000962881352279510e+00 6.902201501862101352e-02
4.117499999999272120e+01 1.001033810300768545e+00 6.903414595552780086e-02
4.132500000000730012e+01 1.001741697075003490e+00 6.922177904244884716e-02
4.147499999999402576e+01 1.001249175883664133e+00 6.866022470387624088e-02
4.162500000000000000e+01 9.999762798746616443e-01 6.926441260995779003e-02
4.177500000000609504e+01 1.001224489950882202e+00 6.915309516036796667e-02
4.192499999999264304e+01 1.001580230463587906e+00 6.870726672721079453e-02
4.207500000000737828e+01 1.001031003555823196e+00 6.930325206576845587e-02
4.222499999999372022e+01 1.003547794540670779e+00 6.881992899485780968e-02
4.237500000000000000e+01 9.998669204428104473e-01 6.773028854989900094e-02
4.252500000000640057e+01 1.002351198836847646e+00 6.858521587079963178e-02
4.267499999999256488e+01 1.002550095981904477e+00 6.820754583233877566e-02
4.282500000000744933e+01 1.003475859397849890e+00 6.817061670030540033e-02
4.297499999999342180e+01 1.003907649431009519e+00 6.768467031408482992e-02
4.312500000000000000e+01 1.003273232300605500e+00 6.769964197058618571e-02
4.327500000000669900e+01 1.002867091365837071e+00 6.700149229959295738e-02
4.342499999999249383e+01 1.000501447056799886e+00 6.765681117284307045e-02
4.357500000000752038e+01 1.002446876603224180e+00 6.755568004893953982e-02
4.372499999999313758e+01 1.001983717945897023e+00 6.744867351254513199e-02
4.387500000000000000e+01 1.001881926493551012e+00 6.714822250822262417e-02
4.402500000000697611e+01 1.002234633343919601e+00 6.738355484668064055e-02
4.417499999999242277e+01 1.001545276710817056e+00 6.742508903322066982e-02
4.432500000000759144e+01 1.001098100608221797e+00 6.738787846750145250e-02
4.447499999999286047e+01 1.000395351397509458e+00 6.592716520775410149e-02
4.462500000000000000e+01 1.001733667044609755e+00 6.671644479482623236e-02
4.477500000000724611e+01 1.002045908750030856e+00 6.594718202816693409e-02
4.492499999999235882e+01 1.001349133931889845e+00 6.629766483180091208e-02
4.507500000000766249e+01 1.001979921941017704e+00 6.627193762575372959e-02
4.522499999999259757e+01 1.000714722330392048e+00 6.565471175113674063e-02
4.537500000000000000e+01 1.001516549488073116e+00 6.603911337499096534e-02
4.552500000000750902e+01 1.000319136761487426e+00 6.522704939403370372e-02
4.567499999999228777e+01 1.000299326872819305e+00 6.651533016849485447e-02
4.582500000000772644e+01 1.000395666907749614e+00 6.579864305199789598e-02
4.597499999999233466e+01 1.000867934095767353e+00 6.556898526730638166e-02
4.612500000000000000e+01 1.001208094572956675e+00 6.520251632364554295e-02
4.627500000000776481e+01 1.001943794641146690e+00 6.573088391383043183e-02
4.642499999999223093e+01 1.001877110600571053e+00 6.565265681004910092e-02
4.657500000000779039e+01 1.001119506354151589e+00 6.534292314089797105e-02
4.672499999999207887e+01 1.001574594574756283e+00 6.569916357705939125e-02
4.687500000000000000e+01 1.001791718718702207e+00 6.492849876364616135e-02
4.702500000000801350e+01 1.001775433786783465e+00 6.531216056871821940e-02
4.717499999999216698e+01 1.002708065578120200e+00 6.437079984412501232e-02
4.732500000000784723e+01 1.001441024265052659e+00 6.524971895621436979e-02
4.747499999999183729e+01 1.004184125230099811e+00 6.477659963102616603e-02
4.762500000000000000e+01 1.003066461184136005e+00 6.522485174415133813e-02
4.777500000000825509e+01 1.004863050745826936e+00 6.396198424162929941e-02
4.792499999999211013e+01 1.003711781983277262e+00 6.425950346243068656e-02
4.807500000000790408e+01 1.003732526516927681e+00 6.443799155709138693e-02
4.822499999999160281e+01 1.003894931988224437e+00 6.436762689575681318e-02
4.837500000000000000e+01 1.003849713035378510e+00 6.481604120194839336e-02
4.852500000000848956e+01 1.003914811453904488e+00 6.426376130028151057e-02
4.867499999999204618e+01 1.004840266330847776e+00 6.383658477005690890e-02
4.882500000000796092e+01 1.004441237818592736e+00 6.437314000800838099e-02
4.897499999999137543e+01 1.005366586915752203e+00 6.400624417622417794e-02
4.912500000000000000e+01 1.003565339713279991e+00 6.396952151700954770e-02
4.927500000000870983e+01 1.004004096368556809e+00 6.358948655546302342e-02
4.942499999999198934e+01 1.003562889921032930e+00 6.321053266129061932e-02
4.957500000000802487e+01 1.002479189883962674e+00 6.376811492458454855e-02
4.972499999999115516e+01 1.002749367894327781e+00 6.349705288343839016e-02
4.987500000000000000e+01 1.003702410596160499e+00 6.409060782391130806e-02
5.002500000000893010e+01 1.004473526250375226e+00 6.213068359512043115e-02
5.017499999999193960e+01 1.003908675165069653e+00 6.333505441248436785e-02
5.032500000000807461e+01 1.002978799085636918e+00 6.283642183477580745e-02
5.047499999999094200e+01 1.003287890880756539e+00 6.307877116984988985e-02
5.062500000000000000e+01 1.003673859412792746e+00 6.324584297961070856e-02
5.077500000000914326e+01 1.003509672810741993e+00 6.226427693335171570e-02
5.092499999999188276e+01 1.002461478320421762e+00 6.232301322359306422e-02
5.107500000000812435e+01 1.002093838984099428e+00 6.272753804499556218e-02
5.122499999999072884e+01 1.002261595858856547e+00 6.252609837929591630e-02
5.137500000000000000e+01 1.002622873233284029e+00 6.308466294158121546e-02
5.152500000000934932e+01 1.001728254711000909e+00 6.184372994793812389e-02
5.167499999999183302e+01 1.002117602967666610e+00 6.231263640742938648e-02
5.182500000000818119e+01 1.001701507519145995e+00 6.156001453292798964e-02
5.197499999999052989e+01 1.003359946719899920e+00 6.224144928527049203e-02
5.212500000000000000e+01 1.002647635036451934e+00 6.134108118283094352e-02
5.227500000000954827e+01 1.002488229078320137e+00 6.178068469807868057e-02
5.242499999999178328e+01 1.002793134228412431e+00 6.116158066296435714e-02
5.257500000000806040e+01 1.002962879079281944e+00 6.095977925998635055e-02
5.272499999999033804e+01 1.001254469683820369e+00 6.102345426740319462e-02
5.287500000000000000e+01 1.003558653039659188e+00 6.175092621453449199e-02
5.302500000000974723e+01 1.003070417471046971e+00 6.134733998657692505e-02
5.317499999999255778e+01 1.003399810213359000e+00 6.089147028369682607e-02
5.332500000000729301e+01 1.003160215091597030e+00 6.045893318197757133e-02
5.347499999999015330e+01 1.003670285326445200e+00 6.060161193323134604e-02
5.362500000000000000e+01 1.003223839649418636e+00 6.090514226102271972e-02
5.377500000000993197e+01 1.002846365297374254e+00 6.138889243720331568e-02
5.392499999999331095e+01 1.003175849358687532e+00 6.042964423566198062e-02
5.407500000000654694e+01 1.002246443879815541e+00 6.040444522991798848e-02
5.422499999998996145e+01 1.002503951418795669e+00 6.080640558461351819e-02
5.437500000000000000e+01 1.003143186688875810e+00 6.097662540133663017e-02
5.452500000001011671e+01 1.001496964394064548e+00 6.070574819717674403e-02
5.467499999999403570e+01 1.002289753235026337e+00 6.143275291708689273e-02
5.482500000000581508e+01 1.002465568592760148e+00 6.085327035667305318e-02
5.497499999998977671e+01 1.002054802012586343e+00 6.064505108426609253e-02
5.512500000000000000e+01 1.002317604814495722e+00 5.989898911565137013e-02
5.527500000001029434e+01 1.004167074959468442e+00 6.001796483779602703e-02
5.542499999999475335e+01 1.001828059416217220e+00 5.985501197742294083e-02
5.557500000000510454e+01 1.002550901666500627e+00 5.992356343767310523e-02
5.572499999998960618e+01 1.002291871353638619e+00 5.992435231714454691e-02
5.587500000000000000e+01 1.000892735297307601e+00 6.000532194167736144e-02
5.602500000001046487e+01 1.002369856986709218e+00 5.935841088276225946e-02
5.617499999999544258e+01 1.000892465824557709e+00 5.930507871685727905e-02
5.632500000000441531e+01 1.001851033015535242e+00 5.941888124960022916e-02
5.647499999998942855e+01 1.002620117174746861e+00 5.892298211863972179e-02
5.662500000000000000e+01 1.003251833684553507e+00 5.985831212634749876e-02
5.677500000001062830e+01 1.001774550078734061e+00 5.955531707053837026e-02
5.692499999999611759e+01 1.003371915654763580e+00 5.902012524570593444e-02
5.707500000000374030e+01 1.002621632377598715e+00 5.909516656035700144e-02
5.722499999998926512e+01 1.002841040186630117e+00 5.820943374878056326e-02
5.737500000000000000e+01 1.002641469105686411e+00 5.938445681488846439e-02
5.752500000001079172e+01 1.002744997077127387e+00 5.798814563333688776e-02
5.767499999999677129e+01 1.002632266252359683e+00 5.818815290224536169e-02
5.782500000000310081e+01 1.003160655444425453e+00 5.764564773417577004e-02
5.797499999998910170e+01 1.003635040809428336e+00 5.911966757457073202e-02
5.812500000000000000e+01 1.003066690132370153e+00 5.910580807464185099e-02
5.827500000001095515e+01 1.002119132425211667e+00 5.776045081914276541e-02
5.842499999999741078e+01 1.004162546100491937e+00 5.754249865799624525e-02
5.857500000000246132e+01 1.002245940053886342e+00 5.868005261722211013e-02
5.872499999998893827e+01 1.002550739985520023e+00 5.820306913226581946e-02
5.887500000000000000e+01 1.003338237394748145e+00 5.840578784395582257e-02
5.902500000001111857e+01 1.003176336320584561e+00 5.833279262089923617e-02
5.917499999999803606e+01 1.003629214632826949e+00 5.807565525265096645e-02
5.932500000000184315e+01 1.001793346083041714e+00 5.787023640824842663e-02
5.947499999998878906e+01 1.002463503812480727e+00 5.847898283961714544e-02
5.962500000000000000e+01 1.003509567395200364e+00 5.768952869312016923e-02
5.977500000001126779e+01 1.002854114781903894e+00 5.769610934913389777e-02
5.992499999999864002e+01 1.001677079146503502e+00 5.841823963488972787e-02
6.007500000000123919e+01 1.002160661930995733e+00 5.789354028675451624e-02
6.022499999998863984e+01 1.003627158727136592e+00 5.778439114504078933e-02
6.037500000000000000e+01 1.002310755235312545e+00 5.725866978276020203e-02
6.052500000001142411e+01 1.003089642983286955e+00 5.745648811410106888e-02
6.067499999999923688e+01 1.002215956472510605e+00 5.719037803759631500e-02
6.082500000000064944e+01 1.004207295550667567e+00 5.667188616845046656e-02
6.097499999998849773e+01 1.002252523225774627e+00 5.706165190968934264e-02
6.112500000000000000e+01 1.002048376358068760e+00 5.658568056687666298e-02
6.127500000001155911e+01 1.003074656901709494e+00 5.708901071459734911e-02
6.142499999999980531e+01 1.001801036324480032e+00 5.637829627213811895e-02
6.157500000000007390e+01 1.003393922677732197e+00 5.679840465273575806e-02
6.172499999998834852e+01 1.001697664191338877e+00 5.685494371165922267e-02
6.187500000000000000e+01 1.004280620615588759e+00 5.625575057530853712e-02
6.202500000001170122e+01 1.003265087778031583e+00 5.640047225341471987e-02
6.217500000000037375e+01 1.003510466314393446e+00 5.582131657421494919e-02
6.232499999999951967e+01 1.002333732313543724e+00 5.617050541647054113e-02
6.247499999998820641e+01 1.001792426629557253e+00 5.635867848423076892e-02
6.262500000000000000e+01 1.002281807443031747e+00 5.702513155376361803e-02
6.277500000001184333e+01 1.002010941935022270e+00 5.642882805240838351e-02
6.292500000000092086e+01 1.002734016751121393e+00 5.641871038040804226e-02
6.307499999999897256e+01 1.002842322284372090e+00 5.695607270180241821e-02
6.322499999998807851e+01 1.001501134615031763e+00 5.642920124074191773e-02
6.337500000000000000e+01 1.002565095904808024e+00 5.635115504937855679e-02
6.352500000001197833e+01 1.002599354447360813e+00 5.582667055779003129e-02
6.367500000000146798e+01 1.002506108912483151e+00 5.587337208447277354e-02
6.382499999999843254e+01 1.001439113914040391e+00 5.600809585771567012e-02
6.397499999998793641e+01 1.002937633080738244e+00 5.607134577828992023e-02
6.412500000000000000e+01 1.003367422015782440e+00 5.526857928240772044e-02
6.427500000001211333e+01 1.002166938790409967e+00 5.582043787667043122e-02
6.442500000000200089e+01 1.002260335622662923e+00 5.536463223988561527e-02
6.457499999999791385e+01 1.002212080424544904e+00 5.536582870798732042e-02
6.472499999998781561e+01 1.001749772929344084e+00 5.533335802488930505e-02
6.487500000000000000e+01 1.003251206090137959e+00 5.548077731061482748e-02
6.502500000001224123e+01 1.001496704159215767e+00 5.497334701303151910e-02
6.517500000000251248e+01 1.002537725427748105e+00 5.477584461082539435e-02
6.532499999999740226e+01 1.002223128806671193e+00 5.546467994157566056e-02
6.547499999998768772e+01 1.002192564977152589e+00 5.605395898786005165e-02
6.562500000000000000e+01 1.001612505211898263e+00 5.503307704318105564e-02
6.577500000001236913e+01 1.002672403756246666e+00 5.468344756265858253e-02
6.592500000000300986e+01 1.000426195580880862e+00 5.366961131484113134e-02
6.607499999999690488e+01 1.000202880810748374e+00 5.483861915971782741e-02
6.622499999998755982e+01 1.001355679014439115e+00 5.514891327593975101e-02
6.637500000000000000e+01 1.002048158743605644e+00 5.448773316362390262e-02
6.652500000001249703e+01 1.001149228216197340e+00 5.404832911259804112e-02
6.667500000000349303e+01 1.000740619866610226e+00 5.456767652933015161e-02
6.682499999999640750e+01 1.000811284093691356e+00 5.509578727460527625e-02
6.697499999998743192e+01 1.000857960270313818e+00 5.408291811953914313e-02
6.712500000000000000e+01 1.002105630817757165e+00 5.339870249381711148e-02
6.727500000001261071e+01 1.001290438435378460e+00 5.407236673852105352e-02
6.742500000000397620e+01 1.001475257917505468e+00 5.398718146805434742e-02
6.757499999999593854e+01 1.001881593507650603e+00 5.362034493821252884e-02
6.772499999998731823e+01 1.000998481659370665e+00 5.421254398727937823e-02
6.787500000000000000e+01 1.000680388223676553e+00 5.394123438468252651e-02
6.802500000001272440e+01 1.000368442422720161e+00 5.336318025345991589e-02
6.817500000000444516e+01 9.997937588642828999e-01 5.390849355310083774e-02
6.832499999999546958e+01 1.000511273980606797e+00 5.443648236793462158e-02
6.847499999998720455e+01 1.000590640458283831e+00 5.349586978942644927e-02
6.862500000000000000e+01 1.000350641694415454e+00 5.418221292556876095e-02
6.877500000001283809e+01 1.000493730744588250e+00 5.339424772419434917e-02
6.892500000000489990e+01 9.997519911296056661e-01 5.367203631534803177e-02
6.907499999999501483e+01 1.000391069850619541e+00 5.357150173741302007e-02
6.922499999998709086e+01 9.998078472591332977e-01 5.304504782165526261e-02
6.937500000000000000e+01 9.995862542299344122e-01 5.304360429803609001e-02
6.952500000001295177e+01 9.995610724396223334e-01 5.348358241862218726e-02
6.967500000000535465e+01 9.994356176487156906e-01 5.279643153625476065e-02
6.982499999999456008e+01 9.992313130769950869e-01 5.367169391248696741e-02
6.997499999998697717e+01 9.992216813651584317e-01 5.391954803028067844e-02
7.012500000000000000e+01 9.984631847027859441e-01 5.337308646735859641e-02
7.027500000001306546e+01 9.988684719579040694e-01 5.235177630607626420e-02
7.042500000000579519e+01 9.986097228044819030e-01 5.292181313735909443e-02
7.057499999999413376e+01 9.997331627317219693e-01 5.334612286557076366e-02
7.072499999998686349e+01 9.999422324943525453e-01 5.366646478369806877e-02
7.087500000000000000e+01 9.995594836339843914e-01 5.334874664559211693e-02
7.102500000001316494e+01 9.993804214120033391e-01 5.336385566787994750e-02
7.117500000000620730e+01 9.998199282963771140e-01 5.250615589109688258e-02
7.132499999999369322e+01 9.997351523135352691e-01 5.231757874968859245e-02
7.147499999998676401e+01 1.000761883967068222e+00 5.218777545756729530e-02
7.162500000000000000e+01 9.991175619207032232e-01 5.229329249477328995e-02
7.177500000001327862e+01 1.000605789637230680e+00 5.284633196556884349e-02
7.192500000000663363e+01 1.000255622402227651e+00 5.234495942229742266e-02
7.207499999999328111e+01 9.993854150708734174e-01 5.223895665860648491e-02
7.222499999998666453e+01 1.000105360575556324e+00 5.216106262864665666e-02
7.237500000000000000e+01 1.000166944310549422e+00 5.241485308427549367e-02
7.252500000001337810e+01 9.997818951303303336e-01 5.234912328168937756e-02
7.267500000000704574e+01 1.000239217268870329e+00 5.172150355947103401e-02
7.282499999999286899e+01 9.988367291223996247e-01 5.187450591757679363e-02
7.297499999998655085e+01 9.994943123653942108e-01 5.221656958944972254e-02
7.312500000000000000e+01 9.991947398533009839e-01 5.233906636558689068e-02
7.327500000001347757e+01 9.987512255401286287e-01 5.192711536759071073e-02
7.342500000000745786e+01 9.982820943210924947e-01 5.203876935243509361e-02
7.357499999999247109e+01 9.990879709573289302e-01 5.208526109327799025e-02
7.372499999998646558e+01 9.997229786741836932e-01 5.223114210234969940e-02
7.387500000000000000e+01 9.991192148991000499e-01 5.197181075568045594e-02
7.402500000001359126e+01 9.989434633154349319e-01 5.153502435246826857e-02
7.417500000000785576e+01 9.984643665799686207e-01 5.168877140390014391e-02
7.432499999999207319e+01 9.993963584937590738e-01 5.201067843567012267e-02
7.447499999998635190e+01 9.994452325059632880e-01 5.195075115053078563e-02
7.462500000000000000e+01 9.991176742753170581e-01 5.155487251126150000e-02
7.477500000001367653e+01 9.993529679708904601e-01 5.083500478654869731e-02
7.492500000000823945e+01 9.992477053313686408e-01 5.142407598753659381e-02
7.507499999999168949e+01 1.001529192767307563e+00 5.157104021298267865e-02
7.522499999998626663e+01 9.998534580768408953e-01 5.154062549094330647e-02
7.537500000000000000e+01 1.001468181603817342e+00 5.187091194349862516e-02
7.552500000001377600e+01 1.000657902343686567e+00 5.188056121258196457e-02
7.567500000000862315e+01 1.001187693968911274e+00 5.151010315244895776e-02
7.582499999999130580e+01 1.000901398849992852e+00 5.093181805104975840e-02
7.597499999998616715e+01 1.002717490621294782e+00 5.127017901375869463e-02
7.612500000000000000e+01 1.001334252506165479e+00 5.129272921335756297e-02
7.627500000001386127e+01 1.002385296073863730e+00 5.121600719412723601e-02
7.642500000000899263e+01 1.002182937001607099e+00 5.179887485925639690e-02
7.657499999999093632e+01 1.001915113950301972e+00 5.072306099913717614e-02
7.672499999998608189e+01 1.002814015706083417e+00 5.088695918509743288e-02
7.687500000000000000e+01 1.001847568309860881e+00 5.117307689817870986e-02
7.702500000001396074e+01 1.002640884165393320e+00 5.114118226202948869e-02
7.717500000000934790e+01 1.001958066164622352e+00 5.018873740900595820e-02
7.732499999999058105e+01 1.001447123963425501e+00 5.098767037438271810e-02
7.747499999998598241e+01 1.001772251033223649e+00 5.069110694396553735e-02
7.762500000000000000e+01 1.002086162252781021e+00 5.058374874522487269e-02
7.777500000001404601e+01 1.002731539942688377e+00 5.055011149486374894e-02
7.792500000000971738e+01 1.000905357419725306e+00 5.060184664922760811e-02
7.807499999999021156e+01 1.001955577304189937e+00 5.099802300916981418e-02
7.822499999998589715e+01 1.002749262893090965e+00 5.104317359621820399e-02
7.837500000000000000e+01 1.001586453476030814e+00 5.013016134042355687e-02
7.852500000001413127e+01 1.001814932080604903e+00 4.985666216076348189e-02
7.867500000001005844e+01 1.002302968260145422e+00 5.006589004290804001e-02
7.882499999998987050e+01 1.002348061865529605e+00 4.971852544591028739e-02
7.897499999998581188e+01 1.002221379331674767e+00 5.029716967928622023e-02
7.912500000000000000e+01 1.002989800546283838e+00 5.010139862636437541e-02
7.927500000001423075e+01 1.002076311445337709e+00 4.972828400399952747e-02
7.942500000001041371e+01 1.002536303922066052e+00 4.965920500901205292e-02
7.957499999998951523e+01 1.002240598278658190e+00 5.002427708852753840e-02
7.972499999998572662e+01 1.000701647150913365e+00 5.055890910877397504e-02
7.987500000000000000e+01 1.001315059613012703e+00 5.020406997494205464e-02
8.002500000001430180e+01 1.001136288189978352e+00 4.963367773927829241e-02
8.017500000001075477e+01 1.001319503291190571e+00 5.013971440968811172e-02
8.032499999998918838e+01 1.000170123469207306e+00 5.045565364717349843e-02
8.047499999998564135e+01 1.001144407669302794e+00 4.919409282484080159e-02
8.062500000000000000e+01 9.746495411661972863e-01 4.892682111824699087e-02
8.077500000001438707e+01 9.531890660580544239e-01 4.786289908029886520e-02
8.092500000001108162e+01 9.386736132964841328e-01 4.796133871996721698e-02
8.107499999998886153e+01 9.278713877882975858e-01 4.759578788923189696e-02
8.122499999998557030e+01 9.180983273618940066e-01 4.766043164556758860e-02
8.137500000000000000e+01 9.087641468454710214e-01 4.666382125989035345e-02
8.152500000001447233e+01 9.009038636895879693e-01 4.682528270424494987e-02
8.167500000001139426e+01 8.944111663225700060e-01 4.650396462953976240e-02
8.182499999998853468e+01 8.872095356307337921e-01 4.614184052960619564e-02
8.197499999998548503e+01 8.808820692201096980e-01 4.603994992193114616e-02
8.212500000000000000e+01 8.753100015742640849e-01 4.551326647847454832e-02
8.227500000001455760e+01 8.693790760847485144e-01 4.588777581351530244e-02
8.242500000001172111e+01 8.640722972464398577e-01 4.619843965553270537e-02
8.257499999998822204e+01 8.595530082594257104e-01 4.494727830710401606e-02
8.272499999998539977e+01 8.539523122187028248e-01 4.528287204705271768e-02
8.287500000000000000e+01 8.494400437199534082e-01 4.493435521176251252e-02
8.302500000001462865e+01 8.446005763646068365e-01 4.471653733673235792e-02
8.317500000001203375e+01 8.404814635622498420e-01 4.456606371980668252e-02
8.332499999998789519e+01 8.363435150629119352e-01 4.429473424600605114e-02
8.347499999998531450e+01 8.318235498784904980e-01 4.423277645957466447e-02
8.362500000000000000e+01 8.275109144186336696e-01 4.368716073698352548e-02
8.377500000001469971e+01 8.239277125183975814e-01 4.393546921862582361e-02
8.392500000001234639e+01 8.198455593522692153e-01 4.406600922984002522e-02
8.407499999998758256e+01 8.157579247592670058e-01 4.341422562233571147e-02
8.422499999998524345e+01 8.110052268203868930e-01 4.397131915909312933e-02
8.437500000000000000e+01 8.084537665599896838e-01 4.342020151418608809e-02
8.452500000001478497e+01 8.055568298100000968e-01 4.295752956542073231e-02
8.467500000001264482e+01 8.018303867133118601e-01 4.291588851674887906e-02
8.482499999998728413e+01 7.980279317942947648e-01 4.340281694650504479e-02
8.497499999998517239e+01 7.945172843475268865e-01 4.321667616163616527e-02
8.512500000000000000e+01 7.916223812057260334e-01 4.278605531285120667e-02
8.527500000001485603e+01 7.882660947863836531e-01 4.247047086681891848e-02
8.542500000001294325e+01 7.857396339184190559e-01 4.213819460429673452e-02
8.557499999998699991e+01 7.814777701618125239e-01 4.241139720061071205e-02
8.572499999998510134e+01 7.785225930852175402e-01 4.280412291625680654e-02
8.587500000000000000e+01 7.755263900202160610e-01 4.238309553807468461e-02
8.602500000001494129e+01 7.722028721586757793e-01 4.225838306923329624e-02
8.617500000001324167e+01 7.693791328271514240e-01 4.205245269177215750e-02
8.632499999998670148e+01 7.660604516295093092e-01 4.153702988268843932e-02
8.647499999998503029e+01 7.640270542722229496e-01 4.215472982268388125e-02
8.662500000000000000e+01 7.613305457010104416e-01 4.140302618412541186e-02
8.677500000001501235e+01 7.573657535856865852e-01 4.151941779250768738e-02
8.692500000001352589e+01 7.538499047582667423e-01 4.141598205574082564e-02
8.707499999998641727e+01 7.521022872167013595e-01 4.140054385536392351e-02
8.722499999998494502e+01 7.496877083823182408e-01 4.091048965228036988e-02
8.737500000000000000e+01 7.462926717497871953e-01 4.129443085170837746e-02
8.752500000001508340e+01 7.443788790536952638e-01 4.114578564162920532e-02
8.767500000001381011e+01 7.407320982587176639e-01 4.139811021464874508e-02
8.782499999998613305e+01 7.382841988889307094e-01 4.077464498396399933e-02
8.797499999998487397e+01 7.359031506447594184e-01 4.053507760878703736e-02
8.812500000000000000e+01 7.329908572617364060e-01 4.106042146139871757e-02
8.827500000001514024e+01 7.304523023485266497e-01 4.078912401239146585e-02
8.842500000001409433e+01 7.280894109134816716e-01 3.977287121186769830e-02
8.857499999998586304e+01 7.259986683073771374e-01 4.047891519578331737e-02
8.872499999998480291e+01 7.235765714770782120e-01 3.990774581231485568e-02
8.887500000000000000e+01 7.210850454236791274e-01 3.972922077005844321e-02
8.902500000001521130e+01 7.186031860575752273e-01 4.016554355173317103e-02
8.917500000001436433e+01 7.157380262800265847e-01 4.041384322414189739e-02
8.932499999998557882e+01 7.142134873166464670e-01 3.971470815076006550e-02
8.947499999998473186e+01 7.119743407649010702e-01 3.932999478375086982e-02
8.962500000000000000e+01 7.096931684419865993e-01 3.949427917030764318e-02
8.977500000001528235e+01 7.075321750057230741e-01 3.946708465262913773e-02
8.992500000001462013e+01 7.054461357275543243e-01 3.962293039828293506e-02
9.007499999998532303e+01 7.031446823107018185e-01 3.935389957051833171e-02
9.022499999998467501e+01 7.011903702054637089e-01 3.901830617198000922e-02
9.037500000000000000e+01 6.983805906476380221e-01 3.930060985916654370e-02
9.052500000001533920e+01 6.966511909906155653e-01 3.874553614384979722e-02
9.067500000001489013e+01 6.949709024445889227e-01 3.894052020827301619e-02
9.082499999998505302e+01 6.927806774021145753e-01 3.904861343929001000e-02
9.097499999998460396e+01 6.912022505976926912e-01 3.910640732771879235e-02
9.112500000000000000e+01 6.888440139339793156e-01 3.889203872132019485e-02
9.127500000001541025e+01 6.871487692756648169e-01 3.875287958851354048e-02
9.142500000001514593e+01 6.850243368111696984e-01 3.840272148274842534e-02
9.157499999998479723e+01 6.827445463776213863e-01 3.892935050530236391e-02
9.172499999998454712e+01 6.817489276920617458e-01 3.856038679830532667e-02
9.187500000000000000e+01 6.800248071973289399e-01 3.818404188663959697e-02
9.202500000001548131e+01 6.783815302532244518e-01 3.831036356952300520e-02
9.217500000001541594e+01 6.756194460026310189e-01 3.830265535981886710e-02
9.232499999998454143e+01 6.744606200775892235e-01 3.816659935126676118e-02
9.247499999998447606e+01 6.725689351505621527e-01 3.808598149370846786e-02
9.262500000000000000e+01 6.706229160037456838e-01 3.782144531467211690e-02
9.277500000001553815e+01 6.687385254141774427e-01 3.799765945483186969e-02
9.292500000001565752e+01 6.681719689254267402e-01 3.782669176466144090e-02
9.307499999998428564e+01 6.664496897366697370e-01 3.744218743879613315e-02
9.322499999998441922e+01 6.642506798372664889e-01 3.757359110006409930e-02
9.337500000000000000e+01 6.619937336752741430e-01 3.804631009621585458e-02
9.352500000001559499e+01 6.599255555911643922e-01 3.734448323611008758e-02
9.367500000001591332e+01 6.590785256830338223e-01 3.754806643196136051e-02
9.382499999998402984e+01 6.572802603580130132e-01 3.710003693399229613e-02
9.397499999998436238e+01 6.559101278353851594e-01 3.738794507068404771e-02
9.412500000000000000e+01 6.540193459638276030e-01 3.712567671354319310e-02
9.427500000001566605e+01 6.524288459495767301e-01 3.720867811972622397e-02
9.442500000001615490e+01 6.506722131183290125e-01 3.684393755634250006e-02
9.457499999998380247e+01 6.497428453923844716e-01 3.671614807363520611e-02
9.472499999998429132e+01 6.467879022762106356e-01 3.701269496489544703e-02
9.487500000000000000e+01 6.453874639199449481e-01 3.696568229956919555e-02
9.502500000001572289e+01 6.442746065022424418e-01 3.622846225973262724e-02
9.517500000001639648e+01 6.417830588744073417e-01 3.650612545943898030e-02
9.532499999998356088e+01 6.410105293288949069e-01 3.643288447139142461e-02
9.547499999998423448e+01 6.393377758538995037e-01 3.645644031268820140e-02
9.562500000000000000e+01 6.378233739295221527e-01 3.596303532647902174e-02
9.577500000001577973e+01 6.354492231536585933e-01 3.645309497756644979e-02
9.592500000001662386e+01 6.336705539864413428e-01 3.591307687228634249e-02
9.607499999998331930e+01 6.327889462376562468e-01 3.599411092884226976e-02
9.622499999998417763e+01 6.318107182594902005e-01 3.625842752358396370e-02
9.637500000000000000e+01 6.298275040938769997e-01 3.581224772028898662e-02
9.652500000001585079e+01 6.280795815207683708e-01 3.534623880771720073e-02
9.667500000001686544e+01 6.270499387811859782e-01 3.563947649073297835e-02
9.682499999998309193e+01 6.256181190592757790e-01 3.611810728895226835e-02
9.697499999998412079e+01 6.232558692169116732e-01 3.586977387347813073e-02
9.712500000000000000e+01 6.225785797560812185e-01 3.585182659263593669e-02
9.727500000001590763e+01 6.213593791550473533e-01 3.561946130557892831e-02
9.742500000001709282e+01 6.194907837422393149e-01 3.578253548254733268e-02
9.757499999998287876e+01 6.178563712626233828e-01 3.519125981059380293e-02
9.772499999998406395e+01 6.168064172475457019e-01 3.545038263182103550e-02
9.787500000000000000e+01 6.153937346992823798e-01 3.564524055176114536e-02
9.802500000001595026e+01 6.146250904813547189e-01 3.455556835479575706e-02
9.817500000001732019e+01 6.115544097798315537e-01 3.549003592706257565e-02
9.832499999998263718e+01 6.099883739809615069e-01 3.477691365185353600e-02
9.847499999998402131e+01 6.094417271721487284e-01 3.464684988546627015e-02
9.862500000000000000e+01 6.073060271148124079e-01 3.449418120706848612e-02
9.877500000001600711e+01 6.062593528621013084e-01 3.532692523979610172e-02
9.892500000001753335e+01 6.048297781074444268e-01 3.469604195496681781e-02
9.907499999998242401e+01 6.026922393398193023e-01 3.470441023332851427e-02
9.922499999998395026e+01 6.014434771553056613e-01 3.400313193637041764e-02
9.937500000000000000e+01 5.997003847868561666e-01 3.440986060473697622e-02
9.952500000001606395e+01 5.990275238359195065e-01 3.465407020196916571e-02
9.967500000001776073e+01 5.979157508207649796e-01 3.411802885653428263e-02
9.982499999998221085e+01 5.960190309859576541e-01 3.444267174416944244e-02
9.997499999998389342e+01 5.956553410409886062e-01 3.423069431452399614e-02
1.001250000000000000e+02 5.940688066886211649e-01 3.417176894201796183e-02
1.002750000000161208e+02 5.924154844970545009e-01 3.444245162369344998e-02
1.004250000000179597e+02 5.908747883162249748e-01 3.422480803080588108e-02
1.005749999999819835e+02 5.903412495651239045e-01 3.362982424031864259e-02
1.007249999999838508e+02 5.736229848255331998e-01 3.345862666459634843e-02
1.008750000000000000e+02 5.487858003391432593e-01 3.291268341008208448e-02
1.010250000000161776e+02 5.344031292794211296e-01 3.219818633710103822e-02
1.011750000000181871e+02 5.230325194525519139e-01 3.171206327667945579e-02
1.013249999999817845e+02 5.125897715561448242e-01 3.186496741070322242e-02
1.014749999999837939e+02 5.030665278006571928e-01 3.141087136029802052e-02
1.016250000000000000e+02 4.949320325603681625e-01 3.131489043747458234e-02
1.017750000000162345e+02 4.878332971477356006e-01 3.056967354503477632e-02
1.019250000000184002e+02 4.798344356034268121e-01 3.052300535919862112e-02
1.020749999999815714e+02 4.729675136112658773e-01 3.043855548361621213e-02
1.022249999999837513e+02 4.665452032893590562e-01 3.002591434225605413e-02
1.023750000000000000e+02 4.606752703731916698e-01 2.988440466281537880e-02
1.025250000000162771e+02 4.533007985067454282e-01 2.989460215894133854e-02
1.026750000000185992e+02 4.482092768529880034e-01 2.948536348767108808e-02
1.028249999999813582e+02 4.415123069204394124e-01 2.936602969100331542e-02
1.029749999999836945e+02 4.364179254142855902e-01 2.870983741739412815e-02
1.031250000000000000e+02 4.313606906247635653e-01 2.872694221704202161e-02
1.032750000000163340e+02 4.253647669950302301e-01 2.890457487658998001e-02
1.034250000000187981e+02 4.209411098520871586e-01 2.829362722084931281e-02
1.035749999999811592e+02 4.157511378103793676e-01 2.828358386544078604e-02
1.037249999999836376e+02 4.111551748957047447e-01 2.794405724672678268e-02
1.038750000000000000e+02 4.060856187373559356e-01 2.756419017479707495e-02
1.040250000000163766e+02 4.006821096433071938e-01 2.757948987721479950e-02
1.041750000000189971e+02 3.964835490869564327e-01 2.727559844112695947e-02
1.043249999999809603e+02 3.919285736929907782e-01 2.748677418503620712e-02
1.044749999999835950e+02 3.875965178101474784e-01 2.684219824559963552e-02
1.046250000000000000e+02 3.829422101241563015e-01 2.638285429004716062e-02
1.047750000000164334e+02 3.787271782356722571e-01 2.671941226651312895e-02
1.049250000000191818e+02 3.744078062759038095e-01 2.660620417163532189e-02
1.050749999999807613e+02 3.699664204962845315e-01 2.650597520186499800e-02
1.052249999999839503e+02 3.657456117003308749e-01 2.648196135982925151e-02
1.053750000000000000e+02 3.620154926583975530e-01 2.628653375297648406e-02
1.055250000000157229e+02 3.578966946376475611e-01 2.620960981030224374e-02
1.056750000000193808e+02 3.544332351441267792e-01 2.590054726602058349e-02
1.058249999999805766e+02 3.504560179477255732e-01 2.539554063924856497e-02
1.059749999999847319e+02 3.469191192644585642e-01 2.577922715373608120e-02
1.061250000000000000e+02 3.429022624416127596e-01 2.506049494264727534e-02
1.062750000000149555e+02 3.393284985900357209e-01 2.526803828819156050e-02
1.064250000000195797e+02 3.353422497334050956e-01 2.511063568806506593e-02
1.065749999999803919e+02 3.324780199033020023e-01 2.486409917330096794e-02
1.067249999999854850e+02 3.284026402792827315e-01 2.492307509574460261e-02
1.068750000000000000e+02 3.247445728000853404e-01 2.467578021461592358e-02
1.070250000000141881e+02 3.216142021243820759e-01 2.438486030371428762e-02
1.071750000000197645e+02 3.188298404183205759e-01 2.431558489357379949e-02
1.073249999999802071e+02 3.150151647374842545e-01 2.424412961032763880e-02
1.074749999999862524e+02 3.121793143999196940e-01 2.416929348394764726e-02
1.076250000000000000e+02 3.084123014433715615e-01 2.395058241978008720e-02
1.077750000000134492e+02 3.047537095932225104e-01 2.375118660765721673e-02
1.079250000000199492e+02 3.017122977171301512e-01 2.379613117766723324e-02
1.080749999999800224e+02 2.982269368782367591e-01 2.385515741945537158e-02
1.082249999999869914e+02 2.955851866748839263e-01 2.324491064243341953e-02
1.083750000000000000e+02 2.920092999994678973e-01 2.318647938835633263e-02
1.085250000000127244e+02 2.888824904717383624e-01 2.294774027628066967e-02
1.086750000000201481e+02 2.861021575543524764e-01 2.264067633402953514e-02
1.088249999999798376e+02 2.821447833002820316e-01 2.287038820941623279e-02
1.089749999999877161e+02 2.793845126044740557e-01 2.267493691253506111e-02
1.091250000000000000e+02 2.763228661913891271e-01 2.248084971229474816e-02
1.092750000000119854e+02 2.734412163683431207e-01 2.214127898258240121e-02
1.094250000000203045e+02 2.700967384875689326e-01 2.223330725619889967e-02
1.095749999999796529e+02 2.669839594202650379e-01 2.208959805707636295e-02
1.097249999999884409e+02 2.638562610788817153e-01 2.202029179275463017e-02
1.098750000000000000e+02 2.611123880660074503e-01 2.170652583815747480e-02
1.100250000000112749e+02 2.584687403243138282e-01 2.154601655797008450e-02
1.101750000000204892e+02 2.547837465502162946e-01 2.149981832473071147e-02
1.103249999999794682e+02 2.523075270245102586e-01 2.139485481388681692e-02
1.104749999999891372e+02 2.495747650781446891e-01 2.119060012532358872e-02
1.106250000000000000e+02 2.464383914469810144e-01 2.105780943765351090e-02
1.107750000000105643e+02 2.432828259900290668e-01 2.088789913593856046e-02
1.109250000000206740e+02 2.406836208134815469e-01 2.091065353655054485e-02
1.110749999999792976e+02 2.374027680068154234e-01 2.065714867434888941e-02
1.112249999999898620e+02 2.351465076199187043e-01 2.050062931700645519e-02
1.113750000000000000e+02 2.325395787775603740e-01 2.035186547557414627e-02
1.115250000000098822e+02 2.299405161752268167e-01 2.038938596062715367e-02
1.116750000000208445e+02 2.267931124738751802e-01 2.029426838212497822e-02
1.118249999999791129e+02 2.245971891280415522e-01 2.023873339099796151e-02
1.119749999999905299e+02 2.222139684897922740e-01 1.984120684421599584e-02
1.121250000000000000e+02 2.191586719656814508e-01 1.941487764139272765e-02
1.122750000000091859e+02 2.165280198116319998e-01 1.974390634791612503e-02
1.124250000000210008e+02 2.140741714388724182e-01 1.920643028872607086e-02
1.125749999999789566e+02 2.117020643089147780e-01 1.942293694557650080e-02
1.127249999999912120e+02 2.090761810095163598e-01 1.930701611629616690e-02
1.128750000000000000e+02 2.064046989384238917e-01 1.903472879491103359e-02
1.130250000000085180e+02 2.037434322345560711e-01 1.904260341953966512e-02
1.131750000000211855e+02 2.014936419450026883e-01 1.889489226610405539e-02
1.133249999999787860e+02 1.989459536563393804e-01 1.873712408846127733e-02
1.134749999999919083e+02 1.962941160858801271e-01 1.831080325836454553e-02
1.136250000000000000e+02 1.940880150980103802e-01 1.844820271228708730e-02
1.137750000000078359e+02 1.915478065684906583e-01 1.818994172295904099e-02
1.139250000000213561e+02 1.893070044190852119e-01 1.806423434385352397e-02
1.140749999999786297e+02 1.863445179351766179e-01 1.800144290488820895e-02
1.142249999999925620e+02 1.842590285874100287e-01 1.787794752346841612e-02
1.143750000000000000e+02 1.820522382809650896e-01 1.775239912781091667e-02
1.145250000000071680e+02 1.796692920508883295e-01 1.778161577374721275e-02
1.146750000000215124e+02 1.775606295183697614e-01 1.722722137551415192e-02
1.148249999999784308e+02 1.748677555734246269e-01 1.729779362675815113e-02
1.149749999999932157e+02 1.725508470582530762e-01 1.717974832971688043e-02
1.151250000000000000e+02 1.702270081310643113e-01 1.717752516642100449e-02
1.152750000000065285e+02 1.678348080577194978e-01 1.706479396094953346e-02
1.154250000000216829e+02 1.660945027626657411e-01 1.685729377423761735e-02
1.155749999999783029e+02 1.634403125104372245e-01 1.678218445878790904e-02
1.157249999999938694e+02 1.614568976716162507e-01 1.662278980651003130e-02
1.158750000000000000e+02 1.592443320857140632e-01 1.653947640044203457e-02
1.160250000000058748e+02 1.569545787240071988e-01 1.640767023230517777e-02
1.161750000000218392e+02 1.550953191821835830e-01 1.616552204717569205e-02
1.163249999999781323e+02 1.527761235676497464e-01 1.606640191857270153e-02
1.164749999999945089e+02 1.507049714060846313e-01 1.596534114677565508e-02
1.166250000000000000e+02 1.483200372426527469e-01 1.579452856355957613e-02
1.167750000000052495e+02 1.462266939454996417e-01 1.570484652885414251e-02
1.169250000000220098e+02 1.443395000545355245e-01 1.546191756253188256e-02
1.170749999999779760e+02 1.421814684647771387e-01 1.537719868508885188e-02
1.172249999999951484e+02 1.395374119403914315e-01 1.539841222294534469e-02
1.173750000000000000e+02 1.379881261327562114e-01 1.515253614015263720e-02
1.175250000000046242e+02 1.357363962124976675e-01 1.514322004054205646e-02
1.176750000000221377e+02 1.337232569379414038e-01 1.499244342994347605e-02
1.178249999999778055e+02 1.315011183927180527e-01 1.483348743215566132e-02
1.179749999999957453e+02 1.291198590729995543e-01 1.456159023644175779e-02
1.181250000000000000e+02 1.271783979684766308e-01 1.459874994076140742e-02
1.182750000000039989e+02 1.250874657784082078e-01 1.428943562491485214e-02
1.184250000000223082e+02 1.230405470813955016e-01 1.414621707496717395e-02
1.185749999999776634e+02 1.211989547088391517e-01 1.416138936571654898e-02
1.187249999999963705e+02 1.191570106799427209e-01 1.391906503563228488e-02
1.188750000000000000e+02 1.169087809634305475e-01 1.385006025622504376e-02
1.190250000000033879e+02 1.148811123246958332e-01 1.380475486728399009e-02
1.191750000000224645e+02 1.131812372769673558e-01 1.365039742991482584e-02
1.193249999999775071e+02 1.112409753260689416e-01 1.379056909996176188e-02
1.194749999999969816e+02 1.089606483975055773e-01 1.341001386988876533e-02
1.196250000000000000e+02 1.073426143395899979e-01 1.331718684590432397e-02
1.197750000000027910e+02 1.053308942413691968e-01 1.315753441910526463e-02
1.199250000000226066e+02 1.031367608883671100e-01 1.323644772283363164e-02
1.200749999999773650e+02 1.015103613002252964e-01 1.293026349383765566e-02
1.202249999999975927e+02 9.952693921914292086e-02 1.283462775936399479e-02
1.203750000000000000e+02 9.761287828475968820e-02 1.266642552662986844e-02
1.205250000000021799e+02 9.571856890662644446e-02 1.249873255815979467e-02
1.206750000000227772e+02 9.374863476634964776e-02 1.257244751587723378e-02
1.208249999999772086e+02 9.176852640481975021e-02 1.221295781037270989e-02
1.209749999999981753e+02 8.996846485735897347e-02 1.204465828168820724e-02
1.211250000000000000e+02 8.826090054628225878e-02 1.203882860674918356e-02
1.212750000000015973e+02 8.595904224967271245e-02 1.187289692250329681e-02
1.214250000000229193e+02 8.439688459705817214e-02 1.167370503283362074e-02
1.215749999999770665e+02 8.269454622375324582e-02 1.163661356346962564e-02
1.217249999999987580e+02 8.054619165003104597e-02 1.147529661434354073e-02
1.218750000000000000e+02 7.881649318549434347e-02 1.130592932330641391e-02
1.220250000000010147e+02 7.693127507136669763e-02 1.101214854130634288e-02
1.221750000000230472e+02 7.503881190614609953e-02 1.092055234175733081e-02
1.223249999999769244e+02 7.303916131839607861e-02 1.091564719372516666e-02
1.224749999999993406e+02 7.119392176677313833e-02 1.085314298026577792e-02
1.226250000000000000e+02 6.959747234418824091e-02 1.048426636470242181e-02
1.227750000000004320e+02 6.753320542690120776e-02 1.040967154580938608e-02
1.229250000000231893e+02 6.570009521041410283e-02 1.013254728646796783e-02
1.230749999999767681e+02 6.417897204265209099e-02 1.027688613720977376e-02
1.232249999999999233e+02 6.216455580294056454e-02 1.009398839864292588e-02
1.233750000000000000e+02 6.056803522799601713e-02 9.904266295726705388e-03
1.235249999999998494e+02 5.867917306556608148e-02 9.741138275591107107e-03
1.236750000000233314e+02 5.703211588783609065e-02 9.488049439638292920e-03
1.238249999999766402e+02 5.538371097545762706e-02 9.377422898780213290e-03
1.239750000000004775e+02 5.352132988920241252e-02 9.276361257454849435e-03
1.241250000000000000e+02 5.195173288241072135e-02 9.107530545512838860e-03
1.242749999999992951e+02 5.034330418420126380e-02 8.997050387885211289e-03
1.244250000000234735e+02 4.830245831711735272e-02 8.823933433965390483e-03
1.245749999999764839e+02 4.684000579685090176e-02 8.670337317051779111e-03
1.247250000000010317e+02 4.503805845180565426e-02 8.561327097552610607e-03
1.248750000000000000e+02 4.339793812340878715e-02 8.292312469695195531e-03
1.250249999999987551e+02 4.181692656947108566e-02 8.069036042125419389e-03
1.251750000000236156e+02 4.013381100931068951e-02 8.029787324308867991e-03
1.253249999999763702e+02 3.854053026939122800e-02 7.754546541126919497e-03
1.254750000000015859e+02 3.671889722077715384e-02 7.476313773850814214e-03
1.256250000000000000e+02 3.517859063024194460e-02 7.466427910324720425e-03
1.257749999999982009e+02 3.356535235643392373e-02 7.214652363878170001e-03
1.259250000000237577e+02 3.182797361569346395e-02 7.043051874260476339e-03
1.260749999999762281e+02 3.043002232763034748e-02 6.908825113078206903e-03
1.262250000000021259e+02 2.875684467602146813e-02 6.767311744062096471e-03
1.263750000000000000e+02 2.715927551677697893e-02 6.501502333829441670e-03
1.265249999999976609e+02 2.543223467414430783e-02 6.369286187041306099e-03
1.266750000000238856e+02 2.383469176436408404e-02 6.139014288962724337e-03
1.268249999999760860e+02 2.230205385540447172e-02 5.948752574245260577e-03
1.269750000000026660e+02 2.067726747725587635e-02 5.709783551055757841e-03
1.271250000000000000e+02 1.895146521234089554e-02 5.475213158218626176e-03
1.272749999999971209e+02 1.739912815654589065e-02 5.178540350463078402e-03
1.274250000000240277e+02 1.579373939174190042e-02 4.963945017967597885e-03
1.275749999999759439e+02 1.420736885747035834e-02 4.610269159564969049e-03
1.277250000000031918e+02 1.259923905474625606e-02 4.391137907384249153e-03
1.278750000000000000e+02 1.094510220144337062e-02 4.106465047332357766e-03
1.280249999999965951e+02 9.414522082752965759e-03 3.822274524582049311e-03
1.281750000000241414e+02 7.905196926981930203e-03 3.439660427793281468e-03
1.283249999999758018e+02 6.315586493491979689e-03 3.120686251338346956e-03
1.284750000000037176e+02 4.789461513958497355e-03 2.711478055508798751e-03
1.286250000000000000e+02 3.206767148537636308e-03 2.245253303278388953e-03
1.287749999999960835e+02 1.680440392200300724e-03 1.604426734861849699e-03
1.289250000000242835e+02 2.922766123016048772e-04 6.795101153572671729e-04
