# Radius RDF_mean RDF_std
7.500000000000896228e-02 8.078287274807056852e-04 4.663538002735067439e-02
2.249999999999577616e-01 3.587426162210736276e-04 1.793444003960970382e-02
3.750000000000000000e-01 5.382454925282682996e-04 1.701316045434085947e-02
5.249999999999700462e-01 3.462123117774454253e-04 1.153580096152173259e-02
6.750000000001169509e-01 7.480382914438602794e-04 1.494281242336819096e-02
8.249999999998777200e-01 9.791664017649982874e-04 1.545177099180148651e-02
9.750000000001839418e-01 1.077037991592295994e-03 1.489770751893593898e-02
1.125000000000000000e+00 1.292394609183981566e-03 1.517686079592586376e-02
1.274999999999773648e+00 1.631484523393084618e-03 1.630508105352869094e-02
1.424999999999764455e+00 2.054888167711497408e-03 1.705958521914208506e-02
1.575000000000282396e+00 3.692524852915634800e-03 2.167311894641841055e-02
1.725000000000170397e+00 4.565445860906298080e-03 2.290421735533450243e-02
1.875000000000000000e+00 6.278935072894557823e-03 2.591687416062276109e-02
2.025000000000070521e+00 8.556223067266780641e-03 2.911679894481026404e-02
2.174999999999594813e+00 1.220946280830787455e-02 3.376200127388442190e-02
2.325000000000426059e+00 1.768372397280367284e-02 3.966714881822908795e-02
2.474999999999678124e+00 2.459980827119551475e-02 4.449739109064957537e-02
2.625000000000000000e+00 3.636675450493455364e-02 5.282989079860651860e-02
2.775000000000444444e+00 5.608556292365405455e-02 6.485533901062512374e-02
2.924999999999512212e+00 8.709453599578258209e-02 7.779355355852539400e-02
3.075000000000499334e+00 1.408616884689108950e-01 9.656289533971175454e-02
3.224999999999414779e+00 2.278579259985104855e-01 1.195142329262285363e-01
3.375000000000000000e+00 3.636312750504753777e-01 1.479762812721069631e-01
3.525000000000659384e+00 5.731158427420266488e-01 1.818845086222633523e-01
3.674999999999857714e+00 8.621403720290125028e-01 2.152142285275165656e-01
3.825000000000022382e+00 1.225191870262910987e+00 2.503880970577226917e-01
3.974999999999250466e+00 1.635691656685651196e+00 2.862165653793811160e-01
4.125000000000000000e+00 2.028788823848179046e+00 3.090408700381642726e-01
4.275000000000798828e+00 2.288488412155180285e+00 3.184518851906206760e-01
4.425000000000374634e+00 2.307455958944882202e+00 3.193582867806609715e-01
4.574999999999541878e+00 2.120841699069443642e+00 2.993162614795493726e-01
4.724999999999138112e+00 1.837510837547665199e+00 2.734571951397934408e-01
4.875000000000000000e+00 1.532640967957546119e+00 2.503186404842001056e-01
5.025000000000897415e+00 1.260372243574308326e+00 2.222832180930863211e-01
5.175000000000743228e+00 1.030919860797623988e+00 1.972893479818873252e-01
5.324999999999196376e+00 8.545246564138263556e-01 1.791744371647448208e-01
5.474999999999057287e+00 7.139843567433453719e-01 1.614552670881219121e-01
5.625000000000000000e+00 6.166960815844415578e-01 1.483600879813214979e-01
5.775000000000969358e+00 5.489797034576541224e-01 1.380399836823363036e-01
5.925000000001017675e+00 5.148896421113375865e-01 1.306352039904380702e-01
6.074999999998936140e+00 5.134335654097458290e-01 1.300875705090377699e-01
6.224999999998995115e+00 5.390051223443573791e-01 1.317110922563499431e-01
6.375000000000000000e+00 5.913766043310032527e-01 1.355646277026038571e-01
6.525000000001025313e+00 6.692044878893358417e-01 1.426108178848664865e-01
6.675000000001229949e+00 7.669188624305762758e-01 1.510495153928664569e-01
6.824999999998733635e+00 8.812132294702778035e-01 1.593918880631575441e-01
6.974999999999387690e+00 1.002293720237362962e+00 1.695270044921237951e-01
7.125000000000000000e+00 1.127480447522481777e+00 1.760482992070770136e-01
7.275000000000346745e+00 1.261257808915542400e+00 1.841421428004660077e-01
7.425000000001398703e+00 1.370693809309075473e+00 1.884681432474520357e-01
7.574999999998571099e+00 1.421938542619360923e+00 1.907941176200493028e-01
7.725000000000012079e+00 1.416900489637816118e+00 1.891045518230526912e-01
7.875000000000000000e+00 1.356077429223975228e+00 1.852346522818361652e-01
8.024999999999771205e+00 1.284707092204963041e+00 1.803449137380886413e-01
8.175000000001539036e+00 1.219530137055215846e+00 1.725104904108245574e-01
8.324999999998437872e+00 1.173747114056733931e+00 1.660184552890543175e-01
8.475000000000525446e+00 1.139219893460256650e+00 1.631822790748204688e-01
8.625000000000000000e+00 1.120436713574120668e+00 1.612637823281397598e-01
8.774999999999291589e+00 1.099312208056527629e+00 1.590856196720115967e-01
8.925000000001652722e+00 1.082941150716504763e+00 1.566904916176017348e-01
9.074999999998325961e+00 1.056090849441233104e+00 1.522564770186659588e-01
9.225000000000957101e+00 1.022460004242169873e+00 1.481525136271000798e-01
9.375000000000000000e+00 9.881502820053665870e-01 1.463985052523818220e-01
9.524999999998890132e+00 9.461762116718098747e-01 1.395349460263697883e-01
9.675000000001750422e+00 9.074000683018808022e-01 1.368223958115304673e-01
9.824999999998231814e+00 8.698288182866545926e-01 1.319548041676434635e-01
9.975000000001321254e+00 8.385314431489192533e-01 1.279291819392713581e-01
1.012500000000000000e+01 8.143263352140498457e-01 1.256263298270444140e-01
1.027499999999854730e+01 8.051787629924286316e-01 1.225612844195922146e-01
1.042500000000183391e+01 8.046672786059584359e-01 1.249669662461004721e-01
1.057499999999815010e+01 8.170848141687596655e-01 1.231935179358293053e-01
1.072500000000163745e+01 8.425086280156358631e-01 1.245137652936031264e-01
1.087500000000000000e+01 8.812657980876588137e-01 1.287121727184953879e-01
1.102499999999824887e+01 9.215188323619298849e-01 1.291473981566991502e-01
1.117500000000190674e+01 9.632324251450840036e-01 1.326588962438906560e-01
1.132499999999808082e+01 1.002420475978491154e+00 1.316006197479272499e-01
1.147500000000190923e+01 1.032429558963240845e+00 1.352646517812085003e-01
1.162500000000000000e+01 1.052773064654120461e+00 1.338563697830048582e-01
1.177499999999798952e+01 1.066708010275416951e+00 1.342231634343299118e-01
1.192500000000196891e+01 1.074146957174598294e+00 1.329008708898844482e-01
1.207499999999801865e+01 1.074026525733605464e+00 1.338336214327057183e-01
1.222500000000215081e+01 1.073475130034185154e+00 1.319291557600126008e-01
1.237500000000000000e+01 1.072474637767658834e+00 1.303800851276256945e-01
1.252499999999776215e+01 1.062727739777349578e+00 1.299263854057239598e-01
1.267500000000202398e+01 1.055014469679671718e+00 1.282289771179982718e-01
1.282499999999796536e+01 1.044539641844918876e+00 1.293838961206347504e-01
1.297500000000236220e+01 1.032821352567803386e+00 1.265180417389195899e-01
1.312500000000000000e+01 1.022459998866956710e+00 1.232624521638985698e-01
1.327499999999756142e+01 1.011328641466110900e+00 1.220219767246903814e-01
1.342500000000173088e+01 9.987189077332470077e-01 1.223348115318249468e-01
1.357499999999841833e+01 9.885016262422465783e-01 1.195723899605770635e-01
1.372500000000255049e+01 9.804487669040010678e-01 1.190780692476945957e-01
1.387500000000000000e+01 9.717635416428320738e-01 1.171342339328554916e-01
1.402499999999738023e+01 9.627345929690591664e-01 1.176884314412966620e-01
1.417500000000102034e+01 9.612894919797768667e-01 1.168561868871572373e-01
1.432499999999911111e+01 9.539249069404933667e-01 1.153730410916981725e-01
1.447500000000271925e+01 9.504415766438174540e-01 1.149097250665168518e-01
1.462500000000000000e+01 9.514480026387628353e-01 1.137105596010961062e-01
1.477499999999721680e+01 9.558573511003449763e-01 1.131173879930796738e-01
1.492500000000038618e+01 9.581451037818832228e-01 1.121064532503488614e-01
1.507499999999973639e+01 9.647242663555358755e-01 1.138475919778532269e-01
1.522500000000287201e+01 9.731499376210568375e-01 1.113767601271220542e-01
1.537500000000000000e+01 9.802533190348761138e-01 1.134857247985874007e-01
1.552499999999706937e+01 9.904664854427210896e-01 1.116943614766527787e-01
1.567499999999980886e+01 9.981003964083016156e-01 1.115623366754304180e-01
1.582500000000029772e+01 1.007490454606296604e+00 1.114998758321458366e-01
1.597500000000300879e+01 1.010803092585218499e+00 1.120140257059812627e-01
1.612500000000000000e+01 1.016017813879932508e+00 1.110855747801565430e-01
1.627499999999693969e+01 1.015784475649186280e+00 1.113478789242064310e-01
1.642499999999928662e+01 1.016811427035780868e+00 1.131614418603605760e-01
1.657500000000081286e+01 1.014040275684354953e+00 1.095068409554682820e-01
1.672500000000313847e+01 1.012857774562555102e+00 1.107573297608222401e-01
1.687500000000000000e+01 1.011812172187530390e+00 1.099319343214694156e-01
1.702499999999681535e+01 1.008944180486235576e+00 1.080956171459893228e-01
1.717499999999880700e+01 1.007585915604310989e+00 1.086877892422944414e-01
1.732500000000128182e+01 1.005365619482624817e+00 1.090113775719420558e-01
1.747500000000325215e+01 1.003246225879792730e+00 1.090653500284311100e-01
1.762500000000000000e+01 1.001444045727953425e+00 1.054594259582520427e-01
1.777499999999670521e+01 1.000064590167450973e+00 1.062500027115907825e-01
1.792499999999837357e+01 9.965588116194566970e-01 1.067111122377246146e-01
1.807500000000171170e+01 9.977610096033397991e-01 1.044964536344195338e-01
1.822500000000335874e+01 9.926884395045393328e-01 1.058703237633853017e-01
1.837500000000000000e+01 9.930260457945853103e-01 1.042482224401574259e-01
1.852499999999660218e+01 9.887442879056791423e-01 1.024494513822116065e-01
1.867499999999797211e+01 9.851946689149921887e-01 1.040778409578882457e-01
1.882500000000210960e+01 9.845657015155160341e-01 1.024980495685735987e-01
1.897500000000345466e+01 9.847431080928193969e-01 1.013781989777716858e-01
1.912500000000000000e+01 9.860100140495663412e-01 1.011555889822640941e-01
1.927499999999650626e+01 9.836797586912151559e-01 1.008504286420097429e-01
1.942499999999759908e+01 9.858690763247285327e-01 1.001557210558269712e-01
1.957500000000247198e+01 9.870392156817112683e-01 1.018875830233431229e-01
1.972500000000354348e+01 9.875288599866575145e-01 1.003560095301605920e-01
1.987500000000000000e+01 9.886457508673410777e-01 9.942211663589835269e-02
2.002499999999642100e+01 9.921444231809131153e-01 9.950894583507999269e-02
2.017499999999725446e+01 9.919262103999793023e-01 9.910097509020190931e-02
2.032500000000281304e+01 9.950644962974470875e-01 9.926016700050177555e-02
2.047500000000362874e+01 9.959627948750066073e-01 9.784820060556317922e-02
2.062500000000000000e+01 9.990914483768039700e-01 9.846590217656536748e-02
2.077499999999633928e+01 9.975228436718095448e-01 9.665674554567564580e-02
2.092499999999693472e+01 9.985241706729437450e-01 9.670736853659682442e-02
2.107500000000312212e+01 1.002230605115423945e+00 9.809177370769628368e-02
2.122500000000370690e+01 9.999874103920955992e-01 9.727842756694882187e-02
2.137500000000000000e+01 1.001450452316446693e+00 9.692602564387528541e-02
2.152499999999626468e+01 1.002816608279505584e+00 9.604227926415460914e-02
2.167499999999663984e+01 1.004617369930082216e+00 9.694452231994997449e-02
2.182500000000341700e+01 1.004509321738316530e+00 9.484458484101111753e-02
2.197500000000377796e+01 1.006105056741756876e+00 9.495699144213858023e-02
2.212500000000000000e+01 1.004840557735780626e+00 9.429957096617407053e-02
2.227499999999619718e+01 1.007518081365913476e+00 9.521829542783093181e-02
2.242499999999636273e+01 1.007045832142205777e+00 9.470985247553373454e-02
2.257500000000369056e+01 1.007520348843985669e+00 9.308662106082576937e-02
2.272500000000384546e+01 1.006342317699409739e+00 9.403908937335762885e-02
2.287500000000000000e+01 1.007007607953364969e+00 9.280608456896222158e-02
2.302499999999612967e+01 1.007402536395877624e+00 9.310765779065664771e-02
2.317499999999610338e+01 1.003619253560360303e+00 9.292964218566199253e-02
2.332500000000394635e+01 1.004488428908266062e+00 9.292918882871772923e-02
2.347500000000390941e+01 1.000144025570400830e+00 9.107995737855124896e-02
2.362500000000000000e+01 9.991361558867545289e-01 9.114007614390913503e-02
2.377499999999606928e+01 9.979952867996937371e-01 9.009491631840212122e-02
2.392499999999586180e+01 9.975269978257198522e-01 8.994124119127577810e-02
2.407500000000418439e+01 9.967099412970561456e-01 9.005308650946636240e-02
2.422500000000396625e+01 9.961036276787764709e-01 9.004938913940294110e-02
2.437500000000000000e+01 9.953481530098809982e-01 8.904886647508986064e-02
2.452499999999600888e+01 9.933259512530020485e-01 8.932895383409042434e-02
2.467499999999563087e+01 9.936612288531814219e-01 8.897011925636236218e-02
2.482500000000441176e+01 9.930694296428227430e-01 8.947461921808573526e-02
2.497500000000402309e+01 9.925055539083975642e-01 8.886934692505259192e-02
2.512500000000000000e+01 9.920825067209819714e-01 8.758044682875962272e-02
2.527499999999595559e+01 9.942891408367685591e-01 8.942428843756854151e-02
2.542499999999541771e+01 9.932985261548328282e-01 8.679512671831707271e-02
2.557500000000462137e+01 9.938506509292183155e-01 8.748278584858092122e-02
2.572500000000407638e+01 9.951843887764508789e-01 8.693262291575422351e-02
2.587500000000000000e+01 9.959588865315647244e-01 8.722163161585053115e-02
2.602499999999590585e+01 9.978861628461601629e-01 8.779230760652428911e-02
2.617499999999521521e+01 9.960743924633680413e-01 8.728127781911516891e-02
2.632500000000482032e+01 9.985724299028878592e-01 8.601234906098578770e-02
2.647500000000383480e+01 9.980393178870837767e-01 8.581286127283666021e-02
2.662500000000000000e+01 1.000809704018454038e+00 8.652421309494587320e-02
2.677499999999647073e+01 1.000716821409675328e+00 8.611280535891309429e-02
2.692499999999502691e+01 1.001097871924274685e+00 8.499711450752100994e-02
2.707500000000501217e+01 1.001122541027632762e+00 8.483573269477365231e-02
2.722500000000308873e+01 1.001199147174097304e+00 8.495590452710238827e-02
2.737500000000000000e+01 9.995965424848372027e-01 8.344265041309716080e-02
2.752499999999719549e+01 1.000706019784386891e+00 8.379032522752993817e-02
2.767499999999484928e+01 9.986613627752287670e-01 8.418058059588857944e-02
2.782500000000518625e+01 9.990524493539665318e-01 8.391409618949241533e-02
2.797500000000238529e+01 9.992820733319350834e-01 8.421550630722172970e-02
2.812500000000000000e+01 9.969841194470141499e-01 8.388887774191476632e-02
2.827499999999788827e+01 9.964613130512972594e-01 8.270901753624863850e-02
2.842499999999467164e+01 9.957024984955596958e-01 8.282548865573678698e-02
2.857500000000536033e+01 9.946988996417152062e-01 8.231188277369200224e-02
2.872500000000171028e+01 9.950589411927459604e-01 8.220521581782343212e-02
2.887500000000000000e+01 9.966036004743373811e-01 8.179192842916084560e-02
2.902499999999854552e+01 9.950119354827171581e-01 8.232227038529212060e-02
2.917499999999451177e+01 9.959526013559665270e-01 8.104533231237126545e-02
2.932500000000552021e+01 9.936480644166982845e-01 8.140045829611564088e-02
2.947500000000107434e+01 9.954549065930589080e-01 8.113180078815102059e-02
2.962500000000000000e+01 9.962028739761306095e-01 8.205800183645473034e-02
2.977499999999917080e+01 9.976032864858194182e-01 8.185334793091361694e-02
2.992499999999435900e+01 9.970694345111302814e-01 8.138196704481172328e-02
3.007500000000566942e+01 9.973896543883716825e-01 8.184912303732795602e-02
3.022500000000047393e+01 9.976970177067087109e-01 8.023250567563851299e-02
3.037500000000000000e+01 9.989579410494408007e-01 8.127745032623712174e-02
3.052499999999976410e+01 9.987868980695279175e-01 8.147100046711497345e-02
3.067499999999420623e+01 9.990758098939992449e-01 8.042237459716665426e-02
3.082500000000581508e+01 1.000664951680679149e+00 8.108980637496560062e-02
3.097499999999989839e+01 1.000507556459947711e+00 8.089942303449916550e-02
3.112500000000000000e+01 1.002144306832301712e+00 7.962827858659060620e-02
3.127500000000032898e+01 1.000865639641915994e+00 8.004025501310661761e-02
3.142499999999406768e+01 1.003839169341724569e+00 8.014049700835640389e-02
3.157500000000595364e+01 1.001282039334309815e+00 7.866407790186796811e-02
3.172499999999935127e+01 1.003210584846180753e+00 7.888916874986838523e-02
3.187500000000000000e+01 1.003079908397402464e+00 7.879618512260909424e-02
3.202500000000086544e+01 1.003182550985876276e+00 7.885986599109985618e-02
3.217499999999394333e+01 1.004734377240340537e+00 7.793455192392852171e-02
3.232500000000609219e+01 1.001511867082170548e+00 7.874820905845135444e-02
3.247499999999882903e+01 1.002550615820923419e+00 7.838298953630103150e-02
3.262500000000000000e+01 1.002182619610929581e+00 7.740663044365302115e-02
3.277500000000137703e+01 1.004024127061970084e+00 7.749875896676811093e-02
3.292499999999381544e+01 1.003161408401535226e+00 7.743283105823708934e-02
3.307500000000621299e+01 1.002948561970999242e+00 7.758625455166404117e-02
3.322499999999832454e+01 1.003040624480472598e+00 7.704591191721774091e-02
3.337500000000000000e+01 1.003988725228810441e+00 7.752627158935233853e-02
3.352500000000186731e+01 1.002751355925507015e+00 7.752157467866714613e-02
3.367499999999368754e+01 1.003597578474016982e+00 7.707770466047844660e-02
3.382500000000633378e+01 1.002767855750949622e+00 7.746367202812937114e-02
3.397499999999784848e+01 1.003225025409365090e+00 7.597855629343540362e-02
3.412500000000000000e+01 1.002580776227215420e+00 7.647528416737300883e-02
3.427500000000233626e+01 1.001635318159563859e+00 7.655589217077589381e-02
3.442499999999357385e+01 1.003274874058359689e+00 7.569030251814035104e-02
3.457500000000644746e+01 1.002703850694422361e+00 7.543223390886007185e-02
3.472499999999739373e+01 1.002142527388020454e+00 7.698175317968503073e-02
3.487500000000000000e+01 1.002767729007868924e+00 7.475737055295245126e-02
3.502500000000278391e+01 1.001951263891734500e+00 7.555022683528049565e-02
3.517499999999346016e+01 1.004016484338905224e+00 7.489491087805932867e-02
3.532500000000656115e+01 1.002274878939946490e+00 7.584780721409235815e-02
3.547499999999695319e+01 1.004867516359978508e+00 7.589085429006674210e-02
3.562500000000000000e+01 1.004755627265208284e+00 7.538194202223709450e-02
3.577500000000321734e+01 1.003529550632525691e+00 7.493331047819384860e-02
3.592499999999336069e+01 1.006015415450643324e+00 7.444378165362346145e-02
3.607500000000666773e+01 1.006196942126882155e+00 7.430909855726157420e-02
3.622499999999653397e+01 1.006382458699007998e+00 7.509725651621580733e-02
3.637500000000000000e+01 1.005440638923116525e+00 7.493957879641024999e-02
3.652500000000362235e+01 1.006135584828963259e+00 7.449625888890636094e-02
3.667499999999325411e+01 1.007885156943397753e+00 7.328803483773961569e-02
3.682500000000676721e+01 1.007361879193929832e+00 7.381950864556532932e-02
3.697499999999613607e+01 1.007397013460827218e+00 7.410275780377953425e-02
3.712500000000000000e+01 1.005795263517333282e+00 7.265336770056494975e-02
3.727500000000402736e+01 1.005950014280369675e+00 7.284276138876526197e-02
3.742499999999315463e+01 1.005419507204672547e+00 7.298770731687055646e-02
3.757500000000686668e+01 1.004617735370849640e+00 7.225821287382844238e-02
3.772499999999575238e+01 1.005058041173526373e+00 7.327482198245889589e-02
3.787500000000000000e+01 1.006823025894355572e+00 7.300946582010099661e-02
3.802500000000440394e+01 1.004016501616924906e+00 7.223647858982346071e-02
3.817499999999306226e+01 1.003107926677770267e+00 7.198140367952653162e-02
3.832500000000695906e+01 1.002380712964832110e+00 7.130632697767516626e-02
3.847499999999537579e+01 1.001399013878410571e+00 7.165501308614882769e-02
3.862500000000000000e+01 1.002960847666413136e+00 7.253290137093333645e-02
3.877500000000476632e+01 1.001793492099348981e+00 7.141171838476190192e-02
3.892499999999297700e+01 1.001622995976271024e+00 7.281921555292988901e-02
3.907500000000705143e+01 1.000400101898765826e+00 7.185430443498019848e-02
3.922499999999502052e+01 1.000311180286048707e+00 7.179156234043938822e-02
3.937500000000000000e+01 1.001314716358717272e+00 7.135361035430401455e-02
3.952500000000512159e+01 1.000106406567165429e+00 7.093369158217212311e-02
3.967499999999288463e+01 9.997174132184726281e-01 7.134159397139809566e-02
3.982500000000712959e+01 1.001011509369265529e+00 7.074777259586684242e-02
3.997499999999467946e+01 1.000967724014437010e+00 7.037918361251049859e-02
4.012500000000000000e+01 1.001567475471810464e+00 7.081724538086679732e-02
4.027500000000545555e+01 1.001233331771723689e+00 7.007363437744304480e-02
4.042499999999279936e+01 1.001431193102039652e+00 6.980840863747606040e-02
4.057500000000721485e+01 1.001925115887210005e+00 6.997859822131093088e-02
4.072499999999434550e+01 1.002209571476191385e+00 6.993832683765029146e-02
4.087500000000000000e+01 1.002792825829711187e+00 6.944221635301663087e-02
4.102500000000578240e+01 1.002150929982572380e+00 6.916904695911096912e-02
4.117499999999272120e+01 1.003361559916496226e+00 7.077987344640590539e-02
4.132500000000730012e+01 1.003703329596007610e+00 6.882455248427141181e-02
4.147499999999402576e+01 1.003625432119109151e+00 6.915908393476651039e-02
4.162500000000000000e+01 1.004135117623752516e+00 6.890877083659660562e-02
4.177500000000609504e+01 1.002565102564931587e+00 6.859239869683063373e-02
4.192499999999264304e+01 1.001802928969490525e+00 6.845259667455612373e-02
4.207500000000737828e+01 1.003518672538723733e+00 6.837843483335084849e-02
4.222499999999372022e+01 1.002859736838601412e+00 6.955192726062725539e-02
4.237500000000000000e+01 1.004140838350194853e+00 6.774743826667539714e-02
4.252500000000640057e+01 1.003327163563763280e+00 6.836577044173321183e-02
4.267499999999256488e+01 1.002377915050094881e+00 6.812867407903963612e-02
4.282500000000744933e+01 1.001175692227865843e+00 6.838356279673199478e-02
4.297499999999342180e+01 1.003048940864632588e+00 6.903277178888929388e-02
4.312500000000000000e+01 1.001916446607464151e+00 6.803716789315683577e-02
4.327500000000669900e+01 1.002732517755813957e+00 6.750131220753383121e-02
4.342499999999249383e+01 1.002066565018770339e+00 6.700053688772052152e-02
4.357500000000752038e+01 1.001841990999261078e+00 6.675568099064016492e-02
4.372499999999313758e+01 1.001918434170866457e+00 6.702033688801832534e-02
4.387500000000000000e+01 1.001157963194177380e+00 6.711432383435782245e-02
4.402500000000697611e+01 1.000576680269138263e+00 6.642392751078016189e-02
4.417499999999242277e+01 1.000903236434915744e+00 6.542433456182090989e-02
4.432500000000759144e+01 1.001006895122943829e+00 6.638550534159577687e-02
4.447499999999286047e+01 1.000993038669758084e+00 6.586057435707125263e-02
4.462500000000000000e+01 1.002385620055801008e+00 6.636706966941909036e-02
4.477500000000724611e+01 1.001038970130119221e+00 6.661812103868576529e-02
4.492499999999235882e+01 1.002397209952196500e+00 6.593990375729866238e-02
4.507500000000766249e+01 1.000564357855846520e+00 6.625351656114818188e-02
4.522499999999259757e+01 1.002892749775498693e+00 6.659119168978046288e-02
4.537500000000000000e+01 1.002300944611660638e+00 6.581375183228935222e-02
4.552500000000750902e+01 1.002888117160720016e+00 6.592411599238896802e-02
4.567499999999228777e+01 1.002971635112196669e+00 6.640841196236794974e-02
4.582500000000772644e+01 1.002322804586710747e+00 6.583148309805138265e-02
4.597499999999233466e+01 1.002716477065390910e+00 6.543835872550797517e-02
4.612500000000000000e+01 1.002728331671394413e+00 6.595236891095565546e-02
4.627500000000776481e+01 1.000564819298850328e+00 6.567891778993779905e-02
4.642499999999223093e+01 1.001809632364009550e+00 6.495407544701228830e-02
4.657500000000779039e+01 1.001456246991212939e+00 6.586480030179328593e-02
4.672499999999207887e+01 1.000160878601878744e+00 6.536005468367239724e-02
4.687500000000000000e+01 1.002077936633746891e+00 6.488118626041258774e-02
4.702500000000801350e+01 1.001758149022947908e+00 6.503624139712703423e-02
4.717499999999216698e+01 1.002488161103561426e+00 6.492922525443661774e-02
4.732500000000784723e+01 1.002103217270674307e+00 6.520059782178568020e-02
4.747499999999183729e+01 1.001163661299790508e+00 6.477979026151811648e-02
4.762500000000000000e+01 1.001774092893005452e+00 6.464016759759620701e-02
4.777500000000825509e+01 1.001863362414022518e+00 6.475703681495617592e-02
4.792499999999211013e+01 1.001932070043429768e+00 6.446527602459815876e-02
4.807500000000790408e+01 1.001736422038763230e+00 6.368984325626571297e-02
4.822499999999160281e+01 1.000515983664946873e+00 6.429583712167839804e-02
4.837500000000000000e+01 1.001503741016013027e+00 6.385552568765481829e-02
4.852500000000848956e+01 1.001150107429992886e+00 6.394808608771750114e-02
4.867499999999204618e+01 1.001801081182707609e+00 6.269438518179780429e-02
4.882500000000796092e+01 1.001489851005530118e+00 6.419553519225672245e-02
4.897499999999137543e+01 1.002267895926946650e+00 6.376115253728852073e-02
4.912500000000000000e+01 1.003007101848989890e+00 6.420423573899503022e-02
4.927500000000870983e+01 1.001780941974610206e+00 6.364975517018273132e-02
4.942499999999198934e+01 1.003145401696260430e+00 6.289614251971668846e-02
4.957500000000802487e+01 1.004047054000667183e+00 6.324044586261656775e-02
4.972499999999115516e+01 1.004058098594010406e+00 6.390834580742811577e-02
4.987500000000000000e+01 1.005790110064193499e+00 6.246473336240498248e-02
5.002500000000893010e+01 1.005451588792637185e+00 6.285284748592109838e-02
5.017499999999193960e+01 1.005182655862424834e+00 6.329079552994147650e-02
5.032500000000807461e+01 1.004236638348153132e+00 6.285658314350993370e-02
5.047499999999094200e+01 1.005855420607367767e+00 6.262647585165033448e-02
5.062500000000000000e+01 1.005643563947038244e+00 6.224166854054323517e-02
5.077500000000914326e+01 1.005836019902577316e+00 6.231101590911574534e-02
5.092499999999188276e+01 1.005315852799421039e+00 6.224983283838677467e-02
5.107500000000812435e+01 1.005398856748439318e+00 6.254532479946928181e-02
5.122499999999072884e+01 1.004928759166616281e+00 6.246075545724755901e-02
5.137500000000000000e+01 1.004860481462074073e+00 6.230101884634145493e-02
5.152500000000934932e+01 1.005205400430658091e+00 6.183687922881177940e-02
5.167499999999183302e+01 1.004869893970342209e+00 6.196542272880445346e-02
5.182500000000818119e+01 1.004474471958153758e+00 6.186546133225560851e-02
5.197499999999052989e+01 1.004334077419574367e+00 6.232275156117500492e-02
5.212500000000000000e+01 1.004833454153821304e+00 6.123065120183888294e-02
5.227500000000954827e+01 1.003748774374507047e+00 6.226322789376886185e-02
5.242499999999178328e+01 1.003624857905258461e+00 6.131101611832003029e-02
5.257500000000806040e+01 1.003515147810273067e+00 6.150151645583921273e-02
5.272499999999033804e+01 1.002812521062924844e+00 6.150434152182308878e-02
5.287500000000000000e+01 1.002852663220106022e+00 6.169268045460439553e-02
5.302500000000974723e+01 1.002417993476406810e+00 6.127985602721024161e-02
5.317499999999255778e+01 1.002376975894846423e+00 6.127400646274588220e-02
5.332500000000729301e+01 1.001956972075129348e+00 6.073712840579727906e-02
5.347499999999015330e+01 1.001747337675270799e+00 6.018337773403460711e-02
5.362500000000000000e+01 1.001531521114702450e+00 6.116164079015860844e-02
5.377500000000993197e+01 1.001896282923977921e+00 6.160022875010788546e-02
5.392499999999331095e+01 1.001073780818460435e+00 6.108981329443299163e-02
5.407500000000654694e+01 1.001920757396232098e+00 6.033851489998165452e-02
5.422499999998996145e+01 1.001613514934899696e+00 6.082141536730586301e-02
5.437500000000000000e+01 1.001579705709009449e+00 6.001937390675325668e-02
5.452500000001011671e+01 1.001240646541471824e+00 5.971712990170451735e-02
5.467499999999403570e+01 1.001941996182295735e+00 5.975773280125951104e-02
5.482500000000581508e+01 1.001707604893490755e+00 5.997483359000777003e-02
5.497499999998977671e+01 1.003507743047435063e+00 5.952668396560058250e-02
5.512500000000000000e+01 1.002536491154413012e+00 5.992085312482475085e-02
5.527500000001029434e+01 1.002249250985778994e+00 5.957250090895035294e-02
5.542499999999475335e+01 1.002545198790973924e+00 5.968936912559064112e-02
5.557500000000510454e+01 1.001246725945667215e+00 5.913437683536792999e-02
5.572499999998960618e+01 1.002984918654058477e+00 6.057293693642616661e-02
5.587500000000000000e+01 1.002335134154609619e+00 6.011338503307574882e-02
5.602500000001046487e+01 1.002721254891388858e+00 5.911000888827695060e-02
5.617499999999544258e+01 1.000885573100862347e+00 5.961670834394718760e-02
5.632500000000441531e+01 1.002593252893352105e+00 5.893158051439757739e-02
5.647499999998942855e+01 1.000924854679928533e+00 5.899477376509327381e-02
5.662500000000000000e+01 1.001351725460104536e+00 5.898594957402732153e-02
5.677500000001062830e+01 1.000131727948987415e+00 5.877470897643501113e-02
5.692499999999611759e+01 1.000349576437080890e+00 5.937993465539020271e-02
5.707500000000374030e+01 1.001061970955978930e+00 5.918346891425863010e-02
5.722499999998926512e+01 1.000831758459779230e+00 5.773620134952588828e-02
5.737500000000000000e+01 1.001251904077132826e+00 5.859794034629160764e-02
5.752500000001079172e+01 1.000579590903138305e+00 5.813128278020811973e-02
5.767499999999677129e+01 1.000537511142752578e+00 5.814240604317021111e-02
5.782500000000310081e+01 1.000382312880265800e+00 5.733286290819404607e-02
5.797499999998910170e+01 1.000623134140567361e+00 5.822027866317255884e-02
5.812500000000000000e+01 9.998941307379579646e-01 5.803508358087296898e-02
5.827500000001095515e+01 1.000015435781749451e+00 5.865730109653297109e-02
5.842499999999741078e+01 1.001935651472109168e+00 5.851277657918096259e-02
5.857500000000246132e+01 1.000592908902257827e+00 5.789429603929032581e-02
5.872499999998893827e+01 1.000353358689985761e+00 5.810297702499565842e-02
5.887500000000000000e+01 1.001872127198971896e+00 5.754971941614616532e-02
5.902500000001111857e+01 1.000588201599863503e+00 5.726839302490137340e-02
5.917499999999803606e+01 1.002261257481717571e+00 5.730082143155839497e-02
5.932500000000184315e+01 1.000638696054309440e+00 5.844250272101415150e-02
5.947499999998878906e+01 1.002560571342300699e+00 5.714671326793055450e-02
5.962500000000000000e+01 1.001320530501295991e+00 5.775844331631711098e-02
5.977500000001126779e+01 1.002670988558793663e+00 5.742617680719839385e-02
5.992499999999864002e+01 1.003598209268764974e+00 5.827874058107694599e-02
6.007500000000123919e+01 1.002677689837322861e+00 5.751501743718240300e-02
6.022499999998863984e+01 1.002671058400030457e+00 5.792819874957227944e-02
6.037500000000000000e+01 1.002963255454297098e+00 5.821387391135750961e-02
6.052500000001142411e+01 1.002862413181822232e+00 5.774451904469056485e-02
6.067499999999923688e+01 1.002454676982472037e+00 5.739273160559097559e-02
6.082500000000064944e+01 1.002965478969971791e+00 5.765132990271861629e-02
6.097499999998849773e+01 1.003949688624157677e+00 5.717914517427932081e-02
6.112500000000000000e+01 1.003553006762733846e+00 5.728692536425480930e-02
6.127500000001155911e+01 1.002866374295626528e+00 5.648445683424357933e-02
6.142499999999980531e+01 1.002593893238433509e+00 5.655676054480594100e-02
6.157500000000007390e+01 1.004821113731564797e+00 5.678550280564675923e-02
6.172499999998834852e+01 1.003897326754073172e+00 5.671376729710014830e-02
6.187500000000000000e+01 1.004009606702459978e+00 5.646044466602483103e-02
6.202500000001170122e+01 1.003152290958047921e+00 5.695281497181537561e-02
6.217500000000037375e+01 1.005610583581311834e+00 5.631727653248310567e-02
6.232499999999951967e+01 1.005300925200850903e+00 5.733161646626411256e-02
6.247499999998820641e+01 1.004441470153505600e+00 5.721124526484394623e-02
6.262500000000000000e+01 1.004856613549687916e+00 5.637487067606628682e-02
6.277500000001184333e+01 1.005065123111984482e+00 5.640145503267770394e-02
6.292500000000092086e+01 1.004360266954682279e+00 5.618022050078162744e-02
6.307499999999897256e+01 1.004522839782608035e+00 5.660492857117483539e-02
6.322499999998807851e+01 1.005156432255476684e+00 5.530329256991017850e-02
6.337500000000000000e+01 1.003524224705966361e+00 5.551901508621801679e-02
6.352500000001197833e+01 1.004790399178963511e+00 5.576362011306471717e-02
6.367500000000146798e+01 1.004815163782168952e+00 5.569997881650049637e-02
6.382499999999843254e+01 1.003373670008357754e+00 5.560136396018495325e-02
6.397499999998793641e+01 1.003324878631409955e+00 5.590073909617968018e-02
6.412500000000000000e+01 1.003170276387762794e+00 5.564267723576003105e-02
6.427500000001211333e+01 1.003480422011196804e+00 5.460984562236530226e-02
6.442500000000200089e+01 1.002025566197265682e+00 5.609569055423301726e-02
6.457499999999791385e+01 1.002775194386877677e+00 5.688159364812044039e-02
6.472499999998781561e+01 1.002110528509530640e+00 5.506510811985896453e-02
6.487500000000000000e+01 1.001952422764155415e+00 5.554047881370986761e-02
6.502500000001224123e+01 1.001644517764481934e+00 5.530767908431288848e-02
6.517500000000251248e+01 1.001028882064302739e+00 5.532019241185925917e-02
6.532499999999740226e+01 1.000858697110372786e+00 5.554779693941323121e-02
6.547499999998768772e+01 1.000944659792071256e+00 5.448732264715827611e-02
6.562500000000000000e+01 1.000255639042174183e+00 5.500333188360034820e-02
6.577500000001236913e+01 1.000721525004678147e+00 5.447571851031178525e-02
6.592500000000300986e+01 1.000148150231277455e+00 5.462336809891900347e-02
6.607499999999690488e+01 9.992072714018581658e-01 5.449206160153209633e-02
6.622499999998755982e+01 1.000662289859833631e+00 5.497757323118616229e-02
6.637500000000000000e+01 9.997316682124137710e-01 5.450007916977030881e-02
6.652500000001249703e+01 9.994830251838613400e-01 5.416382544433384627e-02
6.667500000000349303e+01 9.989898929358411728e-01 5.446880615145390653e-02
6.682499999999640750e+01 9.998458752331695898e-01 5.455867530392263798e-02
6.697499999998743192e+01 1.000376594873683578e+00 5.391560886250132412e-02
6.712500000000000000e+01 9.985687378249070711e-01 5.364617375463414523e-02
6.727500000001261071e+01 9.998677352643822180e-01 5.423512090668042990e-02
6.742500000000397620e+01 9.995458667858043711e-01 5.404227752844726479e-02
6.757499999999593854e+01 9.985773538121862636e-01 5.370024229155327677e-02
6.772499999998731823e+01 9.995611936633629346e-01 5.453659536421728155e-02
6.787500000000000000e+01 9.999333702886746833e-01 5.431023145942196623e-02
6.802500000001272440e+01 9.994956704073177933e-01 5.361790625073123429e-02
6.817500000000444516e+01 1.000899867839124546e+00 5.369612413163597081e-02
6.832499999999546958e+01 1.000148286395027952e+00 5.384623573354401643e-02
6.847499999998720455e+01 1.001943932969699969e+00 5.323029336082198831e-02
6.862500000000000000e+01 1.000380252440403739e+00 5.412113257312783920e-02
6.877500000001283809e+01 1.000666219733051809e+00 5.328665444310066307e-02
6.892500000000489990e+01 1.001549421375257820e+00 5.329237008407397558e-02
6.907499999999501483e+01 1.001453961331874476e+00 5.365578445107543198e-02
6.922499999998709086e+01 1.001189907072551177e+00 5.422335347878420864e-02
6.937500000000000000e+01 1.001526851272566354e+00 5.412963790120799146e-02
6.952500000001295177e+01 1.001880662892779217e+00 5.332130239539351751e-02
6.967500000000535465e+01 1.001891771328308645e+00 5.277424152276521951e-02
6.982499999999456008e+01 1.001450417977139296e+00 5.363061057904391221e-02
6.997499999998697717e+01 1.001720218740165702e+00 5.286182227636729986e-02
7.012500000000000000e+01 1.002071306761401326e+00 5.342195809183181848e-02
7.027500000001306546e+01 1.002913280310004041e+00 5.333640558795614550e-02
7.042500000000579519e+01 1.003048149516249099e+00 5.284465927191839274e-02
7.057499999999413376e+01 1.002360084130534457e+00 5.233529839213752616e-02
7.072499999998686349e+01 1.002671098709445596e+00 5.315324865523968212e-02
7.087500000000000000e+01 1.002641013203459552e+00 5.232551619041469343e-02
7.102500000001316494e+01 1.003357519243196716e+00 5.296493194264526028e-02
7.117500000000620730e+01 1.002027666021883201e+00 5.297910320845285875e-02
7.132499999999369322e+01 1.001279563988021204e+00 5.237381278630778847e-02
7.147499999998676401e+01 1.001723862513029362e+00 5.278473682343921142e-02
7.162500000000000000e+01 1.001496280847948839e+00 5.359707069341616142e-02
7.177500000001327862e+01 1.001981523390822248e+00 5.296605147395105212e-02
7.192500000000663363e+01 1.001774636006578900e+00 5.272794889194208634e-02
7.207499999999328111e+01 1.001054394963941219e+00 5.226569188010567885e-02
7.222499999998666453e+01 1.001451065625006853e+00 5.262560402902965312e-02
7.237500000000000000e+01 1.001231375227223053e+00 5.267390087632581319e-02
7.252500000001337810e+01 1.000630066465608925e+00 5.231433710418706418e-02
7.267500000000704574e+01 1.001730511174914851e+00 5.199230135245309220e-02
7.282499999999286899e+01 1.001425085910191637e+00 5.147374221439108416e-02
7.297499999998655085e+01 1.001273854981845624e+00 5.205678749793937743e-02
7.312500000000000000e+01 1.001099539238644143e+00 5.216014552426362361e-02
7.327500000001347757e+01 1.000579514186408003e+00 5.243364715685741584e-02
7.342500000000745786e+01 1.000060107633454765e+00 5.195722408462849495e-02
7.357499999999247109e+01 1.000391062160553624e+00 5.226561940102101428e-02
7.372499999998646558e+01 1.000156760214887086e+00 5.214830815865609953e-02
7.387500000000000000e+01 9.996008606090979187e-01 5.165670810670172641e-02
7.402500000001359126e+01 1.000299614281096927e+00 5.204997967079043331e-02
7.417500000000785576e+01 9.994756055088960256e-01 5.194388409886583485e-02
7.432499999999207319e+01 9.985745665881059496e-01 5.196865750742506174e-02
7.447499999998635190e+01 9.985769735692889837e-01 5.231481883370733832e-02
7.462500000000000000e+01 9.994059759177820190e-01 5.186749323208049434e-02
7.477500000001367653e+01 9.990771800168342098e-01 5.172198434783206733e-02
7.492500000000823945e+01 9.991835085887713630e-01 5.119210679657851260e-02
7.507499999999168949e+01 9.986642380491914661e-01 5.145244303594226354e-02
7.522499999998626663e+01 9.994714496434213835e-01 5.121610999568099870e-02
7.537500000000000000e+01 9.998353723213377897e-01 5.132028988352162896e-02
7.552500000001377600e+01 9.982744901871589693e-01 5.119204759636862556e-02
7.567500000000862315e+01 9.996566657153976854e-01 5.211925795236801995e-02
7.582499999999130580e+01 9.989633079052954168e-01 5.158737032941702882e-02
7.597499999998616715e+01 1.000380006639236319e+00 5.111476138041619321e-02
7.612500000000000000e+01 9.984732307530388429e-01 5.144743271746672619e-02
7.627500000001386127e+01 9.994334360931697026e-01 5.115689289046482235e-02
7.642500000000899263e+01 9.992881357084492100e-01 5.108532718127205274e-02
7.657499999999093632e+01 9.994130931847070576e-01 5.069463354080379347e-02
7.672499999998608189e+01 9.982125220481119499e-01 4.998628449072198277e-02
7.687500000000000000e+01 9.998113900020296763e-01 5.128801966745295815e-02
7.702500000001396074e+01 9.986817125596038069e-01 5.024860330208220233e-02
7.717500000000934790e+01 9.994402773303170395e-01 5.025426522231866977e-02
7.732499999999058105e+01 1.000513259162580271e+00 5.059272610982824131e-02
7.747499999998598241e+01 1.001138485231169328e+00 5.080404911220255670e-02
7.762500000000000000e+01 1.000303858175503713e+00 5.079125639337889186e-02
7.777500000001404601e+01 1.001617248280357142e+00 5.082576562941791554e-02
7.792500000000971738e+01 1.000569648089257413e+00 5.001684054635418403e-02
7.807499999999021156e+01 1.000816832993985939e+00 5.044524758220134131e-02
7.822499999998589715e+01 1.001513836277266201e+00 5.048930837350751322e-02
7.837500000000000000e+01 1.000713700029090658e+00 5.035247892119842222e-02
7.852500000001413127e+01 1.001089919161121999e+00 5.084644298300398935e-02
7.867500000001005844e+01 1.000476127562939244e+00 5.062624672928288383e-02
7.882499999998987050e+01 1.000190685873860730e+00 4.998055512041013615e-02
7.897499999998581188e+01 1.001410190116950982e+00 5.090320027666035002e-02
7.912500000000000000e+01 1.000266023711529506e+00 5.047341875138878359e-02
7.927500000001423075e+01 1.001931579732234123e+00 5.015454863567560956e-02
7.942500000001041371e+01 1.001504169248214726e+00 4.963357176674442622e-02
7.957499999998951523e+01 1.000852032063553665e+00 5.035750926508145847e-02
7.972499999998572662e+01 1.000741180297092470e+00 4.981953976135809758e-02
7.987500000000000000e+01 1.002076132140176323e+00 4.980285135874563257e-02
8.002500000001430180e+01 1.000515903409755047e+00 4.981745273389006495e-02
8.017500000001075477e+01 1.000303397764636504e+00 4.994144576548769504e-02
8.032499999998918838e+01 1.000426595346662673e+00 4.994396805411783352e-02
8.047499999998564135e+01 1.000013843932032964e+00 4.951513922390292366e-02
8.062500000000000000e+01 9.749303990329547531e-01 4.908248598709029353e-02
8.077500000001438707e+01 9.523201184840769384e-01 4.840785697023306661e-02
8.092500000001108162e+01 9.381802694505052553e-01 4.820515482635310406e-02
8.107499999998886153e+01 9.280101816104916468e-01 4.802975133858233131e-02
8.122499999998557030e+01 9.181410452624977347e-01 4.743290199608091173e-02
8.137500000000000000e+01 9.099852659977876179e-01 4.666685698226590712e-02
8.152500000001447233e+01 9.016687144923978270e-01 4.685801153085136783e-02
8.167500000001139426e+01 8.941885091766708094e-01 4.690445435621407727e-02
8.182499999998853468e+01 8.875280941020085024e-01 4.633863912930547002e-02
8.197499999998548503e+01 8.811161195392503975e-01 4.678765373672658101e-02
8.212500000000000000e+01 8.750225503652228065e-01 4.600322153261739155e-02
8.227500000001455760e+01 8.700786674424126899e-01 4.521439134379989788e-02
8.242500000001172111e+01 8.644798439574427062e-01 4.626417761994722211e-02
8.257499999998822204e+01 8.597627496597275432e-01 4.519665361727189662e-02
8.272499999998539977e+01 8.548893370972696637e-01 4.542905288921927909e-02
8.287500000000000000e+01 8.497084872050101323e-01 4.472254077515796372e-02
8.302500000001462865e+01 8.450408709571702870e-01 4.468858283168335166e-02
8.317500000001203375e+01 8.405294704809701534e-01 4.476227095622456464e-02
8.332499999998789519e+01 8.366461028397108590e-01 4.471755552769808573e-02
8.347499999998531450e+01 8.319902895669083476e-01 4.448597695351255016e-02
8.362500000000000000e+01 8.275668828020098511e-01 4.464026285092041746e-02
8.377500000001469971e+01 8.238859931524967761e-01 4.416860921525805200e-02
8.392500000001234639e+01 8.196927608998655357e-01 4.428670498562713859e-02
8.407499999998758256e+01 8.158214044852496460e-01 4.352997795664600988e-02
8.422499999998524345e+01 8.116263178081406515e-01 4.339352241184710191e-02
8.437500000000000000e+01 8.078458625071802679e-01 4.348973475774333547e-02
8.452500000001478497e+01 8.042917214198568310e-01 4.346265877537159456e-02
8.467500000001264482e+01 8.015945259356885844e-01 4.389521262405142454e-02
8.482499999998728413e+01 7.977703894086228820e-01 4.336417029573731707e-02
8.497499999998517239e+01 7.940276862863471230e-01 4.287515726981198927e-02
8.512500000000000000e+01 7.910834151973814565e-01 4.282146047639493608e-02
8.527500000001485603e+01 7.875822147279885055e-01 4.267225661189507496e-02
8.542500000001294325e+01 7.841670951999345496e-01 4.239643527783098359e-02
8.557499999998699991e+01 7.808618881839283210e-01 4.203642429863333613e-02
8.572499999998510134e+01 7.779397555033799039e-01 4.245605047380598962e-02
8.587500000000000000e+01 7.754322380583822394e-01 4.258960255221790753e-02
8.602500000001494129e+01 7.718113391411560720e-01 4.183338680871085541e-02
8.617500000001324167e+01 7.686057231838182568e-01 4.224969221130487479e-02
8.632499999998670148e+01 7.670213724229727470e-01 4.200474616318133209e-02
8.647499999998503029e+01 7.641555788142396777e-01 4.232840963500283937e-02
8.662500000000000000e+01 7.610455789333221421e-01 4.124166413674514031e-02
8.677500000001501235e+01 7.580841693523129310e-01 4.141073898169289613e-02
8.692500000001352589e+01 7.553720769146077263e-01 4.171107849378660054e-02
8.707499999998641727e+01 7.532345201397737666e-01 4.145219676081017546e-02
8.722499999998494502e+01 7.501724382922559942e-01 4.097612424262486730e-02
8.737500000000000000e+01 7.471689982663713980e-01 4.075967606708112700e-02
8.752500000001508340e+01 7.451541377661896615e-01 4.130474374443611485e-02
8.767500000001381011e+01 7.415039226053525834e-01 4.108626598769174465e-02
8.782499999998613305e+01 7.397220797791106417e-01 4.079244930648948109e-02
8.797499999998487397e+01 7.365688220287437415e-01 4.086088447522185502e-02
8.812500000000000000e+01 7.342203787519413494e-01 4.049518343949529836e-02
8.827500000001514024e+01 7.320455738741230567e-01 4.102808684152576407e-02
8.842500000001409433e+01 7.299360165887575080e-01 4.051953952057905234e-02
8.857499999998586304e+01 7.268265590004767684e-01 4.053820404007971862e-02
8.872499999998480291e+01 7.250555954269547465e-01 4.040116742226461388e-02
8.887500000000000000e+01 7.224034326117906302e-01 3.984285898526324782e-02
8.902500000001521130e+01 7.206684780937067103e-01 4.050354471260034922e-02
8.917500000001436433e+01 7.174318729148808638e-01 4.004674121239538975e-02
8.932499999998557882e+01 7.158968073047191627e-01 4.007545802095932586e-02
8.947499999998473186e+01 7.136419363075551248e-01 3.976038520265084281e-02
8.962500000000000000e+01 7.118011586087403808e-01 3.946023018434542673e-02
8.977500000001528235e+01 7.090075311934533886e-01 3.916683890463980994e-02
8.992500000001462013e+01 7.065066850836398960e-01 3.964238402239189663e-02
9.007499999998532303e+01 7.041896097239563890e-01 3.871687056837793545e-02
9.022499999998467501e+01 7.021515766273389580e-01 3.894289168899937870e-02
9.037500000000000000e+01 7.001103762915177331e-01 3.886273185758330057e-02
9.052500000001533920e+01 6.974985187893589789e-01 3.930331123792109305e-02
9.067500000001489013e+01 6.964444527367188442e-01 3.923950826118461493e-02
9.082499999998505302e+01 6.934149333315269281e-01 3.880575309510547050e-02
9.097499999998460396e+01 6.915270789715902700e-01 3.912931687609739334e-02
9.112500000000000000e+01 6.896705409776773266e-01 3.854457135245521748e-02
9.127500000001541025e+01 6.877087086095561297e-01 3.885743735964735518e-02
9.142500000001514593e+01 6.851259968079667084e-01 3.869202942157563135e-02
9.157499999998479723e+01 6.840884552061301527e-01 3.856410779775924780e-02
9.172499999998454712e+01 6.811024674746023466e-01 3.813370128185872981e-02
9.187500000000000000e+01 6.789920822163849623e-01 3.792525768278465215e-02
9.202500000001548131e+01 6.771284261984052977e-01 3.803958736642298888e-02
9.217500000001541594e+01 6.760877811081571487e-01 3.794082688295385281e-02
9.232499999998454143e+01 6.742973991712348791e-01 3.797084017373034137e-02
9.247499999998447606e+01 6.723777838399955797e-01 3.792109427238844060e-02
9.262500000000000000e+01 6.702105062624009735e-01 3.763943648977334522e-02
9.277500000001553815e+01 6.684297041483941992e-01 3.756662129476875250e-02
9.292500000001565752e+01 6.668029284802023948e-01 3.781595891168850615e-02
9.307499999998428564e+01 6.646153243216080808e-01 3.751582815653408537e-02
9.322499999998441922e+01 6.633151893956487077e-01 3.763798353084067683e-02
9.337500000000000000e+01 6.613860678479208666e-01 3.725463463829770810e-02
9.352500000001559499e+01 6.594439093948163411e-01 3.750173950724849242e-02
9.367500000001591332e+01 6.580856901823098903e-01 3.734278764782592713e-02
9.382499999998402984e+01 6.565707688188430202e-01 3.717230442104933058e-02
9.397499999998436238e+01 6.548689438438541899e-01 3.737941510826460478e-02
9.412500000000000000e+01 6.528074130447761858e-01 3.709670336740109042e-02
9.427500000001566605e+01 6.513605678467048188e-01 3.701651215139722950e-02
9.442500000001615490e+01 6.499971639839222659e-01 3.683502615503199407e-02
9.457499999998380247e+01 6.487677914535688872e-01 3.670921633532955169e-02
9.472499999998429132e+01 6.467269703005628090e-01 3.696227698154740116e-02
9.487500000000000000e+01 6.453772094892626932e-01 3.711585480210401189e-02
9.502500000001572289e+01 6.440194720007015317e-01 3.621775250056697565e-02
9.517500000001639648e+01 6.427418525048471665e-01 3.646673078919285965e-02
9.532499999998356088e+01 6.413825351288299226e-01 3.646361469892533264e-02
9.547499999998423448e+01 6.398916448534704982e-01 3.629209823445974509e-02
9.562500000000000000e+01 6.377443619501280692e-01 3.617197370808519774e-02
9.577500000001577973e+01 6.362033531749485826e-01 3.589656066650687150e-02
9.592500000001662386e+01 6.350811856015071699e-01 3.654689720623076343e-02
9.607499999998331930e+01 6.329265344883197031e-01 3.630511586298354465e-02
9.622499999998417763e+01 6.315356375226395258e-01 3.561522885791715276e-02
9.637500000000000000e+01 6.299144363272438651e-01 3.600730865020888849e-02
9.652500000001585079e+01 6.280960230776794218e-01 3.560138344423322693e-02
9.667500000001686544e+01 6.265231497337808708e-01 3.585297251811082886e-02
9.682499999998309193e+01 6.248430448081673250e-01 3.584781134200889369e-02
9.697499999998412079e+01 6.235436185606949566e-01 3.541238010926234248e-02
9.712500000000000000e+01 6.212679913758005767e-01 3.554369427869677467e-02
9.727500000001590763e+01 6.209992719752408519e-01 3.552107160448041145e-02
9.742500000001709282e+01 6.180831120441013793e-01 3.518780216502997299e-02
9.757499999998287876e+01 6.164192755902493381e-01 3.511773220489681352e-02
9.772499999998406395e+01 6.160762267821120464e-01 3.537272218324082756e-02
9.787500000000000000e+01 6.144825651809665557e-01 3.495858624474307980e-02
9.802500000001595026e+01 6.117510587347027018e-01 3.558298785261124197e-02
9.817500000001732019e+01 6.112380108434242176e-01 3.456868343023412199e-02
9.832499999998263718e+01 6.100322920714470465e-01 3.527537549077793683e-02
9.847499999998402131e+01 6.086218830945837599e-01 3.492548079083530876e-02
9.862500000000000000e+01 6.071500712841544356e-01 3.511865178910094504e-02
9.877500000001600711e+01 6.060639849522314604e-01 3.460715288938460976e-02
9.892500000001753335e+01 6.046179071386627024e-01 3.456758686297872751e-02
9.907499999998242401e+01 6.027883582293614984e-01 3.489916517551751307e-02
9.922499999998395026e+01 6.021643122199068499e-01 3.482117909410439860e-02
9.937500000000000000e+01 5.999957017109568413e-01 3.476835207486893980e-02
9.952500000001606395e+01 5.997119709128143628e-01 3.461991920101665371e-02
9.967500000001776073e+01 5.980212634804829008e-01 3.413600486409028301e-02
9.982499999998221085e+01 5.967304557807646681e-01 3.437992167835249996e-02
9.997499999998389342e+01 5.951005818358338084e-01 3.419859125559859825e-02
1.001250000000000000e+02 5.941071403170482546e-01 3.478069636698423450e-02
1.002750000000161208e+02 5.921277772077364610e-01 3.397802202493037382e-02
1.004250000000179597e+02 5.916789773996473656e-01 3.416570860022807160e-02
1.005749999999819835e+02 5.897735407860709156e-01 3.391701892481360781e-02
1.007249999999838508e+02 5.736227310692101344e-01 3.323634000439711078e-02
1.008750000000000000e+02 5.492146290264142694e-01 3.272009731194298193e-02
1.010250000000161776e+02 5.341652895164452630e-01 3.200678837258660869e-02
1.011750000000181871e+02 5.225811805999514004e-01 3.207464590410112615e-02
1.013249999999817845e+02 5.125880106575710915e-01 3.152829766263592903e-02
1.014749999999837939e+02 5.030991276985087302e-01 3.143399784753486692e-02
1.016250000000000000e+02 4.944495193227479435e-01 3.097594965455544372e-02
1.017750000000162345e+02 4.865892128620543100e-01 3.084700845577634937e-02
1.019250000000184002e+02 4.788016156040971194e-01 3.066691340807628161e-02
1.020749999999815714e+02 4.724629284339905699e-01 3.017086578716556000e-02
1.022249999999837513e+02 4.652519226648581530e-01 3.025538495533329833e-02
1.023750000000000000e+02 4.600757059420161332e-01 2.978359275662829583e-02
1.025250000000162771e+02 4.531147568564355965e-01 3.000484698156026531e-02
1.026750000000185992e+02 4.479712175335776037e-01 2.946947784467241621e-02
1.028249999999813582e+02 4.411112901694240196e-01 2.928229567900627814e-02
1.029749999999836945e+02 4.363079067154533308e-01 2.903057199814203931e-02
1.031250000000000000e+02 4.313693811264877609e-01 2.867478543049078316e-02
1.032750000000163340e+02 4.251921958715940142e-01 2.873751756004610039e-02
1.034250000000187981e+02 4.210536640574611966e-01 2.838279968397398878e-02
1.035749999999811592e+02 4.152397436987732560e-01 2.793118151955729239e-02
1.037249999999836376e+02 4.106513452206316250e-01 2.803436977674852310e-02
1.038750000000000000e+02 4.058167522026935314e-01 2.808905745616983862e-02
1.040250000000163766e+02 4.013178876951248863e-01 2.763422569309435806e-02
1.041750000000189971e+02 3.969521231386578530e-01 2.768009370086990661e-02
1.043249999999809603e+02 3.930051273374554621e-01 2.695721545182631212e-02
1.044749999999835950e+02 3.882021886357461260e-01 2.723315334723543091e-02
1.046250000000000000e+02 3.840110815874365757e-01 2.714796120089010487e-02
1.047750000000164334e+02 3.797057013115514024e-01 2.685589398353985247e-02
1.049250000000191818e+02 3.749256378076105678e-01 2.661541817883207248e-02
1.050749999999807613e+02 3.711433300831957216e-01 2.627392021151701146e-02
1.052249999999839503e+02 3.670239712253122732e-01 2.632361827758267214e-02
1.053750000000000000e+02 3.629521437960471775e-01 2.614180039447095566e-02
1.055250000000157229e+02 3.592367740854283120e-01 2.565881611101870907e-02
1.056750000000193808e+02 3.553026171385369469e-01 2.556475221406000892e-02
1.058249999999805766e+02 3.517685938197168127e-01 2.545493840752735548e-02
1.059749999999847319e+02 3.476152107053123164e-01 2.553035358056490733e-02
1.061250000000000000e+02 3.438384375312510954e-01 2.556235784409015971e-02
1.062750000000149555e+02 3.398928107454651237e-01 2.492598890693688979e-02
1.064250000000195797e+02 3.364453208005502294e-01 2.491084108549923570e-02
1.065749999999803919e+02 3.325333824465081523e-01 2.485283751803142593e-02
1.067249999999854850e+02 3.291717336251916981e-01 2.477128591678705305e-02
1.068750000000000000e+02 3.254790504449046051e-01 2.467272237333300797e-02
1.070250000000141881e+02 3.218830026218323925e-01 2.429438656255977422e-02
1.071750000000197645e+02 3.182873514030564732e-01 2.403152851631170858e-02
1.073249999999802071e+02 3.150590531178282250e-01 2.415545058003204168e-02
1.074749999999862524e+02 3.110388970877625558e-01 2.380824079789722186e-02
1.076250000000000000e+02 3.073871777059751231e-01 2.379396815859006684e-02
1.077750000000134492e+02 3.041410816095049263e-01 2.382582127775830297e-02
1.079250000000199492e+02 3.009547732629386241e-01 2.349699997442929872e-02
1.080749999999800224e+02 2.973172965261471345e-01 2.333147847435316016e-02
1.082249999999869914e+02 2.940250765705857972e-01 2.325376921128606555e-02
1.083750000000000000e+02 2.908766774466281513e-01 2.314175553567297122e-02
1.085250000000127244e+02 2.876740911593337335e-01 2.309477916081498564e-02
1.086750000000201481e+02 2.843712489271074673e-01 2.279874007195069330e-02
1.088249999999798376e+02 2.808812027362391772e-01 2.245857431583362165e-02
1.089749999999877161e+02 2.786213990059422385e-01 2.271286403960307704e-02
1.091250000000000000e+02 2.749159019417699579e-01 2.225905645203733740e-02
1.092750000000119854e+02 2.713100451156027493e-01 2.209178687390580403e-02
1.094250000000203045e+02 2.689972945300321272e-01 2.180741264686096928e-02
1.095749999999796529e+02 2.661659163145349560e-01 2.212629955037851912e-02
1.097249999999884409e+02 2.632143646784256275e-01 2.192117642939714339e-02
1.098750000000000000e+02 2.601715133093435717e-01 2.178900271020012269e-02
1.100250000000112749e+02 2.573921551698818977e-01 2.145040350195435638e-02
1.101750000000204892e+02 2.541487027839076096e-01 2.137632476884501753e-02
1.103249999999794682e+02 2.518408454026038745e-01 2.104372140091479923e-02
1.104749999999891372e+02 2.491516170408333841e-01 2.120507306445541459e-02
1.106250000000000000e+02 2.463602072707131718e-01 2.087555744519669493e-02
1.107750000000105643e+02 2.430741130617979362e-01 2.074431040530686637e-02
1.109250000000206740e+02 2.411500184741297570e-01 2.085514724818742990e-02
1.110749999999792976e+02 2.377995113423131968e-01 2.032685744742341802e-02
1.112249999999898620e+02 2.351217685277556535e-01 2.044126555985682422e-02
1.113750000000000000e+02 2.325119451187334652e-01 2.028718455929665390e-02
1.115250000000098822e+02 2.302900769171417616e-01 2.022773273263509322e-02
1.116750000000208445e+02 2.274263387248451063e-01 2.008534764817575952e-02
1.118249999999791129e+02 2.249067383485697236e-01 1.977739015624936647e-02
1.119749999999905299e+02 2.223298153457635706e-01 1.964620895373459311e-02
1.121250000000000000e+02 2.192973404553260064e-01 1.957016692994731702e-02
1.122750000000091859e+02 2.169637714820247254e-01 1.960587168072835604e-02
1.124250000000210008e+02 2.141069683144279923e-01 1.940277488609412279e-02
1.125749999999789566e+02 2.116091488951806210e-01 1.913481051350787027e-02
1.127249999999912120e+02 2.093997222403870262e-01 1.916628486787442728e-02
1.128750000000000000e+02 2.067049530910705368e-01 1.916614735366454006e-02
1.130250000000085180e+02 2.042565460440973479e-01 1.881234950541787326e-02
1.131750000000211855e+02 2.014858205163932436e-01 1.895223008965931169e-02
1.133249999999787860e+02 1.994499608814787051e-01 1.850355259780931544e-02
1.134749999999919083e+02 1.969127453579367082e-01 1.848084014556087770e-02
1.136250000000000000e+02 1.944526363651832013e-01 1.849797584846760157e-02
1.137750000000078359e+02 1.921407179526178344e-01 1.829394946064153218e-02
1.139250000000213561e+02 1.895682739529605809e-01 1.798645696904766639e-02
1.140749999999786297e+02 1.869969027983490462e-01 1.799826321356842729e-02
1.142249999999925620e+02 1.847153640266911701e-01 1.784726745231074094e-02
1.143750000000000000e+02 1.820834305009008669e-01 1.782905486798226288e-02
1.145250000000071680e+02 1.802479970651260088e-01 1.756173458450932881e-02
1.146750000000215124e+02 1.775617466027043512e-01 1.745959178905358289e-02
1.148249999999784308e+02 1.753188477564001924e-01 1.722403620716225769e-02
1.149749999999932157e+02 1.733628725413419169e-01 1.726483791083163397e-02
1.151250000000000000e+02 1.707707957854842085e-01 1.724034413397105767e-02
1.152750000000065285e+02 1.683517462058931879e-01 1.709400541528191889e-02
1.154250000000216829e+02 1.663560551143888899e-01 1.677121466643094125e-02
1.155749999999783029e+02 1.639259775654103024e-01 1.666465110408564890e-02
1.157249999999938694e+02 1.618278483445013960e-01 1.662715311562229167e-02
1.158750000000000000e+02 1.597886072512288147e-01 1.640145577473716906e-02
1.160250000000058748e+02 1.574384941676509886e-01 1.643542797157981558e-02
1.161750000000218392e+02 1.549418808163783579e-01 1.627897413108741684e-02
1.163249999999781323e+02 1.530947104150181259e-01 1.597513050177843535e-02
1.164749999999945089e+02 1.505524762566774200e-01 1.590410895375589384e-02
1.166250000000000000e+02 1.484792603951175238e-01 1.588160309805305634e-02
1.167750000000052495e+02 1.460695578380070692e-01 1.556075927186192399e-02
1.169250000000220098e+02 1.441869290236846290e-01 1.565353152104684634e-02
1.170749999999779760e+02 1.419891457521477995e-01 1.545704482773341444e-02
1.172249999999951484e+02 1.398535210006905116e-01 1.516101036550912551e-02
1.173750000000000000e+02 1.377081601707708380e-01 1.523771531962417672e-02
1.175250000000046242e+02 1.352156354871133503e-01 1.507749316040125562e-02
1.176750000000221377e+02 1.334355544386465753e-01 1.500674649626518829e-02
1.178249999999778055e+02 1.311841804091661012e-01 1.464464725984334671e-02
1.179749999999957453e+02 1.291189772174920480e-01 1.468810639984266704e-02
1.181250000000000000e+02 1.271856991370118595e-01 1.438969293633176466e-02
1.182750000000039989e+02 1.249968930832287828e-01 1.450119611930936539e-02
1.184250000000223082e+02 1.228921617084202389e-01 1.426011311307494311e-02
1.185749999999776634e+02 1.208843191523912980e-01 1.416455129549033971e-02
1.187249999999963705e+02 1.188161982660170812e-01 1.386974726836882367e-02
1.188750000000000000e+02 1.171431679749663085e-01 1.384048999649956264e-02
1.190250000000033879e+02 1.150312117880654267e-01 1.372513539912137599e-02
1.191750000000224645e+02 1.131987157776621067e-01 1.371276718694017759e-02
1.193249999999775071e+02 1.110728825381988027e-01 1.351167904450045233e-02
1.194749999999969816e+02 1.092632764224231445e-01 1.322467441671564166e-02
1.196250000000000000e+02 1.073487829188220638e-01 1.329617307784103017e-02
1.197750000000027910e+02 1.052892412277603024e-01 1.326075278700195384e-02
1.199250000000226066e+02 1.031625542406203466e-01 1.310036227062308031e-02
1.200749999999773650e+02 1.012539158242233145e-01 1.286864584554221758e-02
1.202249999999975927e+02 9.947873121451357437e-02 1.286646477086234724e-02
1.203750000000000000e+02 9.773531951734637513e-02 1.252652255226737073e-02
1.205250000000021799e+02 9.539771518404079054e-02 1.252599429063082012e-02
1.206750000000227772e+02 9.371281055104102586e-02 1.247590585239240560e-02
1.208249999999772086e+02 9.165370101623337984e-02 1.224680693764771712e-02
1.209749999999981753e+02 8.987569204296501357e-02 1.211662923826923276e-02
1.211250000000000000e+02 8.781654996991722362e-02 1.204098909515646278e-02
1.212750000000015973e+02 8.605079193004193383e-02 1.182744821242300362e-02
1.214250000000229193e+02 8.400376552061313007e-02 1.162636364068710126e-02
1.215749999999770665e+02 8.214199073081804303e-02 1.143594218940164123e-02
1.217249999999987580e+02 8.040826702556265471e-02 1.120306984044457457e-02
1.218750000000000000e+02 7.845404245743858862e-02 1.132135457421968444e-02
1.220250000000010147e+02 7.680358491826169698e-02 1.110311474517609864e-02
1.221750000000230472e+02 7.506035368519668738e-02 1.092574342513840356e-02
1.223249999999769244e+02 7.334565099729864479e-02 1.075357839250687744e-02
1.224749999999993406e+02 7.139949003849960230e-02 1.059211214390138982e-02
1.226250000000000000e+02 6.936775567238012696e-02 1.057235461575273608e-02
1.227750000000004320e+02 6.768771316859445442e-02 1.037554038962703457e-02
1.229250000000231893e+02 6.584426804761571439e-02 1.030942414469289414e-02
1.230749999999767681e+02 6.422283008656252956e-02 1.002481320807426142e-02
1.232249999999999233e+02 6.223329934789589846e-02 1.009449087233102449e-02
1.233750000000000000e+02 6.061218224611927829e-02 9.917446857250978437e-03
1.235249999999998494e+02 5.895593095030168818e-02 9.792153224492226513e-03
1.236750000000233314e+02 5.725825674877241256e-02 9.631568186269421836e-03
1.238249999999766402e+02 5.563756918133293955e-02 9.407044484755214958e-03
1.239750000000004775e+02 5.395029832939721853e-02 9.283450882118163619e-03
1.241250000000000000e+02 5.200598484079857475e-02 9.053036501336054684e-03
1.242749999999992951e+02 5.042552772720043652e-02 8.899141031708588181e-03
1.244250000000234735e+02 4.861234743066267239e-02 8.884412275535975498e-03
1.245749999999764839e+02 4.688244005882022392e-02 8.593327513751769856e-03
1.247250000000010317e+02 4.530044812077040767e-02 8.502962808361340732e-03
1.248750000000000000e+02 4.357039681516049201e-02 8.271437480395892744e-03
1.250249999999987551e+02 4.175310845527028386e-02 8.236817713821960318e-03
1.251750000000236156e+02 4.025915681001922264e-02 7.950190933358729922e-03
1.253249999999763702e+02 3.859306423921490814e-02 7.739877493263541165e-03
1.254750000000015859e+02 3.678628901133689649e-02 7.534458303599958495e-03
1.256250000000000000e+02 3.520715406765027866e-02 7.432792039894416461e-03
1.257749999999982009e+02 3.352925925313343658e-02 7.204752171286874472e-03
1.259250000000237577e+02 3.195387826191627145e-02 7.049615758882657630e-03
1.260749999999762281e+02 3.032231241139954001e-02 6.886525529704513003e-03
1.262250000000021259e+02 2.853076671980221343e-02 6.770308244333585537e-03
1.263750000000000000e+02 2.698437686120404994e-02 6.466626606174882483e-03
1.265249999999976609e+02 2.532385771622509135e-02 6.292220171164189871e-03
1.266750000000238856e+02 2.374540871283423171e-02 6.159642750674443508e-03
1.268249999999760860e+02 2.220432791157386440e-02 5.842372048003304646e-03
1.269750000000026660e+02 2.055709095082959917e-02 5.668045916375667216e-03
1.271250000000000000e+02 1.912638359325687445e-02 5.522745374403561017e-03
1.272749999999971209e+02 1.728153853022652842e-02 5.178093415924700862e-03
1.274250000000240277e+02 1.585284846156619076e-02 4.911245905745835819e-03
1.275749999999759439e+02 1.423170747923631178e-02 4.677632461730440484e-03
1.277250000000031918e+02 1.267551537726313918e-02 4.422846676548769507e-03
1.278750000000000000e+02 1.117010493133122583e-02 4.191589655220081222e-03
1.280249999999965951e+02 9.615645805842190641e-03 3.874086477060727837e-03
1.281750000000241414e+02 7.953689716778683180e-03 3.517265089137227869e-03
1.283249999999758018e+02 6.443702074720870053e-03 3.166024715506090062e-03
1.284750000000037176e+02 4.841716358095401671e-03 2.759681908049782442e-03
1.286250000000000000e+02 3.290590278741542356e-03 2.270423579084080747e-03
1.287749999999960835e+02 1.746012200846986957e-03 1.650631969766837206e-03
1.289250000000242835e+02 2.929080589600845715e-04 6.824909701522624593e-04
