# Radius RDF_mean RDF_std
7.500000000000896228e-02 1.743402996758445170e+03 6.887656875070312656e-01
2.249999999999577616e-01 7.766053368219102970e-02 4.677000685115310641e-01
3.750000000000000000e-01 7.123538161495919507e-02 3.495770131933282343e-01
5.249999999999700462e-01 7.386929488475538208e-02 3.012173802136657308e-01
6.750000000001169509e-01 7.598440705595740918e-02 2.681906064585665161e-01
8.249999999998777200e-01 7.755895025029678480e-02 2.421853063608308265e-01
9.750000000001839418e-01 7.987388038093674869e-02 2.240264747459515815e-01
1.125000000000000000e+00 8.402981486188000615e-02 2.175360539890122957e-01
1.274999999999773648e+00 8.888400903237093920e-02 2.071757981367680634e-01
1.424999999999764455e+00 9.443650280967541555e-02 2.049447682572984597e-01
1.575000000000282396e+00 1.006474131276935136e-01 1.997887817405832045e-01
1.725000000000170397e+00 1.090939808466436650e-01 1.995761348475779684e-01
1.875000000000000000e+00 1.168260258485381842e-01 1.990276373764813533e-01
2.025000000000070521e+00 1.295273409495633632e-01 1.995278108875241374e-01
2.174999999999594813e+00 1.432510290731679459e-01 2.024675893248955583e-01
2.325000000000426059e+00 1.588535492863409060e-01 2.076930746528267424e-01
2.474999999999678124e+00 1.685015176525078151e-01 2.095088743162166200e-01
2.625000000000000000e+00 1.973519379060585111e-01 2.177049435856993065e-01
2.775000000000444444e+00 2.222453304947399066e-01 2.220242410106453568e-01
2.924999999999512212e+00 2.488833151928858956e-01 2.299624621404133540e-01
3.075000000000499334e+00 2.811395806978734258e-01 2.404181342982285863e-01
3.224999999999414779e+00 3.223815177272247312e-01 2.480873306467590300e-01
3.375000000000000000e+00 3.815236673892731800e-01 2.667188994248372302e-01
3.525000000000659384e+00 4.368806220145495800e-01 2.778198856502113734e-01
3.674999999999857714e+00 5.114238609965203741e-01 2.961444826427438448e-01
3.825000000000022382e+00 5.961916679059292568e-01 3.114431559211541245e-01
3.974999999999250466e+00 7.124328787262835805e-01 3.302975108879148136e-01
4.125000000000000000e+00 8.482572105076305879e-01 3.562180821859575186e-01
4.275000000000798828e+00 1.028832988339950738e+00 3.863995860763161927e-01
4.425000000000374634e+00 1.276796559765474459e+00 4.206326910917170814e-01
4.574999999999541878e+00 1.642136976453163255e+00 4.671454261261679952e-01
4.724999999999138112e+00 2.057684880363527480e+00 5.158837786263698044e-01
4.875000000000000000e+00 2.324491085107106780e+00 5.427190773850079086e-01
5.025000000000897415e+00 2.394384410798733764e+00 5.467952601662041667e-01
5.175000000000743228e+00 2.267811471140142920e+00 5.182543620190943612e-01
5.324999999999196376e+00 2.045865995531409354e+00 4.903822907473258108e-01
5.474999999999057287e+00 1.807254833938798155e+00 4.565343481222683408e-01
5.625000000000000000e+00 1.583939661791435638e+00 4.189179833661337837e-01
5.775000000000969358e+00 1.394014923948587503e+00 3.904745068433481681e-01
5.925000000001017675e+00 1.241617319374008321e+00 3.628011055567179621e-01
6.074999999998936140e+00 1.126977880468848614e+00 3.398834297010542849e-01
6.224999999998995115e+00 1.041460269495906532e+00 3.211433191049689606e-01
6.375000000000000000e+00 9.709998737143398229e-01 3.037760736949012830e-01
6.525000000001025313e+00 9.208967203527331780e-01 2.955733268252331292e-01
6.675000000001229949e+00 8.824524193872008704e-01 2.883150978638100992e-01
6.824999999998733635e+00 8.580571093015253448e-01 2.766700635439204303e-01
6.974999999999387690e+00 8.512470402902942990e-01 2.750358306612885606e-01
7.125000000000000000e+00 8.447060675885029735e-01 2.714029373937850709e-01
7.275000000000346745e+00 8.568808584364177028e-01 2.685033376700615149e-01
7.425000000001398703e+00 8.683944328232167109e-01 2.700880131364665204e-01
7.574999999998571099e+00 8.841319023688949397e-01 2.678190845884721449e-01
7.725000000000012079e+00 9.115199693387286972e-01 2.731302034848810956e-01
7.875000000000000000e+00 9.462932038397234846e-01 2.740185200874663551e-01
8.024999999999771205e+00 9.934731473122051515e-01 2.780415162403553908e-01
8.175000000001539036e+00 1.043634861766849165e+00 2.823394793577362893e-01
8.324999999998437872e+00 1.101260494155555936e+00 2.868461403922653030e-01
8.475000000000525446e+00 1.153019372569822343e+00 2.930888199662262661e-01
8.625000000000000000e+00 1.211460600399723475e+00 2.974961062606217288e-01
8.774999999999291589e+00 1.260590481614235703e+00 2.995678897621726344e-01
8.925000000001652722e+00 1.315245295527940561e+00 3.031067241462893636e-01
9.074999999998325961e+00 1.360536916629514037e+00 3.044079051192476459e-01
9.225000000000957101e+00 1.392888480492026959e+00 3.069759977182666688e-01
9.375000000000000000e+00 1.411593617575520598e+00 3.098490463012920637e-01
9.524999999998890132e+00 1.424628445214483285e+00 3.079746436853322278e-01
9.675000000001750422e+00 1.430892409617694261e+00 3.092247831002206682e-01
9.824999999998231814e+00 1.416141473701737930e+00 3.080579449818746096e-01
9.975000000001321254e+00 1.387259434781470180e+00 3.002043283958774067e-01
1.012500000000000000e+01 1.345302685350425520e+00 2.930260956196676370e-01
1.027499999999854730e+01 1.302417678339164553e+00 2.836158943448482961e-01
1.042500000000183391e+01 1.253591985611523629e+00 2.817142554819146438e-01
1.057499999999815010e+01 1.199387475299435568e+00 2.675592249905933695e-01
1.072500000000163745e+01 1.155050505284207274e+00 2.620541774622502929e-01
1.087500000000000000e+01 1.111341310157202944e+00 2.532928455657332822e-01
1.102499999999824887e+01 1.073068808559358933e+00 2.465487952954427964e-01
1.117500000000190674e+01 1.047264164580813839e+00 2.449551102793556534e-01
1.132499999999808082e+01 1.018202524732020109e+00 2.392796344896895855e-01
1.147500000000190923e+01 1.003758837442621399e+00 2.310088295129651137e-01
1.162500000000000000e+01 9.888227928568218417e-01 2.302461654749659581e-01
1.177499999999798952e+01 9.904253586350416638e-01 2.292843485942254178e-01
1.192500000000196891e+01 9.878394584350137508e-01 2.277674254200143522e-01
1.207499999999801865e+01 9.920379267941937806e-01 2.261047782619388380e-01
1.222500000000215081e+01 1.002925277136204496e+00 2.284175933404752890e-01
1.237500000000000000e+01 1.019090067922086007e+00 2.263181585686387387e-01
1.252499999999776215e+01 1.030993517145814664e+00 2.294624115750418247e-01
1.267500000000202398e+01 1.057938397379302842e+00 2.293100025679749854e-01
1.282499999999796536e+01 1.081915232459095044e+00 2.325401898284710778e-01
1.297500000000236220e+01 1.101554294198504369e+00 2.320411980731754698e-01
1.312500000000000000e+01 1.123383165301125697e+00 2.334487082851640083e-01
1.327499999999756142e+01 1.146612656973631017e+00 2.328576165131245324e-01
1.342500000000173088e+01 1.166574768023176834e+00 2.386204109353319835e-01
1.357499999999841833e+01 1.177191883518484694e+00 2.366595494044389514e-01
1.372500000000255049e+01 1.189408763293916094e+00 2.363539743673829796e-01
1.387500000000000000e+01 1.197619654876198814e+00 2.368394308412917759e-01
1.402499999999738023e+01 1.193451455720790033e+00 2.325937090508441718e-01
1.417500000000102034e+01 1.194519575629575003e+00 2.367017050784240573e-01
1.432499999999911111e+01 1.190585212082929667e+00 2.340899107622008979e-01
1.447500000000271925e+01 1.178073849613054280e+00 2.315022123642130059e-01
1.462500000000000000e+01 1.162931035366008503e+00 2.263231224269497133e-01
1.477499999999721680e+01 1.147338454556863452e+00 2.242971261904911917e-01
1.492500000000038618e+01 1.130235767761036403e+00 2.223835105581088989e-01
1.507499999999973639e+01 1.115687421096822396e+00 2.172509008616393400e-01
1.522500000000287201e+01 1.098779442920005733e+00 2.171208725829245068e-01
1.537500000000000000e+01 1.080222729470798670e+00 2.135642882342613236e-01
1.552499999999706937e+01 1.066263499802455827e+00 2.100404671315751204e-01
1.567499999999980886e+01 1.053136824420279005e+00 2.086135526321575839e-01
1.582500000000029772e+01 1.040123952587336031e+00 2.089946315729319104e-01
1.597500000000300879e+01 1.027886620823004860e+00 2.029845272609287765e-01
1.612500000000000000e+01 1.027683908139955138e+00 1.996711226961468966e-01
1.627499999999693969e+01 1.020363324956202966e+00 2.009589510068593154e-01
1.642499999999928662e+01 1.021583871597346205e+00 1.965099123550526350e-01
1.657500000000081286e+01 1.020977267452939152e+00 1.978417035829879989e-01
1.672500000000313847e+01 1.020460464860781125e+00 1.965101229130543636e-01
1.687500000000000000e+01 1.027830645013567468e+00 1.975677090308206041e-01
1.702499999999681535e+01 1.033140085812302322e+00 2.001262565634306378e-01
1.717499999999880700e+01 1.040999063505630318e+00 1.990079274553947508e-01
1.732500000000128182e+01 1.051149073431557834e+00 1.966457623479932748e-01
1.747500000000325215e+01 1.060549340139376406e+00 1.983386903819973623e-01
1.762500000000000000e+01 1.065938077294013686e+00 1.974680477703720793e-01
1.777499999999670521e+01 1.076356184612253575e+00 1.964383714483991794e-01
1.792499999999837357e+01 1.081669733572723668e+00 1.986170156680502064e-01
1.807500000000171170e+01 1.088386913095324315e+00 1.970710987828236394e-01
1.822500000000335874e+01 1.089982385984024971e+00 1.955604815493930670e-01
1.837500000000000000e+01 1.094295184936229903e+00 1.947425611030149661e-01
1.852499999999660218e+01 1.091093967269843645e+00 1.964720789185699645e-01
1.867499999999797211e+01 1.088371620733729950e+00 1.949634277678289340e-01
1.882500000000210960e+01 1.084958100720495811e+00 1.956274385174785746e-01
1.897500000000345466e+01 1.079789922648432210e+00 1.914572469342444294e-01
1.912500000000000000e+01 1.077217003975660115e+00 1.926458589170514102e-01
1.927499999999650626e+01 1.068625291679958567e+00 1.884776535376552209e-01
1.942499999999759908e+01 1.056927268468205838e+00 1.878929497222566747e-01
1.957500000000247198e+01 1.050889652031795407e+00 1.851251818774474756e-01
1.972500000000354348e+01 1.045769179564318474e+00 1.874161600491404400e-01
1.987500000000000000e+01 1.033904478128835347e+00 1.811141364498964623e-01
2.002499999999642100e+01 1.025748690674583630e+00 1.798237579038653167e-01
2.017499999999725446e+01 1.023431079166101432e+00 1.794130328282364795e-01
2.032500000000281304e+01 1.014081348748178346e+00 1.780360471325757032e-01
2.047500000000362874e+01 1.013804882894933312e+00 1.800016302423412262e-01
2.062500000000000000e+01 1.011676509062519269e+00 1.773408684948721281e-01
2.077499999999633928e+01 1.005624542251937426e+00 1.751263202132435359e-01
2.092499999999693472e+01 1.002759275106057002e+00 1.761298088617151980e-01
2.107500000000312212e+01 1.006320180991970403e+00 1.722291752817645683e-01
2.122500000000370690e+01 1.007281029859711463e+00 1.732610174960617921e-01
2.137500000000000000e+01 1.010130943878752241e+00 1.730981327568835992e-01
2.152499999999626468e+01 1.007258659767461539e+00 1.724228859942890102e-01
2.167499999999663984e+01 1.010945045082933591e+00 1.723106062132295502e-01
2.182500000000341700e+01 1.013247344985232168e+00 1.734778752960197679e-01
2.197500000000377796e+01 1.017697750843103544e+00 1.729613524401990843e-01
2.212500000000000000e+01 1.017459998190796799e+00 1.701197636563434035e-01
2.227499999999619718e+01 1.022727883488655509e+00 1.725093986825171621e-01
2.242499999999636273e+01 1.024449715109337022e+00 1.696456869695884828e-01
2.257500000000369056e+01 1.028540347592149073e+00 1.711091793332672750e-01
2.272500000000384546e+01 1.027910929450655653e+00 1.718917196441834827e-01
2.287500000000000000e+01 1.028828505171174967e+00 1.693096634483852170e-01
2.302499999999612967e+01 1.025317231564305986e+00 1.694379671962370215e-01
2.317499999999610338e+01 1.030031343222130191e+00 1.692817552881485665e-01
2.332500000000394635e+01 1.027788990362586974e+00 1.662264021169008454e-01
2.347500000000390941e+01 1.024855041273670553e+00 1.664644025751428058e-01
2.362500000000000000e+01 1.020947351668517245e+00 1.658095408290587713e-01
2.377499999999606928e+01 1.016925059012888211e+00 1.637843007032365461e-01
2.392499999999586180e+01 1.012690486856651306e+00 1.652482609377939893e-01
2.407500000000418439e+01 1.008814144283805225e+00 1.646338283357692556e-01
2.422500000000396625e+01 1.002769997688929937e+00 1.612718782091786263e-01
2.437500000000000000e+01 1.001547546927362697e+00 1.625369444830074284e-01
2.452499999999600888e+01 9.982256697735166773e-01 1.603783052617331339e-01
2.467499999999563087e+01 9.946716185592417991e-01 1.604432528685944548e-01
2.482500000000441176e+01 9.919833884374731348e-01 1.584967458809847241e-01
2.497500000000402309e+01 9.937392361186068168e-01 1.580464427909280545e-01
2.512500000000000000e+01 9.868633306222753809e-01 1.579654541684956115e-01
2.527499999999595559e+01 9.882631587719253874e-01 1.570797805030250405e-01
2.542499999999541771e+01 9.835970865091800963e-01 1.552595546753146871e-01
2.557500000000462137e+01 9.868281530183222738e-01 1.533872894799842013e-01
2.572500000000407638e+01 9.832510629482256181e-01 1.565812047988876243e-01
2.587500000000000000e+01 9.850401848857252007e-01 1.564668028533271471e-01
2.602499999999590585e+01 9.822826580147450137e-01 1.543677980237385394e-01
2.617499999999521521e+01 9.817083255164530398e-01 1.553413072124469607e-01
2.632500000000482032e+01 9.882151295616147246e-01 1.558149167193165485e-01
2.647500000000383480e+01 9.865714559653928628e-01 1.514416439507031142e-01
2.662500000000000000e+01 9.865468855259932335e-01 1.530694779598038013e-01
2.677499999999647073e+01 9.879616178672581128e-01 1.532287506778186870e-01
2.692499999999502691e+01 9.880673084123474670e-01 1.521007733345248469e-01
2.707500000000501217e+01 9.901311781100463616e-01 1.514520465790329951e-01
2.722500000000308873e+01 9.899836442274922987e-01 1.516182799273576853e-01
2.737500000000000000e+01 9.895070939571189994e-01 1.517514041715539996e-01
2.752499999999719549e+01 9.870604658535677700e-01 1.479379632041381842e-01
2.767499999999484928e+01 9.900820930634743888e-01 1.517334111508623629e-01
2.782500000000518625e+01 9.885035840793636730e-01 1.502605037018875933e-01
2.797500000000238529e+01 9.889461649377233599e-01 1.496652959256068172e-01
2.812500000000000000e+01 9.846282949861112632e-01 1.485416383535471951e-01
2.827499999999788827e+01 9.818856479502041656e-01 1.462635687000725937e-01
2.842499999999467164e+01 9.793090444856402677e-01 1.464220631033708864e-01
2.857500000000536033e+01 9.789503346530044059e-01 1.463428617321532454e-01
2.872500000000171028e+01 9.783918727346909705e-01 1.445323197263113646e-01
2.887500000000000000e+01 9.757886788858034510e-01 1.453844260628306406e-01
2.902499999999854552e+01 9.730716314453117244e-01 1.466409581584327826e-01
2.917499999999451177e+01 9.746482435156268442e-01 1.446971679236819242e-01
2.932500000000552021e+01 9.716840420252133015e-01 1.451692637393684204e-01
2.947500000000107434e+01 9.706436497663305518e-01 1.446776049819283039e-01
2.962500000000000000e+01 9.688881788136602946e-01 1.428333977574866298e-01
2.977499999999917080e+01 9.691917232453759468e-01 1.423872539991252184e-01
2.992499999999435900e+01 9.685680445304719610e-01 1.415333432986403683e-01
3.007500000000566942e+01 9.678105615085486058e-01 1.407476247656091195e-01
3.022500000000047393e+01 9.683041747479794736e-01 1.422324490136294972e-01
3.037500000000000000e+01 9.661669810804981440e-01 1.424505157287500878e-01
3.052499999999976410e+01 9.703846560267997967e-01 1.428382976462018450e-01
3.067499999999420623e+01 9.693687780752573424e-01 1.402823576707251385e-01
3.082500000000581508e+01 9.704691602557212748e-01 1.418551651326765972e-01
3.097499999999989839e+01 9.671899980249076823e-01 1.411447165773282442e-01
3.112500000000000000e+01 9.694312520205432548e-01 1.387025049662443388e-01
3.127500000000032898e+01 9.704933945429238262e-01 1.400944051565164161e-01
3.142499999999406768e+01 9.686451781772313918e-01 1.387072996972545935e-01
3.157500000000595364e+01 9.684110227201125909e-01 1.387957882666852882e-01
3.172499999999935127e+01 9.706516654586062609e-01 1.373240936707290638e-01
3.187500000000000000e+01 9.703550579416608812e-01 1.376565266237967100e-01
3.202500000000086544e+01 9.670642203332210363e-01 1.383177509891376222e-01
3.217499999999394333e+01 9.697291155432498089e-01 1.379945698977319279e-01
3.232500000000609219e+01 9.707242633199715254e-01 1.370379283205580834e-01
3.247499999999882903e+01 9.710676383229448483e-01 1.366057950669712917e-01
3.262500000000000000e+01 9.675489114495859910e-01 1.357464395852235051e-01
3.277500000000137703e+01 9.659763220910816406e-01 1.347585770424805374e-01
3.292499999999381544e+01 9.699141533154955752e-01 1.362997076008773678e-01
3.307500000000621299e+01 9.672808937038199772e-01 1.351947963798638408e-01
3.322499999999832454e+01 9.684417497162882693e-01 1.351683531131141203e-01
3.337500000000000000e+01 9.653528890054368095e-01 1.344386770408525777e-01
3.352500000000186731e+01 9.630772362834790767e-01 1.327823338778001960e-01
3.367499999999368754e+01 9.638997328136974518e-01 1.325974258005168105e-01
3.382500000000633378e+01 9.645421187579927835e-01 1.332204121722654622e-01
3.397499999999784848e+01 9.626720425984105489e-01 1.333055920619908574e-01
3.412500000000000000e+01 9.647858536500467652e-01 1.327425846189114744e-01
3.427500000000233626e+01 9.645356860984376501e-01 1.318961422143504203e-01
3.442499999999357385e+01 9.623669086662132166e-01 1.317837542409548979e-01
3.457500000000644746e+01 9.658197933614651731e-01 1.316993227714318704e-01
3.472499999999739373e+01 9.640968129638908257e-01 1.323609412089619408e-01
3.487500000000000000e+01 9.650091787574132107e-01 1.298681744411570582e-01
3.502500000000278391e+01 9.609714892458227631e-01 1.305212698869735732e-01
3.517499999999346016e+01 9.640676511224004486e-01 1.333632359282454494e-01
3.532500000000656115e+01 9.641197789723447986e-01 1.307008152960263403e-01
3.547499999999695319e+01 9.633192282493203695e-01 1.312963082096935963e-01
3.562500000000000000e+01 9.648278876873636056e-01 1.298332607605107436e-01
3.577500000000321734e+01 9.642348869219758978e-01 1.299948412290842514e-01
3.592499999999336069e+01 9.640230043515126690e-01 1.294759801706349966e-01
3.607500000000666773e+01 9.666964488361063923e-01 1.306127931382847496e-01
3.622499999999653397e+01 9.644338910832855882e-01 1.298941734513616442e-01
3.637500000000000000e+01 9.646402488129778297e-01 1.286495643229204622e-01
3.652500000000362235e+01 9.636213735928590429e-01 1.307508283890950473e-01
3.667499999999325411e+01 9.647582628557889173e-01 1.278914832019354131e-01
3.682500000000676721e+01 9.652970270676672904e-01 1.267089428743810031e-01
3.697499999999613607e+01 9.623380728914854298e-01 1.270009302510000382e-01
3.712500000000000000e+01 9.641859160411175855e-01 1.270232554199891561e-01
3.727500000000402736e+01 9.633967776525018678e-01 1.268734055924080062e-01
3.742499999999315463e+01 9.660451540981798146e-01 1.271386608618838565e-01
3.757500000000686668e+01 9.649571390781426228e-01 1.265084065673709179e-01
3.772499999999575238e+01 9.627314789302944265e-01 1.260294397133770450e-01
3.787500000000000000e+01 9.621531075231517516e-01 1.267667164277217484e-01
3.802500000000440394e+01 9.625496013042362797e-01 1.258980907441619168e-01
3.817499999999306226e+01 9.626350856262821942e-01 1.261889194235099321e-01
3.832500000000695906e+01 9.628051831674394601e-01 1.257219275136713943e-01
3.847499999999537579e+01 9.656172028342794311e-01 1.240925586208636716e-01
3.862500000000000000e+01 9.644676703462823353e-01 1.249517400146752250e-01
3.877500000000476632e+01 9.622052912767228294e-01 1.246274174647930555e-01
3.892499999999297700e+01 9.633465119832729240e-01 1.250403376148607193e-01
3.907500000000705143e+01 9.635379593290681610e-01 1.239865840737345848e-01
3.922499999999502052e+01 9.620838641344048314e-01 1.245033620564631599e-01
3.937500000000000000e+01 9.624414866502005728e-01 1.246694824573459787e-01
3.952500000000512159e+01 9.627343748979143578e-01 1.244045575172305351e-01
3.967499999999288463e+01 9.632721900338157006e-01 1.237018219700662669e-01
3.982500000000712959e+01 9.623602551596180943e-01 1.229145180716283980e-01
3.997499999999467946e+01 9.652461033762776976e-01 1.240881773350947376e-01
4.012500000000000000e+01 9.636772552022828675e-01 1.239130222427976408e-01
4.027500000000545555e+01 9.642862604199730070e-01 1.223996993463483535e-01
4.042499999999279936e+01 9.662512385098057655e-01 1.216909341762808516e-01
4.057500000000721485e+01 9.657696004925179212e-01 1.212679459430806295e-01
4.072499999999434550e+01 9.648377524163338492e-01 1.223158009356259263e-01
4.087500000000000000e+01 9.668282812832039719e-01 1.213329513035426160e-01
4.102500000000578240e+01 9.641481766509458762e-01 1.213365785393074742e-01
4.117499999999272120e+01 9.622294913059317167e-01 1.207673850794072495e-01
4.132500000000730012e+01 9.653470306456766181e-01 1.196183508155166247e-01
4.147499999999402576e+01 9.647563599766297848e-01 1.199781181011239095e-01
4.162500000000000000e+01 9.652345133047424142e-01 1.225259804742502845e-01
4.177500000000609504e+01 9.635666796109592092e-01 1.191674745604928976e-01
4.192499999999264304e+01 9.644219718281732412e-01 1.196886229898910664e-01
4.207500000000737828e+01 9.654026266170339099e-01 1.201604625133366328e-01
4.222499999999372022e+01 9.650291607708276764e-01 1.193435140153853297e-01
4.237500000000000000e+01 9.668565864174329949e-01 1.203747847789803926e-01
4.252500000000640057e+01 9.655154496723369340e-01 1.186078875952921163e-01
4.267499999999256488e+01 9.647463774836282369e-01 1.199779641933894914e-01
4.282500000000744933e+01 9.649733981585206788e-01 1.194171939761232704e-01
4.297499999999342180e+01 9.645962475110735346e-01 1.182439200879371460e-01
4.312500000000000000e+01 9.678829640725740147e-01 1.178750481319788407e-01
4.327500000000669900e+01 9.681403254791107749e-01 1.199496631991910783e-01
4.342499999999249383e+01 9.671511171189650646e-01 1.188303905373131186e-01
4.357500000000752038e+01 9.673861467445732387e-01 1.162829614052359878e-01
4.372499999999313758e+01 9.685266271970564000e-01 1.156320640123758015e-01
4.387500000000000000e+01 9.674316369252509151e-01 1.182300631179236394e-01
4.402500000000697611e+01 9.669408892871274031e-01 1.179333281587433696e-01
4.417499999999242277e+01 9.678137265690331947e-01 1.169035174068031036e-01
4.432500000000759144e+01 9.666315844320398920e-01 1.154379999257539452e-01
4.447499999999286047e+01 9.689849137926291878e-01 1.169546312392630294e-01
4.462500000000000000e+01 9.687152708674868773e-01 1.152480691403245799e-01
4.477500000000724611e+01 9.684221663544927416e-01 1.168240999609153341e-01
4.492499999999235882e+01 9.713951288325051170e-01 1.164333652518115686e-01
4.507500000000766249e+01 9.699376651716949960e-01 1.150032654114452324e-01
4.522499999999259757e+01 9.705898922586174704e-01 1.152353299295717920e-01
4.537500000000000000e+01 9.714511323072442250e-01 1.154136416570732959e-01
4.552500000000750902e+01 9.709218905383132370e-01 1.139314129596682990e-01
4.567499999999228777e+01 9.707745607204338878e-01 1.161488138806375942e-01
4.582500000000772644e+01 9.687504398119164417e-01 1.157040374496995511e-01
4.597499999999233466e+01 9.719155590128578659e-01 1.149554963427251164e-01
4.612500000000000000e+01 9.685095711845606026e-01 1.152419215635584332e-01
4.627500000000776481e+01 9.725500631307196775e-01 1.158226955725754764e-01
4.642499999999223093e+01 9.712571622574631691e-01 1.138456568955902304e-01
4.657500000000779039e+01 9.740697876678113820e-01 1.133728578751200256e-01
4.672499999999207887e+01 9.704288891751483570e-01 1.152815313001511605e-01
4.687500000000000000e+01 9.738966149072028067e-01 1.152738062798811386e-01
4.702500000000801350e+01 9.709371152814043615e-01 1.131392907295082351e-01
4.717499999999216698e+01 9.730248158817164095e-01 1.140317154727706062e-01
4.732500000000784723e+01 9.719263293862135944e-01 1.139254135621543401e-01
4.747499999999183729e+01 9.728922099279432301e-01 1.126136151610549196e-01
4.762500000000000000e+01 9.742439822521087311e-01 1.145590007744263922e-01
4.777500000000825509e+01 9.737177403576542378e-01 1.134429876880586469e-01
4.792499999999211013e+01 9.737876011003305798e-01 1.128507828414514330e-01
4.807500000000790408e+01 9.745826501359585725e-01 1.121562525493351448e-01
4.822499999999160281e+01 9.745464202654834374e-01 1.133566080089118133e-01
4.837500000000000000e+01 9.746754290930669251e-01 1.139908800250738624e-01
4.852500000000848956e+01 9.747064923506231215e-01 1.122781577586063617e-01
4.867499999999204618e+01 9.741859727303152638e-01 1.128024502354486730e-01
4.882500000000796092e+01 9.751722734298216011e-01 1.125467666804902817e-01
4.897499999999137543e+01 9.779569995741277388e-01 1.111541222991244138e-01
4.912500000000000000e+01 9.754724298330677001e-01 1.129754017509439767e-01
4.927500000000870983e+01 9.755375862443732560e-01 1.120137553634795863e-01
4.942499999999198934e+01 9.770254015657710012e-01 1.130055077810960401e-01
4.957500000000802487e+01 9.763386882939775191e-01 1.112715588720701865e-01
4.972499999999115516e+01 9.789881465854847198e-01 1.109622126701132194e-01
4.987500000000000000e+01 9.760072742106618016e-01 1.113011533099749345e-01
5.002500000000893010e+01 9.774720669106837789e-01 1.109429135402284217e-01
5.017499999999193960e+01 9.770440249414890088e-01 1.106817926763585119e-01
5.032500000000807461e+01 9.765473429708235731e-01 1.113022094030183679e-01
5.047499999999094200e+01 9.783125236715545237e-01 1.088638438272548359e-01
5.062500000000000000e+01 9.791410288843934717e-01 1.103581978742370212e-01
5.077500000000914326e+01 9.798061867930079050e-01 1.107885366794768844e-01
5.092499999999188276e+01 9.796231916268164364e-01 1.108372266100245140e-01
5.107500000000812435e+01 9.793969684156149658e-01 1.104654991701926048e-01
5.122499999999072884e+01 9.792137891949501682e-01 1.104793184800778733e-01
5.137500000000000000e+01 9.810491488358802359e-01 1.098951703027148258e-01
5.152500000000934932e+01 9.781955503336249302e-01 1.109446897335434612e-01
5.167499999999183302e+01 9.820837028505865485e-01 1.088778687649868820e-01
5.182500000000818119e+01 9.796329460407932066e-01 1.087431827972611953e-01
5.197499999999052989e+01 9.810456214862638413e-01 1.091280861937187069e-01
5.212500000000000000e+01 9.822499959076056442e-01 1.097662960516648800e-01
5.227500000000954827e+01 9.809513044240680824e-01 1.095451323348623496e-01
5.242499999999178328e+01 9.813373702237396801e-01 1.092527921278209219e-01
5.257500000000806040e+01 9.811665092895065499e-01 1.082003229048844606e-01
5.272499999999033804e+01 9.806115644201401915e-01 1.067520255315868999e-01
5.287500000000000000e+01 9.841086244075165634e-01 1.084431254283928642e-01
5.302500000000974723e+01 9.822836965029020373e-01 1.087910066647874291e-01
5.317499999999255778e+01 9.821451910096703486e-01 1.089931406780526579e-01
5.332500000000729301e+01 9.842906273722679122e-01 1.073157073709137543e-01
5.347499999999015330e+01 9.816130975552779248e-01 1.068384160953168432e-01
5.362500000000000000e+01 9.847712775735605328e-01 1.079364127415594760e-01
5.377500000000993197e+01 9.834538562022737684e-01 1.063608895229683909e-01
5.392499999999331095e+01 9.836648664152535249e-01 1.069684101808904830e-01
5.407500000000654694e+01 9.836317722270463415e-01 1.071208155919313038e-01
5.422499999998996145e+01 9.849272436454515889e-01 1.073900787883366598e-01
5.437500000000000000e+01 9.859843777558394695e-01 1.062224460099171486e-01
5.452500000001011671e+01 9.865895737113276054e-01 1.063440790778743955e-01
5.467499999999403570e+01 9.846542669015656557e-01 1.055694910485215354e-01
5.482500000000581508e+01 9.862847269333943068e-01 1.070941812909732005e-01
5.497499999998977671e+01 9.867903961961660420e-01 1.056042574743031454e-01
5.512500000000000000e+01 9.872157784081273535e-01 1.067270823892964571e-01
5.527500000001029434e+01 9.858797149291310680e-01 1.061130292789228824e-01
5.542499999999475335e+01 9.860637065429603831e-01 1.068159957858022119e-01
5.557500000000510454e+01 9.852797088191991293e-01 1.055334927754197905e-01
5.572499999998960618e+01 9.873006198402056732e-01 1.047272429165956170e-01
5.587500000000000000e+01 9.870113495778747303e-01 1.037515765925148825e-01
5.602500000001046487e+01 9.878029012542994813e-01 1.046213567395318789e-01
5.617499999999544258e+01 9.883496601149206473e-01 1.047582330448347809e-01
5.632500000000441531e+01 9.879918354969804417e-01 1.057204982863660103e-01
5.647499999998942855e+01 9.884639582939089841e-01 1.044195865968137737e-01
5.662500000000000000e+01 9.886927059516069649e-01 1.054304001806971591e-01
5.677500000001062830e+01 9.894937149112430497e-01 1.045633842827451004e-01
5.692499999999611759e+01 9.882190838033304559e-01 1.044231394643465177e-01
5.707500000000374030e+01 9.883982157938343560e-01 1.047037059621691718e-01
5.722499999998926512e+01 9.895891142937925933e-01 1.031828647111717595e-01
5.737500000000000000e+01 9.897703009129530383e-01 1.045274002748123043e-01
5.752500000001079172e+01 9.902499289940712712e-01 1.046239415725136734e-01
5.767499999999677129e+01 9.916904536375673596e-01 1.034605335464339471e-01
5.782500000000310081e+01 9.905821402464960457e-01 1.037571415039041794e-01
5.797499999998910170e+01 9.915405689147048784e-01 1.041617306376484559e-01
5.812500000000000000e+01 9.909952692388226403e-01 1.039514719949144045e-01
5.827500000001095515e+01 9.918970068537921181e-01 1.036734912895136695e-01
5.842499999999741078e+01 9.930146572141845818e-01 1.033300624548900426e-01
5.857500000000246132e+01 9.905028448219380666e-01 1.033060613770674235e-01
5.872499999998893827e+01 9.930322440447431065e-01 1.045188115464820849e-01
5.887500000000000000e+01 9.910136043490783697e-01 1.032789649419057487e-01
5.902500000001111857e+01 9.937024256863490335e-01 1.024148560380431366e-01
5.917499999999803606e+01 9.956309000090912686e-01 1.039784502471899630e-01
5.932500000000184315e+01 9.939515653449535471e-01 1.029486011848871202e-01
5.947499999998878906e+01 9.940138967238988377e-01 1.039402323724014088e-01
5.962500000000000000e+01 9.954010032714704082e-01 1.015709180505720843e-01
5.977500000001126779e+01 9.939672743710118441e-01 1.016040890938000874e-01
5.992499999999864002e+01 9.953811178954860006e-01 1.023909284544638476e-01
6.007500000000123919e+01 9.957301207412653232e-01 1.026836079676542585e-01
6.022499999998863984e+01 9.977921273380029321e-01 1.026244517944160106e-01
6.037500000000000000e+01 9.955255194636920546e-01 1.014442649711442684e-01
6.052500000001142411e+01 9.941725961626486363e-01 1.019180857328665646e-01
6.067499999999923688e+01 9.952348878136439980e-01 1.022242937592353906e-01
6.082500000000064944e+01 9.955282793968706079e-01 1.013542861070201584e-01
6.097499999998849773e+01 9.961356609030805886e-01 1.001194076220453533e-01
6.112500000000000000e+01 9.935513076118126508e-01 1.009126523514226464e-01
6.127500000001155911e+01 9.990350676755826997e-01 1.020016556714533479e-01
6.142499999999980531e+01 9.965012801784430829e-01 1.011072741582674239e-01
6.157500000000007390e+01 9.952650040834899459e-01 1.014180211754832917e-01
6.172499999998834852e+01 9.971599083194638835e-01 1.010434310086609083e-01
6.187500000000000000e+01 9.967681245978994298e-01 1.017015487697517651e-01
6.202500000001170122e+01 9.993646597622528605e-01 1.006748593227257266e-01
6.217500000000037375e+01 9.984841996133193565e-01 9.928200569958442467e-02
6.232499999999951967e+01 9.970563281627318197e-01 1.007733411061230017e-01
6.247499999998820641e+01 1.000440343710042645e+00 1.013815729875131993e-01
6.262500000000000000e+01 9.992504891171605230e-01 1.000623297028891412e-01
6.277500000001184333e+01 9.999597231066953418e-01 1.000559401755114763e-01
6.292500000000092086e+01 9.984930040068443757e-01 1.003766096272251523e-01
6.307499999999897256e+01 9.990970292564134159e-01 9.915676550161552083e-02
6.322499999998807851e+01 1.001850509988677196e+00 1.001230108526070667e-01
6.337500000000000000e+01 9.998144915032812774e-01 1.003018345153686847e-01
6.352500000001197833e+01 1.002076360235138131e+00 9.927283664809631591e-02
6.367500000000146798e+01 1.000385022432816129e+00 9.882499466989984327e-02
6.382499999999843254e+01 1.000621991107310427e+00 9.943921028586689970e-02
6.397499999998793641e+01 1.002284422918942930e+00 9.896740596489053687e-02
6.412500000000000000e+01 1.003249022801094403e+00 9.931912158295388982e-02
6.427500000001211333e+01 1.000777657029498835e+00 9.860279341949666765e-02
6.442500000000200089e+01 1.000698328448960783e+00 9.990091445676936577e-02
6.457499999999791385e+01 1.003758455732645105e+00 9.978606312307955473e-02
6.472499999998781561e+01 1.000863181094238552e+00 9.957497330228071153e-02
6.487500000000000000e+01 1.003882617136464095e+00 9.846138486053374050e-02
6.502500000001224123e+01 1.002284090889669077e+00 9.769033454913325643e-02
6.517500000000251248e+01 1.003998884714700779e+00 9.780545042434506120e-02
6.532499999999740226e+01 1.003499512807961125e+00 9.849899434338919846e-02
6.547499999998768772e+01 1.003884651408102568e+00 9.928567596191960332e-02
6.562500000000000000e+01 1.002554549069238687e+00 9.753119081893150966e-02
6.577500000001236913e+01 1.003473312186738520e+00 9.593547486342086927e-02
6.592500000000300986e+01 1.006929733711871666e+00 9.888846451775852586e-02
6.607499999999690488e+01 1.005117583953084814e+00 9.809264688812693866e-02
6.622499999998755982e+01 1.005142576440511304e+00 9.740556500423057373e-02
6.637500000000000000e+01 1.004268786945907044e+00 9.846567509939080365e-02
6.652500000001249703e+01 1.004286132298003897e+00 9.537036718645977573e-02
6.667500000000349303e+01 1.004212900080302839e+00 9.835595837291076504e-02
6.682499999999640750e+01 1.005374987794272590e+00 9.755591281367431700e-02
6.697499999998743192e+01 1.006270972538489739e+00 9.567490488273305838e-02
6.712500000000000000e+01 1.006369835980847949e+00 9.714953566159362230e-02
6.727500000001261071e+01 1.006768167505404321e+00 9.736487237563704045e-02
6.742500000000397620e+01 1.006555056612977728e+00 9.636252352913646235e-02
6.757499999999593854e+01 1.006189417415235043e+00 9.744983587618291643e-02
6.772499999998731823e+01 1.007567418744065968e+00 9.685445266893599747e-02
6.787500000000000000e+01 1.005291670464439013e+00 9.686393498799192314e-02
6.802500000001272440e+01 1.005076303094285972e+00 9.598691825563197833e-02
6.817500000000444516e+01 1.007916343013291360e+00 9.708016952113512898e-02
6.832499999999546958e+01 1.006768861817418204e+00 9.643151218456039175e-02
6.847499999998720455e+01 1.008794158735844659e+00 9.647403779428059822e-02
6.862500000000000000e+01 1.006691726794417985e+00 9.586069754366706441e-02
6.877500000001283809e+01 1.003711050851620046e+00 9.547790735140386509e-02
6.892500000000489990e+01 1.006524070279444238e+00 9.496511688931497108e-02
6.907499999999501483e+01 1.007688783610972028e+00 9.569306564649543434e-02
6.922499999998709086e+01 1.006849082783444205e+00 9.458498554402089420e-02
6.937500000000000000e+01 1.006142573152771114e+00 9.491855042343108617e-02
6.952500000001295177e+01 1.006156031424811470e+00 9.390916183235059611e-02
6.967500000000535465e+01 1.006926304860052079e+00 9.607461632464772694e-02
6.982499999999456008e+01 1.006910116237135222e+00 9.405108863521639828e-02
6.997499999998697717e+01 1.005770291547540829e+00 9.427612962484528680e-02
7.012500000000000000e+01 1.006690614960337182e+00 9.476645149762760734e-02
7.027500000001306546e+01 1.007069468421311287e+00 9.419197664470034537e-02
7.042500000000579519e+01 1.008676581553903606e+00 9.413558563594712214e-02
7.057499999999413376e+01 1.006367979135176283e+00 9.414072147750326969e-02
7.072499999998686349e+01 1.007552064450894180e+00 9.472963704438698562e-02
7.087500000000000000e+01 1.008160013137465283e+00 9.567497482767850503e-02
7.102500000001316494e+01 1.008277777367391659e+00 9.492721983721787160e-02
7.117500000000620730e+01 1.007361816483214323e+00 9.429975928252966322e-02
7.132499999999369322e+01 1.006298134204394179e+00 9.425208496158017646e-02
7.147499999998676401e+01 1.008210391762014435e+00 9.337914836697387699e-02
7.162500000000000000e+01 1.008708799625562813e+00 9.365312042728668462e-02
7.177500000001327862e+01 1.008625398142477758e+00 9.388628067074415717e-02
7.192500000000663363e+01 1.008776547831245374e+00 9.430036691221231615e-02
7.207499999999328111e+01 1.007705292420741250e+00 9.370634237706593206e-02
7.222499999998666453e+01 1.006339986444564349e+00 9.289822931622455926e-02
7.237500000000000000e+01 1.007525794245201389e+00 9.353529266622387373e-02
7.252500000001337810e+01 1.008170232426358837e+00 9.275972047918855379e-02
7.267500000000704574e+01 1.006648094588837195e+00 9.337274134764032840e-02
7.282499999999286899e+01 1.006304307452191793e+00 9.267937988628777157e-02
7.297499999998655085e+01 1.007934353959506035e+00 9.329444656746206654e-02
7.312500000000000000e+01 1.007690765900513652e+00 9.170107494757989697e-02
7.327500000001347757e+01 1.004578001287362188e+00 9.203860244062782303e-02
7.342500000000745786e+01 1.006282052171321606e+00 9.340053395038970530e-02
7.357499999999247109e+01 1.008160265357847196e+00 9.291831956137508453e-02
7.372499999998646558e+01 1.008827878150146740e+00 9.358467944444252840e-02
7.387500000000000000e+01 1.007182788052800815e+00 9.381294803879566824e-02
7.402500000001359126e+01 1.008751421860264230e+00 9.229861510464622276e-02
7.417500000000785576e+01 1.007389387286727001e+00 9.264104155722842349e-02
7.432499999999207319e+01 1.007152523212552220e+00 9.222029780824875234e-02
7.447499999998635190e+01 1.006392507213752729e+00 9.206653946214153617e-02
7.462500000000000000e+01 1.008343459672912168e+00 9.151185973703152010e-02
7.477500000001367653e+01 1.007221811681229706e+00 9.166240490309125744e-02
7.492500000000823945e+01 1.007320224082658422e+00 9.133089381972148146e-02
7.507499999999168949e+01 1.009302001923536363e+00 9.163504287433509032e-02
7.522499999998626663e+01 1.008640530710591454e+00 9.160335918428379187e-02
7.537500000000000000e+01 1.008742203404611848e+00 9.206951569232260657e-02
7.552500000001377600e+01 1.008698662883841468e+00 9.141532943903780961e-02
7.567500000000862315e+01 1.009331393620710449e+00 9.162561638450135437e-02
7.582499999999130580e+01 1.007415102180682087e+00 9.085483068332879386e-02
7.597499999998616715e+01 1.009259048010199722e+00 9.176666827002344373e-02
7.612500000000000000e+01 1.007999434029375418e+00 9.161795601372862974e-02
7.627500000001386127e+01 1.008319542218941711e+00 9.047844909847217731e-02
7.642500000000899263e+01 1.009238772867611322e+00 9.119552362819723090e-02
7.657499999999093632e+01 1.009070911943396709e+00 9.018056566825567721e-02
7.672499999998608189e+01 1.008393332543726650e+00 9.051712571655237682e-02
7.687500000000000000e+01 1.008380671779416149e+00 9.027475519350837418e-02
7.702500000001396074e+01 1.007572430599111168e+00 9.034864872179372564e-02
7.717500000000934790e+01 1.007538610140104707e+00 9.104708116104114068e-02
7.732499999999058105e+01 1.008433212169408177e+00 8.901649598314875789e-02
7.747499999998598241e+01 1.008921138618101176e+00 9.063822797858187008e-02
7.762500000000000000e+01 1.008393406154919569e+00 9.074283883310331478e-02
7.777500000001404601e+01 1.008308965397424872e+00 8.951842126107467656e-02
7.792500000000971738e+01 1.006841520964337988e+00 9.076085497889661846e-02
7.807499999999021156e+01 1.008758535227556097e+00 9.098352863817799063e-02
7.822499999998589715e+01 1.007904918818834039e+00 8.951155230205459779e-02
7.837500000000000000e+01 1.007556605854729392e+00 8.881512087106489817e-02
7.852500000001413127e+01 1.008926572793649168e+00 9.004193136175914214e-02
7.867500000001005844e+01 1.009008256082833288e+00 9.060410508507374394e-02
7.882499999998987050e+01 1.008331304791679539e+00 8.835744217760126140e-02
7.897499999998581188e+01 1.008242693864831452e+00 8.977801927962295037e-02
7.912500000000000000e+01 1.007449015849479990e+00 8.988481741766046751e-02
7.927500000001423075e+01 1.005735440970946915e+00 8.854405657096438287e-02
7.942500000001041371e+01 1.008587434597035815e+00 8.855493325812650862e-02
7.957499999998951523e+01 1.006384498635851887e+00 8.956342588973113805e-02
7.972499999998572662e+01 1.005705146335710953e+00 8.787923412464039574e-02
7.987500000000000000e+01 1.008385320329388879e+00 9.064369626711624162e-02
8.002500000001430180e+01 1.007264133209270662e+00 8.876980100832142229e-02
8.017500000001075477e+01 1.008278754224741780e+00 8.933164840135338070e-02
8.032499999998918838e+01 1.008780174772466731e+00 8.930083075972226891e-02
8.047499999998564135e+01 1.005838433493748019e+00 8.875763647962471581e-02
8.062500000000000000e+01 1.006040825629483049e+00 8.859096773408230152e-02
8.077500000001438707e+01 1.006391870121350340e+00 8.788388682317076206e-02
8.092500000001108162e+01 1.006330736975960871e+00 8.878618892952631902e-02
8.107499999998886153e+01 1.005197636180777288e+00 8.956691105188493984e-02
8.122499999998557030e+01 1.004512901724335938e+00 8.668476142357869896e-02
8.137500000000000000e+01 1.003873946515241755e+00 8.892332101387249998e-02
8.152500000001447233e+01 1.005735341771049507e+00 8.814737343997194885e-02
8.167500000001139426e+01 1.005434330304127100e+00 8.875556456209947320e-02
8.182499999998853468e+01 1.004961586298628529e+00 8.795979303918886882e-02
8.197499999998548503e+01 1.003959211094605841e+00 8.837814733620201479e-02
8.212500000000000000e+01 1.002877839235792656e+00 8.798371765968943103e-02
8.227500000001455760e+01 1.003554460863198106e+00 8.682449530829992879e-02
8.242500000001172111e+01 1.004082206564606228e+00 8.764559321253924395e-02
8.257499999998822204e+01 1.003218113399034994e+00 8.696458831078711371e-02
8.272499999998539977e+01 1.002804678133833560e+00 8.708630435790656876e-02
8.287500000000000000e+01 1.002676391665150435e+00 8.756094917737912431e-02
8.302500000001462865e+01 1.003893860980815900e+00 8.612567280738905873e-02
8.317500000001203375e+01 1.004174414150733607e+00 8.725477500002111475e-02
8.332499999998789519e+01 1.004530899134566280e+00 8.792626691278729312e-02
8.347499999998531450e+01 1.002623407302701386e+00 8.802760804862989896e-02
8.362500000000000000e+01 1.002575517295209107e+00 8.581947185918002707e-02
8.377500000001469971e+01 1.002443017086867449e+00 8.615312576516574727e-02
8.392500000001234639e+01 1.003029223507760692e+00 8.826694761112809096e-02
8.407499999998758256e+01 1.003299344810704374e+00 8.638317548692006631e-02
8.422499999998524345e+01 1.001831183052103613e+00 8.674773201226229635e-02
8.437500000000000000e+01 1.001865581210260370e+00 8.655221023895010024e-02
8.452500000001478497e+01 1.002437496833205266e+00 8.662737348300358908e-02
8.467500000001264482e+01 1.002128496047619333e+00 8.692803554278419331e-02
8.482499999998728413e+01 1.001647195693381232e+00 8.613369808221782442e-02
8.497499999998517239e+01 1.002353309895427147e+00 8.610766933987265559e-02
8.512500000000000000e+01 1.001360134273497016e+00 8.655282404937413021e-02
8.527500000001485603e+01 1.001176084336400152e+00 8.565871622712772915e-02
8.542500000001294325e+01 1.000638030608982820e+00 8.759407043794351089e-02
8.557499999998699991e+01 1.000450750140652545e+00 8.609760270832600426e-02
8.572499999998510134e+01 1.003470468788836500e+00 8.569850828144895405e-02
8.587500000000000000e+01 1.001202401094516192e+00 8.448969205713603714e-02
8.602500000001494129e+01 9.993718691446197289e-01 8.507572683191526319e-02
8.617500000001324167e+01 1.000759191760001388e+00 8.530173070292962345e-02
8.632499999998670148e+01 1.000303196255380112e+00 8.505470918357796450e-02
8.647499999998503029e+01 1.000597442896930644e+00 8.493833184675315950e-02
8.662500000000000000e+01 1.001481305599358551e+00 8.544794189504795190e-02
8.677500000001501235e+01 9.996161333226712964e-01 8.506950676345620410e-02
8.692500000001352589e+01 1.000928878544215861e+00 8.414663009018152895e-02
8.707499999998641727e+01 9.996803220983090377e-01 8.476815917278755774e-02
8.722499999998494502e+01 1.000272881396866653e+00 8.412678073353575814e-02
8.737500000000000000e+01 9.993203625462909745e-01 8.455423264877207079e-02
8.752500000001508340e+01 1.000419947129885134e+00 8.515144318481561447e-02
8.767500000001381011e+01 9.991650339016503457e-01 8.425164467605210372e-02
8.782499999998613305e+01 1.001020466046411261e+00 8.493061931711215484e-02
8.797499999998487397e+01 1.000458978031837809e+00 8.399611283493900460e-02
8.812500000000000000e+01 9.999807114382570639e-01 8.394925285527554681e-02
8.827500000001514024e+01 9.997732188453291036e-01 8.455225189101356342e-02
8.842500000001409433e+01 9.982876550650261471e-01 8.353311318475194203e-02
8.857499999998586304e+01 9.995966460170943035e-01 8.464556033986685157e-02
8.872499999998480291e+01 9.989537586838125316e-01 8.516006549252923274e-02
8.887500000000000000e+01 9.987154532699598075e-01 8.525383581532693100e-02
8.902500000001521130e+01 9.976568324293862977e-01 8.439163940706105593e-02
8.917500000001436433e+01 9.985196621846090803e-01 8.264768702905359032e-02
8.932499999998557882e+01 9.986477839929837064e-01 8.432406389766018695e-02
8.947499999998473186e+01 9.969651751683796803e-01 8.430519066851442644e-02
8.962500000000000000e+01 9.983921886527330480e-01 8.430597322796161419e-02
8.977500000001528235e+01 9.979233649919387883e-01 8.406189759865213829e-02
8.992500000001462013e+01 9.975071300855576917e-01 8.363523760673061136e-02
9.007499999998532303e+01 9.970008690722496070e-01 8.430183849296024601e-02
9.022499999998467501e+01 9.977558246127312680e-01 8.390720946703890404e-02
9.037500000000000000e+01 9.981723532632388318e-01 8.310797881149102617e-02
9.052500000001533920e+01 9.957337813904854062e-01 8.263719173339124924e-02
9.067500000001489013e+01 9.975116170128065507e-01 8.238847981959930566e-02
9.082499999998505302e+01 9.978448242532133028e-01 8.365499623296872300e-02
9.097499999998460396e+01 9.953414736485867165e-01 8.323891192524968119e-02
9.112500000000000000e+01 9.962662146561974685e-01 8.242703950420171566e-02
9.127500000001541025e+01 9.958051462169972279e-01 8.177406212519125472e-02
9.142500000001514593e+01 9.949544028381716032e-01 8.277966798333122322e-02
9.157499999998479723e+01 9.971093351091337986e-01 8.297475167903242688e-02
9.172499999998454712e+01 9.950874603568832244e-01 8.524157531602413740e-02
9.187500000000000000e+01 9.942290570833897112e-01 8.244061897086826796e-02
9.202500000001548131e+01 9.973636444279253555e-01 8.306217737629076336e-02
9.217500000001541594e+01 9.937698850595370059e-01 8.262704451601939060e-02
9.232499999998454143e+01 9.948907612756160423e-01 8.230706111771443623e-02
9.247499999998447606e+01 9.931328935181725770e-01 8.166354276357042086e-02
9.262500000000000000e+01 9.954203880068772659e-01 8.297026058385902070e-02
9.277500000001553815e+01 9.934004145681093467e-01 8.263765674606698974e-02
9.292500000001565752e+01 9.925923125722150298e-01 8.140271287060960037e-02
9.307499999998428564e+01 9.928997309212133082e-01 8.165151261990676035e-02
9.322499999998441922e+01 9.940435490783293693e-01 8.118063234304494225e-02
9.337500000000000000e+01 9.926573858002929462e-01 8.188073974830573087e-02
9.352500000001559499e+01 9.944108456247654493e-01 8.158645510408107926e-02
9.367500000001591332e+01 9.937189795518477364e-01 8.136330198946836734e-02
9.382499999998402984e+01 9.925235400680003650e-01 8.187835246080209239e-02
9.397499999998436238e+01 9.932996600614986127e-01 8.153548218064202158e-02
9.412500000000000000e+01 9.935097004404530585e-01 8.216409647076208800e-02
9.427500000001566605e+01 9.934743872812876742e-01 8.110112484740106265e-02
9.442500000001615490e+01 9.928201244568560790e-01 8.165844240908244622e-02
9.457499999998380247e+01 9.916316030738310250e-01 8.141571219426596562e-02
9.472499999998429132e+01 9.924998686868988784e-01 8.018220962294002330e-02
9.487500000000000000e+01 9.927201131703983217e-01 8.211300847383830315e-02
9.502500000001572289e+01 9.936156691991016032e-01 8.056798726192021531e-02
9.517500000001639648e+01 9.923059270612830662e-01 8.032283260540387659e-02
9.532499999998356088e+01 9.934116345730461539e-01 8.204179001478631439e-02
9.547499999998423448e+01 9.921254202230134212e-01 8.005244870245858957e-02
9.562500000000000000e+01 9.921867715745112948e-01 8.097969437076439625e-02
9.577500000001577973e+01 9.923470282939715892e-01 8.055278268094609451e-02
9.592500000001662386e+01 9.921627781593506112e-01 8.033521165679229081e-02
9.607499999998331930e+01 9.911796393689736862e-01 7.951449119929671072e-02
9.622499999998417763e+01 9.931370331384259398e-01 8.004553424906153680e-02
9.637500000000000000e+01 9.919167370504682335e-01 8.069070657755776643e-02
9.652500000001585079e+01 9.916613691944489162e-01 8.046113907977052448e-02
9.667500000001686544e+01 9.918411043365569224e-01 7.994328244796965188e-02
9.682499999998309193e+01 9.909394340898834974e-01 7.969753978519568405e-02
9.697499999998412079e+01 9.905726877883505033e-01 8.150246632055146989e-02
9.712500000000000000e+01 9.904808200710993882e-01 7.966549900812724960e-02
9.727500000001590763e+01 9.914366532801789367e-01 8.071132457550914130e-02
9.742500000001709282e+01 9.903424493642755122e-01 8.002481981038042647e-02
9.757499999998287876e+01 9.891021625329173839e-01 7.972437329418874397e-02
9.772499999998406395e+01 9.913542905577996667e-01 7.927127812725602574e-02
9.787500000000000000e+01 9.894644276361340696e-01 7.934870003020549900e-02
9.802500000001595026e+01 9.909043884840742500e-01 7.949282735776856679e-02
9.817500000001732019e+01 9.921369956928639544e-01 7.985330571283270895e-02
9.832499999998263718e+01 9.919748231928934290e-01 7.938801816898165276e-02
9.847499999998402131e+01 9.916037884867598962e-01 8.039228275403484392e-02
9.862500000000000000e+01 9.905462243691912638e-01 7.928969587526260576e-02
9.877500000001600711e+01 9.907365585788397988e-01 7.961240510878939136e-02
9.892500000001753335e+01 9.899592705751146804e-01 8.093243316235758378e-02
9.907499999998242401e+01 9.898942475217507031e-01 7.872911732079333758e-02
9.922499999998395026e+01 9.897724099513931506e-01 7.975213052404069025e-02
9.937500000000000000e+01 9.899779430098375466e-01 7.994427267633087697e-02
9.952500000001606395e+01 9.894780497007980014e-01 7.935204576612263361e-02
9.967500000001776073e+01 9.913179143588333186e-01 7.949583445886292121e-02
9.982499999998221085e+01 9.903163089786363171e-01 7.860448486651638866e-02
9.997499999998389342e+01 9.904720109235545245e-01 7.916203217247173851e-02
1.001250000000000000e+02 9.910057873029620712e-01 7.886613740729313260e-02
1.002750000000161208e+02 9.897283266663130519e-01 7.843622761435840862e-02
1.004250000000179597e+02 9.909619873701105419e-01 7.958919487616808452e-02
1.005749999999819835e+02 9.902277378308705913e-01 7.826188817214077553e-02
1.007249999999838508e+02 9.902625998403824514e-01 7.875189690678670307e-02
1.008750000000000000e+02 9.909584623905485223e-01 7.797268289549813547e-02
1.010250000000161776e+02 9.882079240857595259e-01 7.888694347935630569e-02
1.011750000000181871e+02 9.889439081260528175e-01 7.943133276952676902e-02
1.013249999999817845e+02 9.680983581841977603e-01 7.833829927521486491e-02
1.014749999999837939e+02 9.492172669990487366e-01 7.607985165242293901e-02
1.016250000000000000e+02 9.371582695483654524e-01 7.552581460739202224e-02
1.017750000000162345e+02 9.280807002431873398e-01 7.606367994555421341e-02
1.019250000000184002e+02 9.190107323467583411e-01 7.534183775287686680e-02
1.020749999999815714e+02 9.119058659795382660e-01 7.455485570020652097e-02
1.022249999999837513e+02 9.038233067619839689e-01 7.453488228841946561e-02
1.023750000000000000e+02 8.988459270355493302e-01 7.464669339433463446e-02
1.025250000000162771e+02 8.926772078665435872e-01 7.431732197800969275e-02
1.026750000000185992e+02 8.868252525934476882e-01 7.407211800741041186e-02
1.028249999999813582e+02 8.831481852243585617e-01 7.229986984978623021e-02
1.029749999999836945e+02 8.763426026696172766e-01 7.344894544203149633e-02
1.031250000000000000e+02 8.717942948440766671e-01 7.289851494846277813e-02
1.032750000000163340e+02 8.663042817847906862e-01 7.229126718737449719e-02
1.034250000000187981e+02 8.631863727987869606e-01 7.173326681590720677e-02
1.035749999999811592e+02 8.576021433071975286e-01 7.229908707800540568e-02
1.037249999999836376e+02 8.540137849377533730e-01 7.202208023911961521e-02
1.038750000000000000e+02 8.497338742147235724e-01 7.171160627816275390e-02
1.040250000000163766e+02 8.461116212142993920e-01 7.129324293821220904e-02
1.041750000000189971e+02 8.418662742853327829e-01 7.069316131661590452e-02
1.043249999999809603e+02 8.397316073759889532e-01 7.001085629884819250e-02
1.044749999999835950e+02 8.356826838781070688e-01 7.046084522989491672e-02
1.046250000000000000e+02 8.313750271924792434e-01 7.078670546665319363e-02
1.047750000000164334e+02 8.277138011072225909e-01 7.010732246492522302e-02
1.049250000000191818e+02 8.242002243450736731e-01 6.966374368688922625e-02
1.050749999999807613e+02 8.218840851158235594e-01 6.967844861473668217e-02
1.052249999999839503e+02 8.176421652301131271e-01 7.020987437961842548e-02
1.053750000000000000e+02 8.136598638173441200e-01 6.923053476372813264e-02
1.055250000000157229e+02 8.121703136256784861e-01 6.906068436018747425e-02
1.056750000000193808e+02 8.085300571297926453e-01 6.873893349874748981e-02
1.058249999999805766e+02 8.061450392804508924e-01 6.944590722733047505e-02
1.059749999999847319e+02 8.032845752866158984e-01 6.913313807298890334e-02
1.061250000000000000e+02 8.006916120610564347e-01 6.796560307766701114e-02
1.062750000000149555e+02 7.967078162178055090e-01 6.798619831483371234e-02
1.064250000000195797e+02 7.935620921305173159e-01 6.811518792844573067e-02
1.065749999999803919e+02 7.910910734456569893e-01 6.783023318486758324e-02
1.067249999999854850e+02 7.884279385801210571e-01 6.788589510545263439e-02
1.068750000000000000e+02 7.866426887973126947e-01 6.758161436579739056e-02
1.070250000000141881e+02 7.851555010974747839e-01 6.736323936705441995e-02
1.071750000000197645e+02 7.804938176619423684e-01 6.664571457571194513e-02
1.073249999999802071e+02 7.795857031394868297e-01 6.754136551936201771e-02
1.074749999999862524e+02 7.756249645488973998e-01 6.712177316963208185e-02
1.076250000000000000e+02 7.739973149390222407e-01 6.713986407068785189e-02
1.077750000000134492e+02 7.706519963206599488e-01 6.700923990884634363e-02
1.079250000000199492e+02 7.695424645824311405e-01 6.790412355359710939e-02
1.080749999999800224e+02 7.679114234885564549e-01 6.717146102473901814e-02
1.082249999999869914e+02 7.642266247943486634e-01 6.685102609203562307e-02
1.083750000000000000e+02 7.629537010997001767e-01 6.632703384206414809e-02
1.085250000000127244e+02 7.604680329249225990e-01 6.598546919639786124e-02
1.086750000000201481e+02 7.587613552233549719e-01 6.596143048996476466e-02
1.088249999999798376e+02 7.549298582767079990e-01 6.618338096556931893e-02
1.089749999999877161e+02 7.537171144544005941e-01 6.597350794826180309e-02
1.091250000000000000e+02 7.510948047683262407e-01 6.670725142062748636e-02
1.092750000000119854e+02 7.489737892653134388e-01 6.558595358975767564e-02
1.094250000000203045e+02 7.469705985793451131e-01 6.580801994850732362e-02
1.095749999999796529e+02 7.451369485301281292e-01 6.526250113633912109e-02
1.097249999999884409e+02 7.418435628066534226e-01 6.585488683360746220e-02
1.098750000000000000e+02 7.418319066102933013e-01 6.468386687038575611e-02
1.100250000000112749e+02 7.399619182170782405e-01 6.596558176604247481e-02
1.101750000000204892e+02 7.375630344477644984e-01 6.585879978215446184e-02
1.103249999999794682e+02 7.353934357161804325e-01 6.391011020018809441e-02
1.104749999999891372e+02 7.344814185757648772e-01 6.457398525060577266e-02
1.106250000000000000e+02 7.319627931409810051e-01 6.378442182803105431e-02
1.107750000000105643e+02 7.309103649594744789e-01 6.396083061185735275e-02
1.109250000000206740e+02 7.285875388389041474e-01 6.432296541758789066e-02
1.110749999999792976e+02 7.260780224514034042e-01 6.343408235947321783e-02
1.112249999999898620e+02 7.251056021647318550e-01 6.391667926651629916e-02
1.113750000000000000e+02 7.218687976035688125e-01 6.366319367610190350e-02
1.115250000000098822e+02 7.207699556618822889e-01 6.319532137026370733e-02
1.116750000000208445e+02 7.187724017928410758e-01 6.382225900338457658e-02
1.118249999999791129e+02 7.171348802283084023e-01 6.356350117337526695e-02
1.119749999999905299e+02 7.158166510984336206e-01 6.330312723198175395e-02
1.121250000000000000e+02 7.123515738397220298e-01 6.357080154886630974e-02
1.122750000000091859e+02 7.122933546681076145e-01 6.326523447219399576e-02
1.124250000000210008e+02 7.095818895942650473e-01 6.350070771742821751e-02
1.125749999999789566e+02 7.076230297058504481e-01 6.264332430499033877e-02
1.127249999999912120e+02 7.068659790719705738e-01 6.287182308653173346e-02
1.128750000000000000e+02 7.039865474832168735e-01 6.258937965494563993e-02
1.130250000000085180e+02 7.035583222144404791e-01 6.230284634129381466e-02
1.131750000000211855e+02 7.014917602994027446e-01 6.146513477126597236e-02
1.133249999999787860e+02 7.000918017707757901e-01 6.234389186618144452e-02
1.134749999999919083e+02 6.994970497512018603e-01 6.231923232326013612e-02
1.136250000000000000e+02 6.969196217606130617e-01 6.158183698392546285e-02
1.137750000000078359e+02 6.945379270363976065e-01 6.225796291505136804e-02
1.139250000000213561e+02 6.936471836976095817e-01 6.193728267915911412e-02
1.140749999999786297e+02 6.912551176710363121e-01 6.210187426431854757e-02
1.142249999999925620e+02 6.904821795727896783e-01 6.106953844844286577e-02
1.143750000000000000e+02 6.892749263806182691e-01 6.201706005155813856e-02
1.145250000000071680e+02 6.865390512538053214e-01 6.089702466520613422e-02
1.146750000000215124e+02 6.854535733234584649e-01 6.110353656999151228e-02
1.148249999999784308e+02 6.845258444651045604e-01 6.081814641995923754e-02
1.149749999999932157e+02 6.832419129857699724e-01 6.092127441401701954e-02
1.151250000000000000e+02 6.802693675120432548e-01 6.040651469365489884e-02
1.152750000000065285e+02 6.800412136781289751e-01 6.044327278166066603e-02
1.154250000000216829e+02 6.776327278405086529e-01 6.025536442268009107e-02
1.155749999999783029e+02 6.763644080971237260e-01 6.115499626629443408e-02
1.157249999999938694e+02 6.753666006214145145e-01 5.996563568298467206e-02
1.158750000000000000e+02 6.733499698520525323e-01 6.108618899756049908e-02
1.160250000000058748e+02 6.720466004099718837e-01 5.983442945414090691e-02
1.161750000000218392e+02 6.711880812850704592e-01 6.120557511171758475e-02
1.163249999999781323e+02 6.677176239058054685e-01 5.991303754638913071e-02
1.164749999999945089e+02 6.678976063634378679e-01 5.947123506581858399e-02
1.166250000000000000e+02 6.674012857184158376e-01 5.933872054221671355e-02
1.167750000000052495e+02 6.651816705501835125e-01 5.903418462663997252e-02
1.169250000000220098e+02 6.628252957172353632e-01 5.953198831587644402e-02
1.170749999999779760e+02 6.632656400392464846e-01 5.901872070963286310e-02
1.172249999999951484e+02 6.598330371051822629e-01 5.886131009369722361e-02
1.173750000000000000e+02 6.586245864637791936e-01 5.898427024677774938e-02
1.175250000000046242e+02 6.578267535934025911e-01 5.920037049936439227e-02
1.176750000000221377e+02 6.561934255391586035e-01 5.901658287753528548e-02
1.178249999999778055e+02 6.557565359427190987e-01 5.930418261335079072e-02
1.179749999999957453e+02 6.537581128820094678e-01 5.827600384213411228e-02
1.181250000000000000e+02 6.529460353752466473e-01 5.870755190493763542e-02
1.182750000000039989e+02 6.513739486858958205e-01 5.797661295396497327e-02
1.184250000000223082e+02 6.510854965720107579e-01 5.893693658499828125e-02
1.185749999999776634e+02 6.477460788128751590e-01 5.827847716266595229e-02
1.187249999999963705e+02 6.469250538765444203e-01 5.809370663270799900e-02
1.188750000000000000e+02 6.464270500953261944e-01 5.807700113910296141e-02
1.190250000000033879e+02 6.452026069754978055e-01 5.760215477994146821e-02
1.191750000000224645e+02 6.435297784412183919e-01 5.866005229948441368e-02
1.193249999999775071e+02 6.421487625298990531e-01 5.812738444228774531e-02
1.194749999999969816e+02 6.409706029018726881e-01 5.771724988176293175e-02
1.196250000000000000e+02 6.394128837419176259e-01 5.837539719486421058e-02
1.197750000000027910e+02 6.387758455366625565e-01 5.807319144613775491e-02
1.199250000000226066e+02 6.377756153907508940e-01 5.734288939447650807e-02
1.200749999999773650e+02 6.355278560311373726e-01 5.754625037397581577e-02
1.202249999999975927e+02 6.344662089600104915e-01 5.688127330025331829e-02
1.203750000000000000e+02 6.328338784437187448e-01 5.757669799005031563e-02
1.205250000000021799e+02 6.324707893211266585e-01 5.689295290131909932e-02
1.206750000000227772e+02 6.308897910647808249e-01 5.702543738429976389e-02
1.208249999999772086e+02 6.289329627491134778e-01 5.750928289135385368e-02
1.209749999999981753e+02 6.278356765682048257e-01 5.715487216077468763e-02
1.211250000000000000e+02 6.270311870044878999e-01 5.717431014945250495e-02
1.212750000000015973e+02 6.259596987386979450e-01 5.719586042647990809e-02
1.214250000000229193e+02 6.239094074533608758e-01 5.708391195651166261e-02
1.215749999999770665e+02 6.228475169001138623e-01 5.671744675646465256e-02
1.217249999999987580e+02 6.234850247505002718e-01 5.715100495209601145e-02
1.218750000000000000e+02 6.208620574581549256e-01 5.678553903051499624e-02
1.220250000000010147e+02 6.199505108392474595e-01 5.618202231957088871e-02
1.221750000000230472e+02 6.191338061985739438e-01 5.597875169934462408e-02
1.223249999999769244e+02 6.185364563096934498e-01 5.599786400928811331e-02
1.224749999999993406e+02 6.176798616176781831e-01 5.630731688942056806e-02
1.226250000000000000e+02 6.154306406894685111e-01 5.607874179468348014e-02
1.227750000000004320e+02 6.146562142586919908e-01 5.629028514702640040e-02
1.229250000000231893e+02 6.132220219820334606e-01 5.566636905455485396e-02
1.230749999999767681e+02 6.120788512863253317e-01 5.575969092624749601e-02
1.232249999999999233e+02 6.121458257792725677e-01 5.606081149893366727e-02
1.233750000000000000e+02 6.109231916743708135e-01 5.585703045118263488e-02
1.235249999999998494e+02 6.102220372613109678e-01 5.615728445609924346e-02
1.236750000000233314e+02 6.080070561762931369e-01 5.481191586422132916e-02
1.238249999999766402e+02 6.075705215340745369e-01 5.466099569030039712e-02
1.239750000000004775e+02 6.064277847241342778e-01 5.530863732707980845e-02
1.241250000000000000e+02 6.046507804213742121e-01 5.558029607497761565e-02
1.242749999999992951e+02 6.039857053116739483e-01 5.494092037087956043e-02
1.244250000000234735e+02 6.029484140770392520e-01 5.441198605468727800e-02
1.245749999999764839e+02 6.022824494208889323e-01 5.530843274968991197e-02
1.247250000000010317e+02 6.013424277751254765e-01 5.457693613405385780e-02
1.248750000000000000e+02 5.995056968257217456e-01 5.399975281986766490e-02
1.250249999999987551e+02 5.985808142290156564e-01 5.480620693939325383e-02
1.251750000000236156e+02 5.975290995526341131e-01 5.464932504730089097e-02
1.253249999999763702e+02 5.967096050174058863e-01 5.491418554740112867e-02
1.254750000000015859e+02 5.955965185058110789e-01 5.476516524810554759e-02
1.256250000000000000e+02 5.949539045576908158e-01 5.446654897243585064e-02
1.257749999999982009e+02 5.940989348300534934e-01 5.386587135384730135e-02
1.259250000000237577e+02 5.929200607161545511e-01 5.471222268502267533e-02
1.260749999999762281e+02 5.915909367862697277e-01 5.369807814394905732e-02
1.262250000000021259e+02 5.908162113016198758e-01 5.397163916508540549e-02
1.263750000000000000e+02 5.895986788733541539e-01 5.389570104233613879e-02
1.265249999999976609e+02 5.870650895591541518e-01 5.346947540607848576e-02
1.266750000000238856e+02 5.639922964641856939e-01 5.297665294975377470e-02
1.268249999999760860e+02 5.483699528038895599e-01 5.151915222730999583e-02
1.269750000000026660e+02 5.361803343075867145e-01 5.150223310293623735e-02
1.271250000000000000e+02 5.270285988777119179e-01 5.112022147035778091e-02
1.272749999999971209e+02 5.190713285688692835e-01 5.104868913736947816e-02
1.274250000000240277e+02 5.115338196224721301e-01 5.003057601629325168e-02
1.275749999999759439e+02 5.051009066222933441e-01 5.022745487732879072e-02
1.277250000000031918e+02 4.981747536042420155e-01 4.951639261275081472e-02
1.278750000000000000e+02 4.922626610775059919e-01 4.893529434446841631e-02
1.280249999999965951e+02 4.855857647754378559e-01 4.877561000694913274e-02
1.281750000000241414e+02 4.808423811724907293e-01 4.860636309329832705e-02
1.283249999999758018e+02 4.751946335731621063e-01 4.770756460217746853e-02
1.284750000000037176e+02 4.694025395661211020e-01 4.792630214256742710e-02
1.286250000000000000e+02 4.647439787892224117e-01 4.782665052885458346e-02
1.287749999999960835e+02 4.598380672554556181e-01 4.739558674924520404e-02
1.289250000000242835e+02 4.534800077171297072e-01 4.654558621076143599e-02
1.290749999999756881e+02 4.500921041843056747e-01 4.629779436370498602e-02
1.292250000000042292e+02 4.461629227255436980e-01 4.672193038937395848e-02
1.293750000000000000e+02 4.404710165264335009e-01 4.600369580386003132e-02
1.295249999999955719e+02 4.371249921865928978e-01 4.617005739045410007e-02
1.296750000000243972e+02 4.326849633277458640e-01 4.469705389862475842e-02
1.298249999999755460e+02 4.282275979620284723e-01 4.528781897299110487e-02
1.299750000000047692e+02 4.246161661603583548e-01 4.521509963557751588e-02
1.301250000000000000e+02 4.204532244724128454e-01 4.509564318507822828e-02
1.302749999999950319e+02 4.160402964311605833e-01 4.443375388986253033e-02
1.304250000000245393e+02 4.124751002762568897e-01 4.441087279664131249e-02
1.305749999999754323e+02 4.079413977010861725e-01 4.442528553871762792e-02
1.307250000000052523e+02 4.044302184101399300e-01 4.402762751639148486e-02
1.308750000000000000e+02 4.010385092657781647e-01 4.438847126348325484e-02
1.310249999999945487e+02 3.974631593513373029e-01 4.377733325412903886e-02
1.311750000000246530e+02 3.942544033521901414e-01 4.361216024241051231e-02
1.313249999999753186e+02 3.904819840129258868e-01 4.318680345032648721e-02
1.314750000000057639e+02 3.867588088601900953e-01 4.319524089115786558e-02
1.316250000000000000e+02 3.838692896081102868e-01 4.269041210577792511e-02
1.317749999999940655e+02 3.799765706082582351e-01 4.231764600768858631e-02
1.319250000000247951e+02 3.760626878149256891e-01 4.209932797898750106e-02
1.320749999999751765e+02 3.736734428316104140e-01 4.213684764625814233e-02
1.322250000000062471e+02 3.691552430576115484e-01 4.156235583139641920e-02
1.323750000000000000e+02 3.668969961315888817e-01 4.158142975668915192e-02
1.325249999999935540e+02 3.634458148868187077e-01 4.141748454564724014e-02
1.326750000000249088e+02 3.604127046166648585e-01 4.111945149211145706e-02
1.328249999999750628e+02 3.577896239252031929e-01 4.112637114440442082e-02
1.329750000000067303e+02 3.539935947960052842e-01 4.064661176347850180e-02
1.331250000000000000e+02 3.510819552793854603e-01 4.020654696098134584e-02
1.332749999999930424e+02 3.482419529576363249e-01 4.045553628472393221e-02
1.334250000000250225e+02 3.443648791185907054e-01 3.974668777174088230e-02
1.335749999999749491e+02 3.412945788193600949e-01 4.029426472458425001e-02
1.337250000000072134e+02 3.394551243241140104e-01 3.956103674105095752e-02
1.338750000000000000e+02 3.362873416134083415e-01 3.968188537406488331e-02
1.340249999999925876e+02 3.331196149637653536e-01 3.905666186551282060e-02
1.341750000000251362e+02 3.303810475940205382e-01 3.935693275222228865e-02
1.343249999999748354e+02 3.283228841905903583e-01 3.946578287315595512e-02
1.344750000000077250e+02 3.253237450878784243e-01 3.875487932474184355e-02
1.346250000000000000e+02 3.220296798882970046e-01 3.909567474842572110e-02
1.347749999999921044e+02 3.197927414436309013e-01 3.830692128415302822e-02
1.349250000000252783e+02 3.166854454606305991e-01 3.796628950844556372e-02
1.350749999999746933e+02 3.134784896692867640e-01 3.765429963463744895e-02
1.352250000000081798e+02 3.107950592046693772e-01 3.810289200426408146e-02
1.353750000000000000e+02 3.083297609593663169e-01 3.770763104635211499e-02
1.355249999999916213e+02 3.052029940636878935e-01 3.711877756299049314e-02
1.356750000000253920e+02 3.035317998864620059e-01 3.754884926744850304e-02
1.358249999999746080e+02 3.007545918781282523e-01 3.745243546196402873e-02
1.359750000000086345e+02 2.989523918876217379e-01 3.696517703809944211e-02
1.361250000000000000e+02 2.951345003645483578e-01 3.682530615764427473e-02
1.362749999999911665e+02 2.926865782781427616e-01 3.674907157176473399e-02
1.364250000000255056e+02 2.904412305657615989e-01 3.601392044261658709e-02
1.365749999999744659e+02 2.881276397584156546e-01 3.637644337591360716e-02
1.367250000000091177e+02 2.848348722148310030e-01 3.607135252579399265e-02
1.368750000000000000e+02 2.828571596772426200e-01 3.579745784034073230e-02
1.370249999999907118e+02 2.804457089820795446e-01 3.543302924904169482e-02
1.371750000000256193e+02 2.774035387266008401e-01 3.550906297715800825e-02
1.373249999999743522e+02 2.755388314072015343e-01 3.522112875485838152e-02
1.374750000000095724e+02 2.728885940755519379e-01 3.492711937559058594e-02
1.376250000000000000e+02 2.708926623863733285e-01 3.491441275104231051e-02
1.377749999999902286e+02 2.686966933332832763e-01 3.452354489208973171e-02
1.379250000000257330e+02 2.661933346699285052e-01 3.433375016461335388e-02
1.380749999999742386e+02 2.638083101381886175e-01 3.475578596190612157e-02
1.382250000000100272e+02 2.616294516848687302e-01 3.462934821857343443e-02
1.383750000000000000e+02 2.594866592491191226e-01 3.413433721890189038e-02
1.385249999999898023e+02 2.562531718116541346e-01 3.412683278175146495e-02
1.386750000000258467e+02 2.556016052133783245e-01 3.401382855924746373e-02
1.388249999999741249e+02 2.525576915215810292e-01 3.350385896861450552e-02
1.389750000000104535e+02 2.494430097932211488e-01 3.336188485668346859e-02
1.391250000000000000e+02 2.477030528298195811e-01 3.310186515420997233e-02
1.392749999999893475e+02 2.454153556721448415e-01 3.293192652951730526e-02
1.394250000000259604e+02 2.431402447785632193e-01 3.264238878188833320e-02
1.395749999999740112e+02 2.415635314915319243e-01 3.242575298919925936e-02
1.397250000000109367e+02 2.396082841735329427e-01 3.235072126626534206e-02
1.398750000000000000e+02 2.364120435840162959e-01 3.278892556188641588e-02
1.400249999999889212e+02 2.352044663527080859e-01 3.246810057058150539e-02
1.401750000000260741e+02 2.329134439445949833e-01 3.238988190024082170e-02
1.403249999999738975e+02 2.305995482944802333e-01 3.190510193863011629e-02
1.404750000000113346e+02 2.281706791337941853e-01 3.178449915076306947e-02
1.406250000000000000e+02 2.258010745797859875e-01 3.181360662803047606e-02
1.407749999999884665e+02 2.245572118127467098e-01 3.152813093631422203e-02
1.409250000000261593e+02 2.220760736016379744e-01 3.143777877724475422e-02
1.410749999999738122e+02 2.197708539454382992e-01 3.089162351202467613e-02
1.412250000000117893e+02 2.182974678072279184e-01 3.106531173803708801e-02
1.413750000000000000e+02 2.158153078991971452e-01 3.064424045629102200e-02
1.415249999999880401e+02 2.141391664295568542e-01 3.068004010195777079e-02
1.416750000000263014e+02 2.125082777483097429e-01 3.042354413398242266e-02
1.418249999999736986e+02 2.097099434200364876e-01 3.041586579188833642e-02
1.419750000000122441e+02 2.073801613894444562e-01 3.016552658262886683e-02
1.421250000000000000e+02 2.056810805283477706e-01 2.993387265955464033e-02
1.422749999999876138e+02 2.037130019124873126e-01 2.999683448054811172e-02
1.424250000000264151e+02 2.017314160728261307e-01 2.969940344921459877e-02
1.425749999999735849e+02 2.000039639742856590e-01 2.960212655424815723e-02
1.427250000000126420e+02 1.979837600095660233e-01 2.923682637800196701e-02
1.428750000000000000e+02 1.964385211686762167e-01 2.906401286138568518e-02
1.430249999999871875e+02 1.942289733517640893e-01 2.902503585939129535e-02
1.431750000000265004e+02 1.925539360692850033e-01 2.872689481096783390e-02
1.433249999999734712e+02 1.909179271894571039e-01 2.912769110903624253e-02
1.434750000000130683e+02 1.887079384815130711e-01 2.866573507004941540e-02
1.436250000000000000e+02 1.872185302096708026e-01 2.863132681719739517e-02
1.437749999999867612e+02 1.851726465034418678e-01 2.842429883703019231e-02
1.439250000000266141e+02 1.835502772919525849e-01 2.826652016614354321e-02
1.440749999999733575e+02 1.810753361161387687e-01 2.796685253987620315e-02
1.442250000000134946e+02 1.796035487373651707e-01 2.789091834525908586e-02
1.443750000000000000e+02 1.780507956080117637e-01 2.765805556115552219e-02
1.445249999999863348e+02 1.757719287455868362e-01 2.739217566142134949e-02
1.446750000000266994e+02 1.736116145298704783e-01 2.771310951620727103e-02
1.448249999999732722e+02 1.718975922404236967e-01 2.719776040152227861e-02
1.449750000000139210e+02 1.702222348333072843e-01 2.691655062489155606e-02
1.451250000000000000e+02 1.683528436064351819e-01 2.675474239655381559e-02
1.452749999999859369e+02 1.667767626126228364e-01 2.659414253859836152e-02
1.454250000000268130e+02 1.645439418791688202e-01 2.627105507974430293e-02
1.455749999999731870e+02 1.627112227828819702e-01 2.669130217944253036e-02
1.457250000000142904e+02 1.616056076765572669e-01 2.635947286470345652e-02
1.458750000000000000e+02 1.595702709836744337e-01 2.633054008329439519e-02
1.460249999999855390e+02 1.579377016121792654e-01 2.603027049442917934e-02
1.461750000000269267e+02 1.561119743870869880e-01 2.544817931145854431e-02
1.463249999999730733e+02 1.541774467114061520e-01 2.540001085341028753e-02
1.464750000000146883e+02 1.524618682577239259e-01 2.545488504178091901e-02
1.466250000000000000e+02 1.507386543399398537e-01 2.506545168265915044e-02
1.467749999999851411e+02 1.490947608422363568e-01 2.506309263410547855e-02
1.469250000000270120e+02 1.476189275535797485e-01 2.480267192193222336e-02
1.470749999999729596e+02 1.460426822360527122e-01 2.496249264895696041e-02
1.472250000000150862e+02 1.442339835473922527e-01 2.476083937713396618e-02
1.473750000000000000e+02 1.422396027639100113e-01 2.454304283799861597e-02
1.475249999999847432e+02 1.406851387534229225e-01 2.439306415672429229e-02
1.476750000000270973e+02 1.382732109729527259e-01 2.428063064184204228e-02
1.478249999999728743e+02 1.374202731065271854e-01 2.407740185018705445e-02
1.479750000000154841e+02 1.353907635831775869e-01 2.389758024523850471e-02
1.481250000000000000e+02 1.335359474724528428e-01 2.384172551344610966e-02
1.482749999999843453e+02 1.325954354897155574e-01 2.373297707091844011e-02
1.484250000000272109e+02 1.303114343216137394e-01 2.341099638201113095e-02
1.485749999999727606e+02 1.292326626776479359e-01 2.338206542837139440e-02
1.487250000000158821e+02 1.272854617152407997e-01 2.332330825350853107e-02
1.488750000000000000e+02 1.253514729426228047e-01 2.271828594879008942e-02
1.490249999999839474e+02 1.233108728801548398e-01 2.282407093293989733e-02
1.491750000000273246e+02 1.220530296818849308e-01 2.257711516347586655e-02
1.493249999999726754e+02 1.203469019856002187e-01 2.238030657479406910e-02
1.494750000000162800e+02 1.190012059318715509e-01 2.231252098960575039e-02
1.496250000000000000e+02 1.172465277916065196e-01 2.220729988059369844e-02
1.497749999999835779e+02 1.153140706635052831e-01 2.216732551525856312e-02
1.499250000000274099e+02 1.137372238146616282e-01 2.163099568873695644e-02
1.500749999999725617e+02 1.123762907841208136e-01 2.164689757785582744e-02
1.502250000000166494e+02 1.107030172929565626e-01 2.141701052080837581e-02
1.503750000000000000e+02 1.090155265622948649e-01 2.119225852253090944e-02
1.505249999999831800e+02 1.073648046547360096e-01 2.140138545046070540e-02
1.506750000000274952e+02 1.056485389149124376e-01 2.092800982477491592e-02
1.508249999999724764e+02 1.043657621865665269e-01 2.085586237395165715e-02
1.509750000000170473e+02 1.027707923346232871e-01 2.068132405055661191e-02
1.511250000000000000e+02 1.007210692179989486e-01 2.038220537928945794e-02
1.512749999999828106e+02 9.970834376566925505e-02 2.052570092364658372e-02
1.514250000000275804e+02 9.832902627755435443e-02 2.006368715581681103e-02
1.515749999999723912e+02 9.650085491609775024e-02 1.963316984873945265e-02
1.517250000000174168e+02 9.493562983217801454e-02 1.982093011392982093e-02
1.518750000000000000e+02 9.341032995082748647e-02 1.961994550975884946e-02
1.520249999999824411e+02 9.183594532456691717e-02 1.937517345806426955e-02
1.521750000000276941e+02 9.028036007948173070e-02 1.933437347667222445e-02
1.523249999999722775e+02 8.875342193749928554e-02 1.899662418442059006e-02
1.524750000000177863e+02 8.708232203938084948e-02 1.886169626693421850e-02
1.526250000000000000e+02 8.567848650652157283e-02 1.867104158653165244e-02
1.527749999999820716e+02 8.438931398951628193e-02 1.865481247957724228e-02
1.529250000000277794e+02 8.294072987109969708e-02 1.851646172341916974e-02
1.530749999999721922e+02 8.137508541413390750e-02 1.833997764016000176e-02
1.532250000000181558e+02 8.021164271022596104e-02 1.831106094313270441e-02
1.533750000000000000e+02 7.840338426030421526e-02 1.812969218942394461e-02
1.535249999999817021e+02 7.691349597237143176e-02 1.781248964414096358e-02
1.536750000000278646e+02 7.509358133806748326e-02 1.732548257035382983e-02
1.538249999999721069e+02 7.378716386284601969e-02 1.724324571764476038e-02
1.539750000000185253e+02 7.240573111262299522e-02 1.740495933853469096e-02
1.541250000000000000e+02 7.135242500710708979e-02 1.727554490883376551e-02
1.542749999999813326e+02 6.941706534542455009e-02 1.714253424320480793e-02
1.544250000000279783e+02 6.786521928731892306e-02 1.668888366402217910e-02
1.545749999999720217e+02 6.651400697710974086e-02 1.640125981225497992e-02
1.547250000000188948e+02 6.503826293265158043e-02 1.631617074639707746e-02
1.548750000000000000e+02 6.367698396677771988e-02 1.610688513829609120e-02
1.550249999999809631e+02 6.240226727554363390e-02 1.593302907733284632e-02
1.551750000000280636e+02 6.057751699691144714e-02 1.575134938948734992e-02
1.553249999999719080e+02 5.926940760777557604e-02 1.561584941102176806e-02
1.554750000000192358e+02 5.793350163835825350e-02 1.532014485895533649e-02
1.556250000000000000e+02 5.676051362517296750e-02 1.498882276481088884e-02
1.557749999999806221e+02 5.513342948531806814e-02 1.509920429611756945e-02
1.559250000000281489e+02 5.370578987171070739e-02 1.476750423881970087e-02
1.560749999999718511e+02 5.206825748016783578e-02 1.449231162132695594e-02
1.562250000000196053e+02 5.098024026326920810e-02 1.425039589965631896e-02
1.563750000000000000e+02 4.928937737856334267e-02 1.419279190959937473e-02
1.565249999999802810e+02 4.811374888569469599e-02 1.389341294248871810e-02
1.566750000000282341e+02 4.671250170068742824e-02 1.371519309229976905e-02
1.568249999999717659e+02 4.568867880382136704e-02 1.351770310763293972e-02
1.569750000000199748e+02 4.408661488970053860e-02 1.347639214050004239e-02
1.571250000000000000e+02 4.263842120216283782e-02 1.304847215072581224e-02
1.572749999999799115e+02 4.121816779287076904e-02 1.298024618710856906e-02
1.574250000000283194e+02 4.002580801018209428e-02 1.267248934391352992e-02
1.575749999999716522e+02 3.878864954504492035e-02 1.243734627630168309e-02
1.577250000000202874e+02 3.720833736682643833e-02 1.226750109432210405e-02
1.578750000000000000e+02 3.584562014085742460e-02 1.201369817816242552e-02
1.580249999999795705e+02 3.480607799759750931e-02 1.166943888923601715e-02
1.581750000000284047e+02 3.339974373201025359e-02 1.147325624748795313e-02
1.583249999999715669e+02 3.206991591516693968e-02 1.115396574305408534e-02
1.584750000000206569e+02 3.076283326644510541e-02 1.086870647905377116e-02
1.586250000000000000e+02 2.941463542440965820e-02 1.065054527057772427e-02
1.587749999999792294e+02 2.802464717156153556e-02 1.055226324814387100e-02
1.589250000000284899e+02 2.679469155279896528e-02 1.029415744480192442e-02
1.590749999999715101e+02 2.533274549452181612e-02 9.948149334235854152e-03
1.592250000000209980e+02 2.419764718203342227e-02 9.764660652998120513e-03
1.593750000000000000e+02 2.285290199618202761e-02 9.609806799454976428e-03
1.595249999999788884e+02 2.157924378599071491e-02 9.208258852728676280e-03
1.596750000000285752e+02 2.012650969298512144e-02 9.084770976069944312e-03
1.598249999999713964e+02 1.894589399785229916e-02 8.670562494681574930e-03
1.599750000000213390e+02 1.766808770007033402e-02 8.311242445817915506e-03
1.601250000000000000e+02 1.635302933230054628e-02 8.090997876206680942e-03
1.602749999999785473e+02 1.514906304277124569e-02 7.643331334580638972e-03
1.604250000000286605e+02 1.384469622828736653e-02 7.248498235558114601e-03
1.605749999999713395e+02 1.261361616155401433e-02 6.936353923843098512e-03
1.607250000000216517e+02 1.129097712380731054e-02 6.593208170466445354e-03
1.608750000000000000e+02 1.007512291624823586e-02 6.287482514221397721e-03
1.610249999999782062e+02 8.803763374031037953e-03 5.789042113976057211e-03
1.611750000000287457e+02 7.505521881922324473e-03 5.403524653450295437e-03
1.613249999999712543e+02 6.363592790862034228e-03 4.953269512271171390e-03
1.614750000000219927e+02 5.045896297231061180e-03 4.480320413081500738e-03
1.616250000000000000e+02 3.783535022420868310e-03 3.837164131986800942e-03
1.617749999999778652e+02 2.541775704410086274e-03 3.106139573012214883e-03
1.619250000000288310e+02 1.353943879644563383e-03 2.301653266253508249e-03
1.620749999999711406e+02 2.008869949998581144e-04 8.853879325163313638e-04
