# Radius RDF_mean RDF_std
7.500000000000896228e-02 9.122557510540785231e-02 5.856830755989407278e-01
2.249999999999577616e-01 8.613690658568889935e-02 3.234233975447120546e-01
3.750000000000000000e-01 9.106689040634149968e-02 2.595657791708127493e-01
5.249999999999700462e-01 8.542087138739720698e-02 2.123721578701631418e-01
6.750000000001169509e-01 8.983214049079336905e-02 1.966271906978863115e-01
8.249999999998777200e-01 9.092232646375694727e-02 1.755291755199487880e-01
9.750000000001839418e-01 9.214226032362507479e-02 1.642547354374619961e-01
1.125000000000000000e+00 9.610405622141467152e-02 1.580156754529600249e-01
1.274999999999773648e+00 9.843343121787118122e-02 1.484263228995229555e-01
1.424999999999764455e+00 1.047000231108940055e-01 1.446332892758596111e-01
1.575000000000282396e+00 1.073704506475350179e-01 1.371158587579788535e-01
1.725000000000170397e+00 1.152081231857202959e-01 1.367143187687170081e-01
1.875000000000000000e+00 1.190180491686485681e-01 1.332532090615150266e-01
2.025000000000070521e+00 1.272060327079090059e-01 1.331247891655191751e-01
2.174999999999594813e+00 1.372878202516763513e-01 1.337655844840419939e-01
2.325000000000426059e+00 1.471436949441892461e-01 1.339158392670752595e-01
2.474999999999678124e+00 1.604393382341170737e-01 1.355742816894534852e-01
2.625000000000000000e+00 1.804549937973868590e-01 1.394941126771378770e-01
2.775000000000444444e+00 1.990852331623882143e-01 1.464041921605418184e-01
2.924999999999512212e+00 2.233129279437110759e-01 1.471678024759869863e-01
3.075000000000499334e+00 2.597707451558864955e-01 1.539522397141075416e-01
3.224999999999414779e+00 2.923803482528556374e-01 1.591449919674717273e-01
3.375000000000000000e+00 3.445899857825196477e-01 1.712398054636939670e-01
3.525000000000659384e+00 4.066642182166217978e-01 1.807224738641645401e-01
3.674999999999857714e+00 4.867292947442572459e-01 1.918786455649735267e-01
3.825000000000022382e+00 5.953174756722532379e-01 2.087156631304375454e-01
3.974999999999250466e+00 7.560318823164835500e-01 2.315520890429884071e-01
4.125000000000000000e+00 9.918760181077362903e-01 2.565107230201594812e-01
4.275000000000798828e+00 1.286309237666725780e+00 2.908454307844372533e-01
4.425000000000374634e+00 1.501649903659287855e+00 3.083468477884964143e-01
4.574999999999541878e+00 1.548005087530750279e+00 3.063468904033624929e-01
4.724999999999138112e+00 1.471498053947299711e+00 2.974421028694000380e-01
4.875000000000000000e+00 1.344998172725683894e+00 2.762556297971016650e-01
5.025000000000897415e+00 1.233380164455110783e+00 2.631284730602296285e-01
5.175000000000743228e+00 1.131653779322592701e+00 2.448054631342416465e-01
5.324999999999196376e+00 1.065376765692229721e+00 2.349550992419376649e-01
5.474999999999057287e+00 1.029662511235944766e+00 2.301932495629891717e-01
5.625000000000000000e+00 1.031709205005269192e+00 2.255920569625646521e-01
5.775000000000969358e+00 1.058743055188960058e+00 2.253544819514951836e-01
5.925000000001017675e+00 1.118020133850410325e+00 2.293034316138966022e-01
6.074999999998936140e+00 1.193911191137889904e+00 2.304356986664127527e-01
6.224999999998995115e+00 1.219427060235443561e+00 2.321720838914804741e-01
6.375000000000000000e+00 1.200701380214367342e+00 2.261317255787274605e-01
6.525000000001025313e+00 1.134382083138543162e+00 2.191464189732100221e-01
6.675000000001229949e+00 1.063944338975735704e+00 2.086179428928553181e-01
6.824999999998733635e+00 1.007831191423040007e+00 1.999498787937107613e-01
6.974999999999387690e+00 9.682661784445668607e-01 1.948881960260869795e-01
7.125000000000000000e+00 9.425792080844147547e-01 1.915438515213807591e-01
7.275000000000346745e+00 9.369555776067222119e-01 1.893535606276094962e-01
7.425000000001398703e+00 9.359413927345876516e-01 1.883483167981402084e-01
7.574999999998571099e+00 9.463063473156863026e-01 1.863324417468603666e-01
7.725000000000012079e+00 9.494279279073030153e-01 1.858886334057731071e-01
7.875000000000000000e+00 9.498130035271392657e-01 1.824658538700841548e-01
8.024999999999771205e+00 9.448383788946661532e-01 1.811901334215155479e-01
8.175000000001539036e+00 9.395538014256015202e-01 1.782620036452070011e-01
8.324999999998437872e+00 9.416149626514497273e-01 1.773225751673723760e-01
8.475000000000525446e+00 9.518960151316852025e-01 1.772450777404018241e-01
8.625000000000000000e+00 9.696689071682684791e-01 1.777861079146429713e-01
8.774999999999291589e+00 9.798709152127754729e-01 1.768977722455573609e-01
8.925000000001652722e+00 1.003447599999262252e+00 1.777984631994279918e-01
9.074999999998325961e+00 1.018474262557137688e+00 1.786338063212447869e-01
9.225000000000957101e+00 1.033653858601188080e+00 1.777816635544902935e-01
9.375000000000000000e+00 1.041690363261747354e+00 1.756033974491791605e-01
9.524999999998890132e+00 1.047850790103213914e+00 1.764896413131114838e-01
9.675000000001750422e+00 1.048827016288467862e+00 1.729069284067925039e-01
9.824999999998231814e+00 1.047331239455173035e+00 1.715871931525991545e-01
9.975000000001321254e+00 1.050139478793447489e+00 1.705251562609525207e-01
1.012500000000000000e+01 1.046088072390592760e+00 1.687824016496879964e-01
1.027499999999854730e+01 1.045295630948830601e+00 1.669683979686119868e-01
1.042500000000183391e+01 1.042247560687223462e+00 1.654711910996425062e-01
1.057499999999815010e+01 1.038866816066884358e+00 1.644878513881918858e-01
1.072500000000163745e+01 1.032098484794945259e+00 1.603134808181393700e-01
1.087500000000000000e+01 1.027544334981533192e+00 1.615627954856387327e-01
1.102499999999824887e+01 1.021803555373151706e+00 1.606380409368605433e-01
1.117500000000190674e+01 1.018164046867456651e+00 1.615632740589643956e-01
1.132499999999808082e+01 1.007853379910234715e+00 1.579586710974424657e-01
1.147500000000190923e+01 1.003310285116737699e+00 1.563683885793169526e-01
1.162500000000000000e+01 9.954829951279307032e-01 1.562370435950708181e-01
1.177499999999798952e+01 9.884657202105519014e-01 1.541308401333491007e-01
1.192500000000196891e+01 9.832254678900301803e-01 1.524097497814000945e-01
1.207499999999801865e+01 9.787025329023149034e-01 1.509208345139806950e-01
1.222500000000215081e+01 9.760035110882124831e-01 1.486933020873314748e-01
1.237500000000000000e+01 9.717752510758825846e-01 1.486518286386867838e-01
1.252499999999776215e+01 9.717798352671476181e-01 1.482173176461615283e-01
1.267500000000202398e+01 9.742014202684446955e-01 1.460728812341140492e-01
1.282499999999796536e+01 9.771965165916863816e-01 1.472048227307293233e-01
1.297500000000236220e+01 9.793520756786020520e-01 1.455942528834456295e-01
1.312500000000000000e+01 9.827043260511674205e-01 1.442029304479645058e-01
1.327499999999756142e+01 9.851676766249829464e-01 1.438018034132726164e-01
1.342500000000173088e+01 9.906398260736470895e-01 1.411596798169729716e-01
1.357499999999841833e+01 9.944925243577409368e-01 1.415235216862437695e-01
1.372500000000255049e+01 9.952017709194416195e-01 1.446932209871449881e-01
1.387500000000000000e+01 1.002954272518641332e+00 1.423511588580312626e-01
1.402499999999738023e+01 1.003915404134841038e+00 1.408439942414011770e-01
1.417500000000102034e+01 1.009465826945825428e+00 1.400050037860599006e-01
1.432499999999911111e+01 1.009841961160265367e+00 1.414597448385874756e-01
1.447500000000271925e+01 1.011236744599241399e+00 1.410313723472619296e-01
1.462500000000000000e+01 1.011187548039255812e+00 1.389641194736566387e-01
1.477499999999721680e+01 1.012452119453545185e+00 1.376587413042896779e-01
1.492500000000038618e+01 1.016976190456126750e+00 1.370942481384312961e-01
1.507499999999973639e+01 1.012632315475811895e+00 1.380327019375802156e-01
1.522500000000287201e+01 1.012624139447364069e+00 1.355209681046267156e-01
1.537500000000000000e+01 1.009181822090554403e+00 1.354132767781164870e-01
1.552499999999706937e+01 1.012716278029716976e+00 1.354180163932541536e-01
1.567499999999980886e+01 1.005211209328772393e+00 1.341764641908176903e-01
1.582500000000029772e+01 1.005368630621819914e+00 1.336507055215791495e-01
1.597500000000300879e+01 1.003629719419213195e+00 1.325407368827902221e-01
1.612500000000000000e+01 1.002481660890555348e+00 1.327501340698724608e-01
1.627499999999693969e+01 1.001957368152945671e+00 1.322087081243277229e-01
1.642499999999928662e+01 1.000506475320230404e+00 1.302933316664678098e-01
1.657500000000081286e+01 9.943073349218707335e-01 1.290755997591966631e-01
1.672500000000313847e+01 9.924844583116334551e-01 1.282367950115321231e-01
1.687500000000000000e+01 9.941250762754197945e-01 1.269355019751283731e-01
1.702499999999681535e+01 9.928121934914146962e-01 1.278535738238510411e-01
1.717499999999880700e+01 9.947262380186979724e-01 1.273814221683477188e-01
1.732500000000128182e+01 9.918768931782256937e-01 1.264957880925369205e-01
1.747500000000325215e+01 9.944615733346894304e-01 1.258309887922433867e-01
1.762500000000000000e+01 9.940925568334995077e-01 1.251794456828439206e-01
1.777499999999670521e+01 9.947498094114752831e-01 1.237895728403202028e-01
1.792499999999837357e+01 9.933469839825014303e-01 1.258197311934553808e-01
1.807500000000171170e+01 9.973788096543375614e-01 1.239874445619841836e-01
1.822500000000335874e+01 9.965158174642981814e-01 1.240989951519898826e-01
1.837500000000000000e+01 9.999525100569587321e-01 1.219346905250454638e-01
1.852499999999660218e+01 9.992517601269866878e-01 1.240318367333054783e-01
1.867499999999797211e+01 1.000692701608790980e+00 1.213946354817309753e-01
1.882500000000210960e+01 1.000647065700548399e+00 1.233037854213643036e-01
1.897500000000345466e+01 1.002547668121522628e+00 1.223296450075481434e-01
1.912500000000000000e+01 1.000760812288872037e+00 1.228114460992153212e-01
1.927499999999650626e+01 1.002451231527681896e+00 1.199615696934604459e-01
1.942499999999759908e+01 1.004779044523398612e+00 1.211082268066670381e-01
1.957500000000247198e+01 1.001674798134608801e+00 1.200449544406197999e-01
1.972500000000354348e+01 1.001812174407818112e+00 1.182723607161058621e-01
1.987500000000000000e+01 1.002677052180972694e+00 1.169600622851102445e-01
2.002499999999642100e+01 9.995595306422098147e-01 1.181200492556347681e-01
2.017499999999725446e+01 1.000934775635842433e+00 1.177754795082981976e-01
2.032500000000281304e+01 9.999807718246215282e-01 1.174842650109255288e-01
2.047500000000362874e+01 1.001580854769616780e+00 1.163860932352432515e-01
2.062500000000000000e+01 9.968257784481012740e-01 1.147896110477944903e-01
2.077499999999633928e+01 9.983776507720253379e-01 1.152364018067693480e-01
2.092499999999693472e+01 9.979552363569529350e-01 1.168329824796629363e-01
2.107500000000312212e+01 9.972712472893052738e-01 1.153599501077672562e-01
2.122500000000370690e+01 9.971166532903252833e-01 1.134882944010494749e-01
2.137500000000000000e+01 9.960843697210218783e-01 1.146540227042968374e-01
2.152499999999626468e+01 9.946898840607378833e-01 1.145191803352446358e-01
2.167499999999663984e+01 9.970250669695422951e-01 1.139813574721130346e-01
2.182500000000341700e+01 9.948912482039536931e-01 1.138014742429139664e-01
2.197500000000377796e+01 9.962244486301459201e-01 1.131461903001542563e-01
2.212500000000000000e+01 9.956598855401773696e-01 1.138573835855044430e-01
2.227499999999619718e+01 9.942551498264426968e-01 1.107300998249521884e-01
2.242499999999636273e+01 9.946825215664063524e-01 1.106806573124342746e-01
2.257500000000369056e+01 9.967511470130757667e-01 1.111389046027275312e-01
2.272500000000384546e+01 9.948946088050100167e-01 1.098678609865625239e-01
2.287500000000000000e+01 9.993284229534763474e-01 1.102032928438660131e-01
2.302499999999612967e+01 9.989833300090699142e-01 1.107292965517238659e-01
2.317499999999610338e+01 9.980754630381851733e-01 1.096722362924973659e-01
2.332500000000394635e+01 9.996506493144819983e-01 1.089252890755880859e-01
2.347500000000390941e+01 9.997354441181501850e-01 1.088976171028446654e-01
2.362500000000000000e+01 9.995730886188307629e-01 1.081768431797119484e-01
2.377499999999606928e+01 9.980880278373890357e-01 1.073460333288970697e-01
2.392499999999586180e+01 9.999828783912884100e-01 1.066306252926924464e-01
2.407500000000418439e+01 9.981359838355499114e-01 1.085784302141527408e-01
2.422500000000396625e+01 9.996269804738775466e-01 1.102195010488101617e-01
2.437500000000000000e+01 9.972509166445987505e-01 1.061519530818808149e-01
2.452499999999600888e+01 9.988774808256645210e-01 1.064023051484538906e-01
2.467499999999563087e+01 1.000361379990583943e+00 1.053650709315477330e-01
2.482500000000441176e+01 1.000871591253281068e+00 1.067391670939250997e-01
2.497500000000402309e+01 9.998574789986294231e-01 1.055945558149288810e-01
2.512500000000000000e+01 9.981020902232272674e-01 1.045596468021182668e-01
2.527499999999595559e+01 1.000460181056669784e+00 1.057872532338580279e-01
2.542499999999541771e+01 9.988965332775673334e-01 1.038090516212310382e-01
2.557500000000462137e+01 9.995744820719990598e-01 1.032274291536066091e-01
2.572500000000407638e+01 9.975048048527436206e-01 1.043611139294307183e-01
2.587500000000000000e+01 9.995600206406890509e-01 1.037623310474741212e-01
2.602499999999590585e+01 9.972521523902645457e-01 1.038808077606903774e-01
2.617499999999521521e+01 9.964738090885998378e-01 1.039462757630528617e-01
2.632500000000482032e+01 9.974223309229994783e-01 1.038526568836122960e-01
2.647500000000383480e+01 9.968374302336014958e-01 1.034006910410920910e-01
2.662500000000000000e+01 9.960507956996180745e-01 1.019738876337150102e-01
2.677499999999647073e+01 9.969938055297957735e-01 1.006585276921565103e-01
2.692499999999502691e+01 9.958091785622180669e-01 1.025223695647469180e-01
2.707500000000501217e+01 9.969033041721945265e-01 1.021301669140850799e-01
2.722500000000308873e+01 9.979762822318576365e-01 1.006427466120674158e-01
2.737500000000000000e+01 9.971398661657534523e-01 9.991171540852314403e-02
2.752499999999719549e+01 9.964202668237021054e-01 1.003422855531819757e-01
2.767499999999484928e+01 9.986245135782472193e-01 1.009175466457334774e-01
2.782500000000518625e+01 9.969647529042059420e-01 9.953042294123873313e-02
2.797500000000238529e+01 9.972955259782605442e-01 9.939134301665138171e-02
2.812500000000000000e+01 9.972513624633704277e-01 1.000862046856461351e-01
2.827499999999788827e+01 9.984591125962489766e-01 9.911933873779525672e-02
2.842499999999467164e+01 9.971001751699460902e-01 9.968449316265712290e-02
2.857500000000536033e+01 9.984164298554174533e-01 9.777469640097005699e-02
2.872500000000171028e+01 9.964247140761212096e-01 9.841218537974749658e-02
2.887500000000000000e+01 9.966174160048667519e-01 9.732878518459490980e-02
2.902499999999854552e+01 9.972400518055904994e-01 9.873715119701126364e-02
2.917499999999451177e+01 9.978452685738750105e-01 9.758001409111298485e-02
2.932500000000552021e+01 9.970445178956310883e-01 9.730014923722690723e-02
2.947500000000107434e+01 9.956475567494394996e-01 9.831094552000581299e-02
2.962500000000000000e+01 9.985752347230749670e-01 9.686448966525126880e-02
2.977499999999917080e+01 9.982635725263324655e-01 9.645311282703419864e-02
2.992499999999435900e+01 9.977696194856731093e-01 9.617683871345560076e-02
3.007500000000566942e+01 9.974356233719120501e-01 9.645231261563226577e-02
3.022500000000047393e+01 9.986769587460176956e-01 9.536191183319971121e-02
3.037500000000000000e+01 9.976282882632496740e-01 9.549222814710507656e-02
3.052499999999976410e+01 9.995246225101798165e-01 9.541878082441514197e-02
3.067499999999420623e+01 9.989695273631450378e-01 9.513548976839039661e-02
3.082500000000581508e+01 9.984452609989581395e-01 9.585755690825147057e-02
3.097499999999989839e+01 9.991814739891005104e-01 9.441418412624469347e-02
3.112500000000000000e+01 9.966441128329127652e-01 9.489640958061019982e-02
3.127500000000032898e+01 9.982606901534276655e-01 9.356197713220404388e-02
3.142499999999406768e+01 9.967405226765941872e-01 9.363266648072002263e-02
3.157500000000595364e+01 9.991821024826619269e-01 9.318619839998112941e-02
3.172499999999935127e+01 9.987884673005447134e-01 9.347187605723060455e-02
3.187500000000000000e+01 9.980531096677476288e-01 9.321648925257029761e-02
3.202500000000086544e+01 9.971542641500671378e-01 9.314944830613500204e-02
3.217499999999394333e+01 9.984414169310281695e-01 9.313381427838339499e-02
3.232500000000609219e+01 9.981347611858882862e-01 9.253145162099804533e-02
3.247499999999882903e+01 9.992988023567174194e-01 9.208177527906648285e-02
3.262500000000000000e+01 9.971853598741058367e-01 9.289831738862208699e-02
3.277500000000137703e+01 9.988547439361455949e-01 9.196320407999013236e-02
3.292499999999381544e+01 9.996971706350663567e-01 9.175226964198479607e-02
3.307500000000621299e+01 9.989068425597843470e-01 9.215741766855894967e-02
3.322499999999832454e+01 9.995302881366532333e-01 9.123469136277299885e-02
3.337500000000000000e+01 9.994549518522126696e-01 9.183004578485658154e-02
3.352500000000186731e+01 9.988795416166282859e-01 9.156727466022139550e-02
3.367499999999368754e+01 9.993837811593452303e-01 9.015972817895823166e-02
3.382500000000633378e+01 9.993721861159555742e-01 9.074409361789485817e-02
3.397499999999784848e+01 1.000413737154905114e+00 8.896841908487210238e-02
3.412500000000000000e+01 1.000421094429552626e+00 8.956379443585447964e-02
3.427500000000233626e+01 1.000147632319722701e+00 9.146243334827944271e-02
3.442499999999357385e+01 9.989969147194054377e-01 8.959709029871455732e-02
3.457500000000644746e+01 9.996155762454924654e-01 8.882518986535897776e-02
3.472499999999739373e+01 1.002030361609029807e+00 9.005510755166969139e-02
3.487500000000000000e+01 1.001206327724311729e+00 8.930007313784614487e-02
3.502500000000278391e+01 1.000078203856400227e+00 8.949345782278889105e-02
3.517499999999346016e+01 9.988673669679758449e-01 8.821462633465732006e-02
3.532500000000656115e+01 9.995809334683054548e-01 8.949948623803606618e-02
3.547499999999695319e+01 9.987674054908980414e-01 8.892380990147154274e-02
3.562500000000000000e+01 9.997952581149605056e-01 8.776088473544690904e-02
3.577500000000321734e+01 1.001366250157558646e+00 8.856614028530027105e-02
3.592499999999336069e+01 1.000669217850329806e+00 8.885354582028796855e-02
3.607500000000666773e+01 1.001133911973900892e+00 8.749543418272789919e-02
3.622499999999653397e+01 9.995018643782559442e-01 8.683322685171140920e-02
3.637500000000000000e+01 9.998942742035420439e-01 8.737712103211053849e-02
3.652500000000362235e+01 1.000600989306923205e+00 8.747957749968866825e-02
3.667499999999325411e+01 9.991017872556993140e-01 8.801616041293577886e-02
3.682500000000676721e+01 1.000010726130293737e+00 8.661487283799795822e-02
3.697499999999613607e+01 9.994736247962748843e-01 8.667219366602571529e-02
3.712500000000000000e+01 9.991528400020106560e-01 8.693138547192459653e-02
3.727500000000402736e+01 1.000782895935694361e+00 8.614860056884671158e-02
3.742499999999315463e+01 1.001951327196419772e+00 8.628184090375282111e-02
3.757500000000686668e+01 9.977106637311711212e-01 8.544591939711096429e-02
3.772499999999575238e+01 9.992443220997929698e-01 8.616085822938351901e-02
3.787500000000000000e+01 1.000879288491183905e+00 8.620003983019422500e-02
3.802500000000440394e+01 1.002280594111822909e+00 8.567068625253722314e-02
3.817499999999306226e+01 9.977554875462337769e-01 8.587169922862925020e-02
3.832500000000695906e+01 1.001159695159265173e+00 8.559854698544239193e-02
3.847499999999537579e+01 9.991226748516286449e-01 8.481136710104514309e-02
3.862500000000000000e+01 1.000551773362034602e+00 8.554074268742710430e-02
3.877500000000476632e+01 1.001243792374811203e+00 8.462003914193018395e-02
3.892499999999297700e+01 9.999257525364285693e-01 8.539597050937318412e-02
3.907500000000705143e+01 1.000249789714385829e+00 8.373500855571903989e-02
3.922499999999502052e+01 9.992579695739728374e-01 8.447184553264466822e-02
3.937500000000000000e+01 1.000419611979349588e+00 8.481244462104126081e-02
3.952500000000512159e+01 9.990206111729499350e-01 8.408311555361724920e-02
3.967499999999288463e+01 9.993756744481646637e-01 8.336585527343708113e-02
3.982500000000712959e+01 9.988925131173878036e-01 8.449156410801636485e-02
3.997499999999467946e+01 1.000035271740572274e+00 8.353285499473912801e-02
4.012500000000000000e+01 1.000499194119158108e+00 8.452943763281269007e-02
4.027500000000545555e+01 1.000666995127827086e+00 8.261120666822270586e-02
4.042499999999279936e+01 9.994551222322076711e-01 8.316295330711141742e-02
4.057500000000721485e+01 9.984691655470628868e-01 8.233879328851263779e-02
4.072499999999434550e+01 9.990589952730589696e-01 8.305135037992562863e-02
4.087500000000000000e+01 1.001264185985116573e+00 8.216813396011311832e-02
4.102500000000578240e+01 9.991309539414838792e-01 8.261587031870641640e-02
4.117499999999272120e+01 9.991453855613807722e-01 8.281321416154090176e-02
4.132500000000730012e+01 9.995436122438212667e-01 8.211519201967110160e-02
4.147499999999402576e+01 9.998935152061184661e-01 8.212524065268124451e-02
4.162500000000000000e+01 9.991922671268254064e-01 8.132852023495239224e-02
4.177500000000609504e+01 1.000144877382556308e+00 8.151450920929771693e-02
4.192499999999264304e+01 9.983424914910651315e-01 8.119086118424437282e-02
4.207500000000737828e+01 9.997609171688415231e-01 8.138539882584637508e-02
4.222499999999372022e+01 1.000543401426154499e+00 8.186806050662229217e-02
4.237500000000000000e+01 1.000209063008379751e+00 8.148773233377669400e-02
4.252500000000640057e+01 9.999906098381327046e-01 8.105163479495468282e-02
4.267499999999256488e+01 1.001383843513421912e+00 8.172891897120894422e-02
4.282500000000744933e+01 1.000539099233367368e+00 8.177952040392649780e-02
4.297499999999342180e+01 1.000653101960132574e+00 8.174322090205823899e-02
4.312500000000000000e+01 9.992632888388652823e-01 8.038756378746678144e-02
4.327500000000669900e+01 1.001121873958755959e+00 8.044835837799818590e-02
4.342499999999249383e+01 9.988850586112133501e-01 8.117061281315668397e-02
4.357500000000752038e+01 1.003367324823700502e+00 7.993400182453296032e-02
4.372499999999313758e+01 9.991176110517563380e-01 7.960862472109332677e-02
4.387500000000000000e+01 9.987621967897403197e-01 7.900574194899451230e-02
4.402500000000697611e+01 1.001060547204739803e+00 7.953172934947641548e-02
4.417499999999242277e+01 1.000503138876605025e+00 7.965643971682816182e-02
4.432500000000759144e+01 9.994381186975503928e-01 7.904096686839662267e-02
4.447499999999286047e+01 1.000417256196315163e+00 7.772736037890806693e-02
4.462500000000000000e+01 1.000536946532696758e+00 7.966181056011324702e-02
4.477500000000724611e+01 9.989175940423816735e-01 7.865053509610343829e-02
4.492499999999235882e+01 1.000142378256142939e+00 7.838911051285772646e-02
4.507500000000766249e+01 9.991390858346935744e-01 7.856991416944968110e-02
4.522499999999259757e+01 9.998150716929156134e-01 7.954165199828550081e-02
4.537500000000000000e+01 1.000120660611735435e+00 7.878835591995667076e-02
4.552500000000750902e+01 9.997043138218222325e-01 7.957857550054837914e-02
4.567499999999228777e+01 9.990843128622840519e-01 7.810748683309190477e-02
4.582500000000772644e+01 9.999106488371183321e-01 7.808680730032650785e-02
4.597499999999233466e+01 9.988778373590146975e-01 7.734383139947487162e-02
4.612500000000000000e+01 9.995860861192147340e-01 7.787498804218979942e-02
4.627500000000776481e+01 1.001486575181012029e+00 7.776237120864583352e-02
4.642499999999223093e+01 9.998040551647507934e-01 7.798506054669580856e-02
4.657500000000779039e+01 9.993782691239700977e-01 7.831758499260239870e-02
4.672499999999207887e+01 1.000152896056168750e+00 7.683308783222031479e-02
4.687500000000000000e+01 1.000327010990236243e+00 7.678023495398662857e-02
4.702500000000801350e+01 9.988241110589621830e-01 7.739618844811511911e-02
4.717499999999216698e+01 1.000248277246375883e+00 7.734880025100610013e-02
4.732500000000784723e+01 1.000213588717827617e+00 7.659317998920063542e-02
4.747499999999183729e+01 1.000508065740761898e+00 7.838164720027704369e-02
4.762500000000000000e+01 1.000225706900164324e+00 7.648458003238521596e-02
4.777500000000825509e+01 1.000081318987632084e+00 7.685326408649745256e-02
4.792499999999211013e+01 1.000959655575895058e+00 7.650237577768094488e-02
4.807500000000790408e+01 1.000099963824183202e+00 7.633950482709403462e-02
4.822499999999160281e+01 1.000865547933790678e+00 7.649446310591495601e-02
4.837500000000000000e+01 1.001416964029284706e+00 7.657466515651531469e-02
4.852500000000848956e+01 1.000456264645293913e+00 7.588958466659377622e-02
4.867499999999204618e+01 9.990991235744122179e-01 7.539762317565183725e-02
4.882500000000796092e+01 1.000627368960655739e+00 7.648328488935322855e-02
4.897499999999137543e+01 1.000221747614325141e+00 7.519401057939012478e-02
4.912500000000000000e+01 1.002279943284620778e+00 7.513444156219581394e-02
4.927500000000870983e+01 9.995129980845898210e-01 7.566478665223119737e-02
4.942499999999198934e+01 1.000180148757964460e+00 7.513959056395151659e-02
4.957500000000802487e+01 1.000292584972079846e+00 7.492405096000950837e-02
4.972499999999115516e+01 1.000245009276973018e+00 7.463133247401607107e-02
4.987500000000000000e+01 1.000908221178174351e+00 7.514909830618445030e-02
5.002500000000893010e+01 1.000259269191602796e+00 7.423280642416460462e-02
5.017499999999193960e+01 1.000630673678037041e+00 7.422768764153517274e-02
5.032500000000807461e+01 9.997332571641337484e-01 7.308569574010383152e-02
5.047499999999094200e+01 1.000633126632080039e+00 7.372581549489778951e-02
5.062500000000000000e+01 9.993829789459049984e-01 7.386309129047576028e-02
5.077500000000914326e+01 1.000782625196814379e+00 7.531417076423081725e-02
5.092499999999188276e+01 1.000032088635051108e+00 7.331858787438373659e-02
5.107500000000812435e+01 9.993764761458654444e-01 7.441612906097626323e-02
5.122499999999072884e+01 1.000261892110526629e+00 7.455574038036057172e-02
5.137500000000000000e+01 1.000386189021142291e+00 7.447524105427347219e-02
5.152500000000934932e+01 1.000237214384588791e+00 7.359518179866192389e-02
5.167499999999183302e+01 1.000387297530892505e+00 7.448271682923381098e-02
5.182500000000818119e+01 9.997503107468999062e-01 7.315103046014242993e-02
5.197499999999052989e+01 9.988867088761930191e-01 7.319345871381580104e-02
5.212500000000000000e+01 9.998177042615532528e-01 7.276692461575234860e-02
5.227500000000954827e+01 9.990749008793905483e-01 7.307255660543947318e-02
5.242499999999178328e+01 9.997989057386843514e-01 7.248508515635357363e-02
5.257500000000806040e+01 9.994933981333665729e-01 7.296782678664152921e-02
5.272499999999033804e+01 1.000572697236385533e+00 7.268011592463459458e-02
5.287500000000000000e+01 9.995019730594365548e-01 7.171039940402461343e-02
5.302500000000974723e+01 1.000274346193287922e+00 7.231165063062329479e-02
5.317499999999255778e+01 1.000027531396040503e+00 7.231399671903505910e-02
5.332500000000729301e+01 1.000939761793998350e+00 7.264136391091942369e-02
5.347499999999015330e+01 1.000409727902200618e+00 7.304580780536591711e-02
5.362500000000000000e+01 9.999655942143557130e-01 7.201752182578172179e-02
5.377500000000993197e+01 9.997425568322511058e-01 7.177349071959883420e-02
5.392499999999331095e+01 1.001118482247681518e+00 7.168762382242624409e-02
5.407500000000654694e+01 1.000566117579300585e+00 7.190706436103681820e-02
5.422499999998996145e+01 1.000501267928767257e+00 7.191830852016696529e-02
5.437500000000000000e+01 1.000767958924944967e+00 7.119692392529440583e-02
5.452500000001011671e+01 9.997056551613722197e-01 7.058932434409498358e-02
5.467499999999403570e+01 1.000132572776065931e+00 7.144706327855891714e-02
5.482500000000581508e+01 1.000491203856204825e+00 7.177359020576953852e-02
5.497499999998977671e+01 1.000214727410796423e+00 7.091813375909085393e-02
5.512500000000000000e+01 1.000180890688407542e+00 7.146986030355376163e-02
5.527500000001029434e+01 1.000412561335162209e+00 7.110439095881450344e-02
5.542499999999475335e+01 1.000066285624520379e+00 7.087216709300454831e-02
5.557500000000510454e+01 1.000428294152494901e+00 7.115813607927896911e-02
5.572499999998960618e+01 1.001098721339217734e+00 7.117621359773523837e-02
5.587500000000000000e+01 1.001137059823397291e+00 7.040922024782873823e-02
5.602500000001046487e+01 9.996458673945236573e-01 7.065399468077038225e-02
5.617499999999544258e+01 9.995606219095184430e-01 7.073882824537967851e-02
5.632500000000441531e+01 1.001829120841338128e+00 7.047985916244772775e-02
5.647499999998942855e+01 9.990823873646210718e-01 6.948087940193625744e-02
5.662500000000000000e+01 9.997201814059518687e-01 7.044164034879318859e-02
5.677500000001062830e+01 1.000362682065346398e+00 6.972448290818272776e-02
5.692499999999611759e+01 1.000437405281987102e+00 7.027785279474671465e-02
5.707500000000374030e+01 1.002010785461023401e+00 7.005104211950390070e-02
5.722499999998926512e+01 1.000630781335400732e+00 6.947300475104005446e-02
5.737500000000000000e+01 1.002236678046534601e+00 6.959221112533890696e-02
5.752500000001079172e+01 1.001805284212171854e+00 6.914173238901608065e-02
5.767499999999677129e+01 1.000919913157575891e+00 6.977073873470963916e-02
5.782500000000310081e+01 1.000248965405714729e+00 6.936360408601960348e-02
5.797499999998910170e+01 1.001223590845027100e+00 6.939697120742012448e-02
5.812500000000000000e+01 1.000917998895918259e+00 6.922430754406201647e-02
5.827500000001095515e+01 1.000251770231046278e+00 6.980294387363412956e-02
5.842499999999741078e+01 1.001254732626704946e+00 6.965496504680751544e-02
5.857500000000246132e+01 1.000071690196993934e+00 6.859975134142956565e-02
5.872499999998893827e+01 1.000610357784779803e+00 6.954983446361161226e-02
5.887500000000000000e+01 1.000947019577884678e+00 6.886183060407026491e-02
5.902500000001111857e+01 1.000528498357860840e+00 6.884798633598626649e-02
5.917499999999803606e+01 1.002159773246150243e+00 6.864709737826528435e-02
5.932500000000184315e+01 1.000727829942086533e+00 6.831805568880566781e-02
5.947499999998878906e+01 1.000518588381402729e+00 6.839177326263103096e-02
5.962500000000000000e+01 1.000082726193508131e+00 6.893475049661949849e-02
5.977500000001126779e+01 1.001190703061500376e+00 6.837248512248632337e-02
5.992499999999864002e+01 1.000341947380782637e+00 6.814377271274142667e-02
6.007500000000123919e+01 1.001479623207620850e+00 6.853193712514825398e-02
6.022499999998863984e+01 1.001003073666844490e+00 6.764198067196156017e-02
6.037500000000000000e+01 1.000200420945582147e+00 6.862770054167344203e-02
6.052500000001142411e+01 1.000872918396733757e+00 6.801730774132619395e-02
6.067499999999923688e+01 1.000829399647963136e+00 6.726375264535054688e-02
6.082500000000064944e+01 9.996913333487961184e-01 6.787737733196436141e-02
6.097499999998849773e+01 1.000615995669551728e+00 6.776562189597146180e-02
6.112500000000000000e+01 1.000530746373783142e+00 6.824475044579511596e-02
6.127500000001155911e+01 1.000041138282034447e+00 6.618113123904066641e-02
6.142499999999980531e+01 9.996999126704033678e-01 6.740160669646259872e-02
6.157500000000007390e+01 1.000373907192062539e+00 6.679026970466764301e-02
6.172499999998834852e+01 1.000481449837036907e+00 6.623285383193001918e-02
6.187500000000000000e+01 1.000619966830307739e+00 6.695661540125712186e-02
6.202500000001170122e+01 9.993424868848905795e-01 6.705423757405974683e-02
6.217500000000037375e+01 1.001096166733298265e+00 6.674321523766155173e-02
6.232499999999951967e+01 9.999004643439273199e-01 6.678462214108057959e-02
6.247499999998820641e+01 9.993350908631390972e-01 6.653203730374830649e-02
6.262500000000000000e+01 9.993766231100117414e-01 6.646653114386640027e-02
6.277500000001184333e+01 9.999871756422701319e-01 6.627264807615936004e-02
6.292500000000092086e+01 9.995604138978732012e-01 6.567409205905196112e-02
6.307499999999897256e+01 9.995696023929502294e-01 6.611837084593552571e-02
6.322499999998807851e+01 9.999205473175799552e-01 6.717713564938979087e-02
6.337500000000000000e+01 9.995308343438237264e-01 6.678313976032641819e-02
6.352500000001197833e+01 1.000441336416809879e+00 6.644346352046762161e-02
6.367500000000146798e+01 1.000251561982340442e+00 6.606495554666666492e-02
6.382499999999843254e+01 9.999234958773666193e-01 6.624475217004847927e-02
6.397499999998793641e+01 1.001421315943146206e+00 6.576847735377758242e-02
6.412500000000000000e+01 9.995381735081023677e-01 6.606532392325188685e-02
6.427500000001211333e+01 1.000549974960066812e+00 6.612457232677650121e-02
6.442500000000200089e+01 1.000593221462197757e+00 6.617541096909697329e-02
6.457499999999791385e+01 9.999497643933620283e-01 6.574678425387611713e-02
6.472499999998781561e+01 1.000530031553009458e+00 6.525659857740080672e-02
6.487500000000000000e+01 9.996758856409667660e-01 6.556359016450900856e-02
6.502500000001224123e+01 1.000623995318519199e+00 6.443167022715876047e-02
6.517500000000251248e+01 9.998667678580814844e-01 6.571767356074642574e-02
6.532499999999740226e+01 9.986079317173718328e-01 6.601968100555494212e-02
6.547499999998768772e+01 9.992325099170140668e-01 6.511692172008573531e-02
6.562500000000000000e+01 9.996022298138939055e-01 6.598128577286885288e-02
6.577500000001236913e+01 1.000324062577573336e+00 6.457665681890505105e-02
6.592500000000300986e+01 9.991521514955443717e-01 6.497717696458796266e-02
6.607499999999690488e+01 9.991950646888283494e-01 6.504167370627987610e-02
6.622499999998755982e+01 9.994851342556058116e-01 6.479019864231397308e-02
6.637500000000000000e+01 9.998898624012859671e-01 6.469593255753632033e-02
6.652500000001249703e+01 1.000343149044098379e+00 6.500573651553276378e-02
6.667500000000349303e+01 9.982247405902044957e-01 6.473249144470288874e-02
6.682499999999640750e+01 1.000468871717789643e+00 6.526110046615177240e-02
6.697499999998743192e+01 9.997096275423904554e-01 6.497191978137747959e-02
6.712500000000000000e+01 1.000352487775582722e+00 6.425569501645407577e-02
6.727500000001261071e+01 9.999046484007758639e-01 6.439830562660660285e-02
6.742500000000397620e+01 9.998342090523515413e-01 6.494355017662521712e-02
6.757499999999593854e+01 9.994511598081775583e-01 6.462301205335094223e-02
6.772499999998731823e+01 9.998502802371042053e-01 6.415443407147747301e-02
6.787500000000000000e+01 1.000373232756304853e+00 6.417317513611507651e-02
6.802500000001272440e+01 1.000276703288564439e+00 6.445483200572149629e-02
6.817500000000444516e+01 1.000156087718102160e+00 6.331609168335627924e-02
6.832499999999546958e+01 9.995425563936889413e-01 6.333318019715186709e-02
6.847499999998720455e+01 1.000289005445099244e+00 6.381447590242074475e-02
6.862500000000000000e+01 9.996819898692467232e-01 6.450738559027888175e-02
6.877500000001283809e+01 9.997789272724254550e-01 6.314898088503363704e-02
6.892500000000489990e+01 1.000233257499091755e+00 6.359910539772385685e-02
6.907499999999501483e+01 1.000296635401237477e+00 6.327666741620573132e-02
6.922499999998709086e+01 1.000871561883591276e+00 6.408433589990480961e-02
6.937500000000000000e+01 1.001154365241677224e+00 6.386272764617248465e-02
6.952500000001295177e+01 1.000661131945515203e+00 6.360399917639715517e-02
6.967500000000535465e+01 1.000562803618711305e+00 6.352332450149947296e-02
6.982499999999456008e+01 1.000194928944809103e+00 6.258133203248938958e-02
6.997499999998697717e+01 9.995425020968983221e-01 6.364207437431701475e-02
7.012500000000000000e+01 1.001385660372600794e+00 6.358934495396925679e-02
7.027500000001306546e+01 1.000584756206470916e+00 6.285666082974543378e-02
7.042500000000579519e+01 1.001679647323725053e+00 6.300084390672525125e-02
7.057499999999413376e+01 1.000486608625492879e+00 6.256612560713822879e-02
7.072499999998686349e+01 1.001425774528087898e+00 6.273896573642380459e-02
7.087500000000000000e+01 1.001324272891005673e+00 6.306716616351232263e-02
7.102500000001316494e+01 1.000256197194935748e+00 6.338076663686734169e-02
7.117500000000620730e+01 1.002005810948345399e+00 6.301562006069427735e-02
7.132499999999369322e+01 1.000876989867845568e+00 6.284610732581935588e-02
7.147499999998676401e+01 1.003091007400740420e+00 6.256121420330455762e-02
7.162500000000000000e+01 1.001975739808651733e+00 6.367201009169552728e-02
7.177500000001327862e+01 1.002157479370260340e+00 6.223575770410817720e-02
7.192500000000663363e+01 1.001397504676831307e+00 6.289729864422061167e-02
7.207499999999328111e+01 1.002118855456713975e+00 6.266767397587182098e-02
7.222499999998666453e+01 1.001982221450570254e+00 6.304878534462608763e-02
7.237500000000000000e+01 1.002517764007201828e+00 6.222270693344213871e-02
7.252500000001337810e+01 1.003520943865953363e+00 6.109136376642333027e-02
7.267500000000704574e+01 1.001884564193969762e+00 6.207901083596146369e-02
7.282499999999286899e+01 1.001609054168720148e+00 6.116412428618468733e-02
7.297499999998655085e+01 1.001293602131400062e+00 6.152579155891108043e-02
7.312500000000000000e+01 1.002605657603952816e+00 6.161406779435873310e-02
7.327500000001347757e+01 1.002679752578585992e+00 6.147054351218318724e-02
7.342500000000745786e+01 1.001715559358866914e+00 6.243247758306451345e-02
7.357499999999247109e+01 1.001906056646165277e+00 6.125565888485058619e-02
7.372499999998646558e+01 1.001557878064139429e+00 6.077413346759575480e-02
7.387500000000000000e+01 1.001268284483053383e+00 6.076883612772625981e-02
7.402500000001359126e+01 1.002422505781001005e+00 6.130915453987165892e-02
7.417500000000785576e+01 1.001513424268696495e+00 6.107332655388538617e-02
7.432499999999207319e+01 1.001245746296118178e+00 6.139135001820249238e-02
7.447499999998635190e+01 1.000783381109543013e+00 6.118742921735370599e-02
7.462500000000000000e+01 1.001150585281215255e+00 6.061382517548295074e-02
7.477500000001367653e+01 1.001719257099504823e+00 6.106916263281056412e-02
7.492500000000823945e+01 1.000942488292439814e+00 6.209106777310622466e-02
7.507499999999168949e+01 1.000877950688784379e+00 6.106021654351948685e-02
7.522499999998626663e+01 1.001977792717865690e+00 6.108998218494581661e-02
7.537500000000000000e+01 1.001754183792693542e+00 6.032376010623042434e-02
7.552500000001377600e+01 1.001094640961364801e+00 6.068963454619343695e-02
7.567500000000862315e+01 1.001504237759200500e+00 6.018660911527404234e-02
7.582499999999130580e+01 1.000578251281491360e+00 6.056462805395593924e-02
7.597499999998616715e+01 1.001894944242773366e+00 6.048796210184929217e-02
7.612500000000000000e+01 1.000687755020270853e+00 6.099340275560514307e-02
7.627500000001386127e+01 1.001036609678935374e+00 6.122918387126367878e-02
7.642500000000899263e+01 9.998647733708532215e-01 6.026740933505522063e-02
7.657499999999093632e+01 1.001264077908091243e+00 6.045005271612410164e-02
7.672499999998608189e+01 1.000730031301205303e+00 6.019541442591450076e-02
7.687500000000000000e+01 1.000602951325000101e+00 6.041124662018954733e-02
7.702500000001396074e+01 1.001089739341972651e+00 5.956751543594886872e-02
7.717500000000934790e+01 1.000223922100601959e+00 5.963215287196715203e-02
7.732499999999058105e+01 1.001185085682689602e+00 6.094983598365420752e-02
7.747499999998598241e+01 1.000107294737574426e+00 5.944719896641804946e-02
7.762500000000000000e+01 1.000946123224151663e+00 5.982322054479494861e-02
7.777500000001404601e+01 1.000315066464110725e+00 6.078484125755572592e-02
7.792500000000971738e+01 1.001015976620834413e+00 5.985354336469690673e-02
7.807499999999021156e+01 1.000756306072858592e+00 6.015910092897629180e-02
7.822499999998589715e+01 1.001094680549977411e+00 6.005745862801475932e-02
7.837500000000000000e+01 1.000221228090893755e+00 5.994758239645098935e-02
7.852500000001413127e+01 9.996762878064913149e-01 5.951109639797547840e-02
7.867500000001005844e+01 1.000336617269426354e+00 5.901919206807774987e-02
7.882499999998987050e+01 9.999773022202955719e-01 5.915428937402392867e-02
7.897499999998581188e+01 1.000200999694788262e+00 5.919307169463131763e-02
7.912500000000000000e+01 1.000249305337586048e+00 5.995725253596426857e-02
7.927500000001423075e+01 9.997028677279909958e-01 5.908544823295278775e-02
7.942500000001041371e+01 9.989526906209669210e-01 5.933389443738047719e-02
7.957499999998951523e+01 1.000017082345628250e+00 5.837000756059137346e-02
7.972499999998572662e+01 9.993473760928569538e-01 5.932707069930988342e-02
7.987500000000000000e+01 1.000404807418630249e+00 5.895179161603533030e-02
8.002500000001430180e+01 9.993807090237950552e-01 5.907295357167367811e-02
8.017500000001075477e+01 9.992125829146485394e-01 5.881749958782651194e-02
8.032499999998918838e+01 9.994757504879366872e-01 5.874186460099392604e-02
8.047499999998564135e+01 1.000380627241597375e+00 5.849736068539136691e-02
8.062500000000000000e+01 9.995149064570070241e-01 5.898598254866050522e-02
8.077500000001438707e+01 9.997478336485048356e-01 5.865121200980902977e-02
8.092500000001108162e+01 9.998990987063328673e-01 5.876440126901798233e-02
8.107499999998886153e+01 9.997974314293671672e-01 5.845445858227781705e-02
8.122499999998557030e+01 9.999317966499375876e-01 5.880287890887830882e-02
8.137500000000000000e+01 1.000034152979786706e+00 5.834827685566596617e-02
8.152500000001447233e+01 9.990269467942365367e-01 5.904716560617086218e-02
8.167500000001139426e+01 9.996596206639003501e-01 5.816714484715833355e-02
8.182499999998853468e+01 1.000279791529512075e+00 5.813098920258285424e-02
8.197499999998548503e+01 9.989231799010938051e-01 5.786392310630984054e-02
8.212500000000000000e+01 1.000785341308615628e+00 5.792308242253198930e-02
8.227500000001455760e+01 1.000940205786554404e+00 5.821202777786763094e-02
8.242500000001172111e+01 9.994604815106596929e-01 5.786167732757807602e-02
8.257499999998822204e+01 1.000979967563025097e+00 5.739028809634678929e-02
8.272499999998539977e+01 9.998222435441537215e-01 5.781321999549871027e-02
8.287500000000000000e+01 1.000822148256839572e+00 5.912600901395702324e-02
8.302500000001462865e+01 1.000399630324797728e+00 5.774275730797019668e-02
8.317500000001203375e+01 1.001146749804121994e+00 5.782668092576333935e-02
8.332499999998789519e+01 1.000226703897949543e+00 5.698188373846709703e-02
8.347499999998531450e+01 1.000122281132968860e+00 5.732486800323875059e-02
8.362500000000000000e+01 1.000395372656854631e+00 5.801882841298437732e-02
8.377500000001469971e+01 1.000925055170234668e+00 5.742958062360614679e-02
8.392500000001234639e+01 1.000613424201832524e+00 5.836432960509596590e-02
8.407499999998758256e+01 1.001192340235949496e+00 5.735645749525563469e-02
8.422499999998524345e+01 1.000524702614699057e+00 5.745572742098133817e-02
8.437500000000000000e+01 1.001553033480127475e+00 5.749793043632821926e-02
8.452500000001478497e+01 9.994245149675015094e-01 5.743336264694054449e-02
8.467500000001264482e+01 1.001265317733476490e+00 5.709670691107335966e-02
8.482499999998728413e+01 1.000992484315077258e+00 5.757609216261546509e-02
8.497499999998517239e+01 1.001036386345470763e+00 5.759561565258902727e-02
8.512500000000000000e+01 1.001069543455640032e+00 5.751160824773126484e-02
8.527500000001485603e+01 1.001065944566537080e+00 5.701563891682125129e-02
8.542500000001294325e+01 1.001070892372962762e+00 5.702141516317608960e-02
8.557499999998699991e+01 1.000511221085102376e+00 5.746767370646598677e-02
8.572499999998510134e+01 1.001744290195558218e+00 5.701936201941278093e-02
8.587500000000000000e+01 1.001867604531038625e+00 5.694414382261701185e-02
8.602500000001494129e+01 1.001461865043974608e+00 5.689921761417728735e-02
8.617500000001324167e+01 1.000817792871761869e+00 5.710963424997651111e-02
8.632499999998670148e+01 1.002142055254192643e+00 5.751218159577813765e-02
8.647499999998503029e+01 1.002713652660414567e+00 5.731011404755086136e-02
8.662500000000000000e+01 1.001790605298120029e+00 5.611064752684453288e-02
8.677500000001501235e+01 1.001043551098820705e+00 5.643971630316524379e-02
8.692500000001352589e+01 1.000186731776571580e+00 5.663438906997161210e-02
8.707499999998641727e+01 1.001622982166438636e+00 5.683620628620850157e-02
8.722499999998494502e+01 1.000247579044472479e+00 5.619184986438018059e-02
8.737500000000000000e+01 1.001244329487598561e+00 5.659089620269645848e-02
8.752500000001508340e+01 1.000493744106053962e+00 5.665122807397139637e-02
8.767500000001381011e+01 9.775406819722314289e-01 5.635072325550763428e-02
8.782499999998613305e+01 9.568051848623621014e-01 5.486655386976510562e-02
8.797499999998487397e+01 9.434992126391241740e-01 5.472418480932071672e-02
8.812500000000000000e+01 9.324130917355906156e-01 5.452289583395798778e-02
8.827500000001514024e+01 9.221682342770152196e-01 5.383195035403397916e-02
8.842500000001409433e+01 9.151640840238178809e-01 5.342718380047713211e-02
8.857499999998586304e+01 9.062870230463964116e-01 5.252032027409352100e-02
8.872499999998480291e+01 9.014304610150226660e-01 5.292561019533147115e-02
8.887500000000000000e+01 8.944261301456634117e-01 5.205030348590757722e-02
8.902500000001521130e+01 8.881486104106492974e-01 5.296026189139341894e-02
8.917500000001436433e+01 8.821528125445796675e-01 5.280699345559061730e-02
8.932499999998557882e+01 8.769786651894782015e-01 5.172057096256572895e-02
8.947499999998473186e+01 8.698668482320474071e-01 5.202734841108230812e-02
8.962500000000000000e+01 8.660757960487780460e-01 5.159227588538302378e-02
8.977500000001528235e+01 8.608627488941439365e-01 5.157944159386487065e-02
8.992500000001462013e+01 8.555850455802415100e-01 5.126224096734922908e-02
9.007499999998532303e+01 8.521077722777631314e-01 5.138165710882358628e-02
9.022499999998467501e+01 8.472376712037706925e-01 5.080537956175558423e-02
9.037500000000000000e+01 8.436114363616686873e-01 5.094336476805060021e-02
9.052500000001533920e+01 8.387623306168181525e-01 5.066319432503174625e-02
9.067500000001489013e+01 8.349709034268958385e-01 5.062221735193092598e-02
9.082499999998505302e+01 8.318324802169299037e-01 5.046715469902122997e-02
9.097499999998460396e+01 8.276936703996551348e-01 5.044452868392886036e-02
9.112500000000000000e+01 8.241353763063117288e-01 5.003073654720315705e-02
9.127500000001541025e+01 8.203602759308106229e-01 4.967050522911028304e-02
9.142500000001514593e+01 8.165179692986758164e-01 4.995421473484371738e-02
9.157499999998479723e+01 8.128029774888820835e-01 4.941041165745705538e-02
9.172499999998454712e+01 8.092317138822311406e-01 4.930940122881977833e-02
9.187500000000000000e+01 8.053812146515740844e-01 4.957388470453909235e-02
9.202500000001548131e+01 8.032489335868868707e-01 4.988772868827415913e-02
9.217500000001541594e+01 7.996890705554091650e-01 4.988039206304720891e-02
9.232499999998454143e+01 7.963606751136803608e-01 4.888520331661667245e-02
9.247499999998447606e+01 7.947649317482531339e-01 4.908444048702326895e-02
9.262500000000000000e+01 7.911692538666844632e-01 4.833501658018225094e-02
9.277500000001553815e+01 7.882937228299232713e-01 4.849432213719362394e-02
9.292500000001565752e+01 7.846204005867257747e-01 4.924715711866416851e-02
9.307499999998428564e+01 7.814530481609889279e-01 4.788523816747991546e-02
9.322499999998441922e+01 7.790471787065436082e-01 4.859483176974025570e-02
9.337500000000000000e+01 7.750302442894008159e-01 4.782138483622885849e-02
9.352500000001559499e+01 7.733076020694494845e-01 4.794914430701386482e-02
9.367500000001591332e+01 7.703923496600669774e-01 4.797886389275275720e-02
9.382499999998402984e+01 7.676620851051880745e-01 4.813606031327110485e-02
9.397499999998436238e+01 7.655128224963559935e-01 4.820540242603342518e-02
9.412500000000000000e+01 7.622313319068017012e-01 4.787112353123192110e-02
9.427500000001566605e+01 7.605470931355015063e-01 4.791138225352013780e-02
9.442500000001615490e+01 7.568309105132741132e-01 4.722241784011219079e-02
9.457499999998380247e+01 7.553966285235663713e-01 4.801190962387713590e-02
9.472499999998429132e+01 7.526622079889393468e-01 4.687155438287460285e-02
9.487500000000000000e+01 7.497588349920464301e-01 4.704553714809283499e-02
9.502500000001572289e+01 7.480224107414328305e-01 4.650056712575522527e-02
9.517500000001639648e+01 7.446334821872875320e-01 4.724836429833058349e-02
9.532499999998356088e+01 7.424119801125010909e-01 4.653484375804389783e-02
9.547499999998423448e+01 7.402460785647723140e-01 4.596548830575422628e-02
9.562500000000000000e+01 7.375858598387206033e-01 4.575059262806476651e-02
9.577500000001577973e+01 7.349549337488209266e-01 4.580978330237138463e-02
9.592500000001662386e+01 7.336711154886004227e-01 4.631602888778543065e-02
9.607499999998331930e+01 7.306464884322870779e-01 4.535387931944225709e-02
9.622499999998417763e+01 7.289681274005599398e-01 4.577112925907454027e-02
9.637500000000000000e+01 7.272130293708708448e-01 4.572728473189140164e-02
9.652500000001585079e+01 7.244228757220196879e-01 4.582475944035379473e-02
9.667500000001686544e+01 7.212213346873963538e-01 4.647215642417450859e-02
9.682499999998309193e+01 7.197267200334130921e-01 4.525146661638035361e-02
9.697499999998412079e+01 7.182640692549480121e-01 4.576936939218639172e-02
9.712500000000000000e+01 7.161552763209471095e-01 4.540751867899429223e-02
9.727500000001590763e+01 7.138743361027505285e-01 4.578539529400701275e-02
9.742500000001709282e+01 7.118848590999964365e-01 4.507316911552986666e-02
9.757499999998287876e+01 7.103009724933672109e-01 4.480136233079172470e-02
9.772499999998406395e+01 7.078062384515432237e-01 4.487656524788525420e-02
9.787500000000000000e+01 7.065852800204789341e-01 4.461188950545090515e-02
9.802500000001595026e+01 7.039425717019491824e-01 4.455477751338312448e-02
9.817500000001732019e+01 7.023812073747770501e-01 4.402366395595984361e-02
9.832499999998263718e+01 7.002224661233971137e-01 4.474781579703471929e-02
9.847499999998402131e+01 6.982029674844183464e-01 4.421770972832437391e-02
9.862500000000000000e+01 6.974680602876612845e-01 4.472242660697798439e-02
9.877500000001600711e+01 6.953078691631366937e-01 4.429117189741636762e-02
9.892500000001753335e+01 6.932986666184226543e-01 4.417610915736355781e-02
9.907499999998242401e+01 6.904701253542008255e-01 4.456522682068617819e-02
9.922499999998395026e+01 6.886923414597354576e-01 4.340770963611302602e-02
9.937500000000000000e+01 6.870754971587285098e-01 4.390952932106427509e-02
9.952500000001606395e+01 6.858478290097431707e-01 4.397057438384390643e-02
9.967500000001776073e+01 6.835712814221661660e-01 4.404674481438035361e-02
9.982499999998221085e+01 6.821922536846063423e-01 4.370233981619638108e-02
9.997499999998389342e+01 6.803083624536190310e-01 4.366008183525207920e-02
1.001250000000000000e+02 6.793177445069807918e-01 4.357425901794582251e-02
1.002750000000161208e+02 6.770372297626738867e-01 4.367490632109861243e-02
1.004250000000179597e+02 6.745640957267851068e-01 4.313780291412176726e-02
1.005749999999819835e+02 6.732461035796164506e-01 4.269060603348417277e-02
1.007249999999838508e+02 6.716092524916151829e-01 4.342628930983538638e-02
1.008750000000000000e+02 6.702052917085985495e-01 4.294312101385432123e-02
1.010250000000161776e+02 6.685901798646863847e-01 4.291188677398364432e-02
1.011750000000181871e+02 6.675491417709130682e-01 4.302036973138375492e-02
1.013249999999817845e+02 6.651555156258655011e-01 4.320862642309108992e-02
1.014749999999837939e+02 6.636978532651570672e-01 4.268842573002940705e-02
1.016250000000000000e+02 6.614781674556609037e-01 4.261148283357298061e-02
1.017750000000162345e+02 6.612389002766453361e-01 4.261351020509419885e-02
1.019250000000184002e+02 6.589411547310539685e-01 4.284468712332172025e-02
1.020749999999815714e+02 6.582374713480810824e-01 4.218755184740873021e-02
1.022249999999837513e+02 6.556165545885110912e-01 4.249148321804502998e-02
1.023750000000000000e+02 6.549564964252064803e-01 4.195371205096952438e-02
1.025250000000162771e+02 6.525875691305265125e-01 4.209550192474936781e-02
1.026750000000185992e+02 6.517298282575193502e-01 4.267754155695514112e-02
1.028249999999813582e+02 6.503638989589216601e-01 4.262817438948514337e-02
1.029749999999836945e+02 6.485861873517110299e-01 4.252994741170738197e-02
1.031250000000000000e+02 6.466391278270332554e-01 4.169190318702301057e-02
1.032750000000163340e+02 6.451908777418977614e-01 4.195771027667565684e-02
1.034250000000187981e+02 6.436532933150519442e-01 4.196569050873939777e-02
1.035749999999811592e+02 6.420680614597897851e-01 4.197529480266084384e-02
1.037249999999836376e+02 6.406424079034155339e-01 4.126770796030004851e-02
1.038750000000000000e+02 6.385826772283371700e-01 4.160085569797033339e-02
1.040250000000163766e+02 6.373968606040441021e-01 4.209383701192598304e-02
1.041750000000189971e+02 6.358260762679754929e-01 4.092365844568496280e-02
1.043249999999809603e+02 6.344399128071650518e-01 4.155363162828494550e-02
1.044749999999835950e+02 6.334166612367062577e-01 4.106131035739628982e-02
1.046250000000000000e+02 6.303920382276917422e-01 4.058689806646096493e-02
1.047750000000164334e+02 6.298046385927497104e-01 4.087424952694887481e-02
1.049250000000191818e+02 6.287892618031789560e-01 4.078840256713232165e-02
1.050749999999807613e+02 6.275432325768411923e-01 4.072221797370969426e-02
1.052249999999839503e+02 6.260536991880575330e-01 4.085439976465009976e-02
1.053750000000000000e+02 6.242787251088552924e-01 4.048759685554371296e-02
1.055250000000157229e+02 6.233237376222636739e-01 4.040394618382067010e-02
1.056750000000193808e+02 6.223450145426792091e-01 4.000688770406550521e-02
1.058249999999805766e+02 6.208616837034963698e-01 4.076096949424141969e-02
1.059749999999847319e+02 6.190792567205902763e-01 4.019892856356570982e-02
1.061250000000000000e+02 6.174530175972074986e-01 4.033849783909643910e-02
1.062750000000149555e+02 6.164735246633104016e-01 4.009707831260101579e-02
1.064250000000195797e+02 6.150268910307468140e-01 4.043409935249246689e-02
1.065749999999803919e+02 6.139882221450830846e-01 4.026488630354885245e-02
1.067249999999854850e+02 6.138490913561019946e-01 4.042271537106501694e-02
1.068750000000000000e+02 6.114984807979592096e-01 3.971883191513302797e-02
1.070250000000141881e+02 6.108776472838486349e-01 4.011345901712869838e-02
1.071750000000197645e+02 6.092224346389922829e-01 3.965571060451655167e-02
1.073249999999802071e+02 6.074119061693123989e-01 3.978059633621755520e-02
1.074749999999862524e+02 6.066170282734547614e-01 3.971438925171759393e-02
1.076250000000000000e+02 6.055184649880929193e-01 3.947185794276297094e-02
1.077750000000134492e+02 6.050374428152522910e-01 4.025737785125810958e-02
1.079250000000199492e+02 6.033435231181375480e-01 3.909586678849923808e-02
1.080749999999800224e+02 6.018135786271427978e-01 3.912362529391486682e-02
1.082249999999869914e+02 6.005408978634821926e-01 3.952864567778476695e-02
1.083750000000000000e+02 5.994751201036295774e-01 3.957233938309689253e-02
1.085250000000127244e+02 5.981785954128694405e-01 3.890406664278400761e-02
1.086750000000201481e+02 5.973283706145431360e-01 3.935580442079561481e-02
1.088249999999798376e+02 5.959237944232970152e-01 3.902760586070913584e-02
1.089749999999877161e+02 5.951016955707800760e-01 3.906969308262338292e-02
1.091250000000000000e+02 5.946004599928219614e-01 3.883564402328774229e-02
1.092750000000119854e+02 5.927776192410795231e-01 3.839790951926022600e-02
1.094250000000203045e+02 5.910993515487130701e-01 3.878523351455386708e-02
1.095749999999796529e+02 5.702996002206922599e-01 3.846864392657523696e-02
1.097249999999884409e+02 5.494313412490814397e-01 3.722312863042230580e-02
1.098750000000000000e+02 5.363309935569539055e-01 3.676843089060276293e-02
1.100250000000112749e+02 5.253400037363731290e-01 3.661666335865271932e-02
1.101750000000204892e+02 5.163258911126915596e-01 3.566196874139632850e-02
1.103249999999794682e+02 5.077926363103101304e-01 3.615508548938848460e-02
1.104749999999891372e+02 5.001656284604872882e-01 3.548047761033293335e-02
1.106250000000000000e+02 4.923733867418464971e-01 3.568405068498893551e-02
1.107750000000105643e+02 4.856012599338276337e-01 3.492584144816355401e-02
1.109250000000206740e+02 4.791403987774630058e-01 3.427168729205184311e-02
1.110749999999792976e+02 4.724458709351381236e-01 3.452445318843551381e-02
1.112249999999898620e+02 4.668764430188627745e-01 3.403829043185362807e-02
1.113750000000000000e+02 4.606591417165292190e-01 3.415988641236097217e-02
1.115250000000098822e+02 4.558166641235436023e-01 3.345613289978765365e-02
1.116750000000208445e+02 4.500647042794733710e-01 3.354674155142499392e-02
1.118249999999791129e+02 4.447426907090640258e-01 3.307882438376007206e-02
1.119749999999905299e+02 4.394559309982145612e-01 3.293296619369319445e-02
1.121250000000000000e+02 4.341515494935487274e-01 3.267082809983443831e-02
1.122750000000091859e+02 4.294668625094568704e-01 3.282375107568607370e-02
1.124250000000210008e+02 4.237813044550373665e-01 3.256031052368910800e-02
1.125749999999789566e+02 4.196259986200159831e-01 3.277469252767870045e-02
1.127249999999912120e+02 4.149061483119158011e-01 3.143478865058821348e-02
1.128750000000000000e+02 4.106712920406551115e-01 3.143698547971416485e-02
1.130250000000085180e+02 4.064223243298590860e-01 3.186963246285161311e-02
1.131750000000211855e+02 4.019084880321392994e-01 3.149217773492327815e-02
1.133249999999787860e+02 3.977830079793564511e-01 3.131353438429958225e-02
1.134749999999919083e+02 3.937087651300649194e-01 3.073610946239168501e-02
1.136250000000000000e+02 3.898223009917747284e-01 3.095707182741298108e-02
1.137750000000078359e+02 3.852216062440281252e-01 3.079502423307152112e-02
1.139250000000213561e+02 3.811080855961339608e-01 3.055772326985591383e-02
1.140749999999786297e+02 3.780310482736179978e-01 3.053005996954145582e-02
1.142249999999925620e+02 3.734429659758244924e-01 2.960714503423552205e-02
1.143750000000000000e+02 3.700406467327007065e-01 2.990839560980422529e-02
1.145250000000071680e+02 3.659361304921252556e-01 2.964924393578590237e-02
1.146750000000215124e+02 3.625033696380656201e-01 2.948566672153172044e-02
1.148249999999784308e+02 3.581856879539530580e-01 2.929066019292862061e-02
1.149749999999932157e+02 3.557481370925092978e-01 2.893660022902910453e-02
1.151250000000000000e+02 3.516265726823032400e-01 2.942981753678306986e-02
1.152750000000065285e+02 3.475962393890560942e-01 2.899305710875925771e-02
1.154250000000216829e+02 3.453439610131925352e-01 2.896627347515531858e-02
1.155749999999783029e+02 3.411770499500627052e-01 2.897514504631034174e-02
1.157249999999938694e+02 3.380972047398875802e-01 2.830897987172580413e-02
1.158750000000000000e+02 3.343112836548837730e-01 2.794965654353586890e-02
1.160250000000058748e+02 3.311023135027271747e-01 2.841621409738412027e-02
1.161750000000218392e+02 3.278213606565731908e-01 2.834935305324148835e-02
1.163249999999781323e+02 3.247280999990435069e-01 2.794297138762498814e-02
1.164749999999945089e+02 3.211907903894541394e-01 2.785882750060304780e-02
1.166250000000000000e+02 3.178414556169217309e-01 2.741446716263925415e-02
1.167750000000052495e+02 3.152271757540930919e-01 2.753048182284566561e-02
1.169250000000220098e+02 3.118932465048261382e-01 2.716349516392345051e-02
1.170749999999779760e+02 3.086293813929738006e-01 2.673734276396473944e-02
1.172249999999951484e+02 3.062554534842200638e-01 2.670016449520880644e-02
1.173750000000000000e+02 3.025106681724545887e-01 2.667647747985423326e-02
1.175250000000046242e+02 2.995260342233611039e-01 2.656146368579571926e-02
1.176750000000221377e+02 2.971171821607188623e-01 2.621187360242156414e-02
1.178249999999778055e+02 2.936311159570544893e-01 2.632245415146736156e-02
1.179749999999957453e+02 2.907209600621273871e-01 2.618691897810464936e-02
1.181250000000000000e+02 2.881231123811386352e-01 2.586893988569924710e-02
1.182750000000039989e+02 2.852481256126312426e-01 2.624845189300259105e-02
1.184250000000223082e+02 2.821951359976547780e-01 2.603109462504965554e-02
1.185749999999776634e+02 2.794370938387975012e-01 2.598516586181218863e-02
1.187249999999963705e+02 2.766719454639783304e-01 2.537998987160200101e-02
1.188750000000000000e+02 2.735726271065557214e-01 2.535407129103814383e-02
1.190250000000033879e+02 2.712616808506898569e-01 2.540305480726888845e-02
1.191750000000224645e+02 2.682255315747694158e-01 2.500948756008426754e-02
1.193249999999775071e+02 2.658850413028978621e-01 2.483227582806086728e-02
1.194749999999969816e+02 2.630161650812536944e-01 2.488983460153340946e-02
1.196250000000000000e+02 2.605419942322909632e-01 2.438429785827516197e-02
1.197750000000027910e+02 2.576807611807728771e-01 2.462534565844547857e-02
1.199250000000226066e+02 2.553610561722822192e-01 2.429926012428250404e-02
1.200749999999773650e+02 2.525487268487282555e-01 2.407079887545010913e-02
1.202249999999975927e+02 2.495937299780854601e-01 2.414580382161012756e-02
1.203750000000000000e+02 2.467959607913441100e-01 2.396746729001433471e-02
1.205250000000021799e+02 2.445987392411975991e-01 2.378932897989197159e-02
1.206750000000227772e+02 2.420404606522288948e-01 2.382590073066968850e-02
1.208249999999772086e+02 2.391893860068614597e-01 2.313112049600474923e-02
1.209749999999981753e+02 2.365354796346499089e-01 2.345305326139468169e-02
1.211250000000000000e+02 2.340301937612684346e-01 2.322641793895871901e-02
1.212750000000015973e+02 2.319583757045906858e-01 2.299351529787797485e-02
1.214250000000229193e+02 2.293017475735227573e-01 2.299651707940923023e-02
1.215749999999770665e+02 2.265184819885837364e-01 2.254232102283823883e-02
1.217249999999987580e+02 2.242853312696042323e-01 2.267643614352282330e-02
1.218750000000000000e+02 2.216936834225219921e-01 2.249313716850604924e-02
1.220250000000010147e+02 2.194807200678876857e-01 2.244984976619609010e-02
1.221750000000230472e+02 2.169437548447170072e-01 2.222645502082709265e-02
1.223249999999769244e+02 2.149547003567368053e-01 2.217077648633147477e-02
1.224749999999993406e+02 2.122658014831701745e-01 2.160061222069967202e-02
1.226250000000000000e+02 2.099227376519837984e-01 2.147790913132060012e-02
1.227750000000004320e+02 2.077663921453749007e-01 2.193303968823309691e-02
1.229250000000231893e+02 2.053357120380463197e-01 2.135534298591102234e-02
1.230749999999767681e+02 2.029570598193780051e-01 2.164451865362761532e-02
1.232249999999999233e+02 2.008339693464665787e-01 2.115656743566470335e-02
1.233750000000000000e+02 1.983179146322182895e-01 2.089439321788694529e-02
1.235249999999998494e+02 1.959661081497764967e-01 2.114805924454029457e-02
1.236750000000233314e+02 1.939448626393089348e-01 2.103801928647579256e-02
1.238249999999766402e+02 1.915499987495374035e-01 2.078541541157212860e-02
1.239750000000004775e+02 1.893346976709155693e-01 2.033643817367723067e-02
1.241250000000000000e+02 1.870615040741745450e-01 2.052577397265507517e-02
1.242749999999992951e+02 1.850474585755776946e-01 2.045935461031312200e-02
1.244250000000234735e+02 1.824397519790612321e-01 2.021911270733229432e-02
1.245749999999764839e+02 1.803254787044143159e-01 1.995449953666301665e-02
1.247250000000010317e+02 1.782107511853948667e-01 2.005839094858689886e-02
1.248750000000000000e+02 1.762357290161858103e-01 1.992502364391074768e-02
1.250249999999987551e+02 1.737967918049852512e-01 1.978498762934192967e-02
1.251750000000236156e+02 1.719492123145198448e-01 1.982936719673142681e-02
1.253249999999763702e+02 1.696667333061163130e-01 1.947820946784416252e-02
1.254750000000015859e+02 1.672402051723464733e-01 1.948129306637884361e-02
1.256250000000000000e+02 1.653791226345851795e-01 1.908613987368101492e-02
1.257749999999982009e+02 1.632492221794956677e-01 1.890645136024496700e-02
1.259250000000237577e+02 1.616335986128059343e-01 1.891685175244504913e-02
1.260749999999762281e+02 1.589970927510230281e-01 1.895887061009299268e-02
1.262250000000021259e+02 1.571050536669418851e-01 1.884122759918939807e-02
1.263750000000000000e+02 1.549487754713428644e-01 1.868363716986720657e-02
1.265249999999976609e+02 1.529398921125691424e-01 1.836067725612878718e-02
1.266750000000238856e+02 1.513261969881140590e-01 1.807649768802206680e-02
1.268249999999760860e+02 1.491500540749451653e-01 1.827494525422720950e-02
1.269750000000026660e+02 1.472581811802995688e-01 1.813333527859094935e-02
1.271250000000000000e+02 1.449162602976041547e-01 1.782577774093223322e-02
1.272749999999971209e+02 1.433383630511057272e-01 1.780446018641983555e-02
1.274250000000240277e+02 1.408075161327919100e-01 1.761280566513721488e-02
1.275749999999759439e+02 1.392591543868574866e-01 1.740547739013216175e-02
1.277250000000031918e+02 1.371350606602540489e-01 1.718191090524013101e-02
1.278750000000000000e+02 1.354556697091556516e-01 1.724662440827112384e-02
1.280249999999965951e+02 1.332989310581964570e-01 1.703293286644803894e-02
1.281750000000241414e+02 1.315448802983496812e-01 1.687201395714462565e-02
1.283249999999758018e+02 1.299507074569033749e-01 1.667973286990987597e-02
1.284750000000037176e+02 1.276322924568505934e-01 1.675220132925931554e-02
1.286250000000000000e+02 1.260147949055485106e-01 1.642619869564848969e-02
1.287749999999960835e+02 1.237151733188684710e-01 1.632052255715908673e-02
1.289250000000242835e+02 1.219090530550149681e-01 1.628077323538819343e-02
1.290749999999756881e+02 1.198081813581059613e-01 1.633152398293428662e-02
1.292250000000042292e+02 1.182105609164399301e-01 1.600213009250529145e-02
1.293750000000000000e+02 1.165323215487710923e-01 1.587851281046654545e-02
1.295249999999955719e+02 1.142147337456631134e-01 1.558102149385306480e-02
1.296750000000243972e+02 1.124287561750488829e-01 1.575873024846528511e-02
1.298249999999755460e+02 1.107201713497644874e-01 1.530425912105674163e-02
1.299750000000047692e+02 1.093296106896424896e-01 1.550219277173257339e-02
1.301250000000000000e+02 1.071160952482957118e-01 1.515924798914554221e-02
1.302749999999950319e+02 1.052108475296163331e-01 1.499402302429359533e-02
1.304250000000245393e+02 1.035860837291711911e-01 1.475120410992062508e-02
1.305749999999754323e+02 1.018102434109427468e-01 1.460576499838893427e-02
1.307250000000052523e+02 9.996166246393914379e-02 1.468556828348957163e-02
1.308750000000000000e+02 9.808916417896200446e-02 1.466015184940692821e-02
1.310249999999945487e+02 9.648136940819056206e-02 1.442012544102012211e-02
1.311750000000246530e+02 9.476366037332940861e-02 1.415139830039777169e-02
1.313249999999753186e+02 9.297064828472374753e-02 1.422675883144333513e-02
1.314750000000057639e+02 9.119114118800675239e-02 1.385024435706655281e-02
1.316250000000000000e+02 8.955882013840626987e-02 1.363150333094010833e-02
1.317749999999940655e+02 8.750871829040214600e-02 1.365089491229348577e-02
1.319250000000247951e+02 8.605860869094519860e-02 1.359344078494029162e-02
1.320749999999751765e+02 8.413915212141508115e-02 1.330173601140658031e-02
1.322250000000062471e+02 8.269575619497107621e-02 1.312437007098123803e-02
1.323750000000000000e+02 8.095189957292805993e-02 1.296704478837822777e-02
1.325249999999935540e+02 7.940694906343774562e-02 1.297839058865941572e-02
1.326750000000249088e+02 7.763590869710505771e-02 1.277657306510673885e-02
1.328249999999750628e+02 7.566603604769907288e-02 1.255262250761218605e-02
1.329750000000067303e+02 7.399707026557372780e-02 1.244529237349054594e-02
1.331250000000000000e+02 7.250038696345573186e-02 1.225118099431802936e-02
1.332749999999930424e+02 7.090002850944945867e-02 1.199431390842655050e-02
1.334250000000250225e+02 6.935723712737652813e-02 1.208911363918713927e-02
1.335749999999749491e+02 6.743662874364629578e-02 1.192870265952107253e-02
1.337250000000072134e+02 6.580267438063758245e-02 1.184751059898379519e-02
1.338750000000000000e+02 6.410963773684738576e-02 1.170316242137746203e-02
1.340249999999925876e+02 6.264863879255921919e-02 1.139936846322468431e-02
1.341750000000251362e+02 6.108488503102677686e-02 1.124750385261318042e-02
1.343249999999748354e+02 5.931293011288627653e-02 1.108385935546973844e-02
1.344750000000077250e+02 5.770810972912383818e-02 1.093205891782816734e-02
1.346250000000000000e+02 5.591031226527795606e-02 1.081617536976166999e-02
1.347749999999921044e+02 5.452437521682573091e-02 1.066265560681960156e-02
1.349250000000252783e+02 5.290166209087815430e-02 1.038198867597063882e-02
1.350749999999746933e+02 5.140248143620811810e-02 1.029642855303242177e-02
1.352250000000081798e+02 4.971733744615793038e-02 1.005927101227852179e-02
1.353750000000000000e+02 4.824268807706028755e-02 9.927815072123140350e-03
1.355249999999916213e+02 4.675739189610133434e-02 9.735319799693102627e-03
1.356750000000253920e+02 4.509622741808318180e-02 9.602746798167563838e-03
1.358249999999746080e+02 4.339068819795007664e-02 9.313171914860749953e-03
1.359750000000086345e+02 4.181870444106030454e-02 9.170364637829468354e-03
1.361250000000000000e+02 4.026970734812333752e-02 9.142725241342186671e-03
1.362749999999911665e+02 3.871315895081772068e-02 8.939333737196006324e-03
1.364250000000255056e+02 3.713751442744114839e-02 8.679637223807438323e-03
1.365749999999744659e+02 3.585431071702225442e-02 8.542225880932107288e-03
1.367250000000091177e+02 3.408671799748497211e-02 8.416569256711116387e-03
1.368750000000000000e+02 3.277209971571790753e-02 8.082143982327072082e-03
1.370249999999907118e+02 3.133027478710584401e-02 7.991182476602090579e-03
1.371750000000256193e+02 2.971361173171428727e-02 7.773893064750299342e-03
1.373249999999743522e+02 2.804589818851390901e-02 7.627210126874330205e-03
1.374750000000095724e+02 2.667380699999700316e-02 7.283562763034047774e-03
1.376250000000000000e+02 2.521501390494109568e-02 7.176953271888719676e-03
1.377749999999902286e+02 2.377646161536657587e-02 6.877217305366028176e-03
1.379250000000257330e+02 2.230883706212952525e-02 6.634802779552542717e-03
1.380749999999742386e+02 2.067670556709840998e-02 6.415395568350864587e-03
1.382250000000100272e+02 1.923021396888090206e-02 6.238967834699065719e-03
1.383750000000000000e+02 1.778967036787293399e-02 5.991010934144576534e-03
1.385249999999898023e+02 1.628995815788001136e-02 5.643471149827865990e-03
1.386750000000258467e+02 1.481850551790248570e-02 5.426755764125852123e-03
1.388249999999741249e+02 1.344094420493228623e-02 5.206296362760812722e-03
1.389750000000104535e+02 1.201598959123649675e-02 4.880233099033588068e-03
1.391250000000000000e+02 1.050607085924796374e-02 4.506185051434078576e-03
1.392749999999893475e+02 9.072849869774591777e-03 4.263945380356949817e-03
1.394250000000259604e+02 7.673682849414702016e-03 3.934985076360384380e-03
1.395749999999740112e+02 6.217833610308444274e-03 3.531659760934833300e-03
1.397250000000109367e+02 4.878237087492009842e-03 3.149895930594381714e-03
1.398750000000000000e+02 3.442267223810128573e-03 2.626166305039195816e-03
1.400249999999889212e+02 2.062276259223420980e-03 2.026319888605760105e-03
1.401750000000260741e+02 6.340356837858699638e-04 1.124570854776811265e-03
