# Radius RDF_mean RDF_std
7.500000000000896228e-02 1.743351874896345862e+03 2.216641817493032462e-01
2.249999999999577616e-01 6.425152067231608248e-03 1.338262296592307443e-01
3.750000000000000000e-01 7.542569818054498977e-03 1.121903559715457799e-01
5.249999999999700462e-01 5.746719861374858553e-03 8.275160201879368238e-02
6.750000000001169509e-01 6.890742796741152268e-03 8.088960608137386876e-02
8.249999999998777200e-01 9.904384609566526179e-03 8.630508734859398956e-02
9.750000000001839418e-01 9.863360531301998760e-03 8.017579200705665654e-02
1.125000000000000000e+00 1.340901300987469395e-02 8.624127116347585220e-02
1.274999999999773648e+00 1.764862741740852448e-02 9.343479691500673756e-02
1.424999999999764455e+00 2.117212580506509442e-02 9.753997311608643417e-02
1.575000000000282396e+00 2.578042382255636006e-02 1.008282755906144135e-01
1.725000000000170397e+00 3.042534201968869964e-02 1.060682321845910075e-01
1.875000000000000000e+00 3.653956045190881463e-02 1.103349841522875546e-01
2.025000000000070521e+00 4.618660036734580088e-02 1.185506762699602007e-01
2.174999999999594813e+00 5.984928005053767597e-02 1.305360303461120253e-01
2.325000000000426059e+00 7.015400959803312630e-02 1.366214207174362150e-01
2.474999999999678124e+00 8.873312775853131606e-02 1.532547468824042580e-01
2.625000000000000000e+00 1.105285786671094672e-01 1.631039823761074870e-01
2.775000000000444444e+00 1.342260322576226961e-01 1.750566699333274967e-01
2.924999999999512212e+00 1.668605545219082331e-01 1.888919924000067585e-01
3.075000000000499334e+00 2.021981047159676359e-01 2.039227918908852744e-01
3.224999999999414779e+00 2.461372460780673899e-01 2.189004727712615672e-01
3.375000000000000000e+00 3.105303929536630259e-01 2.380926406212575952e-01
3.525000000000659384e+00 3.833158945123386618e-01 2.600024324401197240e-01
3.674999999999857714e+00 4.830665350139038972e-01 2.863591667918787831e-01
3.825000000000022382e+00 6.312588661449907157e-01 3.201549300882207127e-01
3.974999999999250466e+00 8.450208198675608351e-01 3.605405856626421324e-01
4.125000000000000000e+00 1.083615863860506012e+00 3.999147613247061028e-01
4.275000000000798828e+00 1.239157474202111198e+00 4.139453483094086561e-01
4.425000000000374634e+00 1.278430073002910561e+00 4.209119967529549311e-01
4.574999999999541878e+00 1.251805553683127403e+00 4.118477173319047835e-01
4.724999999999138112e+00 1.170282252510592258e+00 3.965194678323835098e-01
4.875000000000000000e+00 1.098945975849708212e+00 3.753420985711465319e-01
5.025000000000897415e+00 1.038723188774266060e+00 3.565218744541813201e-01
5.175000000000743228e+00 9.806190972628108238e-01 3.437593267320478430e-01
5.324999999999196376e+00 9.519454940321322445e-01 3.301598101645385475e-01
5.474999999999057287e+00 9.200901949284244763e-01 3.229033113591634474e-01
5.625000000000000000e+00 9.140477201731034285e-01 3.211933059568908289e-01
5.775000000000969358e+00 9.114210628627045230e-01 3.153296186291747460e-01
5.925000000001017675e+00 9.188462514638663370e-01 3.093483581177142172e-01
6.074999999998936140e+00 9.348647990125547036e-01 3.103144087064281242e-01
6.224999999998995115e+00 9.630660097002472497e-01 3.071455216420283518e-01
6.375000000000000000e+00 9.831468619703439549e-01 3.076786263799762278e-01
6.525000000001025313e+00 1.017601520357137579e+00 3.105015833414074833e-01
6.675000000001229949e+00 1.049264684464385811e+00 3.114976706410350626e-01
6.824999999998733635e+00 1.068981989085289630e+00 3.119921456389128656e-01
6.974999999999387690e+00 1.102458771255580006e+00 3.134064503028733961e-01
7.125000000000000000e+00 1.103500018679117067e+00 3.111630602402856716e-01
7.275000000000346745e+00 1.108230733747830099e+00 3.068073767263341800e-01
7.425000000001398703e+00 1.111483585343151503e+00 3.065506107940685343e-01
7.574999999998571099e+00 1.109172646082299485e+00 3.049319104778860368e-01
7.725000000000012079e+00 1.104778996650941814e+00 2.982403641111033843e-01
7.875000000000000000e+00 1.104383870915067956e+00 2.916809363104073682e-01
8.024999999999771205e+00 1.112094351771635514e+00 2.923936167929777619e-01
8.175000000001539036e+00 1.114032180068696087e+00 2.970366042222405967e-01
8.324999999998437872e+00 1.125201924478927529e+00 2.870988500238625951e-01
8.475000000000525446e+00 1.126638919430371644e+00 2.879136266853965509e-01
8.625000000000000000e+00 1.132034060837427747e+00 2.857717280214981947e-01
8.774999999999291589e+00 1.131242214022185610e+00 2.803025748348955681e-01
8.925000000001652722e+00 1.135399725552530326e+00 2.830326721485942332e-01
9.074999999998325961e+00 1.125401285083953207e+00 2.789165526749852186e-01
9.225000000000957101e+00 1.123195618217248004e+00 2.767027774612645374e-01
9.375000000000000000e+00 1.115938289720810994e+00 2.720628834658349593e-01
9.524999999998890132e+00 1.108322234288128705e+00 2.688536737065576609e-01
9.675000000001750422e+00 1.099259712372048003e+00 2.663349645480481143e-01
9.824999999998231814e+00 1.091113651669454621e+00 2.622695515218995688e-01
9.975000000001321254e+00 1.077478467868199452e+00 2.589407914988409720e-01
1.012500000000000000e+01 1.079568328451942838e+00 2.594235173754866897e-01
1.027499999999854730e+01 1.077969641685275981e+00 2.565147200980091857e-01
1.042500000000183391e+01 1.071472989668968534e+00 2.539484440293615641e-01
1.057499999999815010e+01 1.075900926410661818e+00 2.507706785131723626e-01
1.072500000000163745e+01 1.074016229546649104e+00 2.521099101403954101e-01
1.087500000000000000e+01 1.081870380270415710e+00 2.500637494523486604e-01
1.102499999999824887e+01 1.084904314940520420e+00 2.471976151109120390e-01
1.117500000000190674e+01 1.088902974694949455e+00 2.472267805120880180e-01
1.132499999999808082e+01 1.093445070003068009e+00 2.439538745208982007e-01
1.147500000000190923e+01 1.094685968146835497e+00 2.461135883934067181e-01
1.162500000000000000e+01 1.099155179743715571e+00 2.430590654897409053e-01
1.177499999999798952e+01 1.099816641919814764e+00 2.395150407248789748e-01
1.192500000000196891e+01 1.098168648813430126e+00 2.407602215273543789e-01
1.207499999999801865e+01 1.101511899080950929e+00 2.364311056117998355e-01
1.222500000000215081e+01 1.103919618605905928e+00 2.385818568375273618e-01
1.237500000000000000e+01 1.101235510122328787e+00 2.324018854730341976e-01
1.252499999999776215e+01 1.100196469767849461e+00 2.328157497959913169e-01
1.267500000000202398e+01 1.095076007745779956e+00 2.322850636713473804e-01
1.282499999999796536e+01 1.096745522432741149e+00 2.339861778052958474e-01
1.297500000000236220e+01 1.093173661067335711e+00 2.333998842341965252e-01
1.312500000000000000e+01 1.087212352706999230e+00 2.288557600984287843e-01
1.327499999999756142e+01 1.087995573265198690e+00 2.249084545218851816e-01
1.342500000000173088e+01 1.087656359051657917e+00 2.253414347848414212e-01
1.357499999999841833e+01 1.081833243001100842e+00 2.253319635733675719e-01
1.372500000000255049e+01 1.078701973505423517e+00 2.217398827322419053e-01
1.387500000000000000e+01 1.078836637939746046e+00 2.206998712774824456e-01
1.402499999999738023e+01 1.076158444860356278e+00 2.208645100129380812e-01
1.417500000000102034e+01 1.072073647966042209e+00 2.175821665103206126e-01
1.432499999999911111e+01 1.067328476330189124e+00 2.153646092444712890e-01
1.447500000000271925e+01 1.070671476625287166e+00 2.166762372837866268e-01
1.462500000000000000e+01 1.060919390237041071e+00 2.131646679539794531e-01
1.477499999999721680e+01 1.058720703919593165e+00 2.116937178286254495e-01
1.492500000000038618e+01 1.057816990211474240e+00 2.100767394784168463e-01
1.507499999999973639e+01 1.059620568502355864e+00 2.098443860392973093e-01
1.522500000000287201e+01 1.054948318804896479e+00 2.062308828987987341e-01
1.537500000000000000e+01 1.058400378419975585e+00 2.086851334918747303e-01
1.552499999999706937e+01 1.056494191712832320e+00 2.069307238016400707e-01
1.567499999999980886e+01 1.054997405172847902e+00 2.061665540595029322e-01
1.582500000000029772e+01 1.059848229425907951e+00 2.042805850377192589e-01
1.597500000000300879e+01 1.054500049226411384e+00 2.029656065147218968e-01
1.612500000000000000e+01 1.055460834508665569e+00 2.039345178831368233e-01
1.627499999999693969e+01 1.056597011609046399e+00 2.030471878456266144e-01
1.642499999999928662e+01 1.056503176310567671e+00 2.010963543832391121e-01
1.657500000000081286e+01 1.052800920501260507e+00 2.027711622354570475e-01
1.672500000000313847e+01 1.052498535463132434e+00 1.985185776980723238e-01
1.687500000000000000e+01 1.050484427548582955e+00 1.973279822210974865e-01
1.702499999999681535e+01 1.048354442258804253e+00 1.975646393367889442e-01
1.717499999999880700e+01 1.046715460427419586e+00 1.958887802151550173e-01
1.732500000000128182e+01 1.044999647822315136e+00 1.937641949114325135e-01
1.747500000000325215e+01 1.048435188900836312e+00 1.915134832960840028e-01
1.762500000000000000e+01 1.044715461224411612e+00 1.921576368359429465e-01
1.777499999999670521e+01 1.043169584639238145e+00 1.924435077940677141e-01
1.792499999999837357e+01 1.037715241397320742e+00 1.902108077189866298e-01
1.807500000000171170e+01 1.039615801201273948e+00 1.896571221042552269e-01
1.822500000000335874e+01 1.038694980513383825e+00 1.895983571137309365e-01
1.837500000000000000e+01 1.039790283584361319e+00 1.876691688324416130e-01
1.852499999999660218e+01 1.030105351669517111e+00 1.875628141845747665e-01
1.867499999999797211e+01 1.035661140626387589e+00 1.868677924057915440e-01
1.882500000000210960e+01 1.029422215911436567e+00 1.848960203634564259e-01
1.897500000000345466e+01 1.027101246528110856e+00 1.831246397460508657e-01
1.912500000000000000e+01 1.023968761626145030e+00 1.840243680863197506e-01
1.927499999999650626e+01 1.023947060345252735e+00 1.823355509667886065e-01
1.942499999999759908e+01 1.028190433395659298e+00 1.829741573419578771e-01
1.957500000000247198e+01 1.023500073254439258e+00 1.817082931424130465e-01
1.972500000000354348e+01 1.026136829480236878e+00 1.804183942754317982e-01
1.987500000000000000e+01 1.022317066886336612e+00 1.781116928190627502e-01
2.002499999999642100e+01 1.024351918486055002e+00 1.783567229486330286e-01
2.017499999999725446e+01 1.019511809099544086e+00 1.793150334510909827e-01
2.032500000000281304e+01 1.018271665313766450e+00 1.785308152759142175e-01
2.047500000000362874e+01 1.014741180735601933e+00 1.751179365614318473e-01
2.062500000000000000e+01 1.016113673367606607e+00 1.773063817354942062e-01
2.077499999999633928e+01 1.012483349222466744e+00 1.742857590466308781e-01
2.092499999999693472e+01 1.014275887086315331e+00 1.759580177656369926e-01
2.107500000000312212e+01 1.011924170192494365e+00 1.734006919066651553e-01
2.122500000000370690e+01 1.010704355619299388e+00 1.719014458048082894e-01
2.137500000000000000e+01 1.011239539910489871e+00 1.707451381854209471e-01
2.152499999999626468e+01 1.008044161618434575e+00 1.717538379913068902e-01
2.167499999999663984e+01 1.005113400367778631e+00 1.699903688154236203e-01
2.182500000000341700e+01 1.005171985775668242e+00 1.705395590039503473e-01
2.197500000000377796e+01 1.007297756964283142e+00 1.673033377758520179e-01
2.212500000000000000e+01 1.004548141383618587e+00 1.690711773176344634e-01
2.227499999999619718e+01 1.004696824327653060e+00 1.678301158522051972e-01
2.242499999999636273e+01 1.003091713617863201e+00 1.709227110278263850e-01
2.257500000000369056e+01 1.002100981408218017e+00 1.680406204918841184e-01
2.272500000000384546e+01 9.993476296666248260e-01 1.650862559944274999e-01
2.287500000000000000e+01 1.000559667907728212e+00 1.649147200084296327e-01
2.302499999999612967e+01 9.958867410798936115e-01 1.628140595299967242e-01
2.317499999999610338e+01 9.994216909507968039e-01 1.633135370976565026e-01
2.332500000000394635e+01 9.970797636221364613e-01 1.635747230131540664e-01
2.347500000000390941e+01 9.970142031593220988e-01 1.621128047850096954e-01
2.362500000000000000e+01 9.954888505789321052e-01 1.627982121212236122e-01
2.377499999999606928e+01 9.947864401357839892e-01 1.615878822998762510e-01
2.392499999999586180e+01 9.919543309618701343e-01 1.601873917714021212e-01
2.407500000000418439e+01 9.927160184623752270e-01 1.614431266646514651e-01
2.422500000000396625e+01 9.921527993072721818e-01 1.589814716791102256e-01
2.437500000000000000e+01 9.900338463333164807e-01 1.587657110767619617e-01
2.452499999999600888e+01 9.941634974454153229e-01 1.609182146287410631e-01
2.467499999999563087e+01 9.908200935457678327e-01 1.584876149453235961e-01
2.482500000000441176e+01 9.908364316977594788e-01 1.568371399457287041e-01
2.497500000000402309e+01 9.900698778287378987e-01 1.580076074896815397e-01
2.512500000000000000e+01 9.888396590323118573e-01 1.576791156118049209e-01
2.527499999999595559e+01 9.890962484155253476e-01 1.567618576940706110e-01
2.542499999999541771e+01 9.852608523195882650e-01 1.550416788883570984e-01
2.557500000000462137e+01 9.878529987707242999e-01 1.542056867378770457e-01
2.572500000000407638e+01 9.840744662616986993e-01 1.536911673138844359e-01
2.587500000000000000e+01 9.845810719402754430e-01 1.538902619047026188e-01
2.602499999999590585e+01 9.868835531487150092e-01 1.543374860251168212e-01
2.617499999999521521e+01 9.851278159401785084e-01 1.526402717660135244e-01
2.632500000000482032e+01 9.812718585800083160e-01 1.525686045522595402e-01
2.647500000000383480e+01 9.848454728814372006e-01 1.517672707035686575e-01
2.662500000000000000e+01 9.844930402234182143e-01 1.526832217811097403e-01
2.677499999999647073e+01 9.823064511409325128e-01 1.508723138527520435e-01
2.692499999999502691e+01 9.814351694915521840e-01 1.486801789368448756e-01
2.707500000000501217e+01 9.837238242479853234e-01 1.485622837957973619e-01
2.722500000000308873e+01 9.779575511199820603e-01 1.505634016874872472e-01
2.737500000000000000e+01 9.803021738960577824e-01 1.497807066913137697e-01
2.752499999999719549e+01 9.774923860662189101e-01 1.500416883011650437e-01
2.767499999999484928e+01 9.805318051728014739e-01 1.471331376550964465e-01
2.782500000000518625e+01 9.804550137703720303e-01 1.464265626464093806e-01
2.797500000000238529e+01 9.774873904152083792e-01 1.500233591999426130e-01
2.812500000000000000e+01 9.786344661706959380e-01 1.470521190165788583e-01
2.827499999999788827e+01 9.798849663008475375e-01 1.476970963128984848e-01
2.842499999999467164e+01 9.789906246516384414e-01 1.467335762536531585e-01
2.857500000000536033e+01 9.778879079332196689e-01 1.472541550031399582e-01
2.872500000000171028e+01 9.791752321762035027e-01 1.470814366109907123e-01
2.887500000000000000e+01 9.767312280145854508e-01 1.446760218510855511e-01
2.902499999999854552e+01 9.767638742072378699e-01 1.441502902160564370e-01
2.917499999999451177e+01 9.740794807530006594e-01 1.448948489164404718e-01
2.932500000000552021e+01 9.759322299704735748e-01 1.436303403331473660e-01
2.947500000000107434e+01 9.759343242697470222e-01 1.434127606787122811e-01
2.962500000000000000e+01 9.739568705985656161e-01 1.439591582595450281e-01
2.977499999999917080e+01 9.766181885742061253e-01 1.424404651489796503e-01
2.992499999999435900e+01 9.755876124313171971e-01 1.415605769542684911e-01
3.007500000000566942e+01 9.734262126864698939e-01 1.405488054525479424e-01
3.022500000000047393e+01 9.736569662317586804e-01 1.419965421192000421e-01
3.037500000000000000e+01 9.735191760224843893e-01 1.417537408459200177e-01
3.052499999999976410e+01 9.757280818192756167e-01 1.412602858497956082e-01
3.067499999999420623e+01 9.754503719953898644e-01 1.408064574154747062e-01
3.082500000000581508e+01 9.734401048961444092e-01 1.381817274378374927e-01
3.097499999999989839e+01 9.737950732893045913e-01 1.404037168701132710e-01
3.112500000000000000e+01 9.707378230171318512e-01 1.402218491194635597e-01
3.127500000000032898e+01 9.723524078873655441e-01 1.391685132285543358e-01
3.142499999999406768e+01 9.745236222756784583e-01 1.377036819398371192e-01
3.157500000000595364e+01 9.725535637049025350e-01 1.385044179560982469e-01
3.172499999999935127e+01 9.715808656804717502e-01 1.377312727379984281e-01
3.187500000000000000e+01 9.730979898676508366e-01 1.363249141474422721e-01
3.202500000000086544e+01 9.730621629207764078e-01 1.362540234533799743e-01
3.217499999999394333e+01 9.732337439435581050e-01 1.357324175615805817e-01
3.232500000000609219e+01 9.748426347751542043e-01 1.373825322417135120e-01
3.247499999999882903e+01 9.721069916697003821e-01 1.372903898812923018e-01
3.262500000000000000e+01 9.732188432438486636e-01 1.358133809466212094e-01
3.277500000000137703e+01 9.746580443301714469e-01 1.359818793581283880e-01
3.292499999999381544e+01 9.707617617688624190e-01 1.352242918981248765e-01
3.307500000000621299e+01 9.745460094544938778e-01 1.348639481774188131e-01
3.322499999999832454e+01 9.716823873130583378e-01 1.354217948812954930e-01
3.337500000000000000e+01 9.708803402953203321e-01 1.364894886400514762e-01
3.352500000000186731e+01 9.713585017287583723e-01 1.352218084860800640e-01
3.367499999999368754e+01 9.723531598629382433e-01 1.335503870502517954e-01
3.382500000000633378e+01 9.717149001075051640e-01 1.324512615001601779e-01
3.397499999999784848e+01 9.714134314603961595e-01 1.320398918985504766e-01
3.412500000000000000e+01 9.735772298995204466e-01 1.335975788185384538e-01
3.427500000000233626e+01 9.749500439872617052e-01 1.314012579476977749e-01
3.442499999999357385e+01 9.749250774409800036e-01 1.319752622415260312e-01
3.457500000000644746e+01 9.751293860436121008e-01 1.318285469162877865e-01
3.472499999999739373e+01 9.734766058117798604e-01 1.322608230509396410e-01
3.487500000000000000e+01 9.740909014128872334e-01 1.319072981980720649e-01
3.502500000000278391e+01 9.723705859587130629e-01 1.320736124788838284e-01
3.517499999999346016e+01 9.735615325351709703e-01 1.302010611645641192e-01
3.532500000000656115e+01 9.723865351352800612e-01 1.296546374251933975e-01
3.547499999999695319e+01 9.744621038860939999e-01 1.309088716889248716e-01
3.562500000000000000e+01 9.739513095655298880e-01 1.293744215898112448e-01
3.577500000000321734e+01 9.736099515735358034e-01 1.300509139282946258e-01
3.592499999999336069e+01 9.745504092680646879e-01 1.310265773856918448e-01
3.607500000000666773e+01 9.728904510775422398e-01 1.285991766297688021e-01
3.622499999999653397e+01 9.721222110427493179e-01 1.293303298198451856e-01
3.637500000000000000e+01 9.746261619810325794e-01 1.287238785723462398e-01
3.652500000000362235e+01 9.737245968193676271e-01 1.282320667565144956e-01
3.667499999999325411e+01 9.724276561608996561e-01 1.275030817550967810e-01
3.682500000000676721e+01 9.743194357705946551e-01 1.269161648825953836e-01
3.697499999999613607e+01 9.727127187331755520e-01 1.285766603712448497e-01
3.712500000000000000e+01 9.766468170199823495e-01 1.272694916948389765e-01
3.727500000000402736e+01 9.742443858884866081e-01 1.282303867031606148e-01
3.742499999999315463e+01 9.751597224354279225e-01 1.270062572640400789e-01
3.757500000000686668e+01 9.724210881861822253e-01 1.279198795260508004e-01
3.772499999999575238e+01 9.734746841847256027e-01 1.254352611883302326e-01
3.787500000000000000e+01 9.741946667310277252e-01 1.267343027726084426e-01
3.802500000000440394e+01 9.749817002745598815e-01 1.263976090076926462e-01
3.817499999999306226e+01 9.738262768625448595e-01 1.276606242248856937e-01
3.832500000000695906e+01 9.743806251713164057e-01 1.247491050162267412e-01
3.847499999999537579e+01 9.719427021488804552e-01 1.249645920361877882e-01
3.862500000000000000e+01 9.748645373511526380e-01 1.236307020615251412e-01
3.877500000000476632e+01 9.764377784898077284e-01 1.234948240991389778e-01
3.892499999999297700e+01 9.772496432471258210e-01 1.238009458115308797e-01
3.907500000000705143e+01 9.750006064869859435e-01 1.219392683022578472e-01
3.922499999999502052e+01 9.761530723354920891e-01 1.247298318777163989e-01
3.937500000000000000e+01 9.756908685528090652e-01 1.232895080038277913e-01
3.952500000000512159e+01 9.736212467036051699e-01 1.234769954998019698e-01
3.967499999999288463e+01 9.757591749751896026e-01 1.235380716527103434e-01
3.982500000000712959e+01 9.767683153958697240e-01 1.242231905737016529e-01
3.997499999999467946e+01 9.752682714021811972e-01 1.223048423054423767e-01
4.012500000000000000e+01 9.775953720939549729e-01 1.230803919461836010e-01
4.027500000000545555e+01 9.760004191318084610e-01 1.239942393007244931e-01
4.042499999999279936e+01 9.772253588511456979e-01 1.222960421371099282e-01
4.057500000000721485e+01 9.766427361575282795e-01 1.210965081848952019e-01
4.072499999999434550e+01 9.783671502115236507e-01 1.223244320454870276e-01
4.087500000000000000e+01 9.779429998652451328e-01 1.228727614628345871e-01
4.102500000000578240e+01 9.760649160466040586e-01 1.203738316477904191e-01
4.117499999999272120e+01 9.780458373664133731e-01 1.223962285620031204e-01
4.132500000000730012e+01 9.779849037285976987e-01 1.208161532315106118e-01
4.147499999999402576e+01 9.773667122884772684e-01 1.198765770051392482e-01
4.162500000000000000e+01 9.780017661198880941e-01 1.216930225926361325e-01
4.177500000000609504e+01 9.773247602844660209e-01 1.220045700373798558e-01
4.192499999999264304e+01 9.779899020315881986e-01 1.203617935016736001e-01
4.207500000000737828e+01 9.775313896102523215e-01 1.200443765993895323e-01
4.222499999999372022e+01 9.779811836614761278e-01 1.205402642529253276e-01
4.237500000000000000e+01 9.783818110951683078e-01 1.202081734168421456e-01
4.252500000000640057e+01 9.778454746423961286e-01 1.195677544670383785e-01
4.267499999999256488e+01 9.774395754316907992e-01 1.195190141801793088e-01
4.282500000000744933e+01 9.785893585014118212e-01 1.204756023678093257e-01
4.297499999999342180e+01 9.780623014794335157e-01 1.182700755159079437e-01
4.312500000000000000e+01 9.797703456061103156e-01 1.187497247560186375e-01
4.327500000000669900e+01 9.795318862499471368e-01 1.189185121894926617e-01
4.342499999999249383e+01 9.778939597959199759e-01 1.174212069991336510e-01
4.357500000000752038e+01 9.803451154279529955e-01 1.178704217443713453e-01
4.372499999999313758e+01 9.802120760346698658e-01 1.187252345729929576e-01
4.387500000000000000e+01 9.808306218271019006e-01 1.172596899758303474e-01
4.402500000000697611e+01 9.791877497639948080e-01 1.162273475324493849e-01
4.417499999999242277e+01 9.825459974417292131e-01 1.170023645400289358e-01
4.432500000000759144e+01 9.834382280649760499e-01 1.172027510067455286e-01
4.447499999999286047e+01 9.806683360684081974e-01 1.190125865736358368e-01
4.462500000000000000e+01 9.794143110799958807e-01 1.165232246640381664e-01
4.477500000000724611e+01 9.823491782965982910e-01 1.165285044659712249e-01
4.492499999999235882e+01 9.821752253726777626e-01 1.150418332002349914e-01
4.507500000000766249e+01 9.816733404515499695e-01 1.157127892310959583e-01
4.522499999999259757e+01 9.819975600431292140e-01 1.159761464669778058e-01
4.537500000000000000e+01 9.839860660599686337e-01 1.155911056735189762e-01
4.552500000000750902e+01 9.803863452523486899e-01 1.165698886707543652e-01
4.567499999999228777e+01 9.817519516050619011e-01 1.172073971895037647e-01
4.582500000000772644e+01 9.847463389241454257e-01 1.156305690915021694e-01
4.597499999999233466e+01 9.833298993084705897e-01 1.158248517550114348e-01
4.612500000000000000e+01 9.811541069283208349e-01 1.157593839377284578e-01
4.627500000000776481e+01 9.824832187365911684e-01 1.150892447469913510e-01
4.642499999999223093e+01 9.824999373012790471e-01 1.160393542473236450e-01
4.657500000000779039e+01 9.816123574858632850e-01 1.142335029859105899e-01
4.672499999999207887e+01 9.848037600643360090e-01 1.151709944857577106e-01
4.687500000000000000e+01 9.839426474541929091e-01 1.146742031961549280e-01
4.702500000000801350e+01 9.833610363267408783e-01 1.136783438555817732e-01
4.717499999999216698e+01 9.838623468656445548e-01 1.147137132591700276e-01
4.732500000000784723e+01 9.842608681959139627e-01 1.138127837870888115e-01
4.747499999999183729e+01 9.865183515055142571e-01 1.118712197063549962e-01
4.762500000000000000e+01 9.848484526787193438e-01 1.147500174987931276e-01
4.777500000000825509e+01 9.853203782829044188e-01 1.119437972662805647e-01
4.792499999999211013e+01 9.847414427140360749e-01 1.129862566452384254e-01
4.807500000000790408e+01 9.851401559915275996e-01 1.122468627989197387e-01
4.822499999999160281e+01 9.852183680225604645e-01 1.131254940526387892e-01
4.837500000000000000e+01 9.845281951447989455e-01 1.118792525238101326e-01
4.852500000000848956e+01 9.864069960714688667e-01 1.116667405929864798e-01
4.867499999999204618e+01 9.847140623941720294e-01 1.121460613000802437e-01
4.882500000000796092e+01 9.863657611526427393e-01 1.124708973776742810e-01
4.897499999999137543e+01 9.847834295319662923e-01 1.124814281196862137e-01
4.912500000000000000e+01 9.842125985230059104e-01 1.110374700881194832e-01
4.927500000000870983e+01 9.872934332667316903e-01 1.111431255930522832e-01
4.942499999999198934e+01 9.855115874359208217e-01 1.118215425545409231e-01
4.957500000000802487e+01 9.878078573264374995e-01 1.115642351736698540e-01
4.972499999999115516e+01 9.861831034154450171e-01 1.101000257846938279e-01
4.987500000000000000e+01 9.858926405686936345e-01 1.107870348170550689e-01
5.002500000000893010e+01 9.872008888499120838e-01 1.114803138421643774e-01
5.017499999999193960e+01 9.886954851437400604e-01 1.094072269605428499e-01
5.032500000000807461e+01 9.849267271253676626e-01 1.105435152457543424e-01
5.047499999999094200e+01 9.867417221358806279e-01 1.101087356908928977e-01
5.062500000000000000e+01 9.883075791669744259e-01 1.096821629755083821e-01
5.077500000000914326e+01 9.900944352351257471e-01 1.104448932320222648e-01
5.092499999999188276e+01 9.852329085018053378e-01 1.111993618038245313e-01
5.107500000000812435e+01 9.873062678479276322e-01 1.093600965583782364e-01
5.122499999999072884e+01 9.870164899389001212e-01 1.099461853797524258e-01
5.137500000000000000e+01 9.879665356568493317e-01 1.111099640747871542e-01
5.152500000000934932e+01 9.879034220159917945e-01 1.098238879431360088e-01
5.167499999999183302e+01 9.888867334895738992e-01 1.086058202513734278e-01
5.182500000000818119e+01 9.859954353904532010e-01 1.084588408526619835e-01
5.197499999999052989e+01 9.852540779503977664e-01 1.095771843441035176e-01
5.212500000000000000e+01 9.865705438945161498e-01 1.089122167618254422e-01
5.227500000000954827e+01 9.880417769598706101e-01 1.100395003150788364e-01
5.242499999999178328e+01 9.894086752650922412e-01 1.086002990131827856e-01
5.257500000000806040e+01 9.873031412242180282e-01 1.091194087494345710e-01
5.272499999999033804e+01 9.898827143292634467e-01 1.070709670423539012e-01
5.287500000000000000e+01 9.878793149453928280e-01 1.069496481767499702e-01
5.302500000000974723e+01 9.913340690568666069e-01 1.068799144417228036e-01
5.317499999999255778e+01 9.884052520904434980e-01 1.076728134360211836e-01
5.332500000000729301e+01 9.884609058558211370e-01 1.068661992941194322e-01
5.347499999999015330e+01 9.892438227007908091e-01 1.072110080260069015e-01
5.362500000000000000e+01 9.886498111443364767e-01 1.075739353843602059e-01
5.377500000000993197e+01 9.905546018468897040e-01 1.088774153754688417e-01
5.392499999999331095e+01 9.894042596750438623e-01 1.066459380965601167e-01
5.407500000000654694e+01 9.914126263435599773e-01 1.068573225157822687e-01
5.422499999998996145e+01 9.904969451938984148e-01 1.069628143549533339e-01
5.437500000000000000e+01 9.907191464875998443e-01 1.066133253714900697e-01
5.452500000001011671e+01 9.893262481340767689e-01 1.068271785011968289e-01
5.467499999999403570e+01 9.923761753709914313e-01 1.059429142610380931e-01
5.482500000000581508e+01 9.898410503223001866e-01 1.060138596087907420e-01
5.497499999998977671e+01 9.888015194809884889e-01 1.051173418412763988e-01
5.512500000000000000e+01 9.890127685869976037e-01 1.056965343167853427e-01
5.527500000001029434e+01 9.892024028544008640e-01 1.062373480923367031e-01
5.542499999999475335e+01 9.909945580794115028e-01 1.053620442504094035e-01
5.557500000000510454e+01 9.925010775833702503e-01 1.065986524571194277e-01
5.572499999998960618e+01 9.892609886668535246e-01 1.057295810586365015e-01
5.587500000000000000e+01 9.898090186513260891e-01 1.048606372438281448e-01
5.602500000001046487e+01 9.918922463363729625e-01 1.048460410455358399e-01
5.617499999999544258e+01 9.936376270278673983e-01 1.063905390176086430e-01
5.632500000000441531e+01 9.912347276246987748e-01 1.042588130352861964e-01
5.647499999998942855e+01 9.925140411576962585e-01 1.044096726633304689e-01
5.662500000000000000e+01 9.930539652327093902e-01 1.054851657577360047e-01
5.677500000001062830e+01 9.902299264082363717e-01 1.049094227734410079e-01
5.692499999999611759e+01 9.917546289002983073e-01 1.039693658384881203e-01
5.707500000000374030e+01 9.943692792415627091e-01 1.038689154648880369e-01
5.722499999998926512e+01 9.946548390645583160e-01 1.030225573678765078e-01
5.737500000000000000e+01 9.954318841837869192e-01 1.034770164441127793e-01
5.752500000001079172e+01 9.951832482362231724e-01 1.029763695770891940e-01
5.767499999999677129e+01 9.927955202168917692e-01 1.042712457497825401e-01
5.782500000000310081e+01 9.925028378785143435e-01 1.026650721122380622e-01
5.797499999998910170e+01 9.939463418665890337e-01 1.021645681964446079e-01
5.812500000000000000e+01 9.966065086346543866e-01 1.030982920810284698e-01
5.827500000001095515e+01 9.946528006311571302e-01 1.034958492320923185e-01
5.842499999999741078e+01 9.954126586582691116e-01 1.032627238099160238e-01
5.857500000000246132e+01 9.945654667213743583e-01 1.024328612973989250e-01
5.872499999998893827e+01 9.963877082677594643e-01 1.037953543851366095e-01
5.887500000000000000e+01 9.950992964500948723e-01 1.021195903325498588e-01
5.902500000001111857e+01 9.942945009113748345e-01 1.032532599718111871e-01
5.917499999999803606e+01 9.954906916981509646e-01 1.033864099934489883e-01
5.932500000000184315e+01 9.966087875817367658e-01 1.010133260563730873e-01
5.947499999998878906e+01 9.951848603442478014e-01 1.014930798374199250e-01
5.962500000000000000e+01 9.982187935053865591e-01 1.007688489447494812e-01
5.977500000001126779e+01 9.975224714370692913e-01 1.018258554536207589e-01
5.992499999999864002e+01 9.989693714551508563e-01 1.019869556813815664e-01
6.007500000000123919e+01 9.961936189281632714e-01 1.015624603474859361e-01
6.022499999998863984e+01 9.992167306037625929e-01 1.018666297465362913e-01
6.037500000000000000e+01 9.984759187548370996e-01 1.016127687047730377e-01
6.052500000001142411e+01 9.964022392026271602e-01 1.007166714320358314e-01
6.067499999999923688e+01 9.966779313181824973e-01 1.005528908350125233e-01
6.082500000000064944e+01 9.990686060438959126e-01 1.023035573948470195e-01
6.097499999998849773e+01 9.992899951443368067e-01 1.018116834454371039e-01
6.112500000000000000e+01 9.997601742186806861e-01 1.004938282013405626e-01
6.127500000001155911e+01 9.991561098676808861e-01 1.008407132766831610e-01
6.142499999999980531e+01 9.990420753023337985e-01 1.008105640762149841e-01
6.157500000000007390e+01 1.000108622135551073e+00 1.020939552454326604e-01
6.172499999998834852e+01 9.986649600531037896e-01 1.015152677889588489e-01
6.187500000000000000e+01 9.986616397683860669e-01 9.936835883273571757e-02
6.202500000001170122e+01 1.001181645881257243e+00 1.008560604001384198e-01
6.217500000000037375e+01 1.000533360452515952e+00 9.923990655511115422e-02
6.232499999999951967e+01 1.000352105427794847e+00 1.005088999361797159e-01
6.247499999998820641e+01 1.001652668190604389e+00 1.006968025552962970e-01
6.262500000000000000e+01 1.000701793968377107e+00 9.924633339960736711e-02
6.277500000001184333e+01 1.002309704702733617e+00 9.913365873397497752e-02
6.292500000000092086e+01 1.000818404951942631e+00 9.853716189725665597e-02
6.307499999999897256e+01 1.000566878705698715e+00 9.931751906380528738e-02
6.322499999998807851e+01 1.001173497988400385e+00 9.803585888665990178e-02
6.337500000000000000e+01 1.000666439889044357e+00 9.929404786641564395e-02
6.352500000001197833e+01 1.000864285195512515e+00 9.971502806876476888e-02
6.367500000000146798e+01 9.995943407911058731e-01 9.794253569923007385e-02
6.382499999999843254e+01 1.001003108031131239e+00 1.002576232331599537e-01
6.397499999998793641e+01 1.000956097480107054e+00 9.830066438448901989e-02
6.412500000000000000e+01 1.004031215226674600e+00 9.812018172367080460e-02
6.427500000001211333e+01 1.001819124273926498e+00 9.916410710636811010e-02
6.442500000000200089e+01 1.002869097799000908e+00 9.859994865722745971e-02
6.457499999999791385e+01 1.001814654993631093e+00 9.985423309432001071e-02
6.472499999998781561e+01 1.002329549116030671e+00 9.869756874071008990e-02
6.487500000000000000e+01 1.003545454092576117e+00 9.760117209427643381e-02
6.502500000001224123e+01 1.002154563226518080e+00 9.766163887161344315e-02
6.517500000000251248e+01 1.002382550867998878e+00 9.836277769525918202e-02
6.532499999999740226e+01 1.002263104820184880e+00 9.765995407603650369e-02
6.547499999998768772e+01 1.002298762985104785e+00 9.744864011790697889e-02
6.562500000000000000e+01 1.003004708791714661e+00 9.704676998725930703e-02
6.577500000001236913e+01 1.002156492066465843e+00 9.698994302487133623e-02
6.592500000000300986e+01 1.002993029024884297e+00 9.769406229391301710e-02
6.607499999999690488e+01 1.002898285758422103e+00 9.687152158843939653e-02
6.622499999998755982e+01 1.005388395690903325e+00 9.773766513356704766e-02
6.637500000000000000e+01 1.002660841741757958e+00 9.704598021263384500e-02
6.652500000001249703e+01 1.005536141050262566e+00 9.739456923837043478e-02
6.667500000000349303e+01 1.003511528758637583e+00 9.683658554241247884e-02
6.682499999999640750e+01 1.004943258208723655e+00 9.587347456355643782e-02
6.697499999998743192e+01 1.005805486084613287e+00 9.733708536604655792e-02
6.712500000000000000e+01 1.005381014909735748e+00 9.641277199090679539e-02
6.727500000001261071e+01 1.004712716793185967e+00 9.656986366916063547e-02
6.742500000000397620e+01 1.004045527759909184e+00 9.637969866108481165e-02
6.757499999999593854e+01 1.005822008970531867e+00 9.731199159352212080e-02
6.772499999998731823e+01 1.005920062840649276e+00 9.545620972462412479e-02
6.787500000000000000e+01 1.005888964206938407e+00 9.685751296328447280e-02
6.802500000001272440e+01 1.005934694293714848e+00 9.536196634280955098e-02
6.817500000000444516e+01 1.003715884867454999e+00 9.586919084732205276e-02
6.832499999999546958e+01 1.007150635994091159e+00 9.582066472652706057e-02
6.847499999998720455e+01 1.006287312177107429e+00 9.648187151759324287e-02
6.862500000000000000e+01 1.004421170561386800e+00 9.622785876105389991e-02
6.877500000001283809e+01 1.006697736682882205e+00 9.537635244359934927e-02
6.892500000000489990e+01 1.005990591456622951e+00 9.539060000703393494e-02
6.907499999999501483e+01 1.006383916302611370e+00 9.594603929252459862e-02
6.922499999998709086e+01 1.005732270351011870e+00 9.554556387876478318e-02
6.937500000000000000e+01 1.006041099540802675e+00 9.492373075154758588e-02
6.952500000001295177e+01 1.005074776060743691e+00 9.497311998313770487e-02
6.967500000000535465e+01 1.004975935771834861e+00 9.411489024989913577e-02
6.982499999999456008e+01 1.006539243965381525e+00 9.453187276275008821e-02
6.997499999998697717e+01 1.004873842258690031e+00 9.566148978063976349e-02
7.012500000000000000e+01 1.007352102366840363e+00 9.515675410333185313e-02
7.027500000001306546e+01 1.005316422430156731e+00 9.433258407544184432e-02
7.042500000000579519e+01 1.007501150900684372e+00 9.419998526458514543e-02
7.057499999999413376e+01 1.007045732781608249e+00 9.494519534173778696e-02
7.072499999998686349e+01 1.005140077354606420e+00 9.430392963318615096e-02
7.087500000000000000e+01 1.007604851619997799e+00 9.343941240603624576e-02
7.102500000001316494e+01 1.006089255114655634e+00 9.495670044585625968e-02
7.117500000000620730e+01 1.006572323751990572e+00 9.259301150054445595e-02
7.132499999999369322e+01 1.006211772264664628e+00 9.311698920554009606e-02
7.147499999998676401e+01 1.006708385320458365e+00 9.398262390654330001e-02
7.162500000000000000e+01 1.006229711814509153e+00 9.388887392363488849e-02
7.177500000001327862e+01 1.005073480903180050e+00 9.470904878673520877e-02
7.192500000000663363e+01 1.005632281094442249e+00 9.298704825996678691e-02
7.207499999999328111e+01 1.008065459068313796e+00 9.247945959923593862e-02
7.222499999998666453e+01 1.007835968620308664e+00 9.279036635668479194e-02
7.237500000000000000e+01 1.007039456985781456e+00 9.239229886773035749e-02
7.252500000001337810e+01 1.006720304894966223e+00 9.352102070891858687e-02
7.267500000000704574e+01 1.006051331238940749e+00 9.298737414429714132e-02
7.282499999999286899e+01 1.005722582763166617e+00 9.234929181551042310e-02
7.297499999998655085e+01 1.008934345230346530e+00 9.274791923876124500e-02
7.312500000000000000e+01 1.005878830039944161e+00 9.262748727032815710e-02
7.327500000001347757e+01 1.006672730673880967e+00 9.260564179656560757e-02
7.342500000000745786e+01 1.006954043694105128e+00 9.177329424193352014e-02
7.357499999999247109e+01 1.007201746461499958e+00 9.277752140274510284e-02
7.372499999998646558e+01 1.007636856330791808e+00 9.401811534325356379e-02
7.387500000000000000e+01 1.007374223834994309e+00 9.138444758194157191e-02
7.402500000001359126e+01 1.007156808990929742e+00 9.176663255108068185e-02
7.417500000000785576e+01 1.005351427460593472e+00 9.136376962365333476e-02
7.432499999999207319e+01 1.006920808431728487e+00 9.047415151913563991e-02
7.447499999998635190e+01 1.007103130889120512e+00 9.171826807395985770e-02
7.462500000000000000e+01 1.006578894204592789e+00 9.274546845142804530e-02
7.477500000001367653e+01 1.006492183841932953e+00 9.098891835111801163e-02
7.492500000000823945e+01 1.005011565186058942e+00 9.154599223628673288e-02
7.507499999999168949e+01 1.008010999297334731e+00 9.125729902470625099e-02
7.522499999998626663e+01 1.008019712124709866e+00 8.985031215359792767e-02
7.537500000000000000e+01 1.004576069760498624e+00 9.106778197508644257e-02
7.552500000001377600e+01 1.006677989870685463e+00 9.085029699803846837e-02
7.567500000000862315e+01 1.007063057735549716e+00 9.093315900458161238e-02
7.582499999999130580e+01 1.005286371628667075e+00 9.183262284398231723e-02
7.597499999998616715e+01 1.005239984263784914e+00 9.106448110177989275e-02
7.612500000000000000e+01 1.005121120029843107e+00 9.078053508186620379e-02
7.627500000001386127e+01 1.005147756877554199e+00 9.031154589379523923e-02
7.642500000000899263e+01 1.007096324456745018e+00 9.145212675882985476e-02
7.657499999999093632e+01 1.003882471000979271e+00 9.102279375715302545e-02
7.672499999998608189e+01 1.006392794312414685e+00 9.003480581868346377e-02
7.687500000000000000e+01 1.006175543237489922e+00 9.103494558745510445e-02
7.702500000001396074e+01 1.007350470305859558e+00 8.965445376152766932e-02
7.717500000000934790e+01 1.006809682379917303e+00 9.004994672495189589e-02
7.732499999999058105e+01 1.005071204542774099e+00 9.067018574361251915e-02
7.747499999998598241e+01 1.005710861241524423e+00 8.998245031805048033e-02
7.762500000000000000e+01 1.005488120002782981e+00 8.942164222486354008e-02
7.777500000001404601e+01 1.005713151162391350e+00 8.972627363787069599e-02
7.792500000000971738e+01 1.005918764053645997e+00 8.852702611575417879e-02
7.807499999999021156e+01 1.006156594182421982e+00 8.807272026852987212e-02
7.822499999998589715e+01 1.007090157361980598e+00 9.059620415884041267e-02
7.837500000000000000e+01 1.006456296892435320e+00 8.995764858733071301e-02
7.852500000001413127e+01 1.006506835071056427e+00 8.916418046870874803e-02
7.867500000001005844e+01 1.005212604223325812e+00 8.968535975859266707e-02
7.882499999998987050e+01 1.006234153018607413e+00 8.962858755528156640e-02
7.897499999998581188e+01 1.004853034177685123e+00 8.961631902469639754e-02
7.912500000000000000e+01 1.004401801755535839e+00 8.793722869778552997e-02
7.927500000001423075e+01 1.004000641984097886e+00 8.846145616869860451e-02
7.942500000001041371e+01 1.006082741125821967e+00 8.862570098464973845e-02
7.957499999998951523e+01 1.005561443054072912e+00 8.783523417053702709e-02
7.972499999998572662e+01 1.005369290294894302e+00 8.721053704231106207e-02
7.987500000000000000e+01 1.006335409596364805e+00 8.774495630570619542e-02
8.002500000001430180e+01 1.004849694011028305e+00 8.813202243767349897e-02
8.017500000001075477e+01 1.004478854431780199e+00 8.886660454692241196e-02
8.032499999998918838e+01 1.003176653404375340e+00 8.799327589309412223e-02
8.047499999998564135e+01 1.004078734850269994e+00 8.825504057142770364e-02
8.062500000000000000e+01 1.004903398304986206e+00 8.815431994857547693e-02
8.077500000001438707e+01 1.004029418664882600e+00 8.714930290937281110e-02
8.092500000001108162e+01 1.002708190829182611e+00 8.763052917490592175e-02
8.107499999998886153e+01 1.003694394030794745e+00 8.837131210285655014e-02
8.122499999998557030e+01 1.003937168478757025e+00 8.689240197151756884e-02
8.137500000000000000e+01 1.004318853859349270e+00 8.771122592695945741e-02
8.152500000001447233e+01 1.003299021559968862e+00 8.713378350722129906e-02
8.167500000001139426e+01 1.003120998514198670e+00 8.764184162258084609e-02
8.182499999998853468e+01 1.003913815117053465e+00 8.745639005014643752e-02
8.197499999998548503e+01 1.003706948670078702e+00 8.727295797127476717e-02
8.212500000000000000e+01 1.003092138530464972e+00 8.641142341550725470e-02
8.227500000001455760e+01 1.002479570178091306e+00 8.743090016769301809e-02
8.242500000001172111e+01 1.003227366733844494e+00 8.657909538617740430e-02
8.257499999998822204e+01 1.003900895226339296e+00 8.685444961339605641e-02
8.272499999998539977e+01 1.002840388900571034e+00 8.670897435663704744e-02
8.287500000000000000e+01 1.001652513409305056e+00 8.756404444221525807e-02
8.302500000001462865e+01 1.001862674107199869e+00 8.620065758724680671e-02
8.317500000001203375e+01 1.003690770759938733e+00 8.603918422930362242e-02
8.332499999998789519e+01 1.003013182315494856e+00 8.630282999597457816e-02
8.347499999998531450e+01 1.002814663440646292e+00 8.538677671854766338e-02
8.362500000000000000e+01 1.002403394874847864e+00 8.628351518625551608e-02
8.377500000001469971e+01 1.002821158456443706e+00 8.682533561501724895e-02
8.392500000001234639e+01 1.001293181720620984e+00 8.489002245243650047e-02
8.407499999998758256e+01 1.002648929928980692e+00 8.565768643560349449e-02
8.422499999998524345e+01 1.002169990482330686e+00 8.598336576906487339e-02
8.437500000000000000e+01 1.001865581210261924e+00 8.569934022976637145e-02
8.452500000001478497e+01 1.001647025402998548e+00 8.623782983499446442e-02
8.467500000001264482e+01 1.000535507677422942e+00 8.539459028850002187e-02
8.482499999998728413e+01 1.000169655245673361e+00 8.559757828484768072e-02
8.497499999998517239e+01 1.002338516191755069e+00 8.590986959373662912e-02
8.512500000000000000e+01 1.001743354414027953e+00 8.515397403984330260e-02
8.527500000001485603e+01 1.002735751856677515e+00 8.508423643906694311e-02
8.542500000001294325e+01 1.001431210812271599e+00 8.468417488959549544e-02
8.557499999998699991e+01 1.001330679894484099e+00 8.593970531009569036e-02
8.572499999998510134e+01 1.002690329361757282e+00 8.581462241858968387e-02
8.587500000000000000e+01 1.000449242012247941e+00 8.699949558677715078e-02
8.602500000001494129e+01 1.001199972378638225e+00 8.563610521121842178e-02
8.617500000001324167e+01 1.000825565790890659e+00 8.603635682154174569e-02
8.632499999998670148e+01 9.986634755072101299e-01 8.439084443994003537e-02
8.647499999998503029e+01 9.999127458969634397e-01 8.439825706389253446e-02
8.662500000000000000e+01 9.996194264119506734e-01 8.486347279320623216e-02
8.677500000001501235e+01 9.981580335393464010e-01 8.423237493913184049e-02
8.692500000001352589e+01 1.000891277774339727e+00 8.408005879206389976e-02
8.707499999998641727e+01 9.995128538049049549e-01 8.444502211311775974e-02
8.722499999998494502e+01 9.991119871600459001e-01 8.480307993187560789e-02
8.737500000000000000e+01 9.997591768132418899e-01 8.411919636064776884e-02
8.752500000001508340e+01 9.992357428425368004e-01 8.443482125864415488e-02
8.767500000001381011e+01 9.986560305207172750e-01 8.402633716136431730e-02
8.782499999998613305e+01 9.999261886717273340e-01 8.380051618669337454e-02
8.797499999998487397e+01 9.990672070736468235e-01 8.448450137066168542e-02
8.812500000000000000e+01 9.999664465307984695e-01 8.439585481436255587e-02
8.827500000001514024e+01 9.979632299396787865e-01 8.340398598936712982e-02
8.842500000001409433e+01 9.999588059124689954e-01 8.312647208615511762e-02
8.857499999998586304e+01 1.000743394801172803e+00 8.422937546752708171e-02
8.872499999998480291e+01 9.990543546182744095e-01 8.362706037013589722e-02
8.887500000000000000e+01 9.976425907838868401e-01 8.466047654044617232e-02
8.902500000001521130e+01 9.990964373960657952e-01 8.322856241306260394e-02
8.917500000001436433e+01 9.980319079266818383e-01 8.346927427883032991e-02
8.932499999998557882e+01 1.000091701640770436e+00 8.320029255222131936e-02
8.947499999998473186e+01 9.994870924308215665e-01 8.266105678482510433e-02
8.962500000000000000e+01 9.983276682972456184e-01 8.359340120943764552e-02
8.977500000001528235e+01 9.985135800069431244e-01 8.270535450943809763e-02
8.992500000001462013e+01 9.987191415825960039e-01 8.251753688947106868e-02
9.007499999998532303e+01 9.991780193944179711e-01 8.298794786636951026e-02
9.022499999998467501e+01 9.975057292433139322e-01 8.294680669576835752e-02
9.037500000000000000e+01 9.993595516661367695e-01 8.313485483070509607e-02
9.052500000001533920e+01 9.979806520460345887e-01 8.206754215979268630e-02
9.067500000001489013e+01 9.979192110807294513e-01 8.269312905406925318e-02
9.082499999998505302e+01 9.986828875663251726e-01 8.284800950071101455e-02
9.097499999998460396e+01 9.979779531233193834e-01 8.398526991082054527e-02
9.112500000000000000e+01 9.959985862072364693e-01 8.271384278240767607e-02
9.127500000001541025e+01 9.967561449313886435e-01 8.194447519686007264e-02
9.142500000001514593e+01 9.977807180803585085e-01 8.134588177667606557e-02
9.157499999998479723e+01 9.976728486063225487e-01 8.131568288443422055e-02
9.172499999998454712e+01 9.963490094651776818e-01 8.211310671384315640e-02
9.187500000000000000e+01 9.979774235263046966e-01 8.169582764619826021e-02
9.202500000001548131e+01 9.961335286765625741e-01 8.269290716087807080e-02
9.217500000001541594e+01 9.972141957141791302e-01 8.191323895678430389e-02
9.232499999998454143e+01 9.960481192222333524e-01 8.148855450211733853e-02
9.247499999998447606e+01 9.979566853536866455e-01 8.094842811820061879e-02
9.262500000000000000e+01 9.970089760360405506e-01 8.221396237046149635e-02
9.277500000001553815e+01 9.966632382673579205e-01 8.200738358256101646e-02
9.292500000001565752e+01 9.978459346488757209e-01 8.141927079892351260e-02
9.307499999998428564e+01 9.979834864579872900e-01 8.213387157634549629e-02
9.322499999998441922e+01 9.972373591460951259e-01 8.216341374372493345e-02
9.337500000000000000e+01 9.962876472040208542e-01 8.127963676060905029e-02
9.352500000001559499e+01 9.974566378742028006e-01 8.200331001157649957e-02
9.367500000001591332e+01 9.973845839390071966e-01 8.166385242351688334e-02
9.382499999998402984e+01 9.955535643407620316e-01 8.130195229244761845e-02
9.397499999998436238e+01 9.956499828725877688e-01 8.144506378995888807e-02
9.412500000000000000e+01 9.959951758599133731e-01 8.193933057496745331e-02
9.427500000001566605e+01 9.954678712162194909e-01 8.187780674888811561e-02
9.442500000001615490e+01 9.959473853345627292e-01 8.086290547439017873e-02
9.457499999998380247e+01 9.941876629487284012e-01 8.136743674629638712e-02
9.472499999998429132e+01 9.955415806641988441e-01 8.179665088507676041e-02
9.487500000000000000e+01 9.949746028577743928e-01 8.082925663759979451e-02
9.502500000001572289e+01 9.956847000147517335e-01 8.043742704651406228e-02
9.517500000001639648e+01 9.961264126927887874e-01 8.049913933874672245e-02
9.532499999998356088e+01 9.937848397935198363e-01 8.091985694315764754e-02
9.547499999998423448e+01 9.973361595186254203e-01 8.149919078584046128e-02
9.562500000000000000e+01 9.966827347601722176e-01 8.052300780241657130e-02
9.577500000001577973e+01 9.952247946432446479e-01 7.963698573659989954e-02
9.592500000001662386e+01 9.968871225593298746e-01 8.067601468740867587e-02
9.607499999998331930e+01 9.933555945441758794e-01 8.033926863551059394e-02
9.622499999998417763e+01 9.942220083240002060e-01 8.044822089487455030e-02
9.637500000000000000e+01 9.946891939719156861e-01 7.994512701692081669e-02
9.652500000001585079e+01 9.956491700720906390e-01 8.127092702016404380e-02
9.667500000001686544e+01 9.949384927180116023e-01 7.972027361888045505e-02
9.682499999998309193e+01 9.945072078845385022e-01 8.061016415153693382e-02
9.697499999998412079e+01 9.941135538978387309e-01 7.944092448719976274e-02
9.712500000000000000e+01 9.938511936114295953e-01 7.949011536240825626e-02
9.727500000001590763e+01 9.937259812049069607e-01 7.991013914491747194e-02
9.742500000001709282e+01 9.938779281601789473e-01 7.805988492694274083e-02
9.757499999998287876e+01 9.940519538457531779e-01 7.927043051865301226e-02
9.772499999998406395e+01 9.941829954320083873e-01 7.961439362913121098e-02
9.787500000000000000e+01 9.937979534881747901e-01 7.853374471618226882e-02
9.802500000001595026e+01 9.937385429171126106e-01 7.881725268853352617e-02
9.817500000001732019e+01 9.927893918090304748e-01 7.873687955493834101e-02
9.832499999998263718e+01 9.933345185910636976e-01 7.912857254688354658e-02
9.847499999998402131e+01 9.933373604276793944e-01 7.927722007772239343e-02
9.862500000000000000e+01 9.938538658863622643e-01 7.826943577094069848e-02
9.877500000001600711e+01 9.934881043388353872e-01 7.900675862338546462e-02
9.892500000001753335e+01 9.937880571746922076e-01 7.843267002749786110e-02
9.907499999998242401e+01 9.941625972345863316e-01 7.902132741943494743e-02
9.922499999998395026e+01 9.943066935457163247e-01 7.855955335861591893e-02
9.937500000000000000e+01 9.918330673097461858e-01 7.858223868250618915e-02
9.952500000001606395e+01 9.940896083386134841e-01 7.823334324490001379e-02
9.967500000001776073e+01 9.919680597883487883e-01 7.901311940281187385e-02
9.982499999998221085e+01 9.926548267434126549e-01 7.941403078207910637e-02
9.997499999998389342e+01 9.924668908129221645e-01 7.962828249818978965e-02
1.001250000000000000e+02 9.944132836801948816e-01 7.804154162431128916e-02
1.002750000000161208e+02 9.921253005700986227e-01 7.826363953315690347e-02
1.004250000000179597e+02 9.924403335579989882e-01 7.820603264803065169e-02
1.005749999999819835e+02 9.914645217955702083e-01 7.785181287094235236e-02
1.007249999999838508e+02 9.919774159121963475e-01 7.861335618140473380e-02
1.008750000000000000e+02 9.932514534628613667e-01 7.848044244979232587e-02
1.010250000000161776e+02 9.922053678769781060e-01 7.780058497336839185e-02
1.011750000000181871e+02 9.899571633252358671e-01 7.776655329225481972e-02
1.013249999999817845e+02 9.717781446930129352e-01 7.778449594074318685e-02
1.014749999999837939e+02 9.505855462737514694e-01 7.640782759041137018e-02
1.016250000000000000e+02 9.418409096543522985e-01 7.617526657389696310e-02
1.017750000000162345e+02 9.290144892847747027e-01 7.527549892100579565e-02
1.019250000000184002e+02 9.203304199774113847e-01 7.484155429847208496e-02
1.020749999999815714e+02 9.135801452950195189e-01 7.442530992926627009e-02
1.022249999999837513e+02 9.068423022626423968e-01 7.342591235541055805e-02
1.023750000000000000e+02 8.992130785822481931e-01 7.328155986278817036e-02
1.025250000000162771e+02 8.948995776617502118e-01 7.308605616845006980e-02
1.026750000000185992e+02 8.898910094028651407e-01 7.324081659851540416e-02
1.028249999999813582e+02 8.840877208277544419e-01 7.300121308572780909e-02
1.029749999999836945e+02 8.783690922541370627e-01 7.277042812728064247e-02
1.031250000000000000e+02 8.732790382846208344e-01 7.257712651463175957e-02
1.032750000000163340e+02 8.698470316363836607e-01 7.320987387450945960e-02
1.034250000000187981e+02 8.656762534324603520e-01 7.174019798268228831e-02
1.035749999999811592e+02 8.589287228890067905e-01 7.155631142111300302e-02
1.037249999999836376e+02 8.569903337403815824e-01 7.146936607419651644e-02
1.038750000000000000e+02 8.520151007060242643e-01 7.119832863848521431e-02
1.040250000000163766e+02 8.483037579843032416e-01 7.158904279922738423e-02
1.041750000000189971e+02 8.461838992447757724e-01 7.095521969831405928e-02
1.043249999999809603e+02 8.402931278704720564e-01 7.018177904170896930e-02
1.044749999999835950e+02 8.371680954503142313e-01 7.064572056953739854e-02
1.046250000000000000e+02 8.340892709549636574e-01 6.937499968046990928e-02
1.047750000000164334e+02 8.302549866436284010e-01 7.023468434646333580e-02
1.049250000000191818e+02 8.261543076384256779e-01 7.069907459420227136e-02
1.050749999999807613e+02 8.244347646069967173e-01 7.023461284019119621e-02
1.052249999999839503e+02 8.209842637596134196e-01 6.979248077635230585e-02
1.053750000000000000e+02 8.175907088233514974e-01 6.976918311936917971e-02
1.055250000000157229e+02 8.123359011175382838e-01 6.937894837223233802e-02
1.056750000000193808e+02 8.114481115046325854e-01 6.825549137102485120e-02
1.058249999999805766e+02 8.075259728049014596e-01 6.896862220796078080e-02
1.059749999999847319e+02 8.043331923691320329e-01 6.841705381265514307e-02
1.061250000000000000e+02 8.027977273553652537e-01 6.814406156166506745e-02
1.062750000000149555e+02 8.000210347640864805e-01 6.769182490753378190e-02
1.064250000000195797e+02 7.977045699868984263e-01 6.789039020122517032e-02
1.065749999999803919e+02 7.938818655622406073e-01 6.842090954984879347e-02
1.067249999999854850e+02 7.905281028630255502e-01 6.765243727940012386e-02
1.068750000000000000e+02 7.910453147355538395e-01 6.756562930591901439e-02
1.070250000000141881e+02 7.863136376451033138e-01 6.740633619066878357e-02
1.071750000000197645e+02 7.832777830554815690e-01 6.704379251582856525e-02
1.073249999999802071e+02 7.803979979090879260e-01 6.810081872638669431e-02
1.074749999999862524e+02 7.790099683565233635e-01 6.640179718863024882e-02
1.076250000000000000e+02 7.754970686589423012e-01 6.724495151513552871e-02
1.077750000000134492e+02 7.744095759493405673e-01 6.621719523664645890e-02
1.079250000000199492e+02 7.712826544223169156e-01 6.659466129982465066e-02
1.080749999999800224e+02 7.686965626091035730e-01 6.715965954132115112e-02
1.082249999999869914e+02 7.659962567521222399e-01 6.545013509484409742e-02
1.083750000000000000e+02 7.639431377863284967e-01 6.595811676918805766e-02
1.085250000000127244e+02 7.624001540116926989e-01 6.680399197566551373e-02
1.086750000000201481e+02 7.596364344454025197e-01 6.629519144469418757e-02
1.088249999999798376e+02 7.573585669132733011e-01 6.576322470015098787e-02
1.089749999999877161e+02 7.549571943740168711e-01 6.524110668943079727e-02
1.091250000000000000e+02 7.527467398762457407e-01 6.540947297152106821e-02
1.092750000000119854e+02 7.502190926784193525e-01 6.489234508357698272e-02
1.094250000000203045e+02 7.492797243632542958e-01 6.583907613330527986e-02
1.095749999999796529e+02 7.476838349847734211e-01 6.462886137434833977e-02
1.097249999999884409e+02 7.461324076633274460e-01 6.454941931201446659e-02
1.098750000000000000e+02 7.434290893886045248e-01 6.422185906199566474e-02
1.100250000000112749e+02 7.418311364587465428e-01 6.463788933844431817e-02
1.101750000000204892e+02 7.390115318963713653e-01 6.357783640278442949e-02
1.103249999999794682e+02 7.365123727297490097e-01 6.421426248820094607e-02
1.104749999999891372e+02 7.362309397487684093e-01 6.451463888120870238e-02
1.106250000000000000e+02 7.330735821424358978e-01 6.436054602729372742e-02
1.107750000000105643e+02 7.306130425653826199e-01 6.425699549277975875e-02
1.109250000000206740e+02 7.298335842922809569e-01 6.343307579831784782e-02
1.110749999999792976e+02 7.267208583215603035e-01 6.321513150279477189e-02
1.112249999999898620e+02 7.262352640412808036e-01 6.385657220357159047e-02
1.113750000000000000e+02 7.233378068992201149e-01 6.408719715801691752e-02
1.115250000000098822e+02 7.223063111370356948e-01 6.263277533477458470e-02
1.116750000000208445e+02 7.189553236039620820e-01 6.293623793456494531e-02
1.118249999999791129e+02 7.181280779977787798e-01 6.266795973861156999e-02
1.119749999999905299e+02 7.160844047490437791e-01 6.326848405023367816e-02
1.121250000000000000e+02 7.141521486636216443e-01 6.264082208016258368e-02
1.122750000000091859e+02 7.133111229401526421e-01 6.252503753323730706e-02
1.124250000000210008e+02 7.118730059766222862e-01 6.294403173381894756e-02
1.125749999999789566e+02 7.092405309837381822e-01 6.256486409159436879e-02
1.127249999999912120e+02 7.076521861720990181e-01 6.189381370328392307e-02
1.128750000000000000e+02 7.058954385379452301e-01 6.272538130601496009e-02
1.130250000000085180e+02 7.042150924684508206e-01 6.231869963824227671e-02
1.131750000000211855e+02 7.022626230420201399e-01 6.223271939092053784e-02
1.133249999999787860e+02 7.028938506509031514e-01 6.191804482517611341e-02
1.134749999999919083e+02 6.981992425187910634e-01 6.105230315965669979e-02
1.136250000000000000e+02 6.983739243679968345e-01 6.198863300854148134e-02
1.137750000000078359e+02 6.966129209744776896e-01 6.135248767531843034e-02
1.139250000000213561e+02 6.952582073146647001e-01 6.236929387163901717e-02
1.140749999999786297e+02 6.932172106743325068e-01 6.109804007013502208e-02
1.142249999999925620e+02 6.912487076063887903e-01 6.146884619316821813e-02
1.143750000000000000e+02 6.908142151281858601e-01 6.145831048500349086e-02
1.145250000000071680e+02 6.879753391977669885e-01 6.076180949856767322e-02
1.146750000000215124e+02 6.874081408673283766e-01 6.078287523325213298e-02
1.148249999999784308e+02 6.864368039857392523e-01 6.182100846766101776e-02
1.149749999999932157e+02 6.841362845319270969e-01 6.105598079435349546e-02
1.151250000000000000e+02 6.833699287857836202e-01 6.059363790838023789e-02
1.152750000000065285e+02 6.807500505727633877e-01 6.003621664269345043e-02
1.154250000000216829e+02 6.800064237351670648e-01 6.021728832507981799e-02
1.155749999999783029e+02 6.786931472968437129e-01 6.062633749486773943e-02
1.157249999999938694e+02 6.761726187397988364e-01 6.040770034176573544e-02
1.158750000000000000e+02 6.745221736188117267e-01 5.956643848261834046e-02
1.160250000000058748e+02 6.737498137625521633e-01 6.026168334982462405e-02
1.161750000000218392e+02 6.729940563265005560e-01 5.999148208276371130e-02
1.163249999999781323e+02 6.705976222674527865e-01 6.008269530461361752e-02
1.164749999999945089e+02 6.693681295625604211e-01 5.993807278234596081e-02
1.166250000000000000e+02 6.681267090106718376e-01 5.909546605516831363e-02
1.167750000000052495e+02 6.672135838494868132e-01 5.884551069636845960e-02
1.169250000000220098e+02 6.660243430401034948e-01 5.922321587079952543e-02
1.170749999999779760e+02 6.633622777050766084e-01 5.983958544833013760e-02
1.172249999999951484e+02 6.615204236991563125e-01 5.940714515543017715e-02
1.173750000000000000e+02 6.601946833545563331e-01 5.930372151249449497e-02
1.175250000000046242e+02 6.589595028577163172e-01 5.876020406045838473e-02
1.176750000000221377e+02 6.580933561986622715e-01 5.940207516809118543e-02
1.178249999999778055e+02 6.558733633555596798e-01 5.901390000687223303e-02
1.179749999999957453e+02 6.543958508259443141e-01 5.895984622470196862e-02
1.181250000000000000e+02 6.544971176341251029e-01 5.888626790478088818e-02
1.182750000000039989e+02 6.517220345895646805e-01 5.769387782029258144e-02
1.184250000000223082e+02 6.522961504144539902e-01 5.857707951871460317e-02
1.185749999999776634e+02 6.485820217887097172e-01 5.842820399778092533e-02
1.187249999999963705e+02 6.479436475685436125e-01 5.853141935475735663e-02
1.188750000000000000e+02 6.470419823559903083e-01 5.750629027415646993e-02
1.190250000000033879e+02 6.465470992219969348e-01 5.754817037494339843e-02
1.191750000000224645e+02 6.455661298898923706e-01 5.754230072788098921e-02
1.193249999999775071e+02 6.432939225818923301e-01 5.737463501636869828e-02
1.194749999999969816e+02 6.418912625364973090e-01 5.759182411706643273e-02
1.196250000000000000e+02 6.405630533923315495e-01 5.691737148295789028e-02
1.197750000000027910e+02 6.396947239720240930e-01 5.699606436244501750e-02
1.199250000000226066e+02 6.374758203844309579e-01 5.744952770440957257e-02
1.200749999999773650e+02 6.366224159235381874e-01 5.712469582255918360e-02
1.202249999999975927e+02 6.364905265822151659e-01 5.773162522480545372e-02
1.203750000000000000e+02 6.352431146597443679e-01 5.575999244100144497e-02
1.205250000000021799e+02 6.355294335846182197e-01 5.769575853234373136e-02
1.206750000000227772e+02 6.325992527140377186e-01 5.655085739721136401e-02
1.208249999999772086e+02 6.315340282770998126e-01 5.727472263601583735e-02
1.209749999999981753e+02 6.303425925544382524e-01 5.711203807013984918e-02
1.211250000000000000e+02 6.291504752835990200e-01 5.703836479351170191e-02
1.212750000000015973e+02 6.273683914319880817e-01 5.612092856246525541e-02
1.214250000000229193e+02 6.270297568366025587e-01 5.668230114309483897e-02
1.215749999999770665e+02 6.259655673883367522e-01 5.588024087417936547e-02
1.217249999999987580e+02 6.244738671686254072e-01 5.626059619835546005e-02
1.218750000000000000e+02 6.228661891718646482e-01 5.668766672840135773e-02
1.220250000000010147e+02 6.221571876882915353e-01 5.609911421773185192e-02
1.221750000000230472e+02 6.197372735198071192e-01 5.668971544981141891e-02
1.223249999999769244e+02 6.195199346550710473e-01 5.584799140211487573e-02
1.224749999999993406e+02 6.179631506249302353e-01 5.582850552907141217e-02
1.226250000000000000e+02 6.165788130572852355e-01 5.573664425168253778e-02
1.227750000000004320e+02 6.170444643232586568e-01 5.616671015749816198e-02
1.229250000000231893e+02 6.143530750928409834e-01 5.560647514420903603e-02
1.230749999999767681e+02 6.136513052418939296e-01 5.622968966209652975e-02
1.232249999999999233e+02 6.129262499235661465e-01 5.571019706019044587e-02
1.233750000000000000e+02 6.116354181252745548e-01 5.586005303411976930e-02
1.235249999999998494e+02 6.101757326095231804e-01 5.513154163785382450e-02
1.236750000000233314e+02 6.100780737632857109e-01 5.515230001679274907e-02
1.238249999999766402e+02 6.091989328656798319e-01 5.487861907187759070e-02
1.239750000000004775e+02 6.075406395168104767e-01 5.488888604814280703e-02
1.241250000000000000e+02 6.050999418465929924e-01 5.438758670288492553e-02
1.242749999999992951e+02 6.056936955400368250e-01 5.447698102985840812e-02
1.244250000000234735e+02 6.031257258449126413e-01 5.543666659061167318e-02
1.245749999999764839e+02 6.030211157004804479e-01 5.487831173805563650e-02
1.247250000000010317e+02 6.012728831345938163e-01 5.461910482871978889e-02
1.248750000000000000e+02 6.010016272561066186e-01 5.501964466194382564e-02
1.250249999999987551e+02 5.994822224596197957e-01 5.367866335392351002e-02
1.251750000000236156e+02 5.981763515661798758e-01 5.407085623376408495e-02
1.253249999999763702e+02 5.976720487623958800e-01 5.417220786011679723e-02
1.254750000000015859e+02 5.974279348075189899e-01 5.439379811463014580e-02
1.256250000000000000e+02 5.956013397380947039e-01 5.444328961601650058e-02
1.257749999999982009e+02 5.934987475676485325e-01 5.442127879645109606e-02
1.259250000000237577e+02 5.936647840414500665e-01 5.336619538285151954e-02
1.260749999999762281e+02 5.924434580625498326e-01 5.409581240465381052e-02
1.262250000000021259e+02 5.906020893618433298e-01 5.400008284527565983e-02
1.263750000000000000e+02 5.900731669449960082e-01 5.268334083062320428e-02
1.265249999999976609e+02 5.875842218426221564e-01 5.393347408779403107e-02
1.266750000000238856e+02 5.631735845241941929e-01 5.253311242608285636e-02
1.268249999999760860e+02 5.471091408177435333e-01 5.171098420684934471e-02
1.269750000000026660e+02 5.364733842079797421e-01 5.128780598371624616e-02
1.271250000000000000e+02 5.269035074215354664e-01 5.107206330792529725e-02
1.272749999999971209e+02 5.186811871325914813e-01 5.039343447577572521e-02
1.274250000000240277e+02 5.108743195343992127e-01 5.023768739598774569e-02
1.275749999999759439e+02 5.037440422105815552e-01 4.930267235176379048e-02
1.277250000000031918e+02 4.971580543647214911e-01 4.935951833048630999e-02
1.278750000000000000e+02 4.907403841973138614e-01 4.932500075013183244e-02
1.280249999999965951e+02 4.853628703734711447e-01 4.841091635173380009e-02
1.281750000000241414e+02 4.795482623408259815e-01 4.878394170199887997e-02
1.283249999999758018e+02 4.739054561096150975e-01 4.766202912178904572e-02
1.284750000000037176e+02 4.685620300670350069e-01 4.759474869813674902e-02
1.286250000000000000e+02 4.631958828265658745e-01 4.695657927911860152e-02
1.287749999999960835e+02 4.592870052400163661e-01 4.703708308355323414e-02
1.289250000000242835e+02 4.540343288265030197e-01 4.688231774133704011e-02
1.290749999999756881e+02 4.492009619048145108e-01 4.624406133847789452e-02
1.292250000000042292e+02 4.455315784536771906e-01 4.706416783520587371e-02
1.293750000000000000e+02 4.400012152372841379e-01 4.582941553571344417e-02
1.295249999999955719e+02 4.361568761995243126e-01 4.552084152824272673e-02
1.296750000000243972e+02 4.314664027903396537e-01 4.504519228821043941e-02
1.298249999999755460e+02 4.274355288804206898e-01 4.529702869140649069e-02
1.299750000000047692e+02 4.233443216632435946e-01 4.389663769761506518e-02
1.301250000000000000e+02 4.192601314560437387e-01 4.469673569029893739e-02
1.302749999999950319e+02 4.153107905420239110e-01 4.416607319068599491e-02
1.304250000000245393e+02 4.112943900306346712e-01 4.387618412929456674e-02
1.305749999999754323e+02 4.079693170992247930e-01 4.389242102522572520e-02
1.307250000000052523e+02 4.036335053236027592e-01 4.386726513117085446e-02
1.308750000000000000e+02 4.010236210350001107e-01 4.340955479466761940e-02
1.310249999999945487e+02 3.958474769022393702e-01 4.292942306307220846e-02
1.311750000000246530e+02 3.934129858691521875e-01 4.275475418838614594e-02
1.313249999999753186e+02 3.896946544012304114e-01 4.241322333207522138e-02
1.314750000000057639e+02 3.865584959519187680e-01 4.272693419529902115e-02
1.316250000000000000e+02 3.824242869952959034e-01 4.273215313328532911e-02
1.317749999999940655e+02 3.797218604151993970e-01 4.230506495737297590e-02
1.319250000000247951e+02 3.761918038796541186e-01 4.203562588331290206e-02
1.320749999999751765e+02 3.721576951585399140e-01 4.252714547978152931e-02
1.322250000000062471e+02 3.695654805160471512e-01 4.173866361650653556e-02
1.323750000000000000e+02 3.657351032549910341e-01 4.111240840036981675e-02
1.325249999999935540e+02 3.626219801528698383e-01 4.097113279074621889e-02
1.326750000000249088e+02 3.601023985284288464e-01 4.160413016847862300e-02
1.328249999999750628e+02 3.575960790945619250e-01 4.077410764463796494e-02
1.329750000000067303e+02 3.536428655358053730e-01 4.061046383940732085e-02
1.331250000000000000e+02 3.505932817418775382e-01 4.020040220219595062e-02
1.332749999999930424e+02 3.472350507778366735e-01 3.974052973586794657e-02
1.334250000000250225e+02 3.441152031456004567e-01 3.990457603898828198e-02
1.335749999999749491e+02 3.419768875245918216e-01 3.976947719882575200e-02
1.337250000000072134e+02 3.388863881441543935e-01 3.963135384494909791e-02
1.338750000000000000e+02 3.365033131114665288e-01 3.951596391820322990e-02
1.340249999999925876e+02 3.335065216416178702e-01 3.909025599343042556e-02
1.341750000000251362e+02 3.296141892130423079e-01 3.883683456025643216e-02
1.343249999999748354e+02 3.276261358526607603e-01 3.913428894426562721e-02
1.344750000000077250e+02 3.244814750988992968e-01 3.833080604548213394e-02
1.346250000000000000e+02 3.213746365299093855e-01 3.854965948210420379e-02
1.347749999999921044e+02 3.186454761401978919e-01 3.831640284658519024e-02
1.349250000000252783e+02 3.152520264420302643e-01 3.818581825722507095e-02
1.350749999999746933e+02 3.134473124111087916e-01 3.801577228324758140e-02
1.352250000000081798e+02 3.103864859089234818e-01 3.758385093541449784e-02
1.353750000000000000e+02 3.079629631658118427e-01 3.744469518421483789e-02
1.355249999999916213e+02 3.055220795974039616e-01 3.776159774114942053e-02
1.356750000000253920e+02 3.030129326058143002e-01 3.691666629372379604e-02
1.358249999999746080e+02 3.005694867841223750e-01 3.644106881543086179e-02
1.359750000000086345e+02 2.970331205825672560e-01 3.652970051590662820e-02
1.361250000000000000e+02 2.949031671855565917e-01 3.667441670565878969e-02
1.362749999999911665e+02 2.924162947880554753e-01 3.616631365282908794e-02
1.364250000000255056e+02 2.896782658343026173e-01 3.647553478570592089e-02
1.365749999999744659e+02 2.874939147819400853e-01 3.605850582417594041e-02
1.367250000000091177e+02 2.848403888137109874e-01 3.603873320831394583e-02
1.368750000000000000e+02 2.825972452469809881e-01 3.509159435384753140e-02
1.370249999999907118e+02 2.805516710101742528e-01 3.585042035163483326e-02
1.371750000000256193e+02 2.775011371332130050e-01 3.493066143801148993e-02
1.373249999999743522e+02 2.749937012018902061e-01 3.522447509861342807e-02
1.374750000000095724e+02 2.724734486918584109e-01 3.491958077031986907e-02
1.376250000000000000e+02 2.702349996229467810e-01 3.443800996918444657e-02
1.377749999999902286e+02 2.682550791323604633e-01 3.474267250191573342e-02
1.379250000000257330e+02 2.651082728164564917e-01 3.475708683446161740e-02
1.380749999999742386e+02 2.629534036188860835e-01 3.411706100025689581e-02
1.382250000000100272e+02 2.606008574286174384e-01 3.401223753787947085e-02
1.383750000000000000e+02 2.590006279509960985e-01 3.380006626569910522e-02
1.385249999999898023e+02 2.560902780761885045e-01 3.393392222712295070e-02
1.386750000000258467e+02 2.534105840908207341e-01 3.365453548632967029e-02
1.388249999999741249e+02 2.516530721268707138e-01 3.325293544871732454e-02
1.389750000000104535e+02 2.496374875183374475e-01 3.295533298376072256e-02
1.391250000000000000e+02 2.474536668735717870e-01 3.286374397136305331e-02
1.392749999999893475e+02 2.447316368141095044e-01 3.300352060303731599e-02
1.394250000000259604e+02 2.431591789685321747e-01 3.259359288658480319e-02
1.395749999999740112e+02 2.403940256214818216e-01 3.263985885569715972e-02
1.397250000000109367e+02 2.386649568693959556e-01 3.254949377582759540e-02
1.398750000000000000e+02 2.358804463189127509e-01 3.207573963529708472e-02
1.400249999999889212e+02 2.342627112209890727e-01 3.231714940412033776e-02
1.401750000000260741e+02 2.317776417123187660e-01 3.178078699075390784e-02
1.403249999999738975e+02 2.297879124188166033e-01 3.180046224671208288e-02
1.404750000000113346e+02 2.274556630236169441e-01 3.142158658892763023e-02
1.406250000000000000e+02 2.251261542582888020e-01 3.093512761307012568e-02
1.407749999999884665e+02 2.237932659796373625e-01 3.157023286599830447e-02
1.409250000000261593e+02 2.215970528468276524e-01 3.123853962089265940e-02
1.410749999999738122e+02 2.190303641919012501e-01 3.087482503325849129e-02
1.412250000000117893e+02 2.169782858316152419e-01 3.093006663312316412e-02
1.413750000000000000e+02 2.147020397103118483e-01 3.072710697936536714e-02
1.415249999999880401e+02 2.134809736208455044e-01 3.059770290220279257e-02
1.416750000000263014e+02 2.109319733801233165e-01 3.011295605095710634e-02
1.418249999999736986e+02 2.092578944621408532e-01 2.999552258242073333e-02
1.419750000000122441e+02 2.068125981736922692e-01 2.977381605160532921e-02
1.421250000000000000e+02 2.052145070215725675e-01 2.954990880949810370e-02
1.422749999999876138e+02 2.032274818380982728e-01 2.954394387237398861e-02
1.424250000000264151e+02 2.009357193095034633e-01 2.960407779277484525e-02
1.425749999999735849e+02 1.993259306362667460e-01 2.965289336774971571e-02
1.427250000000126420e+02 1.974618971477476170e-01 2.919641620577700589e-02
1.428750000000000000e+02 1.955151117753781975e-01 2.883879306805485140e-02
1.430249999999871875e+02 1.931443691269223994e-01 2.895004359393858057e-02
1.431750000000265004e+02 1.911337502034202440e-01 2.865261805661559538e-02
1.433249999999734712e+02 1.895115069669735530e-01 2.872396776412311503e-02
1.434750000000130683e+02 1.876048316219053325e-01 2.852994188138512077e-02
1.436250000000000000e+02 1.854872620808500350e-01 2.840527593906518045e-02
1.437749999999867612e+02 1.841365431898871197e-01 2.817897259176946334e-02
1.439250000000266141e+02 1.816086256556215528e-01 2.820875099488181006e-02
1.440749999999733575e+02 1.803376135432690208e-01 2.791412351031168082e-02
1.442250000000134946e+02 1.779932294747711696e-01 2.772121786954753753e-02
1.443750000000000000e+02 1.760725308314904369e-01 2.738882852336103901e-02
1.445249999999863348e+02 1.746272569032789601e-01 2.693691227517854003e-02
1.446750000000266994e+02 1.726675442450581743e-01 2.718102863741511666e-02
1.448249999999732722e+02 1.711359137761456206e-01 2.700078261278142031e-02
1.449750000000139210e+02 1.691630580749292068e-01 2.694352028864403087e-02
1.451250000000000000e+02 1.668512593653111720e-01 2.661318308206044037e-02
1.452749999999859369e+02 1.651949559669042000e-01 2.659694132772028388e-02
1.454250000000268130e+02 1.634966868984133181e-01 2.616611872127291849e-02
1.455749999999731870e+02 1.619314482627952911e-01 2.592060069022682559e-02
1.457250000000142904e+02 1.599510472704247510e-01 2.590813428175049379e-02
1.458750000000000000e+02 1.584409321951509575e-01 2.579077616885174298e-02
1.460249999999855390e+02 1.570118288918338212e-01 2.536205587149539462e-02
1.461750000000269267e+02 1.548559544088342621e-01 2.576221197481836506e-02
1.463249999999730733e+02 1.531860319873298293e-01 2.508969431203521630e-02
1.464750000000146883e+02 1.514826258201742160e-01 2.505612441313686753e-02
1.466250000000000000e+02 1.495143531520817526e-01 2.512957603152562655e-02
1.467749999999851411e+02 1.477265379064116868e-01 2.503208315430189776e-02
1.469250000000270120e+02 1.460471845150947134e-01 2.487282533165708839e-02
1.470749999999729596e+02 1.439644048817997346e-01 2.443346864251709147e-02
1.472250000000150862e+02 1.425578569211575219e-01 2.427483010505613117e-02
1.473750000000000000e+02 1.410296355276183800e-01 2.410288188113356156e-02
1.475249999999847432e+02 1.394303871229554403e-01 2.423340302450633157e-02
1.476750000000270973e+02 1.378986575369220147e-01 2.382109585244593722e-02
1.478249999999728743e+02 1.359486662436668603e-01 2.359758145100512503e-02
1.479750000000154841e+02 1.343449896972697122e-01 2.345157920361779988e-02
1.481250000000000000e+02 1.325561559838520087e-01 2.341266544877640063e-02
1.482749999999843453e+02 1.305649229607150352e-01 2.337307905417463152e-02
1.484250000000272109e+02 1.294174718890769293e-01 2.320108381446555831e-02
1.485749999999727606e+02 1.273754703785136000e-01 2.306009344224151450e-02
1.487250000000158821e+02 1.261304304319575131e-01 2.273064983409969764e-02
1.488750000000000000e+02 1.245442300939179486e-01 2.315394689633917466e-02
1.490249999999839474e+02 1.226343486958367535e-01 2.273047387166131014e-02
1.491750000000273246e+02 1.212516237384215489e-01 2.240693902234740589e-02
1.493249999999726754e+02 1.194238116562859331e-01 2.236461294229940069e-02
1.494750000000162800e+02 1.176698921088270428e-01 2.206944648150569593e-02
1.496250000000000000e+02 1.158577371584409571e-01 2.182307575349520801e-02
1.497749999999835779e+02 1.144034059717350255e-01 2.175676021267699406e-02
1.499250000000274099e+02 1.131984987734636905e-01 2.161795806428843877e-02
1.500749999999725617e+02 1.117438691935120076e-01 2.139595860027238353e-02
1.502250000000166494e+02 1.099749942451160867e-01 2.133031704476895732e-02
1.503750000000000000e+02 1.082008705038077639e-01 2.115236213711946950e-02
1.505249999999831800e+02 1.066181892068765874e-01 2.077006394524080063e-02
1.506750000000274952e+02 1.052205384374323011e-01 2.082131505376190461e-02
1.508249999999724764e+02 1.034735227269025781e-01 2.066106558931436396e-02
1.509750000000170473e+02 1.022433078747526092e-01 2.057917269918729808e-02
1.511250000000000000e+02 1.005160244470970216e-01 2.043062064865515393e-02
1.512749999999828106e+02 9.876017297710579235e-02 2.015773436880525030e-02
1.514250000000275804e+02 9.750756649713893109e-02 2.007467281102021106e-02
1.515749999999723912e+02 9.542227862840903241e-02 1.986877423100690682e-02
1.517250000000174168e+02 9.420154768148886193e-02 1.985147329397612959e-02
1.518750000000000000e+02 9.284458548217049134e-02 1.926328486345664504e-02
1.520249999999824411e+02 9.105617847279680321e-02 1.937508520458799260e-02
1.521750000000276941e+02 8.967897014163049574e-02 1.934224409684132465e-02
1.523249999999722775e+02 8.794878212431372910e-02 1.897546235576560297e-02
1.524750000000177863e+02 8.661567783355320072e-02 1.834709687161039174e-02
1.526250000000000000e+02 8.543798086776978329e-02 1.850465580422185063e-02
1.527749999999820716e+02 8.360062112194428796e-02 1.844287723728712386e-02
1.529250000000277794e+02 8.189058187452631643e-02 1.841786944132450810e-02
1.530749999999721922e+02 8.107533714437574479e-02 1.829284092954926513e-02
1.532250000000181558e+02 7.906427947636004983e-02 1.818550965135672104e-02
1.533750000000000000e+02 7.775424377718502533e-02 1.768842790908468909e-02
1.535249999999817021e+02 7.635710708984712325e-02 1.750427831587911959e-02
1.536750000000278646e+02 7.467230012161450714e-02 1.752429915864591944e-02
1.538249999999721069e+02 7.344392974143258701e-02 1.745947829285106681e-02
1.539750000000185253e+02 7.204976851689104400e-02 1.713099068631682848e-02
1.541250000000000000e+02 7.054576357968851685e-02 1.691402133334750715e-02
1.542749999999813326e+02 6.898031091097540923e-02 1.692438706283427852e-02
1.544250000000279783e+02 6.761286413718185784e-02 1.647669791970535896e-02
1.545749999999720217e+02 6.663599581453596987e-02 1.657434564338682373e-02
1.547250000000188948e+02 6.469661909051359350e-02 1.610923420316306975e-02
1.548750000000000000e+02 6.314736042023180729e-02 1.605216917168299576e-02
1.550249999999809631e+02 6.196803127731031341e-02 1.573065212727585774e-02
1.551750000000280636e+02 6.050541681820901380e-02 1.543292105173741692e-02
1.553249999999719080e+02 5.883843830383026635e-02 1.547581744471532815e-02
1.554750000000192358e+02 5.774389638324396723e-02 1.539217408152289933e-02
1.556250000000000000e+02 5.636107043641461894e-02 1.495877636389074741e-02
1.557749999999806221e+02 5.485501654066187588e-02 1.497775943692076367e-02
1.559250000000281489e+02 5.343973802627657865e-02 1.468235219381537789e-02
1.560749999999718511e+02 5.197200705641257662e-02 1.437458290062899532e-02
1.562250000000196053e+02 5.062457633201857682e-02 1.422527460223765514e-02
1.563750000000000000e+02 4.918245898945557137e-02 1.394911788747421263e-02
1.565249999999802810e+02 4.784470124803842650e-02 1.377888750984494065e-02
1.566750000000282341e+02 4.645414230688763024e-02 1.363694017957857788e-02
1.568249999999717659e+02 4.512876754202078261e-02 1.338878634710970184e-02
1.569750000000199748e+02 4.389241483864388810e-02 1.323001072759678008e-02
1.571250000000000000e+02 4.237160104471698885e-02 1.283178515790609105e-02
1.572749999999799115e+02 4.110226967136145632e-02 1.285938491071511244e-02
1.574250000000283194e+02 3.968044128038410862e-02 1.248805515364444230e-02
1.575749999999716522e+02 3.827488203086364810e-02 1.226659546119602227e-02
1.577250000000202874e+02 3.704733994481073517e-02 1.186934342167062992e-02
1.578750000000000000e+02 3.578590066486338900e-02 1.188131561935748017e-02
1.580249999999795705e+02 3.431644537374996945e-02 1.152163146675485271e-02
1.581750000000284047e+02 3.319628786841805762e-02 1.139825320540200845e-02
1.583249999999715669e+02 3.178685616042894319e-02 1.105448696388525685e-02
1.584750000000206569e+02 3.029680184528437889e-02 1.088723314644682826e-02
1.586250000000000000e+02 2.926564639096667850e-02 1.074957689992163054e-02
1.587749999999792294e+02 2.818339227716370674e-02 1.045227325730324099e-02
1.589250000000284899e+02 2.657281636702323382e-02 1.020887142557324809e-02
1.590749999999715101e+02 2.538845833146187794e-02 9.924830466114904423e-03
1.592250000000209980e+02 2.391460837115020124e-02 9.626816553336673202e-03
1.593750000000000000e+02 2.265058365282713801e-02 9.431170761015041787e-03
1.595249999999788884e+02 2.139799831159763452e-02 9.256942415055402149e-03
1.596750000000285752e+02 2.021901550725592120e-02 8.902697768581541507e-03
1.598249999999713964e+02 1.899151358692861835e-02 8.618592449455179244e-03
1.599750000000213390e+02 1.760050828616682717e-02 8.329036406683093183e-03
1.601250000000000000e+02 1.628590576014921076e-02 8.002397919793617642e-03
1.602749999999785473e+02 1.491533083190650470e-02 7.568975066688127598e-03
1.604250000000286605e+02 1.364879550058342716e-02 7.244923129000568375e-03
1.605749999999713395e+02 1.252280313556465054e-02 6.876409540085155411e-03
1.607250000000216517e+02 1.118695246618279203e-02 6.586333476286535156e-03
1.608750000000000000e+02 9.966506785224168649e-03 6.196977797051172673e-03
1.610249999999782062e+02 8.719059257148661229e-03 5.695504717961668087e-03
1.611750000000287457e+02 7.531260448076670944e-03 5.347151761872863916e-03
1.613249999999712543e+02 6.351514704991925893e-03 4.938867551706052801e-03
1.614750000000219927e+02 5.115572717597055216e-03 4.457222513203620493e-03
1.616250000000000000e+02 3.713145481968773646e-03 3.796720979143875310e-03
1.617749999999778652e+02 2.552654597672619850e-03 3.135958657118368721e-03
1.619250000000288310e+02 1.331818076565508728e-03 2.282070719104542598e-03
1.620749999999711406e+02 2.210532570461748176e-04 9.173793574234587363e-04
