# Radius RDF_mean RDF_std
7.500000000000896228e-02 1.743351036833032822e+03 2.052314218244305488e-01
2.249999999999577616e-01 3.352253252468666549e-03 9.671797707178558801e-02
3.750000000000000000e-01 3.855091240338963301e-03 8.029573779555267132e-02
5.249999999999700462e-01 5.148103209148310010e-03 7.834279799806595501e-02
6.750000000001169509e-01 5.121498024604911360e-03 6.887155556033193460e-02
8.249999999998777200e-01 7.923507687653218862e-03 7.804263266193385562e-02
9.750000000001839418e-01 8.251700313769002801e-03 7.360889610776091829e-02
1.125000000000000000e+00 1.089482307052318938e-02 7.846182494086405279e-02
1.274999999999773648e+00 1.404988495519952571e-02 8.350230814594312989e-02
1.424999999999764455e+00 1.777576395716925009e-02 8.808483193700146485e-02
1.575000000000282396e+00 2.194927724830650004e-02 9.391550629406346384e-02
1.725000000000170397e+00 2.732815151469027842e-02 1.003079353591657258e-01
1.875000000000000000e+00 3.305321706934123693e-02 1.055235439396395719e-01
2.025000000000070521e+00 4.087886605093711545e-02 1.133554574748164429e-01
2.174999999999594813e+00 5.369384950936723772e-02 1.246002729548839061e-01
2.325000000000426059e+00 6.772092255995124099e-02 1.361899404825540338e-01
2.474999999999678124e+00 8.568562480174145291e-02 1.485618273067470518e-01
2.625000000000000000e+00 1.058593687797416971e-01 1.606814056954593284e-01
2.775000000000444444e+00 1.376462365895329831e-01 1.804511819063235323e-01
2.924999999999512212e+00 1.703417405917781735e-01 1.918252392207130674e-01
3.075000000000499334e+00 2.201244833892266328e-01 2.091947231201162216e-01
3.224999999999414779e+00 2.828171334103048440e-01 2.347344750006916114e-01
3.375000000000000000e+00 3.559348008954306142e-01 2.561591311947852279e-01
3.525000000000659384e+00 4.622186638856042862e-01 2.833536987880955760e-01
3.674999999999857714e+00 5.990442355495649851e-01 3.214413675715832031e-01
3.825000000000022382e+00 8.168816736934578771e-01 3.617348106872329550e-01
3.974999999999250466e+00 1.128317844731834718e+00 4.164368537694807526e-01
4.125000000000000000e+00 1.483478726820883553e+00 4.711738945340229745e-01
4.275000000000798828e+00 1.720823336267302217e+00 4.985340396532463303e-01
4.425000000000374634e+00 1.787944158452303256e+00 5.009864371090054780e-01
4.574999999999541878e+00 1.743391511169127162e+00 4.901290567150695110e-01
4.724999999999138112e+00 1.629620763652377846e+00 4.647295579031384127e-01
4.875000000000000000e+00 1.506489718377738818e+00 4.409210889510719600e-01
5.025000000000897415e+00 1.404944348198907011e+00 4.213704601459584698e-01
5.175000000000743228e+00 1.317362653149314333e+00 3.928078645360956189e-01
5.324999999999196376e+00 1.246684098659411877e+00 3.810930585216136257e-01
5.474999999999057287e+00 1.197477671250853914e+00 3.676195028346516125e-01
5.625000000000000000e+00 1.172919890506244123e+00 3.607416370759901625e-01
5.775000000000969358e+00 1.151488108283793999e+00 3.505046964176016799e-01
5.925000000001017675e+00 1.154235958486095726e+00 3.484985289149089560e-01
6.074999999998936140e+00 1.155606537103354814e+00 3.439273658349536467e-01
6.224999999998995115e+00 1.174237770309030982e+00 3.405526705646986785e-01
6.375000000000000000e+00 1.195719156450430143e+00 3.412599841490212560e-01
6.525000000001025313e+00 1.223832525765476298e+00 3.394406089582651664e-01
6.675000000001229949e+00 1.255381177282531624e+00 3.411611166290744457e-01
6.824999999998733635e+00 1.274878488990368153e+00 3.415517862477883693e-01
6.974999999999387690e+00 1.293816561084031314e+00 3.388840532637404368e-01
7.125000000000000000e+00 1.309698880582268243e+00 3.404018279041294837e-01
7.275000000000346745e+00 1.314065995311778590e+00 3.327238563130220372e-01
7.425000000001398703e+00 1.313465309090364519e+00 3.319402230499003958e-01
7.574999999998571099e+00 1.302275709675003723e+00 3.297102602853744235e-01
7.725000000000012079e+00 1.296776860724973890e+00 3.244796223293431314e-01
7.875000000000000000e+00 1.297729068028875332e+00 3.220280948454689596e-01
8.024999999999771205e+00 1.298825823248537681e+00 3.201562073201463243e-01
8.175000000001539036e+00 1.308632019105361532e+00 3.179792072269170822e-01
8.324999999998437872e+00 1.312407148341366847e+00 3.171319454207956468e-01
8.475000000000525446e+00 1.322760567678781474e+00 3.161733156022083491e-01
8.625000000000000000e+00 1.324577285149329153e+00 3.125983543962582711e-01
8.774999999999291589e+00 1.308266972316010301e+00 3.055078984799999842e-01
8.925000000001652722e+00 1.306843534750218083e+00 3.006423752131636706e-01
9.074999999998325961e+00 1.286413333348677135e+00 3.013247419124559512e-01
9.225000000000957101e+00 1.273099934899263319e+00 2.978252457863537206e-01
9.375000000000000000e+00 1.254124873294072851e+00 2.944813070667915422e-01
9.524999999998890132e+00 1.233550009823764837e+00 2.879348515749751702e-01
9.675000000001750422e+00 1.212956968518266621e+00 2.811542755534089388e-01
9.824999999998231814e+00 1.195718027492185254e+00 2.814835539139220466e-01
9.975000000001321254e+00 1.181379415010983314e+00 2.748198486180966627e-01
1.012500000000000000e+01 1.168403039642378127e+00 2.722995003569702033e-01
1.027499999999854730e+01 1.161867731753905453e+00 2.690440205913941507e-01
1.042500000000183391e+01 1.157323230787494772e+00 2.666645400574396696e-01
1.057499999999815010e+01 1.151100763556438755e+00 2.623438843372323803e-01
1.072500000000163745e+01 1.153620523127552921e+00 2.606761752108915364e-01
1.087500000000000000e+01 1.155076655607951475e+00 2.583708896537754707e-01
1.102499999999824887e+01 1.158522760942445329e+00 2.625358171525332684e-01
1.117500000000190674e+01 1.162196954783734082e+00 2.573989083511003528e-01
1.132499999999808082e+01 1.163542683543921097e+00 2.569590255764937492e-01
1.147500000000190923e+01 1.170051413409452179e+00 2.562414498732296653e-01
1.162500000000000000e+01 1.170444629959507932e+00 2.524077760058072162e-01
1.177499999999798952e+01 1.169722865796142264e+00 2.530999265467049342e-01
1.192500000000196891e+01 1.164059400242844378e+00 2.496903894651017475e-01
1.207499999999801865e+01 1.164496781619568599e+00 2.480140487076778477e-01
1.222500000000215081e+01 1.164270460135784946e+00 2.470832189758875863e-01
1.237500000000000000e+01 1.161819868903276154e+00 2.464494773567067476e-01
1.252499999999776215e+01 1.163793933044091622e+00 2.429340211130909255e-01
1.267500000000202398e+01 1.161411942299482636e+00 2.413126016282137742e-01
1.282499999999796536e+01 1.154174913679002934e+00 2.438185949833061583e-01
1.297500000000236220e+01 1.148854006275248807e+00 2.355320609262294418e-01
1.312500000000000000e+01 1.144598139456029839e+00 2.375024010302478061e-01
1.327499999999756142e+01 1.135878817816355468e+00 2.359377331653371712e-01
1.342500000000173088e+01 1.129976215405100737e+00 2.310533894259521603e-01
1.357499999999841833e+01 1.127486857737755921e+00 2.310852459248882440e-01
1.372500000000255049e+01 1.116593426252581178e+00 2.283857039457520832e-01
1.387500000000000000e+01 1.113469038095314945e+00 2.284397726920906202e-01
1.402499999999738023e+01 1.108197560504601276e+00 2.287855666127384668e-01
1.417500000000102034e+01 1.105813456164482123e+00 2.261731071829163053e-01
1.432499999999911111e+01 1.094111400221643882e+00 2.213638029371883531e-01
1.447500000000271925e+01 1.092947460025763151e+00 2.203786892767858052e-01
1.462500000000000000e+01 1.088588372851645669e+00 2.195831322284859111e-01
1.477499999999721680e+01 1.083330837251481382e+00 2.190198521060030545e-01
1.492500000000038618e+01 1.080246765114296403e+00 2.176874790251856762e-01
1.507499999999973639e+01 1.078608331327912007e+00 2.159804745480955468e-01
1.522500000000287201e+01 1.080965437027878728e+00 2.143911198765135473e-01
1.537500000000000000e+01 1.074094647000739089e+00 2.133192033093272988e-01
1.552499999999706937e+01 1.073154242599194008e+00 2.125826148380669522e-01
1.567499999999980886e+01 1.076225669190276735e+00 2.110298126011888875e-01
1.582500000000029772e+01 1.079111770035474871e+00 2.138157304881698195e-01
1.597500000000300879e+01 1.077202515501928026e+00 2.121238262798516017e-01
1.612500000000000000e+01 1.073313532062519116e+00 2.101163515919748370e-01
1.627499999999693969e+01 1.074930129338839357e+00 2.089952897295372924e-01
1.642499999999928662e+01 1.071205638634749491e+00 2.080612274039848886e-01
1.657500000000081286e+01 1.066627069096852898e+00 2.066162924639467491e-01
1.672500000000313847e+01 1.070740505516359686e+00 2.028980543929580216e-01
1.687500000000000000e+01 1.066675810758002996e+00 2.041776574065363170e-01
1.702499999999681535e+01 1.064894193989036175e+00 2.041519142930484088e-01
1.717499999999880700e+01 1.063992739472067850e+00 2.030612758571618826e-01
1.732500000000128182e+01 1.059856224736674291e+00 1.986496703561858312e-01
1.747500000000325215e+01 1.056510090780443001e+00 2.014786693708616461e-01
1.762500000000000000e+01 1.054775787208662274e+00 1.968712888111689707e-01
1.777499999999670521e+01 1.052533262500568112e+00 1.969159236302364391e-01
1.792499999999837357e+01 1.051920239227595033e+00 1.937161115703595615e-01
1.807500000000171170e+01 1.046754987847867024e+00 1.972431310636407198e-01
1.822500000000335874e+01 1.045309817692639864e+00 1.931012443897135444e-01
1.837500000000000000e+01 1.041014882221482640e+00 1.943563648491825058e-01
1.852499999999660218e+01 1.035157482330372636e+00 1.913687735885892804e-01
1.867499999999797211e+01 1.034301391315154861e+00 1.924694303576790499e-01
1.882500000000210960e+01 1.035074969652898247e+00 1.890217109977688492e-01
1.897500000000345466e+01 1.034021065741956402e+00 1.890591089579078676e-01
1.912500000000000000e+01 1.034012375292366670e+00 1.897160198423537003e-01
1.927499999999650626e+01 1.030208078093048707e+00 1.864090920003777518e-01
1.942499999999759908e+01 1.028624025997799230e+00 1.836724763858345322e-01
1.957500000000247198e+01 1.023390900255795488e+00 1.849544873942955137e-01
1.972500000000354348e+01 1.023657691618619747e+00 1.842879517227832831e-01
1.987500000000000000e+01 1.024160806175197891e+00 1.836771811047913094e-01
2.002499999999642100e+01 1.024706604457513270e+00 1.844629877060974810e-01
2.017499999999725446e+01 1.024309643680221260e+00 1.819052701650676340e-01
2.032500000000281304e+01 1.022319727590042637e+00 1.840686413869934979e-01
2.047500000000362874e+01 1.020205476330277916e+00 1.782555266527346416e-01
2.062500000000000000e+01 1.017442384656763732e+00 1.784731493507730749e-01
2.077499999999633928e+01 1.020385953460234862e+00 1.773257586904770089e-01
2.092499999999693472e+01 1.020001151153693053e+00 1.792837465630469085e-01
2.107500000000312212e+01 1.013946258898164476e+00 1.753058992235949631e-01
2.122500000000370690e+01 1.010597746858623358e+00 1.779705861848942805e-01
2.137500000000000000e+01 1.015388688453673360e+00 1.752197984919496576e-01
2.152499999999626468e+01 1.008356610310086054e+00 1.711587539371815514e-01
2.167499999999663984e+01 1.010260675041765088e+00 1.743218325878839459e-01
2.182500000000341700e+01 1.009082947903552352e+00 1.740301482012857892e-01
2.197500000000377796e+01 1.007615248526588347e+00 1.717500118581742896e-01
2.212500000000000000e+01 1.005477113259518385e+00 1.692903972854414019e-01
2.227499999999619718e+01 1.003175894611257002e+00 1.705707612643905247e-01
2.242499999999636273e+01 1.001791173894496678e+00 1.704242042985729677e-01
2.257500000000369056e+01 1.000558499429929693e+00 1.690934035625242249e-01
2.272500000000384546e+01 9.965845100303125648e-01 1.668738585121236073e-01
2.287500000000000000e+01 9.965836757304189497e-01 1.670082181557484835e-01
2.302499999999612967e+01 9.945327365088600935e-01 1.664615985027174394e-01
2.317499999999610338e+01 9.926032729275758859e-01 1.645874969265608556e-01
2.332500000000394635e+01 9.931616155280131863e-01 1.666241138116265619e-01
2.347500000000390941e+01 9.939859296540938249e-01 1.656434268679039257e-01
2.362500000000000000e+01 9.892579163588633984e-01 1.646745327604292042e-01
2.377499999999606928e+01 9.875637619924472199e-01 1.623730756597880909e-01
2.392499999999586180e+01 9.892010696698753103e-01 1.625915871794509082e-01
2.407500000000418439e+01 9.868495752705536139e-01 1.618781150589793938e-01
2.422500000000396625e+01 9.885774084544103335e-01 1.613113359930332391e-01
2.437500000000000000e+01 9.855805068202154740e-01 1.596662960742760984e-01
2.452499999999600888e+01 9.860980991384495908e-01 1.643765793517709128e-01
2.467499999999563087e+01 9.828419345892782655e-01 1.593936848326973910e-01
2.482500000000441176e+01 9.856991795457487049e-01 1.577612994129458379e-01
2.497500000000402309e+01 9.857461758109224981e-01 1.599253286621924175e-01
2.512500000000000000e+01 9.815147355075151125e-01 1.569848608066554962e-01
2.527499999999595559e+01 9.822325844861419242e-01 1.568507983865725375e-01
2.542499999999541771e+01 9.811496449752994398e-01 1.577779845548109849e-01
2.557500000000462137e+01 9.787817621469244722e-01 1.571248783092369372e-01
2.572500000000407638e+01 9.802555363538186795e-01 1.543139089297690392e-01
2.587500000000000000e+01 9.813186979416764766e-01 1.545021689277747134e-01
2.602499999999590585e+01 9.778121819554376204e-01 1.539240455180482803e-01
2.617499999999521521e+01 9.795903546219906222e-01 1.544359292418711338e-01
2.632500000000482032e+01 9.747082231163053390e-01 1.542416279493657172e-01
2.647500000000383480e+01 9.740693556626347505e-01 1.550181311396975348e-01
2.662500000000000000e+01 9.778050589105755641e-01 1.520251499288969299e-01
2.677499999999647073e+01 9.749493351092531901e-01 1.513502845292356569e-01
2.692499999999502691e+01 9.744925502904056014e-01 1.529530948459325856e-01
2.707500000000501217e+01 9.750553244940276532e-01 1.503223928329334158e-01
2.722500000000308873e+01 9.744067484324473449e-01 1.520690760244668427e-01
2.737500000000000000e+01 9.745666063449155425e-01 1.497276236495933555e-01
2.752499999999719549e+01 9.718291789367071720e-01 1.508601861526779331e-01
2.767499999999484928e+01 9.737069264304792915e-01 1.509429347645976638e-01
2.782500000000518625e+01 9.719094786934853181e-01 1.462804731550600701e-01
2.797500000000238529e+01 9.716411685901933382e-01 1.474022153635861920e-01
2.812500000000000000e+01 9.712930315477878995e-01 1.488743116673665323e-01
2.827499999999788827e+01 9.695614489902012467e-01 1.463673468335786321e-01
2.842499999999467164e+01 9.686419800463935692e-01 1.457141941431467635e-01
2.857500000000536033e+01 9.701451707621643328e-01 1.475500917463186679e-01
2.872500000000171028e+01 9.709258883368886428e-01 1.449682671113112220e-01
2.887500000000000000e+01 9.708277794297187624e-01 1.444745606702351193e-01
2.902499999999854552e+01 9.684135586119396732e-01 1.438303507801774184e-01
2.917499999999451177e+01 9.679243473710595902e-01 1.436423141847275042e-01
2.932500000000552021e+01 9.674872953063325953e-01 1.441690513314825839e-01
2.947500000000107434e+01 9.677925285204321826e-01 1.441360833381041262e-01
2.962500000000000000e+01 9.687332962266841374e-01 1.435513389919313709e-01
2.977499999999917080e+01 9.676485890340703611e-01 1.422544427830224056e-01
2.992499999999435900e+01 9.662659959310290203e-01 1.429672747947343669e-01
3.007500000000566942e+01 9.659547006056899976e-01 1.417715513365813695e-01
3.022500000000047393e+01 9.637603327153178023e-01 1.424152589943600833e-01
3.037500000000000000e+01 9.667794915513170384e-01 1.415238521287145168e-01
3.052499999999976410e+01 9.657330957704584051e-01 1.395544713271076320e-01
3.067499999999420623e+01 9.643916245604413628e-01 1.386575985938364453e-01
3.082500000000581508e+01 9.662095148515762455e-01 1.383132544265937014e-01
3.097499999999989839e+01 9.658588369270733054e-01 1.376332856461756071e-01
3.112500000000000000e+01 9.636455860155298536e-01 1.381138311343234060e-01
3.127500000000032898e+01 9.639355993613879514e-01 1.379669580326578215e-01
3.142499999999406768e+01 9.656209497060300739e-01 1.375801979495047955e-01
3.157500000000595364e+01 9.634662501078036234e-01 1.391722008298600377e-01
3.172499999999935127e+01 9.650942952616888837e-01 1.376252193319234540e-01
3.187500000000000000e+01 9.652931555304301581e-01 1.380476375194171768e-01
3.202500000000086544e+01 9.636314973012722884e-01 1.359781051060413304e-01
3.217499999999394333e+01 9.624952030759469368e-01 1.341391576083495185e-01
3.232500000000609219e+01 9.627014112783882638e-01 1.369541657921862499e-01
3.247499999999882903e+01 9.633934557905945439e-01 1.356503028330284799e-01
3.262500000000000000e+01 9.645029847874297957e-01 1.336342258994034082e-01
3.277500000000137703e+01 9.640086951820243666e-01 1.352448335157624970e-01
3.292499999999381544e+01 9.637747191127956636e-01 1.350618549891923759e-01
3.307500000000621299e+01 9.650346559802364110e-01 1.337917656279989653e-01
3.322499999999832454e+01 9.652635412150775140e-01 1.339494254394480721e-01
3.337500000000000000e+01 9.640854359498696180e-01 1.332582247739737269e-01
3.352500000000186731e+01 9.617292105069047414e-01 1.344837221545285288e-01
3.367499999999368754e+01 9.629254142180536657e-01 1.340064330877822896e-01
3.382500000000633378e+01 9.637672353842162698e-01 1.338105506971183079e-01
3.397499999999784848e+01 9.617229775219636734e-01 1.330449381615219917e-01
3.412500000000000000e+01 9.624319087837557296e-01 1.329018033397759979e-01
3.427500000000233626e+01 9.661586314640985274e-01 1.320365715321619171e-01
3.442499999999357385e+01 9.625531449580186916e-01 1.330271217462103139e-01
3.457500000000644746e+01 9.646435960434889267e-01 1.309926421122494244e-01
3.472499999999739373e+01 9.628732043252965500e-01 1.332325108224956811e-01
3.487500000000000000e+01 9.635276990942294173e-01 1.312336948512277390e-01
3.502500000000278391e+01 9.629921729515421580e-01 1.310199111489577795e-01
3.517499999999346016e+01 9.651165704503268383e-01 1.320058066299464039e-01
3.532500000000656115e+01 9.628351044244211066e-01 1.308640519133561220e-01
3.547499999999695319e+01 9.627079558539232140e-01 1.302688674363164378e-01
3.562500000000000000e+01 9.628677017065766508e-01 1.289329867172469002e-01
3.577500000000321734e+01 9.611215783457907058e-01 1.296933515792068059e-01
3.592499999999336069e+01 9.641122344746257955e-01 1.292271357624369676e-01
3.607500000000666773e+01 9.633929809740074957e-01 1.300495597079526500e-01
3.622499999999653397e+01 9.622615199279580533e-01 1.287551486570421289e-01
3.637500000000000000e+01 9.641322269283294499e-01 1.274264510673917272e-01
3.652500000000362235e+01 9.653973106342113031e-01 1.264800293565667422e-01
3.667499999999325411e+01 9.641944124876601352e-01 1.275201061100166844e-01
3.682500000000676721e+01 9.637045360877543043e-01 1.269425522764610903e-01
3.697499999999613607e+01 9.646720707188858324e-01 1.296134553731522754e-01
3.712500000000000000e+01 9.638320670866843409e-01 1.279923867108304358e-01
3.727500000000402736e+01 9.653477620655351865e-01 1.262948550337704423e-01
3.742499999999315463e+01 9.650508986245029952e-01 1.260282030607625947e-01
3.757500000000686668e+01 9.647112402617170623e-01 1.265423319772948918e-01
3.772499999999575238e+01 9.650473994178337955e-01 1.264746819202358374e-01
3.787500000000000000e+01 9.657227593776440688e-01 1.265697702513476075e-01
3.802500000000440394e+01 9.647893957603920212e-01 1.250973589381707829e-01
3.817499999999306226e+01 9.646240453163469342e-01 1.257723416951570250e-01
3.832500000000695906e+01 9.650012042560229819e-01 1.260600498481961318e-01
3.847499999999537579e+01 9.653835906436882830e-01 1.239834743270588069e-01
3.862500000000000000e+01 9.674846982735022527e-01 1.257457007238489688e-01
3.877500000000476632e+01 9.651377023665295152e-01 1.244023202511497367e-01
3.892499999999297700e+01 9.648547029937734054e-01 1.239132170370690900e-01
3.907500000000705143e+01 9.660601921025159244e-01 1.237205345221006753e-01
3.922499999999502052e+01 9.659424806888722292e-01 1.255511221193572613e-01
3.937500000000000000e+01 9.676741943461930617e-01 1.249248831679712901e-01
3.952500000000512159e+01 9.676116807448366108e-01 1.232609225554854998e-01
3.967499999999288463e+01 9.664248289621731880e-01 1.230661564354621623e-01
3.982500000000712959e+01 9.659508277346569027e-01 1.237910829159957066e-01
3.997499999999467946e+01 9.671014780657305465e-01 1.233833913940601268e-01
4.012500000000000000e+01 9.680853115819287869e-01 1.229581605551653550e-01
4.027500000000545555e+01 9.655581814631489790e-01 1.222864495894717823e-01
4.042499999999279936e+01 9.674640202987349058e-01 1.226150375084139738e-01
4.057500000000721485e+01 9.674054505085126765e-01 1.221302535443302140e-01
4.072499999999434550e+01 9.699633661600948198e-01 1.231657061366879524e-01
4.087500000000000000e+01 9.688642369282841615e-01 1.207804806463558256e-01
4.102500000000578240e+01 9.669182286986931496e-01 1.210348453069535340e-01
4.117499999999272120e+01 9.698361752572320915e-01 1.222674465822502360e-01
4.132500000000730012e+01 9.695069274902786693e-01 1.219443172857732210e-01
4.147499999999402576e+01 9.691603599547821135e-01 1.201469744278391566e-01
4.162500000000000000e+01 9.691379253126866100e-01 1.206606928340552970e-01
4.177500000000609504e+01 9.675583887127550131e-01 1.194564842000535310e-01
4.192499999999264304e+01 9.705837611249701347e-01 1.208611303158267092e-01
4.207500000000737828e+01 9.685651578716972798e-01 1.235512406833002702e-01
4.222499999999372022e+01 9.685645077844270423e-01 1.182532056104759616e-01
4.237500000000000000e+01 9.708155085107293969e-01 1.196504905122584977e-01
4.252500000000640057e+01 9.714469277597073127e-01 1.196327953758262730e-01
4.267499999999256488e+01 9.709530537603895395e-01 1.185995631806783107e-01
4.282500000000744933e+01 9.730883754934176455e-01 1.202605953277718354e-01
4.297499999999342180e+01 9.727106895026532696e-01 1.186769797967508755e-01
4.312500000000000000e+01 9.711987797896893815e-01 1.181139646722121073e-01
4.327500000000669900e+01 9.729246938558924196e-01 1.199852955602746796e-01
4.342499999999249383e+01 9.711083970810734378e-01 1.181359460526054672e-01
4.357500000000752038e+01 9.720741084788782072e-01 1.185211589340102317e-01
4.372499999999313758e+01 9.709675045652702563e-01 1.168345817690433774e-01
4.387500000000000000e+01 9.745472958590157830e-01 1.173327953731058831e-01
4.402500000000697611e+01 9.728430251243090909e-01 1.184035232982732916e-01
4.417499999999242277e+01 9.735236553899883072e-01 1.152884615606337565e-01
4.432500000000759144e+01 9.714103887724839792e-01 1.168775358932786501e-01
4.447499999999286047e+01 9.717817557768795300e-01 1.165924168010122330e-01
4.462500000000000000e+01 9.727252981825174061e-01 1.181762825360768293e-01
4.477500000000724611e+01 9.720158716837726809e-01 1.180018224703617141e-01
4.492499999999235882e+01 9.724514523740771521e-01 1.168425238523641274e-01
4.507500000000766249e+01 9.726903057375766437e-01 1.167525023349421376e-01
4.522499999999259757e+01 9.751346137078560350e-01 1.165236738139325268e-01
4.537500000000000000e+01 9.750485710248755211e-01 1.161579419633868293e-01
4.552500000000750902e+01 9.736804580829735434e-01 1.168664938008058957e-01
4.567499999999228777e+01 9.747144215832517222e-01 1.164819567329381661e-01
4.582500000000772644e+01 9.758554610262368811e-01 1.153841459844101441e-01
4.597499999999233466e+01 9.757832280386440349e-01 1.158186693246302523e-01
4.612500000000000000e+01 9.756446923349411104e-01 1.154109154243041641e-01
4.627500000000776481e+01 9.759770221890604613e-01 1.140889707043191981e-01
4.642499999999223093e+01 9.769611376018263460e-01 1.141611533865383721e-01
4.657500000000779039e+01 9.763909936236178089e-01 1.153549867798043249e-01
4.672499999999207887e+01 9.761285268279209504e-01 1.147513018661329015e-01
4.687500000000000000e+01 9.761493290928493494e-01 1.146796080209481622e-01
4.702500000000801350e+01 9.759000005790163801e-01 1.139183623898116088e-01
4.717499999999216698e+01 9.756802374763786645e-01 1.138281790495412199e-01
4.732500000000784723e+01 9.753556153996368883e-01 1.152509299300372020e-01
4.747499999999183729e+01 9.765383811196133301e-01 1.136315437316103433e-01
4.762500000000000000e+01 9.778971464264507585e-01 1.137192857581241223e-01
4.777500000000825509e+01 9.756464700547196056e-01 1.137285034644745646e-01
4.792499999999211013e+01 9.761142432247014167e-01 1.131798441241973624e-01
4.807500000000790408e+01 9.766823844274804545e-01 1.141413859405274456e-01
4.822499999999160281e+01 9.785816364667426770e-01 1.140284626708494842e-01
4.837500000000000000e+01 9.780302809914674933e-01 1.133627078676906624e-01
4.852500000000848956e+01 9.768800166773751181e-01 1.139221471940574659e-01
4.867499999999204618e+01 9.792259744423245094e-01 1.128833724532997684e-01
4.882500000000796092e+01 9.787485251715105639e-01 1.138663857094008025e-01
4.897499999999137543e+01 9.780044855505177770e-01 1.113864490266347484e-01
4.912500000000000000e+01 9.782770630885697649e-01 1.125836867573959954e-01
4.927500000000870983e+01 9.774752090337548438e-01 1.102229632530755815e-01
4.942499999999198934e+01 9.774730469166343916e-01 1.115659638511246193e-01
4.957500000000802487e+01 9.766759422142377023e-01 1.126288960940158568e-01
4.972499999999115516e+01 9.791853379532713397e-01 1.120824332998348327e-01
4.987500000000000000e+01 9.792650090443654198e-01 1.113014454218348437e-01
5.002500000000893010e+01 9.791884004724819013e-01 1.115990246355934579e-01
5.017499999999193960e+01 9.806393040276595308e-01 1.116988630954945799e-01
5.032500000000807461e+01 9.799195798492378318e-01 1.119484112821400174e-01
5.047499999999094200e+01 9.806436596628732572e-01 1.102937396956813199e-01
5.062500000000000000e+01 9.788616744466829278e-01 1.102506246536019419e-01
5.077500000000914326e+01 9.791587612202374835e-01 1.106831102352334034e-01
5.092499999999188276e+01 9.803822622270623732e-01 1.111173449841709043e-01
5.107500000000812435e+01 9.798153847540297390e-01 1.107060286218618794e-01
5.122499999999072884e+01 9.809230457032611650e-01 1.093716246704299344e-01
5.137500000000000000e+01 9.802844925282941935e-01 1.094577040071125218e-01
5.152500000000934932e+01 9.809976339292998393e-01 1.093331498300842836e-01
5.167499999999183302e+01 9.792423154783866934e-01 1.105422733451250222e-01
5.182500000000818119e+01 9.803497266747296379e-01 1.097478975195184531e-01
5.197499999999052989e+01 9.804796566514283329e-01 1.118340547440640903e-01
5.212500000000000000e+01 9.838055378844683396e-01 1.105915265815888004e-01
5.227500000000954827e+01 9.829977660581150634e-01 1.092594785424477188e-01
5.242499999999178328e+01 9.835770015097240471e-01 1.081374373202786537e-01
5.257500000000806040e+01 9.827063460188871780e-01 1.088117923002094728e-01
5.272499999999033804e+01 9.828324918061072113e-01 1.090440102662304928e-01
5.287500000000000000e+01 9.827332495801703871e-01 1.090251509758776716e-01
5.302500000000974723e+01 9.827531067886076110e-01 1.078646869493778832e-01
5.317499999999255778e+01 9.817503910850157167e-01 1.081848193834279853e-01
5.332500000000729301e+01 9.842423002332562065e-01 1.081193189411636391e-01
5.347499999999015330e+01 9.841872331173030508e-01 1.083059639092943671e-01
5.362500000000000000e+01 9.834432695543116054e-01 1.086186668193477867e-01
5.377500000000993197e+01 9.819869531925704553e-01 1.087328877860850862e-01
5.392499999999331095e+01 9.822475020359083819e-01 1.075074096884271607e-01
5.407500000000654694e+01 9.841757578449890076e-01 1.077268702121022964e-01
5.422499999998996145e+01 9.837008660724528841e-01 1.067467817937764046e-01
5.437500000000000000e+01 9.848041534210921766e-01 1.064520976746432673e-01
5.452500000001011671e+01 9.852408335787992133e-01 1.058760489495107066e-01
5.467499999999403570e+01 9.874443624584009482e-01 1.083715662053197221e-01
5.482500000000581508e+01 9.861964494024656469e-01 1.072747978154188903e-01
5.497499999998977671e+01 9.863353495404786342e-01 1.073119992413322510e-01
5.512500000000000000e+01 9.843150531447638629e-01 1.075313435453055660e-01
5.527500000001029434e+01 9.835884020716867404e-01 1.078081818933930569e-01
5.542499999999475335e+01 9.825889758374262151e-01 1.045764005931550666e-01
5.557500000000510454e+01 9.840650259605140393e-01 1.074851572420216506e-01
5.572499999998960618e+01 9.864693241985230676e-01 1.073827744375295962e-01
5.587500000000000000e+01 9.864185182140903230e-01 1.069882640311825839e-01
5.602500000001046487e+01 9.860471193466308071e-01 1.055490774672638576e-01
5.617499999999544258e+01 9.855356023946396649e-01 1.051992680772320804e-01
5.632500000000441531e+01 9.854787614874721546e-01 1.059235154401668433e-01
5.647499999998942855e+01 9.863203859950192554e-01 1.048633290421963488e-01
5.662500000000000000e+01 9.874616963963056548e-01 1.065475465531540988e-01
5.677500000001062830e+01 9.856709505516857428e-01 1.042341406074498711e-01
5.692499999999611759e+01 9.858605815150333074e-01 1.061901159654157212e-01
5.707500000000374030e+01 9.869996081622133266e-01 1.049521079984252619e-01
5.722499999998926512e+01 9.876691474899513823e-01 1.052960014257022514e-01
5.737500000000000000e+01 9.883910568460052559e-01 1.045659908834775803e-01
5.752500000001079172e+01 9.867993371520569212e-01 1.038918614377103838e-01
5.767499999999677129e+01 9.873148694995095287e-01 1.040342183449952801e-01
5.782500000000310081e+01 9.876581579996958071e-01 1.032211975563938344e-01
5.797499999998910170e+01 9.888203866991600588e-01 1.046425713042455768e-01
5.812500000000000000e+01 9.885902978731880841e-01 1.032764050997745098e-01
5.827500000001095515e+01 9.882740278721308114e-01 1.030883361496709449e-01
5.842499999999741078e+01 9.894278753323703102e-01 1.033131508036062851e-01
5.857500000000246132e+01 9.870690386734403132e-01 1.052655327018002934e-01
5.872499999998893827e+01 9.882018740165222637e-01 1.031103471386887738e-01
5.887500000000000000e+01 9.895307127033253769e-01 1.032746934384131537e-01
5.902500000001111857e+01 9.904438821817296290e-01 1.036106831598296307e-01
5.917499999999803606e+01 9.892854117548850468e-01 1.039563604194620461e-01
5.932500000000184315e+01 9.899795054702633657e-01 1.021461507293860427e-01
5.947499999998878906e+01 9.904513350233715707e-01 1.040391748329420885e-01
5.962500000000000000e+01 9.921257042603378595e-01 1.039511209182055751e-01
5.977500000001126779e+01 9.906045058950413429e-01 1.027784051221038025e-01
5.992499999999864002e+01 9.909894144010883421e-01 1.021751740751987159e-01
6.007500000000123919e+01 9.893750688512944480e-01 1.025077129600526354e-01
6.022499999998863984e+01 9.922659190653293493e-01 1.024264554888607986e-01
6.037500000000000000e+01 9.903253626326109504e-01 1.016559547500261451e-01
6.052500000001142411e+01 9.930032537951553051e-01 1.020961864695106580e-01
6.067499999999923688e+01 9.929537809959924077e-01 1.027743443156245856e-01
6.082500000000064944e+01 9.932341973313748573e-01 1.015529839138191587e-01
6.097499999998849773e+01 9.925514713093482877e-01 1.007174068400619182e-01
6.112500000000000000e+01 9.922114346093713344e-01 1.014066014399579441e-01
6.127500000001155911e+01 9.930609174484216206e-01 1.014153171501385731e-01
6.142499999999980531e+01 9.944127731917826729e-01 1.018930213307722571e-01
6.157500000000007390e+01 9.943993796139146690e-01 1.008256516517074819e-01
6.172499999998834852e+01 9.945713822660655623e-01 9.974281156927505831e-02
6.187500000000000000e+01 9.955968676281790053e-01 1.003674931058549658e-01
6.202500000001170122e+01 9.953334434870689806e-01 1.011297225913278253e-01
6.217500000000037375e+01 9.954220840820430238e-01 1.006505291675160590e-01
6.232499999999951967e+01 9.945723932166347092e-01 9.957088375856708307e-02
6.247499999998820641e+01 9.977863088721065088e-01 1.006318749240274341e-01
6.262500000000000000e+01 9.949427433208761773e-01 1.004941273043987171e-01
6.277500000001184333e+01 9.962490150560276980e-01 1.002040608911516084e-01
6.292500000000092086e+01 9.981863467516255417e-01 1.002692579711570442e-01
6.307499999999897256e+01 9.961085014608870303e-01 9.947884119859000396e-02
6.322499999998807851e+01 9.961093289290645636e-01 9.912627453760047835e-02
6.337500000000000000e+01 9.975809783895071003e-01 9.901111305788927452e-02
6.352500000001197833e+01 9.983481163581287010e-01 9.987978609491254822e-02
6.367500000000146798e+01 9.970268464714246992e-01 9.902242805990281449e-02
6.382499999999843254e+01 9.955138425701263172e-01 9.933704956003178155e-02
6.397499999998793641e+01 9.976598461137398122e-01 9.943796502553772787e-02
6.412500000000000000e+01 1.000224153345802502e+00 9.958576277260604293e-02
6.427500000001211333e+01 9.993821887123283121e-01 9.922450551749041614e-02
6.442500000000200089e+01 9.998192888155275071e-01 9.850906235704480485e-02
6.457499999999791385e+01 1.001521673510186172e+00 9.938758793824534199e-02
6.472499999998781561e+01 1.000782579408277861e+00 9.800418077875923395e-02
6.487500000000000000e+01 1.000931471643112358e+00 9.711153705217170917e-02
6.502500000001224123e+01 1.000070521123772371e+00 9.797431512309420776e-02
6.517500000000251248e+01 1.000481719118686108e+00 9.822798588494731364e-02
6.532499999999740226e+01 9.983912715572771379e-01 9.784046326300677165e-02
6.547499999998768772e+01 1.002578117422819215e+00 9.771796050916536913e-02
6.562500000000000000e+01 1.000044190276460743e+00 9.693320175907092773e-02
6.577500000001236913e+01 1.002053287006249738e+00 9.860903319509335685e-02
6.592500000000300986e+01 1.001886098983329587e+00 9.876620079091467941e-02
6.607499999999690488e+01 1.003196031294179891e+00 9.735795727875654060e-02
6.622499999998755982e+01 1.002775498407769028e+00 9.737889636024134321e-02
6.637500000000000000e+01 1.002162738574855716e+00 9.773903520641150089e-02
6.652500000001249703e+01 1.002110191136662110e+00 9.699756067710570140e-02
6.667500000000349303e+01 1.005071702867987637e+00 9.755629996683543026e-02
6.682499999999640750e+01 1.003799504012593324e+00 9.844087657788640200e-02
6.697499999998743192e+01 1.002539573061494327e+00 9.924020029026550671e-02
6.712500000000000000e+01 1.005547691188768411e+00 9.600651488508936404e-02
6.727500000001261071e+01 1.004587521158898156e+00 9.665702515223430213e-02
6.742500000000397620e+01 1.005575296276952635e+00 9.752101737241866686e-02
6.757499999999593854e+01 1.002838094310730011e+00 9.616678056422807430e-02
6.772499999998731823e+01 1.006646755613823663e+00 9.612616256745280807e-02
6.787500000000000000e+01 1.004643444697391752e+00 9.628767411763543282e-02
6.802500000001272440e+01 1.004531146143077924e+00 9.630844040486390145e-02
6.817500000000444516e+01 1.005137550025681392e+00 9.601444903420024157e-02
6.832499999999546958e+01 1.004744998712202575e+00 9.582313623393889923e-02
6.847499999998720455e+01 1.008839136942131232e+00 9.571628700275842949e-02
6.862500000000000000e+01 1.006302462414003340e+00 9.419032076198244341e-02
6.877500000001283809e+01 1.006987448864187229e+00 9.551007147138264319e-02
6.892500000000489990e+01 1.004242422391069534e+00 9.476142211061258647e-02
6.907499999999501483e+01 1.005922572003208337e+00 9.662693418998952177e-02
6.922499999998709086e+01 1.007445624058330047e+00 9.610566143380555593e-02
6.937500000000000000e+01 1.006231362563243081e+00 9.699464443314891049e-02
6.952500000001295177e+01 1.005726603082060411e+00 9.544869183845325344e-02
6.967500000000535465e+01 1.007517189112037803e+00 9.464090210936931813e-02
6.982499999999456008e+01 1.008593444266702388e+00 9.587445475615594126e-02
6.997499999998697717e+01 1.005576270458976573e+00 9.420556507228952658e-02
7.012500000000000000e+01 1.007492825297493066e+00 9.636333558015199030e-02
7.027500000001306546e+01 1.007674090406015521e+00 9.515509571763325347e-02
7.042500000000579519e+01 1.009200482687878653e+00 9.582727306026858627e-02
7.057499999999413376e+01 1.010240348195149185e+00 9.517626916120014435e-02
7.072499999998686349e+01 1.008089740277441804e+00 9.428779553665381230e-02
7.087500000000000000e+01 1.009921276354243780e+00 9.393556488221051215e-02
7.102500000001316494e+01 1.009581333080399101e+00 9.471906844519105417e-02
7.117500000000620730e+01 1.009026462790088008e+00 9.507763314231863772e-02
7.132499999999369322e+01 1.007977785807759874e+00 9.359193488964853702e-02
7.147499999998676401e+01 1.007722327607991852e+00 9.539735843554190964e-02
7.162500000000000000e+01 1.008151553338831219e+00 9.329441388254000600e-02
7.177500000001327862e+01 1.008394208262995306e+00 9.474007837143427757e-02
7.192500000000663363e+01 1.008610508175881382e+00 9.219615361224919869e-02
7.207499999999328111e+01 1.008766606730902016e+00 9.373441220427347620e-02
7.222499999998666453e+01 1.008292856719361863e+00 9.351326780735021160e-02
7.237500000000000000e+01 1.010411684804255694e+00 9.422593339966771342e-02
7.252500000001337810e+01 1.009547360249045678e+00 9.423224757775230942e-02
7.267500000000704574e+01 1.010732896475171838e+00 9.315705017090190887e-02
7.282499999999286899e+01 1.009969863467433449e+00 9.323315667246827310e-02
7.297499999998655085e+01 1.008761220126602742e+00 9.217787113671570276e-02
7.312500000000000000e+01 1.010553074446848276e+00 9.388483606896128042e-02
7.327500000001347757e+01 1.010800428383940019e+00 9.415336404922072799e-02
7.342500000000745786e+01 1.009011108189934891e+00 9.181448057934876728e-02
7.357499999999247109e+01 1.010589025805542551e+00 9.255511150251222174e-02
7.372499999998646558e+01 1.008260075335764228e+00 9.197771673045901375e-02
7.387500000000000000e+01 1.010615869746642526e+00 9.283054595069240023e-02
7.402500000001359126e+01 1.009153896034951758e+00 9.191958727176481603e-02
7.417500000000785576e+01 1.008357100434937870e+00 9.221665997812771021e-02
7.432499999999207319e+01 1.010575813113152810e+00 9.170886455329278764e-02
7.447499999998635190e+01 1.010474795477139143e+00 9.226570834913035146e-02
7.462500000000000000e+01 1.010118132437470617e+00 9.244826668133900027e-02
7.477500000001367653e+01 1.008873561340483560e+00 9.178929231638276176e-02
7.492500000000823945e+01 1.009574354335263990e+00 9.176815212264127775e-02
7.507499999999168949e+01 1.011146410993268407e+00 9.197567628943151274e-02
7.522499999998626663e+01 1.009015695643389332e+00 9.198587605818860091e-02
7.537500000000000000e+01 1.010247381792848564e+00 9.205627713162144177e-02
7.552500000001377600e+01 1.010104312273964577e+00 9.138934613430017839e-02
7.567500000000862315e+01 1.011056524940182832e+00 9.111037846437960996e-02
7.582499999999130580e+01 1.009306754485853830e+00 9.238054923344003744e-02
7.597499999998616715e+01 1.008955425862217981e+00 9.104947841615443349e-02
7.612500000000000000e+01 1.007107701637100616e+00 9.045080526760682083e-02
7.627500000001386127e+01 1.010959812479735875e+00 9.113859527891737811e-02
7.642500000000899263e+01 1.010906675123756981e+00 9.144707746700093953e-02
7.657499999999093632e+01 1.009981207941683445e+00 9.199651181397812405e-02
7.672499999998608189e+01 1.009549253692126669e+00 8.881598812594697356e-02
7.687500000000000000e+01 1.009921890652812904e+00 9.146779315290307077e-02
7.702500000001396074e+01 1.009040469450418254e+00 9.077407180816855770e-02
7.717500000000934790e+01 1.009723764531841317e+00 9.153390732449782907e-02
7.732499999999058105e+01 1.009973590421936684e+00 9.056335070002356769e-02
7.747499999998598241e+01 1.008194222133544260e+00 9.097344569085685784e-02
7.762500000000000000e+01 1.008740777325284999e+00 9.155638222900636114e-02
7.777500000001404601e+01 1.009312701785941790e+00 9.034296479520591283e-02
7.792500000000971738e+01 1.009484767814277761e+00 9.090352581956613609e-02
7.807499999999021156e+01 1.007186260827448887e+00 9.055506406199387293e-02
7.822499999998589715e+01 1.009712821459788357e+00 9.026593889283932026e-02
7.837500000000000000e+01 1.007891029205511435e+00 9.062539051439387483e-02
7.852500000001413127e+01 1.008400682061347364e+00 9.005558857459582123e-02
7.867500000001005844e+01 1.008095094627260213e+00 9.081931774417301151e-02
7.882499999998987050e+01 1.009462809873806100e+00 8.992541703168649425e-02
7.897499999998581188e+01 1.008728181634065191e+00 8.926602976571104686e-02
7.912500000000000000e+01 1.008050356065624875e+00 8.957016236315962221e-02
7.927500000001423075e+01 1.006542582364281513e+00 8.982798277331152659e-02
7.942500000001041371e+01 1.007258720430159071e+00 8.844355049778224176e-02
7.957499999998951523e+01 1.006144374934447860e+00 8.908576373972584839e-02
7.972499999998572662e+01 1.007061184810368548e+00 8.895083063275842361e-02
7.987500000000000000e+01 1.007160095373031750e+00 8.881938561056969272e-02
8.002500000001430180e+01 1.006591797505399510e+00 8.973974689499721047e-02
8.017500000001075477e+01 1.008143911483998290e+00 8.927462814344494513e-02
8.032499999998918838e+01 1.007076660456260875e+00 8.619676792346746275e-02
8.047499999998564135e+01 1.007605942606124572e+00 8.830298907947885245e-02
8.062500000000000000e+01 1.007325596178337168e+00 8.836174235055141435e-02
8.077500000001438707e+01 1.006481356918944137e+00 8.864866338388976974e-02
8.092500000001108162e+01 1.006514039053709064e+00 8.790378973344625813e-02
8.107499999998886153e+01 1.005418587193025459e+00 8.774656618117639140e-02
8.122499999998557030e+01 1.004492782014140495e+00 8.831058934097706092e-02
8.137500000000000000e+01 1.004382963771784487e+00 8.772158026105371376e-02
8.152500000001447233e+01 1.005407672122408336e+00 8.811075838200074783e-02
8.167500000001139426e+01 1.003942131255336712e+00 8.914522448176495639e-02
8.182499999998853468e+01 1.005373320428628370e+00 8.885528387206620415e-02
8.197499999998548503e+01 1.004001382624546412e+00 8.663129793871865436e-02
8.212500000000000000e+01 1.006292086212796422e+00 8.743593217140535612e-02
8.227500000001455760e+01 1.005607219406807751e+00 8.804968415814203031e-02
8.242500000001172111e+01 1.005642422705315564e+00 8.738754389836833614e-02
8.257499999998822204e+01 1.005779496731128209e+00 8.739360346732687190e-02
8.272499999998539977e+01 1.003350217081080409e+00 8.770995503853015740e-02
8.287500000000000000e+01 1.005080609495534905e+00 8.735100075824826782e-02
8.302500000001462865e+01 1.005424632452469158e+00 8.624398344168907049e-02
8.317500000001203375e+01 1.003981712487207245e+00 8.632517489777392916e-02
8.332499999998789519e+01 1.004156750256704811e+00 8.643864253137169273e-02
8.347499999998531450e+01 1.004970436365580477e+00 8.702848774665419840e-02
8.362500000000000000e+01 1.004146416240871753e+00 8.665361307840976912e-02
8.377500000001469971e+01 1.002533050746294396e+00 8.626621734818289144e-02
8.392500000001234639e+01 1.003975883050007400e+00 8.678805259140266737e-02
8.407499999998758256e+01 1.003959478535485061e+00 8.709987702171712032e-02
8.422499999998524345e+01 1.003824475224261104e+00 8.702234646028067511e-02
8.437500000000000000e+01 1.002376613594970545e+00 8.727344805834635899e-02
8.452500000001478497e+01 1.001562252361567706e+00 8.512432147787067638e-02
8.467500000001264482e+01 1.002534537351669863e+00 8.536867530720790298e-02
8.482499999998728413e+01 1.002134028228058193e+00 8.613873253931782215e-02
8.497499999998517239e+01 1.003067106097686789e+00 8.577015106648862297e-02
8.512500000000000000e+01 1.001312139458212513e+00 8.598717315749937473e-02
8.527500000001485603e+01 1.002603076925842274e+00 8.703191010249972104e-02
8.542500000001294325e+01 1.001738034694247936e+00 8.677088748912327454e-02
8.557499999998699991e+01 1.001393846805024745e+00 8.534344477249122818e-02
8.572499999998510134e+01 1.002105958005188757e+00 8.599142471866269566e-02
8.587500000000000000e+01 1.004317508047031682e+00 8.601238670947178311e-02
8.602500000001494129e+01 1.002257232722212565e+00 8.595739828974691132e-02
8.617500000001324167e+01 1.001939336616940679e+00 8.593720420508993429e-02
8.632499999998670148e+01 1.002846510897186905e+00 8.599022291917998717e-02
8.647499999998503029e+01 1.000582905805629697e+00 8.515142801747782597e-02
8.662500000000000000e+01 1.001741794542575725e+00 8.479938950515486518e-02
8.677500000001501235e+01 1.001252421157011963e+00 8.394544784473779997e-02
8.692500000001352589e+01 1.001374303048854442e+00 8.558016039461807667e-02
8.707499999998641727e+01 1.000518385411431233e+00 8.513382375860520379e-02
8.722499999998494502e+01 1.001190931836175579e+00 8.488214653037641499e-02
8.737500000000000000e+01 1.001558315307753633e+00 8.554336339349533080e-02
8.752500000001508340e+01 1.001147417683597940e+00 8.477964753560508770e-02
8.767500000001381011e+01 1.003234910230616839e+00 8.546909605527659715e-02
8.782499999998613305e+01 1.000595351095093566e+00 8.466376459717135650e-02
8.797499999998487397e+01 1.001934340982892246e+00 8.450109437315735106e-02
8.812500000000000000e+01 1.001320899493875594e+00 8.458108307008749271e-02
8.827500000001514024e+01 1.002159242772476810e+00 8.384532617706633162e-02
8.842500000001409433e+01 9.999950580150700485e-01 8.371741339181480723e-02
8.857499999998586304e+01 1.000991052799715453e+00 8.518642766634398900e-02
8.872499999998480291e+01 1.000066689761505367e+00 8.356680499969647291e-02
8.887500000000000000e+01 1.000388750990499620e+00 8.464762807130483957e-02
8.902500000001521130e+01 1.000445669907745527e+00 8.334976961650517047e-02
8.917500000001436433e+01 1.000067506621618918e+00 8.484009838709756501e-02
8.932499999998557882e+01 1.000802401847527223e+00 8.446939968685239497e-02
8.947499999998473186e+01 9.989279152327935618e-01 8.483670206476567888e-02
8.962500000000000000e+01 9.980723921081426919e-01 8.343080289377503844e-02
8.977500000001528235e+01 1.000064382211246494e+00 8.375153821689161615e-02
8.992500000001462013e+01 9.987568858852710063e-01 8.301548208036427234e-02
9.007499999998532303e+01 9.990649750507706317e-01 8.365172841932549952e-02
9.022499999998467501e+01 1.000826633494043216e+00 8.471221181911559039e-02
9.037500000000000000e+01 9.976222220759569659e-01 8.252074572587267398e-02
9.052500000001533920e+01 9.994012630971007560e-01 8.335824829901326838e-02
9.067500000001489013e+01 9.991697207720944274e-01 8.291480238258842894e-02
9.082499999998505302e+01 9.988815037272413822e-01 8.260366008664302151e-02
9.097499999998460396e+01 9.982957677350564607e-01 8.377850680166869235e-02
9.112500000000000000e+01 9.980940893720449125e-01 8.373571799717970110e-02
9.127500000001541025e+01 9.972216591464008184e-01 8.349093620466416232e-02
9.142500000001514593e+01 9.976363429402816951e-01 8.357905863303888294e-02
9.157499999998479723e+01 9.980620229703943691e-01 8.274135379830134529e-02
9.172499999998454712e+01 9.975625909267740177e-01 8.354729812845586301e-02
9.187500000000000000e+01 9.987224447083308254e-01 8.230675743768658958e-02
9.202500000001548131e+01 9.955106160917489566e-01 8.289081150162203038e-02
9.217500000001541594e+01 9.968391470386558373e-01 8.238572015722152309e-02
9.232499999998454143e+01 9.980251589146006408e-01 8.229795497394065684e-02
9.247499999998447606e+01 9.951543049481808012e-01 8.292506067254644397e-02
9.262500000000000000e+01 9.970802283824952150e-01 8.220469653563683421e-02
9.277500000001553815e+01 9.969938566156264503e-01 8.232615058648473649e-02
9.292500000001565752e+01 9.966013531346428200e-01 8.208619399333869082e-02
9.307499999998428564e+01 9.957211882316089335e-01 8.173175992280531932e-02
9.322499999998441922e+01 9.944521302269546670e-01 8.169556844163081144e-02
9.337500000000000000e+01 9.947697092352890680e-01 8.091865567481487664e-02
9.352500000001559499e+01 9.961057900318872615e-01 8.160021895146507553e-02
9.367500000001591332e+01 9.952119266068352177e-01 8.197719732816502458e-02
9.382499999998402984e+01 9.953391916307674503e-01 8.065196070097613301e-02
9.397499999998436238e+01 9.943122920296197931e-01 8.169869101171181591e-02
9.412500000000000000e+01 9.937821544896604520e-01 8.235857847953845234e-02
9.427500000001566605e+01 9.939117536563037980e-01 8.158249418314376944e-02
9.442500000001615490e+01 9.943664477899581966e-01 8.112667037405521531e-02
9.457499999998380247e+01 9.941092398948432329e-01 8.186803848867145461e-02
9.472499999998429132e+01 9.942642474276567333e-01 8.067674112100292616e-02
9.487500000000000000e+01 9.952614656361010725e-01 8.248027476496659627e-02
9.502500000001572289e+01 9.945086332659530681e-01 8.190886075136122324e-02
9.517500000001639648e+01 9.936518474963805803e-01 8.174508516387865575e-02
9.532499999998356088e+01 9.934333938880195447e-01 8.031373322789622793e-02
9.547499999998423448e+01 9.923143630123772985e-01 8.080711397592010847e-02
9.562500000000000000e+01 9.943302417424104700e-01 7.991380294953627506e-02
9.577500000001577973e+01 9.926679468218594371e-01 8.068153573582788340e-02
9.592500000001662386e+01 9.936266041495740442e-01 8.095233916105083749e-02
9.607499999998331930e+01 9.934524199698863134e-01 8.067940234330812921e-02
9.622499999998417763e+01 9.930508099448731585e-01 8.067935433682338342e-02
9.637500000000000000e+01 9.934787305406730384e-01 8.042804841124204240e-02
9.652500000001585079e+01 9.934761962757689968e-01 8.205422243667455373e-02
9.667500000001686544e+01 9.936940759753347674e-01 8.015368304559011836e-02
9.682499999998309193e+01 9.912594691118584711e-01 8.123593781107346645e-02
9.697499999998412079e+01 9.905888916420504398e-01 8.036523016957819454e-02
9.712500000000000000e+01 9.918126612281620291e-01 8.170647012123936903e-02
9.727500000001590763e+01 9.907943749970341552e-01 8.132027569316895022e-02
9.742500000001709282e+01 9.926379299401560941e-01 8.083547076813667187e-02
9.757499999998287876e+01 9.908697610964817271e-01 8.073331916243250972e-02
9.772499999998406395e+01 9.918469663044156004e-01 7.980155455195600545e-02
9.787500000000000000e+01 9.908933095301426519e-01 7.931007270798884345e-02
9.802500000001595026e+01 9.914583951424790209e-01 7.970744639747798232e-02
9.817500000001732019e+01 9.913110967823012265e-01 8.050238520626738781e-02
9.832499999998263718e+01 9.907020664755695760e-01 8.105409115411972565e-02
9.847499999998402131e+01 9.908104048628431082e-01 7.974375513697115614e-02
9.862500000000000000e+01 9.910203833843687082e-01 8.024355456286071109e-02
9.877500000001600711e+01 9.906099263849803549e-01 8.109878954567417697e-02
9.892500000001753335e+01 9.904631251674619330e-01 8.023203310231331875e-02
9.907499999998242401e+01 9.900414319946068131e-01 8.058273179242832207e-02
9.922499999998395026e+01 9.904033328991364016e-01 7.948123219138797380e-02
9.937500000000000000e+01 9.902075407326027534e-01 7.943489931139026405e-02
9.952500000001606395e+01 9.914750023730477535e-01 8.081004895206908567e-02
9.967500000001776073e+01 9.888913773920315897e-01 7.979103291698601275e-02
9.982499999998221085e+01 9.908294732161934126e-01 7.989918563853404265e-02
9.997499999998389342e+01 9.904870998354191602e-01 7.940237961041758663e-02
1.001250000000000000e+02 9.899680954253760046e-01 8.064149550849977754e-02
1.002750000000161208e+02 9.910578197755985919e-01 7.970028070629749106e-02
1.004250000000179597e+02 9.897527727913674189e-01 8.007164069966866971e-02
1.005749999999819835e+02 9.906677054464061438e-01 7.978039313742386895e-02
1.007249999999838508e+02 9.912073711404957299e-01 8.004565412224401433e-02
1.008750000000000000e+02 9.880317832963324554e-01 7.900720688846796236e-02
1.010250000000161776e+02 9.893888032010470512e-01 7.954042050657855745e-02
1.011750000000181871e+02 9.884810784979758402e-01 7.914952230417784951e-02
1.013249999999817845e+02 9.678372000385139229e-01 7.873185698575839442e-02
1.014749999999837939e+02 9.502671689323312076e-01 7.773781071494549610e-02
1.016250000000000000e+02 9.376110092865238554e-01 7.655601575389583968e-02
1.017750000000162345e+02 9.286050302010581126e-01 7.592299049705109049e-02
1.019250000000184002e+02 9.182146030331175268e-01 7.594989382838399083e-02
1.020749999999815714e+02 9.119865318825651768e-01 7.560438545953133971e-02
1.022249999999837513e+02 9.034082717389759765e-01 7.467189508239427398e-02
1.023750000000000000e+02 8.989153051706243458e-01 7.391266872272785060e-02
1.025250000000162771e+02 8.924111365586456790e-01 7.411631568654683533e-02
1.026750000000185992e+02 8.867407728730627436e-01 7.473645248719182343e-02
1.028249999999813582e+02 8.811829236987043235e-01 7.345892275576422492e-02
1.029749999999836945e+02 8.755399418853893057e-01 7.208845361281125685e-02
1.031250000000000000e+02 8.706295392139872247e-01 7.310620503959421035e-02
1.032750000000163340e+02 8.649014234429315273e-01 7.233943233553701002e-02
1.034250000000187981e+02 8.624656018855455519e-01 7.183731215890072630e-02
1.035749999999811592e+02 8.577635660742414236e-01 7.131610850570527238e-02
1.037249999999836376e+02 8.534920405324064596e-01 7.151959959902627617e-02
1.038750000000000000e+02 8.492752085170001131e-01 7.101862825377912303e-02
1.040250000000163766e+02 8.457043719907679780e-01 7.104916641141210965e-02
1.041750000000189971e+02 8.425130733290040475e-01 7.109312033747818005e-02
1.043249999999809603e+02 8.375042025818891789e-01 7.116386656605673544e-02
1.044749999999835950e+02 8.341539553220175263e-01 7.042113354918477786e-02
1.046250000000000000e+02 8.287490954780495356e-01 7.083294448323501635e-02
1.047750000000164334e+02 8.273550596174221727e-01 7.030944756604318169e-02
1.049250000000191818e+02 8.225875964402098450e-01 6.957608983204104092e-02
1.050749999999807613e+02 8.200625984716891637e-01 6.935107309282249888e-02
1.052249999999839503e+02 8.170269084856275343e-01 6.971622739929081436e-02
1.053750000000000000e+02 8.141460001875847619e-01 6.909286881617834886e-02
1.055250000000157229e+02 8.106978953527395060e-01 6.976707368978692092e-02
1.056750000000193808e+02 8.085021018595888176e-01 6.957265129027125072e-02
1.058249999999805766e+02 8.037763670673342409e-01 6.903595182717896239e-02
1.059749999999847319e+02 8.009874633179693282e-01 6.865226768146552583e-02
1.061250000000000000e+02 7.975810053327941906e-01 6.893581238992523008e-02
1.062750000000149555e+02 7.957544230909567862e-01 6.783304816552440664e-02
1.064250000000195797e+02 7.915971614450044713e-01 6.772206687399778824e-02
1.065749999999803919e+02 7.882188930551697892e-01 6.791858187473714947e-02
1.067249999999854850e+02 7.871269674918006665e-01 6.811552334468325143e-02
1.068750000000000000e+02 7.829716774285541137e-01 6.770183744098864920e-02
1.070250000000141881e+02 7.819741493335232718e-01 6.751863964959455011e-02
1.071750000000197645e+02 7.793460990448897174e-01 6.746243226155956840e-02
1.073249999999802071e+02 7.773994764813020319e-01 6.707148186674431745e-02
1.074749999999862524e+02 7.732832998554469706e-01 6.768506456641090741e-02
1.076250000000000000e+02 7.724636882768292079e-01 6.664207765642819747e-02
1.077750000000134492e+02 7.693555351202011616e-01 6.656970978878243295e-02
1.079250000000199492e+02 7.678977871701700986e-01 6.705401697623447621e-02
1.080749999999800224e+02 7.651768130109164456e-01 6.686883825620598687e-02
1.082249999999869914e+02 7.625981220015680684e-01 6.607409654279970679e-02
1.083750000000000000e+02 7.599558123346479288e-01 6.599817202182886589e-02
1.085250000000127244e+02 7.580754693129734267e-01 6.629316716487801409e-02
1.086750000000201481e+02 7.560210212153859466e-01 6.589922293948324850e-02
1.088249999999798376e+02 7.529245131194740592e-01 6.549920971762192290e-02
1.089749999999877161e+02 7.516735781031430585e-01 6.579737565503217256e-02
1.091250000000000000e+02 7.490103022733644034e-01 6.538281823259028958e-02
1.092750000000119854e+02 7.478975940293185465e-01 6.633175568246975351e-02
1.094250000000203045e+02 7.457379160091250903e-01 6.567620881583581538e-02
1.095749999999796529e+02 7.427397776981522481e-01 6.614786319486534727e-02
1.097249999999884409e+02 7.400522955611873455e-01 6.480859713196090999e-02
1.098750000000000000e+02 7.393417430594420026e-01 6.433761753518781046e-02
1.100250000000112749e+02 7.375317059921335794e-01 6.501959170928074683e-02
1.101750000000204892e+02 7.356963610913869189e-01 6.471080453838712332e-02
1.103249999999794682e+02 7.338882261490438097e-01 6.423591027317489266e-02
1.104749999999891372e+02 7.315632741541879813e-01 6.432027133740728098e-02
1.106250000000000000e+02 7.298048511320207599e-01 6.364967897593960811e-02
1.107750000000105643e+02 7.287513731474137835e-01 6.505812810307286254e-02
1.109250000000206740e+02 7.255327725637080727e-01 6.420586247457914231e-02
1.110749999999792976e+02 7.237120921933734019e-01 6.348213984666693788e-02
1.112249999999898620e+02 7.225959331333399183e-01 6.389283304419517140e-02
1.113750000000000000e+02 7.209235073345597877e-01 6.391734063321644066e-02
1.115250000000098822e+02 7.198169193051362491e-01 6.328804936991867802e-02
1.116750000000208445e+02 7.159773565188719546e-01 6.258391160457296709e-02
1.118249999999791129e+02 7.149894156634746256e-01 6.257988860690461008e-02
1.119749999999905299e+02 7.137694863945248658e-01 6.230086339713981902e-02
1.121250000000000000e+02 7.117209241893862615e-01 6.361853317272547770e-02
1.122750000000091859e+02 7.100848311074848818e-01 6.254589038368249532e-02
1.124250000000210008e+02 7.079845934731338053e-01 6.189886189401968414e-02
1.125749999999789566e+02 7.067749163330163675e-01 6.323445432898150420e-02
1.127249999999912120e+02 7.042832051089900069e-01 6.223081263788250717e-02
1.128750000000000000e+02 7.029591542521842484e-01 6.205482194963372194e-02
1.130250000000085180e+02 7.020874015354803266e-01 6.287190361872579958e-02
1.131750000000211855e+02 6.988270632971924634e-01 6.155710957746026585e-02
1.133249999999787860e+02 6.987201733304462259e-01 6.266678103951064949e-02
1.134749999999919083e+02 6.962533625326846609e-01 6.157345352678084832e-02
1.136250000000000000e+02 6.946466170387680661e-01 6.252996773222356530e-02
1.137750000000078359e+02 6.930932760385030145e-01 6.145357605229060521e-02
1.139250000000213561e+02 6.916874727771398224e-01 6.146202258230751975e-02
1.140749999999786297e+02 6.900016041685096413e-01 6.145267971825647824e-02
1.142249999999925620e+02 6.886640829302835831e-01 6.091396715225579073e-02
1.143750000000000000e+02 6.885363315656494176e-01 6.139727844500847409e-02
1.145250000000071680e+02 6.852652169710650165e-01 6.099130088106557990e-02
1.146750000000215124e+02 6.834918803230337625e-01 6.180050836995421709e-02
1.148249999999784308e+02 6.835903446596754973e-01 6.129481214238186731e-02
1.149749999999932157e+02 6.811688953188821394e-01 6.039764999974151644e-02
1.151250000000000000e+02 6.794667922219540523e-01 6.046212254014483173e-02
1.152750000000065285e+02 6.782576709994049269e-01 6.055892808777996184e-02
1.154250000000216829e+02 6.777133213235178033e-01 6.106030301100175833e-02
1.155749999999783029e+02 6.744005880947461229e-01 6.110028555162112796e-02
1.157249999999938694e+02 6.747463360047056824e-01 6.032405245889531364e-02
1.158750000000000000e+02 6.727429841903171948e-01 5.978283412702062316e-02
1.160250000000058748e+02 6.704761120164844934e-01 6.015641296597427218e-02
1.161750000000218392e+02 6.694372918200925948e-01 6.104741178685398756e-02
1.163249999999781323e+02 6.678073199148205630e-01 6.009762716723471287e-02
1.164749999999945089e+02 6.669758986114703303e-01 5.929088591174624945e-02
1.166250000000000000e+02 6.655516180074088073e-01 5.905058620945136810e-02
1.167750000000052495e+02 6.647817469524681666e-01 5.923627350159617333e-02
1.169250000000220098e+02 6.629564614955497648e-01 6.049738718395662046e-02
1.170749999999779760e+02 6.625612588305287431e-01 5.899929976112054664e-02
1.172249999999951484e+02 6.605944253998864424e-01 5.941938147004977022e-02
1.173750000000000000e+02 6.583616541399862632e-01 5.962066692741600782e-02
1.175250000000046242e+02 6.587065328850899570e-01 5.926494518648185716e-02
1.176750000000221377e+02 6.571452603536697135e-01 5.874453120784469545e-02
1.178249999999778055e+02 6.547568347022466595e-01 5.821773497796390445e-02
1.179749999999957453e+02 6.532876679325615443e-01 5.821219692672362223e-02
1.181250000000000000e+02 6.521883197194462412e-01 5.827551465152001897e-02
1.182750000000039989e+02 6.510396799325953721e-01 5.975171199437404046e-02
1.184250000000223082e+02 6.510414438456098019e-01 5.885929642775605125e-02
1.185749999999776634e+02 6.485645290060839674e-01 5.857239838772472507e-02
1.187249999999963705e+02 6.471066430846296180e-01 5.822939775354587372e-02
1.188750000000000000e+02 6.460955259960670105e-01 5.817729328310863868e-02
1.190250000000033879e+02 6.454249287491700127e-01 5.823036110986886532e-02
1.191750000000224645e+02 6.441758624931819277e-01 5.797902201004281192e-02
1.193249999999775071e+02 6.424195133425607551e-01 5.837304764414395775e-02
1.194749999999969816e+02 6.422426914713120771e-01 5.827654560917722160e-02
1.196250000000000000e+02 6.388112646237240622e-01 5.816213644051107523e-02
1.197750000000027910e+02 6.382022680781570534e-01 5.749934954125329734e-02
1.199250000000226066e+02 6.385313923122707402e-01 5.707828901619877576e-02
1.200749999999773650e+02 6.362041694605908848e-01 5.727476373929227954e-02
1.202249999999975927e+02 6.339052345776181596e-01 5.696238869281556455e-02
1.203750000000000000e+02 6.341497161689866324e-01 5.705315270729954813e-02
1.205250000000021799e+02 6.328024683921549265e-01 5.683728241360345296e-02
1.206750000000227772e+02 6.305548782553723752e-01 5.662863748783728002e-02
1.208249999999772086e+02 6.304244137228640632e-01 5.703684228571075099e-02
1.209749999999981753e+02 6.292696844691408886e-01 5.600855622397811484e-02
1.211250000000000000e+02 6.276383288474260969e-01 5.728481700496158152e-02
1.212750000000015973e+02 6.268972723524471879e-01 5.691946020259645161e-02
1.214250000000229193e+02 6.253324068651949785e-01 5.674785713731184122e-02
1.215749999999770665e+02 6.244776301797321238e-01 5.695861045900005304e-02
1.217249999999987580e+02 6.235960436120671080e-01 5.658897144695546749e-02
1.218750000000000000e+02 6.221209574872723636e-01 5.649712406951401533e-02
1.220250000000010147e+02 6.206407412262033851e-01 5.629409838361746493e-02
1.221750000000230472e+02 6.180554877797306279e-01 5.593857634815144891e-02
1.223249999999769244e+02 6.191653891700625856e-01 5.577114884535927519e-02
1.224749999999993406e+02 6.169603485956385303e-01 5.648601030591858529e-02
1.226250000000000000e+02 6.156305456999371373e-01 5.695269597411938001e-02
1.227750000000004320e+02 6.139768556658337095e-01 5.600061235195674669e-02
1.229250000000231893e+02 6.131673101000886250e-01 5.584963321776162393e-02
1.230749999999767681e+02 6.120441234951675691e-01 5.524468758060779167e-02
1.232249999999999233e+02 6.108604213063260069e-01 5.544958612397248715e-02
1.233750000000000000e+02 6.110643123660051135e-01 5.582641420792842230e-02
1.235249999999998494e+02 6.092282681960281554e-01 5.541736406594452435e-02
1.236750000000233314e+02 6.087124727188080175e-01 5.565757032534154186e-02
1.238249999999766402e+02 6.072974276137489413e-01 5.565539205230645575e-02
1.239750000000004775e+02 6.065337467522293746e-01 5.425940547431003236e-02
1.241250000000000000e+02 6.047323080306868937e-01 5.566829788742271024e-02
1.242749999999992951e+02 6.029154928973362582e-01 5.530149089979501109e-02
1.244250000000234735e+02 6.025149853111226861e-01 5.388531753868695817e-02
1.245749999999764839e+02 6.017592274728431612e-01 5.477489176159668072e-02
1.247250000000010317e+02 6.003783777943734190e-01 5.510456465704650225e-02
1.248750000000000000e+02 5.999506505607371531e-01 5.510290478131570080e-02
1.250249999999987551e+02 5.987944776411756598e-01 5.511027686946808057e-02
1.251750000000236156e+02 5.974211405278766485e-01 5.509550590293331440e-02
1.253249999999763702e+02 5.961875081239613738e-01 5.461813748927457635e-02
1.254750000000015859e+02 5.956095428011701776e-01 5.538926945016759557e-02
1.256250000000000000e+02 5.949819233908474336e-01 5.370683225876396460e-02
1.257749999999982009e+02 5.927321470176681872e-01 5.400449360826788808e-02
1.259250000000237577e+02 5.923879728711352044e-01 5.409795655953312382e-02
1.260749999999762281e+02 5.912319804594122763e-01 5.433618217572377257e-02
1.262250000000021259e+02 5.895284919149785807e-01 5.333394115347019071e-02
1.263750000000000000e+02 5.887635997619486972e-01 5.366735540588536690e-02
1.265249999999976609e+02 5.853502143031470428e-01 5.374730391920076039e-02
1.266750000000238856e+02 5.620095250022419942e-01 5.264420814377032687e-02
1.268249999999760860e+02 5.467077030391361836e-01 5.204218436679907550e-02
1.269750000000026660e+02 5.360164837720630127e-01 5.107741069640509002e-02
1.271250000000000000e+02 5.256357821502475325e-01 5.136727259820126484e-02
1.272749999999971209e+02 5.182224005575267745e-01 5.063855860565766309e-02
1.274250000000240277e+02 5.101783175715930430e-01 5.031108872634097035e-02
1.275749999999759439e+02 5.035065663041027317e-01 4.947530183132469589e-02
1.277250000000031918e+02 4.969799105483111989e-01 4.881560416871596336e-02
1.278750000000000000e+02 4.907851136761957056e-01 4.947148295762065356e-02
1.280249999999965951e+02 4.853069012945642191e-01 4.878667259517857624e-02
1.281750000000241414e+02 4.792721771183070523e-01 4.869227385460789953e-02
1.283249999999758018e+02 4.731163737031682248e-01 4.782527855157157892e-02
1.284750000000037176e+02 4.689881556629046377e-01 4.806343989928706789e-02
1.286250000000000000e+02 4.632315554923730483e-01 4.743488905354530105e-02
1.287749999999960835e+02 4.588150150106714564e-01 4.713170319044172191e-02
1.289250000000242835e+02 4.537627748617523715e-01 4.680879046397403570e-02
1.290749999999756881e+02 4.494838874044810861e-01 4.689298600919362264e-02
1.292250000000042292e+02 4.453559888680506118e-01 4.689800468994113208e-02
1.293750000000000000e+02 4.401532812181563337e-01 4.550869739584949281e-02
1.295249999999955719e+02 4.363218683978219437e-01 4.603266637128783367e-02
1.296750000000243972e+02 4.315972744471012201e-01 4.597088189415506759e-02
1.298249999999755460e+02 4.262924511899129909e-01 4.576067583765840163e-02
1.299750000000047692e+02 4.229530964928384096e-01 4.458815449146615040e-02
1.301250000000000000e+02 4.185635969906170706e-01 4.476101974629587144e-02
1.302749999999950319e+02 4.150024874579232304e-01 4.420105683710674749e-02
1.304250000000245393e+02 4.113710157159627956e-01 4.382733826519675385e-02
1.305749999999754323e+02 4.074128546121716377e-01 4.372465919228344516e-02
1.307250000000052523e+02 4.036623543188898044e-01 4.360105388395747045e-02
1.308750000000000000e+02 4.009996077595515129e-01 4.377818764033376137e-02
1.310249999999945487e+02 3.967349509315842848e-01 4.299159507957449333e-02
1.311750000000246530e+02 3.935073817940701324e-01 4.300226135585105691e-02
1.313249999999753186e+02 3.891054733969788182e-01 4.393047922113595127e-02
1.314750000000057639e+02 3.854694439112573146e-01 4.322744022589129070e-02
1.316250000000000000e+02 3.842871274422878236e-01 4.275846867825290609e-02
1.317749999999940655e+02 3.799193323626270380e-01 4.201810203020207857e-02
1.319250000000247951e+02 3.762923333617864685e-01 4.213432707376867786e-02
1.320749999999751765e+02 3.733031911237164602e-01 4.184001225264578211e-02
1.322250000000062471e+02 3.699861759398176408e-01 4.145816150235491493e-02
1.323750000000000000e+02 3.671282351307336711e-01 4.168069780973601007e-02
1.325249999999935540e+02 3.641581924172652696e-01 4.133697880943239256e-02
1.326750000000249088e+02 3.607040607147811717e-01 4.129355365306108111e-02
1.328249999999750628e+02 3.573859717478527487e-01 4.051843520661720793e-02
1.329750000000067303e+02 3.545669567806694622e-01 4.050319197611974148e-02
1.331250000000000000e+02 3.510262417746274899e-01 4.064261182648904597e-02
1.332749999999930424e+02 3.479613408747407322e-01 4.068746942288146984e-02
1.334250000000250225e+02 3.452948043463006100e-01 3.971875897214517670e-02
1.335749999999749491e+02 3.423688621118054498e-01 3.959568820971762909e-02
1.337250000000072134e+02 3.393394969685201157e-01 3.956138823270382437e-02
1.338750000000000000e+02 3.364864109942268811e-01 3.963366375470445124e-02
1.340249999999925876e+02 3.335609230654137392e-01 3.950006218176393968e-02
1.341750000000251362e+02 3.303327968834274264e-01 3.936799541779462119e-02
1.343249999999748354e+02 3.289779867245750666e-01 3.884455089250729576e-02
1.344750000000077250e+02 3.255532426264962642e-01 3.830687380083247495e-02
1.346250000000000000e+02 3.222682594721418825e-01 3.872563739070199879e-02
1.347749999999921044e+02 3.201896206197359374e-01 3.866386396299482942e-02
1.349250000000252783e+02 3.168904192559449662e-01 3.834099322341547739e-02
1.350749999999746933e+02 3.145301404675343582e-01 3.870175923642593663e-02
1.352250000000081798e+02 3.109702948502851005e-01 3.803030121784772150e-02
1.353750000000000000e+02 3.090466417103075458e-01 3.762630753694992669e-02
1.355249999999916213e+02 3.062038466534542924e-01 3.731394874007749191e-02
1.356750000000253920e+02 3.035531105069154689e-01 3.741262770147470162e-02
1.358249999999746080e+02 3.015139855262934376e-01 3.713567281874814718e-02
1.359750000000086345e+02 2.982756546066490655e-01 3.696613961722682723e-02
1.361250000000000000e+02 2.959905716496841754e-01 3.633502171754456750e-02
1.362749999999911665e+02 2.938189092818308534e-01 3.630085548876420265e-02
1.364250000000255056e+02 2.906563903058526077e-01 3.601156251128222185e-02
1.365749999999744659e+02 2.886163949690309094e-01 3.582301687663629747e-02
1.367250000000091177e+02 2.861910361060520103e-01 3.613666996740600573e-02
1.368750000000000000e+02 2.837030296075231939e-01 3.593356737080950769e-02
1.370249999999907118e+02 2.809801062233392988e-01 3.558250176409360338e-02
1.371750000000256193e+02 2.788551431967772887e-01 3.544531027198688511e-02
1.373249999999743522e+02 2.765659281164513095e-01 3.509584360988414475e-02
1.374750000000095724e+02 2.734916521824819480e-01 3.504375336170872240e-02
1.376250000000000000e+02 2.713434354054726771e-01 3.452742390097178482e-02
1.377749999999902286e+02 2.684804483629971150e-01 3.435905178580937747e-02
1.379250000000257330e+02 2.669867377303590805e-01 3.454295668643743433e-02
1.380749999999742386e+02 2.644292326580643393e-01 3.409403108347212885e-02
1.382250000000100272e+02 2.621451129963576765e-01 3.417048927195910635e-02
1.383750000000000000e+02 2.594798457262475488e-01 3.397171365017372102e-02
1.385249999999898023e+02 2.578458097266739246e-01 3.427981390604543238e-02
1.386750000000258467e+02 2.557330483506440877e-01 3.404947973209736939e-02
1.388249999999741249e+02 2.530489387904799048e-01 3.331755013360444828e-02
1.389750000000104535e+02 2.506944513406558772e-01 3.315912146176265562e-02
1.391250000000000000e+02 2.488772450404890257e-01 3.318392741377506477e-02
1.392749999999893475e+02 2.466848613801677081e-01 3.316429564848772521e-02
1.394250000000259604e+02 2.441681008054124857e-01 3.259695182899781385e-02
1.395749999999740112e+02 2.421467082730937859e-01 3.298836253445906752e-02
1.397250000000109367e+02 2.399884041411045055e-01 3.233519049368275416e-02
1.398750000000000000e+02 2.373858147365757454e-01 3.248482322443643766e-02
1.400249999999889212e+02 2.357413296213144438e-01 3.245245523636519636e-02
1.401750000000260741e+02 2.336277483093880669e-01 3.214320173719933948e-02
1.403249999999738975e+02 2.308947293331464756e-01 3.206911190742024048e-02
1.404750000000113346e+02 2.289988986706756879e-01 3.133036047840202093e-02
1.406250000000000000e+02 2.276188897768235408e-01 3.163280772177320954e-02
1.407749999999884665e+02 2.249871824949683519e-01 3.149795564880126381e-02
1.409250000000261593e+02 2.229623065995979536e-01 3.139985455782185603e-02
1.410749999999738122e+02 2.206646099295493657e-01 3.109680752480181373e-02
1.412250000000117893e+02 2.186099056435570898e-01 3.044858866719756668e-02
1.413750000000000000e+02 2.162643497804944970e-01 3.095888961774403980e-02
1.415249999999880401e+02 2.148391069602788028e-01 3.044023626700641250e-02
1.416750000000263014e+02 2.127323232608163694e-01 3.023212818485286960e-02
1.418249999999736986e+02 2.107735880268488404e-01 3.024821711826477730e-02
1.419750000000122441e+02 2.086171127348477039e-01 3.004700136859219176e-02
1.421250000000000000e+02 2.070617843085860443e-01 3.000257382898204039e-02
1.422749999999876138e+02 2.053286041982384513e-01 2.961523836507451088e-02
1.424250000000264151e+02 2.030836151204257201e-01 2.954572475676644008e-02
1.425749999999735849e+02 2.007075668400069290e-01 2.973280114285107092e-02
1.427250000000126420e+02 1.993793578231599917e-01 2.936787914470771407e-02
1.428750000000000000e+02 1.968252180989805977e-01 2.910742380125516671e-02
1.430249999999871875e+02 1.947769885334410256e-01 2.928936684427186840e-02
1.431750000000265004e+02 1.931198153833803555e-01 2.923513762697770718e-02
1.433249999999734712e+02 1.908486367637782510e-01 2.880073400889473362e-02
1.434750000000130683e+02 1.895416209095630855e-01 2.860435892380645134e-02
1.436250000000000000e+02 1.878714756212494508e-01 2.826067202798056635e-02
1.437749999999867612e+02 1.855827160849256585e-01 2.826294937118238246e-02
1.439250000000266141e+02 1.837861054259201377e-01 2.842746154780953147e-02
1.440749999999733575e+02 1.824962482508719896e-01 2.774044647509648839e-02
1.442250000000134946e+02 1.794327110781131773e-01 2.774421487796813884e-02
1.443750000000000000e+02 1.779097397568702721e-01 2.771161534132486268e-02
1.445249999999863348e+02 1.763364363638663668e-01 2.731506286027382546e-02
1.446750000000266994e+02 1.744909510491804427e-01 2.745797376707834539e-02
1.448249999999732722e+02 1.730871994601297925e-01 2.688722345422882992e-02
1.449750000000139210e+02 1.708027660160622851e-01 2.707680939996180008e-02
1.451250000000000000e+02 1.691878751659652569e-01 2.666649666247334141e-02
1.452749999999859369e+02 1.670636164983204941e-01 2.678043188543585695e-02
1.454250000000268130e+02 1.655700183646456880e-01 2.680107213587671830e-02
1.455749999999731870e+02 1.638118015490517554e-01 2.666374632322807137e-02
1.457250000000142904e+02 1.620058767216293605e-01 2.607337415008596435e-02
1.458750000000000000e+02 1.597680453079526330e-01 2.593673606272669380e-02
1.460249999999855390e+02 1.584869408456359152e-01 2.599920875287854705e-02
1.461750000000269267e+02 1.561081044179652433e-01 2.557460591810158806e-02
1.463249999999730733e+02 1.546521058405686821e-01 2.580304282556756049e-02
1.464750000000146883e+02 1.532153957425338719e-01 2.552501048774342279e-02
1.466250000000000000e+02 1.509962891487293679e-01 2.540643357691206930e-02
1.467749999999851411e+02 1.494360671583088718e-01 2.496912599478543285e-02
1.469250000000270120e+02 1.478003154273742625e-01 2.474140218854319409e-02
1.470749999999729596e+02 1.461178985252459539e-01 2.468047227207100999e-02
1.472250000000150862e+02 1.438190077244932419e-01 2.492553218106466698e-02
1.473750000000000000e+02 1.424025239779617980e-01 2.485745118579879911e-02
1.475249999999847432e+02 1.402215836519114800e-01 2.406727723771335051e-02
1.476750000000270973e+02 1.389563453648032521e-01 2.414771563211571409e-02
1.478249999999728743e+02 1.378731079256395042e-01 2.400981772870153241e-02
1.479750000000154841e+02 1.354978046145535464e-01 2.372497617475958012e-02
1.481250000000000000e+02 1.339679213725817053e-01 2.369896318103964158e-02
1.482749999999843453e+02 1.322109522196101006e-01 2.375772207092111815e-02
1.484250000000272109e+02 1.307315246736157344e-01 2.326446760083887566e-02
1.485749999999727606e+02 1.285160148975263150e-01 2.317456157426695668e-02
1.487250000000158821e+02 1.273188490080977009e-01 2.306810754200864025e-02
1.488750000000000000e+02 1.255127526331071552e-01 2.307481418951035090e-02
1.490249999999839474e+02 1.239789616008270950e-01 2.276138364364048428e-02
1.491750000000273246e+02 1.223024683351606190e-01 2.267916821600009930e-02
1.493249999999726754e+02 1.209265168435429139e-01 2.237918484291737467e-02
1.494750000000162800e+02 1.189494840113933388e-01 2.221754882258085081e-02
1.496250000000000000e+02 1.177686895450924948e-01 2.232698815624958172e-02
1.497749999999835779e+02 1.158357094708181573e-01 2.164890139309557857e-02
1.499250000000274099e+02 1.143451236665970622e-01 2.189819187978621351e-02
1.500749999999725617e+02 1.131000156242335797e-01 2.134654234559079863e-02
1.502250000000166494e+02 1.110168203308186524e-01 2.122255389215443530e-02
1.503750000000000000e+02 1.091476103562830785e-01 2.111173354089862508e-02
1.505249999999831800e+02 1.079631826954413065e-01 2.103363654068182709e-02
1.506750000000274952e+02 1.061925083326849817e-01 2.095702765768426429e-02
1.508249999999724764e+02 1.046395600964213496e-01 2.064552133137835532e-02
1.509750000000170473e+02 1.032707993088181342e-01 2.065166736741839981e-02
1.511250000000000000e+02 1.013095851425948185e-01 2.053567391262562519e-02
1.512749999999828106e+02 1.005264630832342493e-01 2.042686941808133719e-02
1.514250000000275804e+02 9.859468280078149960e-02 2.003792852193683055e-02
1.515749999999723912e+02 9.709011170379613920e-02 2.002254737287811198e-02
1.517250000000174168e+02 9.543275092745218124e-02 1.979354416924219290e-02
1.518750000000000000e+02 9.349889565404101432e-02 1.961130763229928381e-02
1.520249999999824411e+02 9.210840892759786236e-02 1.955158960799642520e-02
1.521750000000276941e+02 9.053314211379767662e-02 1.915687675580005772e-02
1.523249999999722775e+02 8.914625122065371332e-02 1.899924721964251634e-02
1.524750000000177863e+02 8.788369689461916767e-02 1.881394870020276430e-02
1.526250000000000000e+02 8.623980360518478105e-02 1.885381561411345053e-02
1.527749999999820716e+02 8.455470498209077812e-02 1.864764600803879568e-02
1.529250000000277794e+02 8.300567052998771012e-02 1.871609743718177787e-02
1.530749999999721922e+02 8.172369675800236766e-02 1.816405389019292577e-02
1.532250000000181558e+02 7.990275300157340110e-02 1.821777855755812164e-02
1.533750000000000000e+02 7.884270155695936866e-02 1.796575964249640806e-02
1.535249999999817021e+02 7.732208766093515151e-02 1.761529617617172555e-02
1.536750000000278646e+02 7.563020362543193542e-02 1.754868739698563218e-02
1.538249999999721069e+02 7.436412407645946743e-02 1.754601304801218370e-02
1.539750000000185253e+02 7.304050386074636969e-02 1.736402743543746449e-02
1.541250000000000000e+02 7.134467648985678978e-02 1.710484961177434135e-02
1.542749999999813326e+02 6.952869847512548052e-02 1.685081578967482369e-02
1.544250000000279783e+02 6.798529149585239018e-02 1.662601684875458785e-02
1.545749999999720217e+02 6.681857244121706951e-02 1.665746742980871511e-02
1.547250000000188948e+02 6.537178206986417328e-02 1.620787112174269448e-02
1.548750000000000000e+02 6.386854129549010550e-02 1.599593711205931149e-02
1.550249999999809631e+02 6.255714883607083054e-02 1.606619746079879230e-02
1.551750000000280636e+02 6.118145725783797478e-02 1.577396327816331725e-02
1.553249999999719080e+02 5.964655633197867013e-02 1.546858193943626697e-02
1.554750000000192358e+02 5.775319472198119086e-02 1.528079776261915060e-02
1.556250000000000000e+02 5.656947557837544577e-02 1.518701864352900791e-02
1.557749999999806221e+02 5.531944161211014427e-02 1.494806264867995678e-02
1.559250000000281489e+02 5.366870385689270079e-02 1.477764287456377265e-02
1.560749999999718511e+02 5.214437183200825582e-02 1.455645300950985516e-02
1.562250000000196053e+02 5.111944809156414998e-02 1.458969497318493395e-02
1.563750000000000000e+02 4.953175252379551224e-02 1.428150938646752764e-02
1.565249999999802810e+02 4.828722437743704354e-02 1.387170552828447326e-02
1.566750000000282341e+02 4.686775804447700783e-02 1.378815066561242531e-02
1.568249999999717659e+02 4.552074550482738263e-02 1.357742647996376499e-02
1.569750000000199748e+02 4.417430522203362464e-02 1.326147121470605365e-02
1.571250000000000000e+02 4.279883332080721553e-02 1.298339208302043413e-02
1.572749999999799115e+02 4.148872995928942764e-02 1.283396198988039430e-02
1.574250000000283194e+02 4.000145266854313042e-02 1.270625737606058923e-02
1.575749999999716522e+02 3.844959489671084113e-02 1.239962542533190257e-02
1.577250000000202874e+02 3.732549885710542692e-02 1.224260561431975494e-02
1.578750000000000000e+02 3.587826678773430727e-02 1.205998365285990137e-02
1.580249999999795705e+02 3.452208312072748558e-02 1.164241056455129694e-02
1.581750000000284047e+02 3.333457427570347964e-02 1.156769791103732549e-02
1.583249999999715669e+02 3.177574020933125049e-02 1.126215855103165214e-02
1.584750000000206569e+02 3.033606747140756704e-02 1.103091275626653239e-02
1.586250000000000000e+02 2.911982733695863898e-02 1.082888161182092926e-02
1.587749999999792294e+02 2.775505760319457726e-02 1.044999108207085407e-02
1.589250000000284899e+02 2.667248222587436865e-02 1.029673463624484857e-02
1.590749999999715101e+02 2.554334792068481755e-02 1.001454170248168747e-02
1.592250000000209980e+02 2.405632515372632327e-02 9.633680769141193811e-03
1.593750000000000000e+02 2.264545667726465192e-02 9.436141752958539589e-03
1.595249999999788884e+02 2.138538993077031963e-02 9.168247351154583738e-03
1.596750000000285752e+02 2.018988601680468675e-02 8.810271005213192452e-03
1.598249999999713964e+02 1.879251779319924751e-02 8.587214036819843313e-03
1.599750000000213390e+02 1.753764371509383344e-02 8.245835315166196930e-03
1.601250000000000000e+02 1.626588644915670512e-02 7.920901325207580640e-03
1.602749999999785473e+02 1.499298012343539682e-02 7.641793952155188918e-03
1.604250000000286605e+02 1.362842182490222979e-02 7.257625017501282728e-03
1.605749999999713395e+02 1.243042436774789185e-02 6.870869885677922430e-03
1.607250000000216517e+02 1.115488471458428270e-02 6.566147635295839849e-03
1.608750000000000000e+02 9.964553257687764481e-03 6.245627331885612865e-03
1.610249999999782062e+02 8.760825803261184860e-03 5.792585151006407300e-03
1.611750000000287457e+02 7.544909687704016814e-03 5.319161001983663435e-03
1.613249999999712543e+02 6.236188465715893949e-03 4.899707845519960143e-03
1.614750000000219927e+02 4.937294502358917543e-03 4.325878638277300819e-03
1.616250000000000000e+02 3.775368280158463135e-03 3.823306151135265167e-03
1.617749999999778652e+02 2.574023852295445093e-03 3.167676795104149533e-03
1.619250000000288310e+02 1.338805172274683871e-03 2.271353859572168912e-03
1.620749999999711406e+02 2.167873169979155166e-04 9.142931692466297819e-04
