# Radius RDF_mean RDF_std
7.500000000000896228e-02 4.631530405562193226e-02 3.501186955155700109e-01
2.249999999999577616e-01 4.711524188463019763e-02 2.057269362104935939e-01
3.750000000000000000e-01 5.374364635964116316e-02 1.699931683899297830e-01
5.249999999999700462e-01 5.854400224877680942e-02 1.511690139281620937e-01
6.750000000001169509e-01 6.186769461115172730e-02 1.361925839238359304e-01
8.249999999998777200e-01 7.532340375609862526e-02 1.360028279119180894e-01
9.750000000001839418e-01 8.351181608851705740e-02 1.315964858008340788e-01
1.125000000000000000e+00 9.799407056853748355e-02 1.335144658383166649e-01
1.274999999999773648e+00 1.144990667901066989e-01 1.349973768391602436e-01
1.424999999999764455e+00 1.329445921794747965e-01 1.372127090847809761e-01
1.575000000000282396e+00 1.572253103689870146e-01 1.402270823078085871e-01
1.725000000000170397e+00 1.839054041169088383e-01 1.455692718810601416e-01
1.875000000000000000e+00 2.161854560596115638e-01 1.514100323430644379e-01
2.025000000000070521e+00 2.537405226558289151e-01 1.564927380496735076e-01
2.174999999999594813e+00 2.947001332515571392e-01 1.667187154327658127e-01
2.325000000000426059e+00 3.429232685851236750e-01 1.734006781371513761e-01
2.474999999999678124e+00 3.996908186192015267e-01 1.812529074619609604e-01
2.625000000000000000e+00 4.579226093741188275e-01 1.859088494429197436e-01
2.775000000000444444e+00 5.282257710830303710e-01 1.954688565633578845e-01
2.924999999999512212e+00 6.007827688460236626e-01 2.031203490440947890e-01
3.075000000000499334e+00 6.880241254732264444e-01 2.093540962790782223e-01
3.224999999999414779e+00 7.714348758938424089e-01 2.165251598481839623e-01
3.375000000000000000e+00 8.725440538369764187e-01 2.259403174932866631e-01
3.525000000000659384e+00 9.641511962745951125e-01 2.333235423094707772e-01
3.674999999999857714e+00 1.063322530408281175e+00 2.395113316319448238e-01
3.825000000000022382e+00 1.151786957983884419e+00 2.413758496602829984e-01
3.974999999999250466e+00 1.231825882684111084e+00 2.428365044528507100e-01
4.125000000000000000e+00 1.288749548591858307e+00 2.488394687285020723e-01
4.275000000000798828e+00 1.316074838449733386e+00 2.447170649547110166e-01
4.425000000000374634e+00 1.315982665663301354e+00 2.434798359986580785e-01
4.574999999999541878e+00 1.294661068192822340e+00 2.347016727921256984e-01
4.724999999999138112e+00 1.250064032017087934e+00 2.281756815319067044e-01
4.875000000000000000e+00 1.195867007037953789e+00 2.217343419857851772e-01
5.025000000000897415e+00 1.134344723176403447e+00 2.141134035895484455e-01
5.175000000000743228e+00 1.064888248618681033e+00 2.050384515755919734e-01
5.324999999999196376e+00 1.010716601281433480e+00 1.935390858402686876e-01
5.474999999999057287e+00 9.531976601725132836e-01 1.880732293223512097e-01
5.625000000000000000e+00 9.108738209508421280e-01 1.795196486236738109e-01
5.775000000000969358e+00 8.822649109358431385e-01 1.748709968345811827e-01
5.925000000001017675e+00 8.661198314043929702e-01 1.709205989672863413e-01
6.074999999998936140e+00 8.581389964404575466e-01 1.684908840881298164e-01
6.224999999998995115e+00 8.661848132659487609e-01 1.672310551019297875e-01
6.375000000000000000e+00 8.828329090516170430e-01 1.655346223049669607e-01
6.525000000001025313e+00 9.063894711029097939e-01 1.706596828432986879e-01
6.675000000001229949e+00 9.362457208922636553e-01 1.659078955765746211e-01
6.824999999998733635e+00 9.676451143238897767e-01 1.692912390767952191e-01
6.974999999999387690e+00 1.004265917523082585e+00 1.679221939329489655e-01
7.125000000000000000e+00 1.040567166880729921e+00 1.698842201060844770e-01
7.275000000000346745e+00 1.065882341510300702e+00 1.712133097129620862e-01
7.425000000001398703e+00 1.091338036561041003e+00 1.692353699878285100e-01
7.574999999998571099e+00 1.109743825357873082e+00 1.679633517814118349e-01
7.725000000000012079e+00 1.122636617121055114e+00 1.705873221264208039e-01
7.875000000000000000e+00 1.129218793724513725e+00 1.666588237047510745e-01
8.024999999999771205e+00 1.133840947996448856e+00 1.680009495597104274e-01
8.175000000001539036e+00 1.129378873772504566e+00 1.661179199377396387e-01
8.324999999998437872e+00 1.120377889504678981e+00 1.644842421549199130e-01
8.475000000000525446e+00 1.111629520727837495e+00 1.620411123754262883e-01
8.625000000000000000e+00 1.101269459829923303e+00 1.606321347681241296e-01
8.774999999999291589e+00 1.082952555021562180e+00 1.556678698929389038e-01
8.925000000001652722e+00 1.065609523939652581e+00 1.546810972196426825e-01
9.074999999998325961e+00 1.042360671009062711e+00 1.502030193745483855e-01
9.225000000000957101e+00 1.020867294817505266e+00 1.481549332846993083e-01
9.375000000000000000e+00 9.980110557480226241e-01 1.457779615938780693e-01
9.524999999998890132e+00 9.759444666776797561e-01 1.429133633679940674e-01
9.675000000001750422e+00 9.520387232244446052e-01 1.404631530719517019e-01
9.824999999998231814e+00 9.346746754410389935e-01 1.369586508407031611e-01
9.975000000001321254e+00 9.203762527675947158e-01 1.373401247848433926e-01
1.012500000000000000e+01 9.081391476018193520e-01 1.320044058073398530e-01
1.027499999999854730e+01 9.025490900692737517e-01 1.340396789298343716e-01
1.042500000000183391e+01 9.000043024733198616e-01 1.290602684325094229e-01
1.057499999999815010e+01 9.029396730365853996e-01 1.291624837682778804e-01
1.072500000000163745e+01 9.067352407950114435e-01 1.301502572215993969e-01
1.087500000000000000e+01 9.243320298696424686e-01 1.291282446057666622e-01
1.102499999999824887e+01 9.368242666347225134e-01 1.300911045186966264e-01
1.117500000000190674e+01 9.488271066316874558e-01 1.308212984464275641e-01
1.132499999999808082e+01 9.648366586059395900e-01 1.302751664951572463e-01
1.147500000000190923e+01 9.812505056821400062e-01 1.301447202914372270e-01
1.162500000000000000e+01 9.908536099418026044e-01 1.295035617252699722e-01
1.177499999999798952e+01 1.003330252996724736e+00 1.286551884750194719e-01
1.192500000000196891e+01 1.016307400325108246e+00 1.296914784201267101e-01
1.207499999999801865e+01 1.024387411282932092e+00 1.291433935912471576e-01
1.222500000000215081e+01 1.029758703225316818e+00 1.276919418993864019e-01
1.237500000000000000e+01 1.032014773840243649e+00 1.289739080139929439e-01
1.252499999999776215e+01 1.036017877862826841e+00 1.272301066802728475e-01
1.267500000000202398e+01 1.036122117488483374e+00 1.273667668968158639e-01
1.282499999999796536e+01 1.038843461581819838e+00 1.278507460031783061e-01
1.297500000000236220e+01 1.033020326522448018e+00 1.260959416649153619e-01
1.312500000000000000e+01 1.029034565222511910e+00 1.252557053434755763e-01
1.327499999999756142e+01 1.023277393603325480e+00 1.218256602148942574e-01
1.342500000000173088e+01 1.018248982887571819e+00 1.241954943577214671e-01
1.357499999999841833e+01 1.008591133424062480e+00 1.219217757358395937e-01
1.372500000000255049e+01 1.000705916306962484e+00 1.205021837538165913e-01
1.387500000000000000e+01 9.980668864305228816e-01 1.200581295536479187e-01
1.402499999999738023e+01 9.895547614537674175e-01 1.199285453060450896e-01
1.417500000000102034e+01 9.840941094525834654e-01 1.175341571131360702e-01
1.432499999999911111e+01 9.786612633542471906e-01 1.174614243686979975e-01
1.447500000000271925e+01 9.752772508752189928e-01 1.151262786166528107e-01
1.462500000000000000e+01 9.699365755978850423e-01 1.150499135820271385e-01
1.477499999999721680e+01 9.701998457025281519e-01 1.140842997119266428e-01
1.492500000000038618e+01 9.685714093217747678e-01 1.138214217916448251e-01
1.507499999999973639e+01 9.696192195824694382e-01 1.132488157045018623e-01
1.522500000000287201e+01 9.697566171802296520e-01 1.142872044162409756e-01
1.537500000000000000e+01 9.752578916135371534e-01 1.118908128182111161e-01
1.552499999999706937e+01 9.782887672705049553e-01 1.124577616144757236e-01
1.567499999999980886e+01 9.838022905942656049e-01 1.108126793138198285e-01
1.582500000000029772e+01 9.864374244889858590e-01 1.103359254709035120e-01
1.597500000000300879e+01 9.908529684408723393e-01 1.101720366325901618e-01
1.612500000000000000e+01 9.952813139550761301e-01 1.098951267015553512e-01
1.627499999999693969e+01 9.978788075732342167e-01 1.107419339502890704e-01
1.642499999999928662e+01 1.000456294971816318e+00 1.100301994864093524e-01
1.657500000000081286e+01 1.004081929322490963e+00 1.087115252844513408e-01
1.672500000000313847e+01 1.006988983388266146e+00 1.092827217473733986e-01
1.687500000000000000e+01 1.008567274638263900e+00 1.098276508287919784e-01
1.702499999999681535e+01 1.007917527911371902e+00 1.074951100760286327e-01
1.717499999999880700e+01 1.011630217228388862e+00 1.075135828577789693e-01
1.732500000000128182e+01 1.010927128469065073e+00 1.086833120218216736e-01
1.747500000000325215e+01 1.011972862463211165e+00 1.060910035023119730e-01
1.762500000000000000e+01 1.010869586132334019e+00 1.066206706575895391e-01
1.777499999999670521e+01 1.010126549836614540e+00 1.061609726016961297e-01
1.792499999999837357e+01 1.008487971919398429e+00 1.061068701026261912e-01
1.807500000000171170e+01 1.005669237251192838e+00 1.040167246625348096e-01
1.822500000000335874e+01 1.002776905082787939e+00 1.050159788147558837e-01
1.837500000000000000e+01 1.000805381942346362e+00 1.032879536081714317e-01
1.852499999999660218e+01 9.957850102684112636e-01 1.026212724862258091e-01
1.867499999999797211e+01 9.935504332018051388e-01 1.020990033856094825e-01
1.882500000000210960e+01 9.905390523933406133e-01 1.033561131115636050e-01
1.897500000000345466e+01 9.873775499373851350e-01 1.029980038046873353e-01
1.912500000000000000e+01 9.883505911870992255e-01 1.005894994514083540e-01
1.927499999999650626e+01 9.833027156029943150e-01 9.979572318396204289e-02
1.942499999999759908e+01 9.849888930868628822e-01 1.003859769238735211e-01
1.957500000000247198e+01 9.820586743109392946e-01 9.989319189032511148e-02
1.972500000000354348e+01 9.860183679860214934e-01 9.984782944195980114e-02
1.987500000000000000e+01 9.838668535462079534e-01 9.930365595201343099e-02
2.002499999999642100e+01 9.845477952458526749e-01 9.789730165970676745e-02
2.017499999999725446e+01 9.843700389139111717e-01 9.896229004424980658e-02
2.032500000000281304e+01 9.877390729714622397e-01 9.811622815221494875e-02
2.047500000000362874e+01 9.910336435501323482e-01 9.796376814255430832e-02
2.062500000000000000e+01 9.920206396851095620e-01 9.774385603781084175e-02
2.077499999999633928e+01 9.956926050153629415e-01 9.767927402122592029e-02
2.092499999999693472e+01 9.960552148647434656e-01 9.706777249028303300e-02
2.107500000000312212e+01 9.992286651303066147e-01 9.587130834772610022e-02
2.122500000000370690e+01 1.000805041726682054e+00 9.706372623295610180e-02
2.137500000000000000e+01 1.004018300878524173e+00 9.592288502416780605e-02
2.152499999999626468e+01 1.004745120812103876e+00 9.708544043888332753e-02
2.167499999999663984e+01 1.009019485422853357e+00 9.608518481257265209e-02
2.182500000000341700e+01 1.008962040096866852e+00 9.509640574025797488e-02
2.197500000000377796e+01 1.010971263624540040e+00 9.527639054835537746e-02
2.212500000000000000e+01 1.010980072241071559e+00 9.564600937795270097e-02
2.227499999999619718e+01 1.010695700152857368e+00 9.295148009776306453e-02
2.242499999999636273e+01 1.011100882764088382e+00 9.366109210656772821e-02
2.257500000000369056e+01 1.012263558213628123e+00 9.428751410905515662e-02
2.272500000000384546e+01 1.009795565674644013e+00 9.421135036226840898e-02
2.287500000000000000e+01 1.009317370352494914e+00 9.261127841932294269e-02
2.302499999999612967e+01 1.008810981151553543e+00 9.314047016691522074e-02
2.317499999999610338e+01 1.004501766864168033e+00 9.153355529415672931e-02
2.332500000000394635e+01 1.004692114063397090e+00 9.200994503127254975e-02
2.347500000000390941e+01 1.001861939709663751e+00 9.130281569103747275e-02
2.362500000000000000e+01 9.988022297433916119e-01 9.142257560523928128e-02
2.377499999999606928e+01 9.954539248609910462e-01 9.164627403444418341e-02
2.392499999999586180e+01 9.957541677585541873e-01 9.033317350487637953e-02
2.407500000000418439e+01 9.955717487554597289e-01 8.967802469840513435e-02
2.422500000000396625e+01 9.917124182406694688e-01 9.095339677309424720e-02
2.437500000000000000e+01 9.913727224522346226e-01 8.862754817107859617e-02
2.452499999999600888e+01 9.917590613898146223e-01 8.996649775907887558e-02
2.467499999999563087e+01 9.914950147570439354e-01 8.900379394051199933e-02
2.482500000000441176e+01 9.909857511564790222e-01 8.803510659703171759e-02
2.497500000000402309e+01 9.911950936030037296e-01 8.677281330721259289e-02
2.512500000000000000e+01 9.920012824117343531e-01 8.769902199091948736e-02
2.527499999999595559e+01 9.916110933135942052e-01 8.719270332857852190e-02
2.542499999999541771e+01 9.921593763524821918e-01 8.661473495984084447e-02
2.557500000000462137e+01 9.955825884698846773e-01 8.762239403938629212e-02
2.572500000000407638e+01 9.960906841022566516e-01 8.801739646541172080e-02
2.587500000000000000e+01 9.953785375763626320e-01 8.805738975045034056e-02
2.602499999999590585e+01 9.986898301115149090e-01 8.731437549535643605e-02
2.617499999999521521e+01 1.000255180325012150e+00 8.669052668428596509e-02
2.632500000000482032e+01 1.001466520763303114e+00 8.690067335268654436e-02
2.647500000000383480e+01 1.000537799321968402e+00 8.620405806590647479e-02
2.662500000000000000e+01 1.001456924515288893e+00 8.564494348143925073e-02
2.677499999999647073e+01 1.000972447967352297e+00 8.444765803706329177e-02
2.692499999999502691e+01 1.001729844955148163e+00 8.520628466070627460e-02
2.707500000000501217e+01 1.002359923737907277e+00 8.564990573480991964e-02
2.722500000000308873e+01 1.001257414622533926e+00 8.534845743187426115e-02
2.737500000000000000e+01 1.001587002108309310e+00 8.336007287908618613e-02
2.752499999999719549e+01 1.001201032019975345e+00 8.374973622756637370e-02
2.767499999999484928e+01 9.989928909734383522e-01 8.294480953092304987e-02
2.782500000000518625e+01 1.000745968625665006e+00 8.482452938606044324e-02
2.797500000000238529e+01 9.979505410345251848e-01 8.449244169980051067e-02
2.812500000000000000e+01 9.966498438284572270e-01 8.414621215988757341e-02
2.827499999999788827e+01 9.965759544726371377e-01 8.296938682779664287e-02
2.842499999999467164e+01 9.952702077433810413e-01 8.332295275314276217e-02
2.857500000000536033e+01 9.945492948375475040e-01 8.363130086809283936e-02
2.872500000000171028e+01 9.935461971571065698e-01 8.286582075524921709e-02
2.887500000000000000e+01 9.947640946705570419e-01 8.235262659461170531e-02
2.902499999999854552e+01 9.945265387509351074e-01 8.221381342425507222e-02
2.917499999999451177e+01 9.970586571715340796e-01 8.190451397320785976e-02
2.932500000000552021e+01 9.937922229114817263e-01 8.050034073673008328e-02
2.947500000000107434e+01 9.948695942723849717e-01 8.021070595959121918e-02
2.962500000000000000e+01 9.948554964677381873e-01 8.172998699374021958e-02
2.977499999999917080e+01 9.952324278261927004e-01 8.138030929178995121e-02
2.992499999999435900e+01 9.970424112530362759e-01 8.096867674989478847e-02
3.007500000000566942e+01 9.985989398009400553e-01 8.106770012432444605e-02
3.022500000000047393e+01 9.986698700261721351e-01 8.017937623644012801e-02
3.037500000000000000e+01 9.985141995070367926e-01 7.992216950300592981e-02
3.052499999999976410e+01 1.001242035998419988e+00 8.047971490974809017e-02
3.067499999999420623e+01 1.000374618591197029e+00 8.052875817441056128e-02
3.082500000000581508e+01 1.000587922748514824e+00 8.032614192704347345e-02
3.097499999999989839e+01 1.001950838054124437e+00 7.997001025683833642e-02
3.112500000000000000e+01 1.003952024980254265e+00 7.942786172207386142e-02
3.127500000000032898e+01 1.003166025159367036e+00 8.003407251549776724e-02
3.142499999999406768e+01 1.003656444428626449e+00 7.890650870787352389e-02
3.157500000000595364e+01 1.003169804589195913e+00 7.949990385566649276e-02
3.172499999999935127e+01 1.002955556551026417e+00 7.929982541985476641e-02
3.187500000000000000e+01 1.003208729683750633e+00 7.885123606801697216e-02
3.202500000000086544e+01 1.004007528513359393e+00 7.797090806851003641e-02
3.217499999999394333e+01 1.004010014001471607e+00 7.825848253228023799e-02
3.232500000000609219e+01 1.002570389212074087e+00 7.731361824934775140e-02
3.247499999999882903e+01 1.003127115949099535e+00 7.698018707028496388e-02
3.262500000000000000e+01 1.003119030126026656e+00 7.687269316662577456e-02
3.277500000000137703e+01 1.002910637138864969e+00 7.709653445133238248e-02
3.292499999999381544e+01 1.001113808116423698e+00 7.734647255208856875e-02
3.307500000000621299e+01 1.000963209227951678e+00 7.815532956907282613e-02
3.322499999999832454e+01 1.001821912594378139e+00 7.708124281056302762e-02
3.337500000000000000e+01 1.000392126793629766e+00 7.716680842692298647e-02
3.352500000000186731e+01 1.001518353440674636e+00 7.705495324913448629e-02
3.367499999999368754e+01 1.001697120698572752e+00 7.714471584902420076e-02
3.382500000000633378e+01 1.001912818742838329e+00 7.651584893350976690e-02
3.397499999999784848e+01 1.000713927881105691e+00 7.607575558101653534e-02
3.412500000000000000e+01 1.001432546259976908e+00 7.606962697282476649e-02
3.427500000000233626e+01 1.001545856520163591e+00 7.695341791033534495e-02
3.442499999999357385e+01 1.001343431738624057e+00 7.656186960331821945e-02
3.457500000000644746e+01 1.003018227381462069e+00 7.511932714580070447e-02
3.472499999999739373e+01 1.003041231453080551e+00 7.577912531522065787e-02
3.487500000000000000e+01 1.001814985371663358e+00 7.541268627123838553e-02
3.502500000000278391e+01 1.002634531601465762e+00 7.594727234471369826e-02
3.517499999999346016e+01 1.003155128698071774e+00 7.525547186299301472e-02
3.532500000000656115e+01 1.004481519886347263e+00 7.480346897355825975e-02
3.547499999999695319e+01 1.004547592043341986e+00 7.494753654540148302e-02
3.562500000000000000e+01 1.005878407171703959e+00 7.464407544149544160e-02
3.577500000000321734e+01 1.005884994091688522e+00 7.460985301603938191e-02
3.592499999999336069e+01 1.005656210416222329e+00 7.415118261753905760e-02
3.607500000000666773e+01 1.006399399634824166e+00 7.439479002148020881e-02
3.622499999999653397e+01 1.007135014367349646e+00 7.297772711740171947e-02
3.637500000000000000e+01 1.006989406909299278e+00 7.423903845839507909e-02
3.652500000000362235e+01 1.007642909330549452e+00 7.420276553275483022e-02
3.667499999999325411e+01 1.006556174753821642e+00 7.360495299775936251e-02
3.682500000000676721e+01 1.006219964174951409e+00 7.317170730573356596e-02
3.697499999999613607e+01 1.006869662994501757e+00 7.248456223939392373e-02
3.712500000000000000e+01 1.005285312301328560e+00 7.329029303809139750e-02
3.727500000000402736e+01 1.005606911067294273e+00 7.257882734230783339e-02
3.742499999999315463e+01 1.007016416858177221e+00 7.350120612652208396e-02
3.757500000000686668e+01 1.003694154637788216e+00 7.162432028264863193e-02
3.772499999999575238e+01 1.005672235304382989e+00 7.339800243575969607e-02
3.787500000000000000e+01 1.004361932794916701e+00 7.225885207189222670e-02
3.802500000000440394e+01 1.003964140093436930e+00 7.211040878952749977e-02
3.817499999999306226e+01 1.003413050175250953e+00 7.122477327024115401e-02
3.832500000000695906e+01 1.003139787483785517e+00 7.221128046498861974e-02
3.847499999999537579e+01 1.001267634346779900e+00 7.180704260787651450e-02
3.862500000000000000e+01 1.000806595034468005e+00 7.215035256951947418e-02
3.877500000000476632e+01 1.001994296661706585e+00 7.197378887740757403e-02
3.892499999999297700e+01 9.994620791178752128e-01 7.085959916109127454e-02
3.907500000000705143e+01 1.000259309374514904e+00 7.127875780266458572e-02
3.922499999999502052e+01 1.000884323767899264e+00 7.063840694391636255e-02
3.937500000000000000e+01 1.002144542030492635e+00 7.114217501541154898e-02
3.952500000000512159e+01 1.000527893536887980e+00 7.059173088421204223e-02
3.967499999999288463e+01 9.989220292530377465e-01 7.026772754601229298e-02
3.982500000000712959e+01 9.993457256146910384e-01 7.051012031049333495e-02
3.997499999999467946e+01 1.000547310892704767e+00 7.007762783573445731e-02
4.012500000000000000e+01 1.001573109660380156e+00 6.967732181972924321e-02
4.027500000000545555e+01 1.001588103322027301e+00 6.971173479049518062e-02
4.042499999999279936e+01 1.003018769311564418e+00 7.094038979657753263e-02
4.057500000000721485e+01 1.002050381189961037e+00 6.976985817136359402e-02
4.072499999999434550e+01 1.001057425080959629e+00 7.004792899781538129e-02
4.087500000000000000e+01 1.003176543951199706e+00 6.905649730461728419e-02
4.102500000000578240e+01 1.002257204145727831e+00 7.029174818682899784e-02
4.117499999999272120e+01 1.001568374479917090e+00 6.874933108846514873e-02
4.132500000000730012e+01 1.002181937544052159e+00 6.837559742834301013e-02
4.147499999999402576e+01 1.002226391649363446e+00 6.924422150101361417e-02
4.162500000000000000e+01 1.003826584450103310e+00 6.938552621047906765e-02
4.177500000000609504e+01 1.002702389280437867e+00 6.785138131962049901e-02
4.192499999999264304e+01 1.002926225214588296e+00 6.807123065459512457e-02
4.207500000000737828e+01 1.001030295814299365e+00 6.932245770820899544e-02
4.222499999999372022e+01 1.002366125425887100e+00 6.926758798049632848e-02
4.237500000000000000e+01 1.002620422989375815e+00 6.794264427895899128e-02
4.252500000000640057e+01 1.001983196133071408e+00 6.881266825417101107e-02
4.267499999999256488e+01 1.002662565835121811e+00 6.824613086619142621e-02
4.282500000000744933e+01 1.001133322564864647e+00 6.796844691320161336e-02
4.297499999999342180e+01 1.001927338185075955e+00 6.817073319417615851e-02
4.312500000000000000e+01 1.000834346838736177e+00 6.828035239925611677e-02
4.327500000000669900e+01 1.002044816363798274e+00 6.733104220265651030e-02
4.342499999999249383e+01 1.001430160693160820e+00 6.750492110294487036e-02
4.357500000000752038e+01 1.001073795572005709e+00 6.713881795210477343e-02
4.372499999999313758e+01 1.000303677611356301e+00 6.724713412771339549e-02
4.387500000000000000e+01 1.001742247369795669e+00 6.743276203004659741e-02
4.402500000000697611e+01 1.000267147681642710e+00 6.786367811377566617e-02
4.417499999999242277e+01 1.001105235877467026e+00 6.719352383375960802e-02
4.432500000000759144e+01 1.000881427472203988e+00 6.703892270835717926e-02
4.447499999999286047e+01 1.002406231951220805e+00 6.671074178370660357e-02
4.462500000000000000e+01 1.001506160178723848e+00 6.710605381008068193e-02
4.477500000000724611e+01 1.002049467371407543e+00 6.625680550529125523e-02
4.492499999999235882e+01 1.002191702028256470e+00 6.589009832044803727e-02
4.507500000000766249e+01 1.002544061879110382e+00 6.652758520259512143e-02
4.522499999999259757e+01 1.002275459567819604e+00 6.655432711470574136e-02
4.537500000000000000e+01 1.002252911188523221e+00 6.541532983606174190e-02
4.552500000000750902e+01 1.002240706087391242e+00 6.600681332190433404e-02
4.567499999999228777e+01 1.003389467983657468e+00 6.545784790387490504e-02
4.582500000000772644e+01 1.001850782454643873e+00 6.590400064777769684e-02
4.597499999999233466e+01 1.002486872204209956e+00 6.560344652439951962e-02
4.612500000000000000e+01 1.002214368568288272e+00 6.524847343131090494e-02
4.627500000000776481e+01 1.002826823708957704e+00 6.444471951576430380e-02
4.642499999999223093e+01 1.002802055705902529e+00 6.545965334061563945e-02
4.657500000000779039e+01 1.002251362005546209e+00 6.502629018259703519e-02
4.672499999999207887e+01 9.998291770051076499e-01 6.480960904588105309e-02
4.687500000000000000e+01 1.000909814300376066e+00 6.497531146852225659e-02
4.702500000000801350e+01 1.001759459556352150e+00 6.588568767077125632e-02
4.717499999999216698e+01 1.001022924677474890e+00 6.443467276277253797e-02
4.732500000000784723e+01 1.001632002968122936e+00 6.466841733495458378e-02
4.747499999999183729e+01 1.001773571470317314e+00 6.459675759087139812e-02
4.762500000000000000e+01 1.000683751659948495e+00 6.354465683310832336e-02
4.777500000000825509e+01 1.000297026155299474e+00 6.471921917295685167e-02
4.792499999999211013e+01 1.001634252497068500e+00 6.429504560291547655e-02
4.807500000000790408e+01 1.002393166530300972e+00 6.387066790766021684e-02
4.822499999999160281e+01 1.002147528055538528e+00 6.319995748343694431e-02
4.837500000000000000e+01 1.001438580440215498e+00 6.422075823441386611e-02
4.852500000000848956e+01 1.002778465681009257e+00 6.304363355935915791e-02
4.867499999999204618e+01 1.002113302758365299e+00 6.331632550003057913e-02
4.882500000000796092e+01 1.002138062814760255e+00 6.328390283402313132e-02
4.897499999999137543e+01 1.001504792823230572e+00 6.383316245295789226e-02
4.912500000000000000e+01 1.003397601515245041e+00 6.333933863409858811e-02
4.927500000000870983e+01 1.003421787294655809e+00 6.329653346833223615e-02
4.942499999999198934e+01 1.003805637310798637e+00 6.384614397405259656e-02
4.957500000000802487e+01 1.003987503595515030e+00 6.301157290224328189e-02
4.972499999999115516e+01 1.003620406877723248e+00 6.251802948131603144e-02
4.987500000000000000e+01 1.002964949385538151e+00 6.289138260224168275e-02
5.002500000000893010e+01 1.004793262480168092e+00 6.317859198890661554e-02
5.017499999999193960e+01 1.004749870056655281e+00 6.229022967160757068e-02
5.032500000000807461e+01 1.003283152352376195e+00 6.238381037242422128e-02
5.047499999999094200e+01 1.005034581755406276e+00 6.251900707305768634e-02
5.062500000000000000e+01 1.004576814036913790e+00 6.196624073872632199e-02
5.077500000000914326e+01 1.005315528040035877e+00 6.331674525099528772e-02
5.092499999999188276e+01 1.005673978126031320e+00 6.273152535980085209e-02
5.107500000000812435e+01 1.005708579146203707e+00 6.196461314623011307e-02
5.122499999999072884e+01 1.004875855707313637e+00 6.169977535263296980e-02
5.137500000000000000e+01 1.005505907736524263e+00 6.179338848537564710e-02
5.152500000000934932e+01 1.003710351229248010e+00 6.225298464161609091e-02
5.167499999999183302e+01 1.003605682283331690e+00 6.157971545456994433e-02
5.182500000000818119e+01 1.003530959752877871e+00 6.214923210766776229e-02
5.197499999999052989e+01 1.003344576255514875e+00 6.207170059229430437e-02
5.212500000000000000e+01 1.003040413343193382e+00 6.105738217200706169e-02
5.227500000000954827e+01 1.001589260730497255e+00 6.142565037272385703e-02
5.242499999999178328e+01 1.003169715299422338e+00 6.081546318421007097e-02
5.257500000000806040e+01 1.003231396463477143e+00 6.171444466852593624e-02
5.272499999999033804e+01 1.002846695179769654e+00 6.165434514160834240e-02
5.287500000000000000e+01 1.001132346607395363e+00 6.028246000865929849e-02
5.302500000000974723e+01 1.002099726633593590e+00 6.075158685875370335e-02
5.317499999999255778e+01 1.002379028068433264e+00 6.092239017692985259e-02
5.332500000000729301e+01 1.001132500477143861e+00 6.090214195120455948e-02
5.347499999999015330e+01 1.002099718641920711e+00 6.024272481148813807e-02
5.362500000000000000e+01 1.002314020549100793e+00 6.087140704698763144e-02
5.377500000000993197e+01 1.001936307525135739e+00 6.107324388592653974e-02
5.392499999999331095e+01 1.000983180791384486e+00 5.972132958766191574e-02
5.407500000000654694e+01 1.001790378510107882e+00 6.013557551275237889e-02
5.422499999998996145e+01 1.000935167906240597e+00 6.048828375289978798e-02
5.437500000000000000e+01 1.002120187804572460e+00 5.961084096817788336e-02
5.452500000001011671e+01 1.001034610356697607e+00 6.029794938900574081e-02
5.467499999999403570e+01 1.002230564718390005e+00 6.054816294334722931e-02
5.482500000000581508e+01 1.001533465584684590e+00 6.007328100623375577e-02
5.497499999998977671e+01 1.002027361329649757e+00 6.008168177726915665e-02
5.512500000000000000e+01 1.002755086346100999e+00 5.952226254041181885e-02
5.527500000001029434e+01 1.002435842551102851e+00 5.956143762217380733e-02
5.542499999999475335e+01 1.000650917762063274e+00 5.967122095180153740e-02
5.557500000000510454e+01 1.001887140505328899e+00 6.010501053577118474e-02
5.572499999998960618e+01 1.002802218602074857e+00 5.882874253469060066e-02
5.587500000000000000e+01 1.001585385259517791e+00 5.903108615709552059e-02
5.602500000001046487e+01 1.001311092160757976e+00 5.972769532592855229e-02
5.617499999999544258e+01 1.001771065767654179e+00 5.898553554519832265e-02
5.632500000000441531e+01 1.001583097249651555e+00 5.881672645724304177e-02
5.647499999998942855e+01 1.001081802889859151e+00 5.959079810602750660e-02
5.662500000000000000e+01 1.000701450962413919e+00 5.863472827976217577e-02
5.677500000001062830e+01 9.995193504651310734e-01 5.938398756299863301e-02
5.692499999999611759e+01 1.001060666956019141e+00 5.820177514787183010e-02
5.707500000000374030e+01 1.001713464944233856e+00 5.876608233543587079e-02
5.722499999998926512e+01 1.001393956846434508e+00 5.907774661619811379e-02
5.737500000000000000e+01 9.996884304615836214e-01 5.867391728535453072e-02
5.752500000001079172e+01 1.000557344070969856e+00 5.806934878542176215e-02
5.767499999999677129e+01 1.001572015768069202e+00 5.915403277834212215e-02
5.782500000000310081e+01 1.000824420521593705e+00 5.795712387793272580e-02
5.797499999998910170e+01 1.001117465506207838e+00 5.832926096220183293e-02
5.812500000000000000e+01 1.001205861251632356e+00 5.806032526893911694e-02
5.827500000001095515e+01 1.001368812477441583e+00 5.846484098041000027e-02
5.842499999999741078e+01 1.001224838624449553e+00 5.822594377287598072e-02
5.857500000000246132e+01 1.001276173337489306e+00 5.856525004113066063e-02
5.872499999998893827e+01 1.002348181716991249e+00 5.824617528288979218e-02
5.887500000000000000e+01 1.001132690738147701e+00 5.767828764949253784e-02
5.902500000001111857e+01 1.001637614196711379e+00 5.791348193112594994e-02
5.917499999999803606e+01 1.001597873407424233e+00 5.769859191169691287e-02
5.932500000000184315e+01 1.002436804996364117e+00 5.765516791855361534e-02
5.947499999998878906e+01 1.001983739302037435e+00 5.834135495277295580e-02
5.962500000000000000e+01 1.003815941314643245e+00 5.811882923468702361e-02
5.977500000001126779e+01 1.002559556306202193e+00 5.844147491551249934e-02
5.992499999999864002e+01 1.001807838898312042e+00 5.769157435083334395e-02
6.007500000000123919e+01 1.002611809174434487e+00 5.805066123041573156e-02
6.022499999998863984e+01 1.003842303769804323e+00 5.802971306548313640e-02
6.037500000000000000e+01 1.002482190947136864e+00 5.683905739712116767e-02
6.052500000001142411e+01 1.002946957823972918e+00 5.684587615843085528e-02
6.067499999999923688e+01 1.002564270940218938e+00 5.620119604752769199e-02
6.082500000000064944e+01 1.003028275427268801e+00 5.715209282275589275e-02
6.097499999998849773e+01 1.003057333300214182e+00 5.735314307761961439e-02
6.112500000000000000e+01 1.002037031426570968e+00 5.664985597764127939e-02
6.127500000001155911e+01 1.003843800061551716e+00 5.665745713385137577e-02
6.142499999999980531e+01 1.003427749548704062e+00 5.636532784398395890e-02
6.157500000000007390e+01 1.003970548525350281e+00 5.665375019606341128e-02
6.172499999998834852e+01 1.002843043532867906e+00 5.697751597211524882e-02
6.187500000000000000e+01 1.003116829918685227e+00 5.636147116660866069e-02
6.202500000001170122e+01 1.002454656224595952e+00 5.653279512057803741e-02
6.217500000000037375e+01 1.004045885354596157e+00 5.666598995370206865e-02
6.232499999999951967e+01 1.003393480962751605e+00 5.644118632696436266e-02
6.247499999998820641e+01 1.003240108202469560e+00 5.715549751340368023e-02
6.262500000000000000e+01 1.003771305331897068e+00 5.623845992397259047e-02
6.277500000001184333e+01 1.003481888018328272e+00 5.622990251201210460e-02
6.292500000000092086e+01 1.003906030647578662e+00 5.613114402672024494e-02
6.307499999999897256e+01 1.003615096813077034e+00 5.611901550712611320e-02
6.322499999998807851e+01 1.004217735991496552e+00 5.604011379701440143e-02
6.337500000000000000e+01 1.003811512251560734e+00 5.544003911346420677e-02
6.352500000001197833e+01 1.004005093482253530e+00 5.631168635876305367e-02
6.367500000000146798e+01 1.002537639285581594e+00 5.539803253849772541e-02
6.382499999999843254e+01 1.003424216683827863e+00 5.615478533229140146e-02
6.397499999998793641e+01 1.003781548892120901e+00 5.579183397480448614e-02
6.412500000000000000e+01 1.003365559158267528e+00 5.545442786987397898e-02
6.427500000001211333e+01 1.002744789906276468e+00 5.542564094266941299e-02
6.442500000000200089e+01 1.003400529622343607e+00 5.498682929719842655e-02
6.457499999999791385e+01 1.002323788758552103e+00 5.498685838072845528e-02
6.472499999998781561e+01 1.002766700194369198e+00 5.554251863780498150e-02
6.487500000000000000e+01 1.001540377917663260e+00 5.539046191921979251e-02
6.502500000001224123e+01 1.001636837786728629e+00 5.459121831879859554e-02
6.517500000000251248e+01 1.000762241440484646e+00 5.485804316228840710e-02
6.532499999999740226e+01 1.002115617889048016e+00 5.432592686951988326e-02
6.547499999998768772e+01 1.001823573587908411e+00 5.505663177155713933e-02
6.562500000000000000e+01 1.001376110611520431e+00 5.503004857215958862e-02
6.577500000001236913e+01 1.001613089867755990e+00 5.429688336332402082e-02
6.592500000000300986e+01 1.000165716521393078e+00 5.488158390473264064e-02
6.607499999999690488e+01 1.000536645176515194e+00 5.486746025165436386e-02
6.622499999998755982e+01 1.001039907199688717e+00 5.402097290517668404e-02
6.637500000000000000e+01 1.000433120232882889e+00 5.432642299193053692e-02
6.652500000001249703e+01 9.997404616406045941e-01 5.366604767336310977e-02
6.667500000000349303e+01 9.987833917689757923e-01 5.413496871289187606e-02
6.682499999999640750e+01 9.997349075012782471e-01 5.409056160242277367e-02
6.697499999998743192e+01 9.992644598554484281e-01 5.461950067551705340e-02
6.712500000000000000e+01 9.997524537712906278e-01 5.423252262888017539e-02
6.727500000001261071e+01 9.994480102285629997e-01 5.440105432797606028e-02
6.742500000000397620e+01 9.994654890527664426e-01 5.416207244787227260e-02
6.757499999999593854e+01 9.989415662811024221e-01 5.356101540946622830e-02
6.772499999998731823e+01 9.999121928733315512e-01 5.377016798550424137e-02
6.787500000000000000e+01 9.997030398997621692e-01 5.400583545977725997e-02
6.802500000001272440e+01 9.992877554101040616e-01 5.325937677498693984e-02
6.817500000000444516e+01 1.000013289550435447e+00 5.449794637515834733e-02
6.832499999999546958e+01 9.991787167068320041e-01 5.298773422020026935e-02
6.847499999998720455e+01 1.001098752071527986e+00 5.379206062140316075e-02
6.862500000000000000e+01 1.001185070245613762e+00 5.423550566290273600e-02
6.877500000001283809e+01 1.000297898350126058e+00 5.301946294741448351e-02
6.892500000000489990e+01 1.001282359999892124e+00 5.384380319658826214e-02
6.907499999999501483e+01 1.000395769077380370e+00 5.326798184847351264e-02
6.922499999998709086e+01 1.002518219611246320e+00 5.338516635952798156e-02
6.937500000000000000e+01 1.001140593402070289e+00 5.395994005616752687e-02
6.952500000001295177e+01 1.001768163316051341e+00 5.306551519336090428e-02
6.967500000000535465e+01 1.002063590108644098e+00 5.308048967769592175e-02
6.982499999999456008e+01 1.002036518103346152e+00 5.338298897202699289e-02
6.997499999998697717e+01 1.001995304895770156e+00 5.341571843155583366e-02
7.012500000000000000e+01 1.001224238992730609e+00 5.291560826713188892e-02
7.027500000001306546e+01 1.002328832445769757e+00 5.276755217020666355e-02
7.042500000000579519e+01 1.002514789003897899e+00 5.299125642626578009e-02
7.057499999999413376e+01 1.003472490442406384e+00 5.242674020869114021e-02
7.072499999998686349e+01 1.001760116753599883e+00 5.266588146644558821e-02
7.087500000000000000e+01 1.002417920029195164e+00 5.301189281484971344e-02
7.102500000001316494e+01 1.002459408461555457e+00 5.265969459021122012e-02
7.117500000000620730e+01 1.001363026802839507e+00 5.249263937932742430e-02
7.132499999999369322e+01 1.001865210812344253e+00 5.253083248296042118e-02
7.147499999998676401e+01 1.001847251105454140e+00 5.242695861248547473e-02
7.162500000000000000e+01 1.001017762462673710e+00 5.316202405241250706e-02
7.177500000001327862e+01 1.001071654226565633e+00 5.279233280870134631e-02
7.192500000000663363e+01 1.001469763370066657e+00 5.273499169780641871e-02
7.207499999999328111e+01 1.001517431108697398e+00 5.267526811591446978e-02
7.222499999998666453e+01 1.001353541942074266e+00 5.165307999896513041e-02
7.237500000000000000e+01 1.001069399416050221e+00 5.182580687309026185e-02
7.252500000001337810e+01 1.001186992983733148e+00 5.244107925629053202e-02
7.267500000000704574e+01 1.001748977096157844e+00 5.247277530076166485e-02
7.282499999999286899e+01 1.001034095849221428e+00 5.223304134436810436e-02
7.297499999998655085e+01 1.000890478996551591e+00 5.224216118114555912e-02
7.312500000000000000e+01 1.000899463696403036e+00 5.192120875820306625e-02
7.327500000001347757e+01 1.001561423838171372e+00 5.158882462474590619e-02
7.342500000000745786e+01 1.000282403934358522e+00 5.246086406486016873e-02
7.357499999999247109e+01 1.000614245749062770e+00 5.216612223933197318e-02
7.372499999998646558e+01 1.000624836544213636e+00 5.164978808386706116e-02
7.387500000000000000e+01 1.001179565792000625e+00 5.128905426985704702e-02
7.402500000001359126e+01 1.000126875340208166e+00 5.140774656769499934e-02
7.417500000000785576e+01 9.996397936256746775e-01 5.105365299174240840e-02
7.432499999999207319e+01 1.001023506503327498e+00 5.144068944305842800e-02
7.447499999998635190e+01 1.000301105591860473e+00 5.155466713598712281e-02
7.462500000000000000e+01 1.000456320608668070e+00 5.132586413189792196e-02
7.477500000001367653e+01 9.998035375826359594e-01 5.200406045292975399e-02
7.492500000000823945e+01 9.992582305107245988e-01 5.093852137535116731e-02
7.507499999999168949e+01 9.991295290607931090e-01 5.136911375810044450e-02
7.522499999998626663e+01 9.991667868502811523e-01 5.177328535415853111e-02
7.537500000000000000e+01 9.986806563802426151e-01 5.121194679070965872e-02
7.552500000001377600e+01 9.985013763262967634e-01 5.131529545785062929e-02
7.567500000000862315e+01 9.996093105408826451e-01 5.107716839800012509e-02
7.582499999999130580e+01 9.991121895517381946e-01 5.135628366786363502e-02
7.597499999998616715e+01 1.000344524498825605e+00 5.107494757399130142e-02
7.612500000000000000e+01 9.995698075817152084e-01 5.117808789914978645e-02
7.627500000001386127e+01 9.989402323439492415e-01 5.074959605064944396e-02
7.642500000000899263e+01 9.987094058941237140e-01 5.066676247318865206e-02
7.657499999999093632e+01 9.986405212959400535e-01 5.094522557621868064e-02
7.672499999998608189e+01 9.977745194698219855e-01 5.019044296346052147e-02
7.687500000000000000e+01 9.991582234539264640e-01 5.032919259413230068e-02
7.702500000001396074e+01 1.000252782765045589e+00 5.088860692544304454e-02
7.717500000000934790e+01 1.000322405559250560e+00 5.058297993492050226e-02
7.732499999999058105e+01 1.000133045781129937e+00 5.063429618611982319e-02
7.747499999998598241e+01 9.997167423031996236e-01 5.037594852447342675e-02
7.762500000000000000e+01 1.000323523151387173e+00 5.034962043088245243e-02
7.777500000001404601e+01 1.000504034768027628e+00 5.124121759767894663e-02
7.792500000000971738e+01 1.000326057135890734e+00 5.052807278623969861e-02
7.807499999999021156e+01 1.000116253054154969e+00 5.022214570707846104e-02
7.822499999998589715e+01 1.001025254786621854e+00 5.030395011376607994e-02
7.837500000000000000e+01 1.001018586052738302e+00 4.960152857829160794e-02
7.852500000001413127e+01 1.000791080249971099e+00 5.033781993874812677e-02
7.867500000001005844e+01 1.001652679980945315e+00 5.053163524305779447e-02
7.882499999998987050e+01 1.000772430964562698e+00 5.016778310404264307e-02
7.897499999998581188e+01 1.001156677126765482e+00 5.000575390207767645e-02
7.912500000000000000e+01 1.001086511224307474e+00 4.989973858083451841e-02
7.927500000001423075e+01 1.000454896382769521e+00 4.977201138696511068e-02
7.942500000001041371e+01 1.000874738113422424e+00 5.018335520716577652e-02
7.957499999998951523e+01 1.002446884807900007e+00 4.997715829389750425e-02
7.972499999998572662e+01 1.000273629235560513e+00 4.943667028508076655e-02
7.987500000000000000e+01 1.000751400618890452e+00 4.990537432972386167e-02
8.002500000001430180e+01 1.001356432016711429e+00 4.937275351163759179e-02
8.017500000001075477e+01 1.001417871292614281e+00 4.932049803637884172e-02
8.032499999998918838e+01 1.000031157460850695e+00 4.961660339464930847e-02
8.047499999998564135e+01 9.998807337121244920e-01 4.909305150380565558e-02
8.062500000000000000e+01 9.738959464064217419e-01 4.888587827156033044e-02
8.077500000001438707e+01 9.524765896211000449e-01 4.869368064385456996e-02
8.092500000001108162e+01 9.380992708207467334e-01 4.809206261312377884e-02
8.107499999998886153e+01 9.268812070526674107e-01 4.810850000804393206e-02
8.122499999998557030e+01 9.180608754482626477e-01 4.785561103588299725e-02
8.137500000000000000e+01 9.084180044505894003e-01 4.703904835524064243e-02
8.152500000001447233e+01 9.013879048256401294e-01 4.668958454252451068e-02
8.167500000001139426e+01 8.945533833722716377e-01 4.686643735090514906e-02
8.182499999998853468e+01 8.876681022629779871e-01 4.582304380255843024e-02
8.197499999998548503e+01 8.815177920239879450e-01 4.620236964162659221e-02
8.212500000000000000e+01 8.757786612429074857e-01 4.583882991877193808e-02
8.227500000001455760e+01 8.690405184690832563e-01 4.624234917416731455e-02
8.242500000001172111e+01 8.644552151559210529e-01 4.548216663772484264e-02
8.257499999998822204e+01 8.594590963476633760e-01 4.493661991187514193e-02
8.272499999998539977e+01 8.545729822658094665e-01 4.566749556585569803e-02
8.287500000000000000e+01 8.497664090564257533e-01 4.486945507303557318e-02
8.302500000001462865e+01 8.446792597814154480e-01 4.464585843613844141e-02
8.317500000001203375e+01 8.401429649162943658e-01 4.441633280931250177e-02
8.332499999998789519e+01 8.360215758609049752e-01 4.425431148711332641e-02
8.347499999998531450e+01 8.314481961571811297e-01 4.450350092334596358e-02
8.362500000000000000e+01 8.277360419050544538e-01 4.385293010627053234e-02
8.377500000001469971e+01 8.244708050348481532e-01 4.424913599317054774e-02
8.392500000001234639e+01 8.198507810169478605e-01 4.423574957859146423e-02
8.407499999998758256e+01 8.156162522900576306e-01 4.387053286216670289e-02
8.422499999998524345e+01 8.118606044305071157e-01 4.333886769471582273e-02
8.437500000000000000e+01 8.079640681375032107e-01 4.395883508337680018e-02
8.452500000001478497e+01 8.048180191452929400e-01 4.330655916927163979e-02
8.467500000001264482e+01 8.013950714121168550e-01 4.311791347270413355e-02
8.482499999998728413e+01 7.977187556868100549e-01 4.269284972117649152e-02
8.497499999998517239e+01 7.943192880826474012e-01 4.279907141103232726e-02
8.512500000000000000e+01 7.916839519771234901e-01 4.327091022701615858e-02
8.527500000001485603e+01 7.878348866746405221e-01 4.295715571966261109e-02
8.542500000001294325e+01 7.847512421740868716e-01 4.251907729247517836e-02
8.557499999998699991e+01 7.816880918930616540e-01 4.286594301025793696e-02
8.572499999998510134e+01 7.778786844349540042e-01 4.239500252106959133e-02
8.587500000000000000e+01 7.761691297072664808e-01 4.188472863591601036e-02
8.602500000001494129e+01 7.736988715817364470e-01 4.183114940348941352e-02
8.617500000001324167e+01 7.700819006864059180e-01 4.242510457808892910e-02
8.632499999998670148e+01 7.664536543263313906e-01 4.184865847541955480e-02
8.647499999998503029e+01 7.634252277916629970e-01 4.134877078225914632e-02
8.662500000000000000e+01 7.612062255585649861e-01 4.159611158820691879e-02
8.677500000001501235e+01 7.577838363855293746e-01 4.145191989526759990e-02
8.692500000001352589e+01 7.552183308381634763e-01 4.154016805173207927e-02
8.707499999998641727e+01 7.533602126632754636e-01 4.115988423791240580e-02
8.722499999998494502e+01 7.502339478798588646e-01 4.145513031923311886e-02
8.737500000000000000e+01 7.473514695212511993e-01 4.068211709658308556e-02
8.752500000001508340e+01 7.444145750645068116e-01 4.134076498199394656e-02
8.767500000001381011e+01 7.417756910029320583e-01 4.063276472872710821e-02
8.782499999998613305e+01 7.395130139611518771e-01 4.068493757785063974e-02
8.797499999998487397e+01 7.367871121356959208e-01 4.036591655591199868e-02
8.812500000000000000e+01 7.347840010800407162e-01 4.089255977313472484e-02
8.827500000001514024e+01 7.321539673105965651e-01 4.063553687915019003e-02
8.842500000001409433e+01 7.299165140675067942e-01 4.000099979179350118e-02
8.857499999998586304e+01 7.272210304136556003e-01 4.032720000396749355e-02
8.872499999998480291e+01 7.248261348780380420e-01 4.022773622715317132e-02
8.887500000000000000e+01 7.220966315774230981e-01 4.035974336714597682e-02
8.902500000001521130e+01 7.199569414388148347e-01 4.030147935782842777e-02
8.917500000001436433e+01 7.182359232788594339e-01 3.932983936169949513e-02
8.932499999998557882e+01 7.160927088959248010e-01 3.949649876928677805e-02
8.947499999998473186e+01 7.139084368851159601e-01 4.002512136074590221e-02
8.962500000000000000e+01 7.108604093123873646e-01 3.929493840735394372e-02
8.977500000001528235e+01 7.083779592188005347e-01 3.950874115341947157e-02
8.992500000001462013e+01 7.066098295105908145e-01 3.947542874864450047e-02
9.007499999998532303e+01 7.043408117907525856e-01 3.922797856625337420e-02
9.022499999998467501e+01 7.024359644353037613e-01 3.877983196984647468e-02
9.037500000000000000e+01 7.002310983142794321e-01 3.889735358864975651e-02
9.052500000001533920e+01 6.979860113708121760e-01 3.887941834447513484e-02
9.067500000001489013e+01 6.959888473905537776e-01 3.829545226385962231e-02
9.082499999998505302e+01 6.930324084555750108e-01 3.891690740660541659e-02
9.097499999998460396e+01 6.915486336595652039e-01 3.851800687453674904e-02
9.112500000000000000e+01 6.888034906858910844e-01 3.867546410961145154e-02
9.127500000001541025e+01 6.874224046031188751e-01 3.833940871602768002e-02
9.142500000001514593e+01 6.845422051564491461e-01 3.855196495687352592e-02
9.157499999998479723e+01 6.832518135025177353e-01 3.828820224757474577e-02
9.172499999998454712e+01 6.811269374633891482e-01 3.832402493153774792e-02
9.187500000000000000e+01 6.797726356488826838e-01 3.760800538749457800e-02
9.202500000001548131e+01 6.779042709486999829e-01 3.739720757939398593e-02
9.217500000001541594e+01 6.761777168324951681e-01 3.817553997742233890e-02
9.232499999998454143e+01 6.737739070607058345e-01 3.794429136674478537e-02
9.247499999998447606e+01 6.725473705435788263e-01 3.777152889007467929e-02
9.262500000000000000e+01 6.706164783819983377e-01 3.797160021901003352e-02
9.277500000001553815e+01 6.685179088892511112e-01 3.787040959441920207e-02
9.292500000001565752e+01 6.673827474634658197e-01 3.805998790595480075e-02
9.307499999998428564e+01 6.652707438013635288e-01 3.738302522273470596e-02
9.322499999998441922e+01 6.630328074779469061e-01 3.724697043457911305e-02
9.337500000000000000e+01 6.614712827725079958e-01 3.765561937877905802e-02
9.352500000001559499e+01 6.600829519721701510e-01 3.736414524468633508e-02
9.367500000001591332e+01 6.578236034823593537e-01 3.736593142954910962e-02
9.382499999998402984e+01 6.569139341414621525e-01 3.718395144299319749e-02
9.397499999998436238e+01 6.552892683068245461e-01 3.691509438731530729e-02
9.412500000000000000e+01 6.529308028127506214e-01 3.698661607206688712e-02
9.427500000001566605e+01 6.514454895326002859e-01 3.658885043171235252e-02
9.442500000001615490e+01 6.490253917933582750e-01 3.650898419463410871e-02
9.457499999998380247e+01 6.491828094176377295e-01 3.674532408785621818e-02
9.472499999998429132e+01 6.473053038808807003e-01 3.694985221119580915e-02
9.487500000000000000e+01 6.452730018124747113e-01 3.673246134872522328e-02
9.502500000001572289e+01 6.436770577702459750e-01 3.665294488478334362e-02
9.517500000001639648e+01 6.416685515369902060e-01 3.648727788121461368e-02
9.532499999998356088e+01 6.411321008034855939e-01 3.643439156497503550e-02
9.547499999998423448e+01 6.395656723093654517e-01 3.662275569747009546e-02
9.562500000000000000e+01 6.380233736409871570e-01 3.650139200722813532e-02
9.577500000001577973e+01 6.366036804073413879e-01 3.623695782529090526e-02
9.592500000001662386e+01 6.348625979369930672e-01 3.612718974133291572e-02
9.607499999998331930e+01 6.325788400258426369e-01 3.611629960471954282e-02
9.622499999998417763e+01 6.317565652955489108e-01 3.569060601431223861e-02
9.637500000000000000e+01 6.300099605911381184e-01 3.606684892186598490e-02
9.652500000001585079e+01 6.281874942484072522e-01 3.585888294059394465e-02
9.667500000001686544e+01 6.269644242027673231e-01 3.615167286003878599e-02
9.682499999998309193e+01 6.257458558702329032e-01 3.558465166811249081e-02
9.697499999998412079e+01 6.235525806422337336e-01 3.577848029809477942e-02
9.712500000000000000e+01 6.221236090326013324e-01 3.567218363163496969e-02
9.727500000001590763e+01 6.206576932633068866e-01 3.564212470265301635e-02
9.742500000001709282e+01 6.191304977116653951e-01 3.573633768338090738e-02
9.757499999998287876e+01 6.180536618225461742e-01 3.519521284018040097e-02
9.772499999998406395e+01 6.156570302184568577e-01 3.529055162027493892e-02
9.787500000000000000e+01 6.150266021533020711e-01 3.494615100521039630e-02
9.802500000001595026e+01 6.131232702727634765e-01 3.495145039086573063e-02
9.817500000001732019e+01 6.108789610864470143e-01 3.506596360673910895e-02
9.832499999998263718e+01 6.098594106050705399e-01 3.477321492650557733e-02
9.847499999998402131e+01 6.091051628288087771e-01 3.516557952277741400e-02
9.862500000000000000e+01 6.070094676989928884e-01 3.494456968828203031e-02
9.877500000001600711e+01 6.056374363064780386e-01 3.511731871591317750e-02
9.892500000001753335e+01 6.036325996070168731e-01 3.503496527996814713e-02
9.907499999998242401e+01 6.027921354766948570e-01 3.454070053794607020e-02
9.922499999998395026e+01 6.018303004004519341e-01 3.458604705611580121e-02
9.937500000000000000e+01 5.995779340576317118e-01 3.460051163162217863e-02
9.952500000001606395e+01 5.990412161289965232e-01 3.467648151321496564e-02
9.967500000001776073e+01 5.972064694738310475e-01 3.418531853283498373e-02
9.982499999998221085e+01 5.961686765424493162e-01 3.420063032936047215e-02
9.997499999998389342e+01 5.945633799352001425e-01 3.393220773771267462e-02
1.001250000000000000e+02 5.943058496659852086e-01 3.406877696789404469e-02
1.002750000000161208e+02 5.925296643204273073e-01 3.373296050018239484e-02
1.004250000000179597e+02 5.907511401303474630e-01 3.380605686152063361e-02
1.005749999999819835e+02 5.900850787055801350e-01 3.370638542178884534e-02
1.007249999999838508e+02 5.738446324845447588e-01 3.340312735297394642e-02
1.008750000000000000e+02 5.492896147702718279e-01 3.277977514330684961e-02
1.010250000000161776e+02 5.342485270222839810e-01 3.246357587828963692e-02
1.011750000000181871e+02 5.221865339569505826e-01 3.175063023535466128e-02
1.013249999999817845e+02 5.129978321254961005e-01 3.144620384555997517e-02
1.014749999999837939e+02 5.028609143116610225e-01 3.096019668129133123e-02
1.016250000000000000e+02 4.950883724008111053e-01 3.075754942283085228e-02
1.017750000000162345e+02 4.867524384321593733e-01 3.090585543719582759e-02
1.019250000000184002e+02 4.786516864573163166e-01 3.029028545285373727e-02
1.020749999999815714e+02 4.726707463065119019e-01 2.992938397805381540e-02
1.022249999999837513e+02 4.658050440106330514e-01 3.008569041486745810e-02
1.023750000000000000e+02 4.595646196351375612e-01 2.950120484188812481e-02
1.025250000000162771e+02 4.536088311121427297e-01 2.965537056155658630e-02
1.026750000000185992e+02 4.477767277446570993e-01 2.915103225187334543e-02
1.028249999999813582e+02 4.418958740758567871e-01 2.919821022302897945e-02
1.029749999999836945e+02 4.367668683891239301e-01 2.900012367191688936e-02
1.031250000000000000e+02 4.309622907265751035e-01 2.886501408644227135e-02
1.032750000000163340e+02 4.260356346090474755e-01 2.862748226941254706e-02
1.034250000000187981e+02 4.206610387084569469e-01 2.846628355330857452e-02
1.035749999999811592e+02 4.156712701610586480e-01 2.834378257321406788e-02
1.037249999999836376e+02 4.106524061172001083e-01 2.813257422232763247e-02
1.038750000000000000e+02 4.059622503189236897e-01 2.773457405008894483e-02
1.040250000000163766e+02 4.011792774309710374e-01 2.752403162402123835e-02
1.041750000000189971e+02 3.971810852592814189e-01 2.736485194434472648e-02
1.043249999999809603e+02 3.924836230225957068e-01 2.712022909128160644e-02
1.044749999999835950e+02 3.887634397833873434e-01 2.705267187725808598e-02
1.046250000000000000e+02 3.836440279259178410e-01 2.706206427866500799e-02
1.047750000000164334e+02 3.799284121399031933e-01 2.676929104756379380e-02
1.049250000000191818e+02 3.751018071736154091e-01 2.668701269383119690e-02
1.050749999999807613e+02 3.714702205910677124e-01 2.662798649762098888e-02
1.052249999999839503e+02 3.674716857419589866e-01 2.627694338345696115e-02
1.053750000000000000e+02 3.635186763169527269e-01 2.621927211084855089e-02
1.055250000000157229e+02 3.591244148265564373e-01 2.621215230345909711e-02
1.056750000000193808e+02 3.553427695292224464e-01 2.555239451907432777e-02
1.058249999999805766e+02 3.515777014984777793e-01 2.538276761149756144e-02
1.059749999999847319e+02 3.476813676782016249e-01 2.537581870374745405e-02
1.061250000000000000e+02 3.439658544716621136e-01 2.545469794846017680e-02
1.062750000000149555e+02 3.399149651721423693e-01 2.521189128250216765e-02
1.064250000000195797e+02 3.354702499452991149e-01 2.464604364231631761e-02
1.065749999999803919e+02 3.327480653014714407e-01 2.492002704337088065e-02
1.067249999999854850e+02 3.290080702801171375e-01 2.450879647932500266e-02
1.068750000000000000e+02 3.254881311985233228e-01 2.420696154248010851e-02
1.070250000000141881e+02 3.220071869418931754e-01 2.470350150877972245e-02
1.071750000000197645e+02 3.181807885352372911e-01 2.441774278968848397e-02
1.073249999999802071e+02 3.149016644616918215e-01 2.425465052931198920e-02
1.074749999999862524e+02 3.105405510129620184e-01 2.379198654343696664e-02
1.076250000000000000e+02 3.081940652691242954e-01 2.387953126659880451e-02
1.077750000000134492e+02 3.040434602082068838e-01 2.370789064032734900e-02
1.079250000000199492e+02 3.008719430040960319e-01 2.335830366149015472e-02
1.080749999999800224e+02 2.973047309973703700e-01 2.331823550514417961e-02
1.082249999999869914e+02 2.945157833398729386e-01 2.330307394776703553e-02
1.083750000000000000e+02 2.902903004287668565e-01 2.332307372376843033e-02
1.085250000000127244e+02 2.875926177427818864e-01 2.281566107093343718e-02
1.086750000000201481e+02 2.847821155752739419e-01 2.261778951507203289e-02
1.088249999999798376e+02 2.812504720648078549e-01 2.267177686769174597e-02
1.089749999999877161e+02 2.779772395102214633e-01 2.279541046153420875e-02
1.091250000000000000e+02 2.752417603260600698e-01 2.228927225075796534e-02
1.092750000000119854e+02 2.724120838009537193e-01 2.217275696804155496e-02
1.094250000000203045e+02 2.687597234065735585e-01 2.209974291518326459e-02
1.095749999999796529e+02 2.666022774618906910e-01 2.193730673313992394e-02
1.097249999999884409e+02 2.627423209339054266e-01 2.166406143189919878e-02
1.098750000000000000e+02 2.599047869814533618e-01 2.174591111956336933e-02
1.100250000000112749e+02 2.573915340819394326e-01 2.133660592054657801e-02
1.101750000000204892e+02 2.543268579267147222e-01 2.131912898751525329e-02
1.103249999999794682e+02 2.516243008036800899e-01 2.125733753911888957e-02
1.104749999999891372e+02 2.488360593489495620e-01 2.113771919659320625e-02
1.106250000000000000e+02 2.466147467556263351e-01 2.086249321675589033e-02
1.107750000000105643e+02 2.434582410102212879e-01 2.074011708490104341e-02
1.109250000000206740e+02 2.408001558048216695e-01 2.071984814526084059e-02
1.110749999999792976e+02 2.379874683305328864e-01 2.059769558540919948e-02
1.112249999999898620e+02 2.358028200413377906e-01 2.032659623046621442e-02
1.113750000000000000e+02 2.324482479956980208e-01 2.027615024263523802e-02
1.115250000000098822e+02 2.294226946806434686e-01 2.034793086764638548e-02
1.116750000000208445e+02 2.271114320387393193e-01 1.972736084845327226e-02
1.118249999999791129e+02 2.246752831167491138e-01 1.988560329049043895e-02
1.119749999999905299e+02 2.221712039732909039e-01 1.961047575572272966e-02
1.121250000000000000e+02 2.195201506114270174e-01 1.976918824227952981e-02
1.122750000000091859e+02 2.171410500789142939e-01 1.965959855142717511e-02
1.124250000000210008e+02 2.140680719376750474e-01 1.957305985512760096e-02
1.125749999999789566e+02 2.117485750314279380e-01 1.950148086565742234e-02
1.127249999999912120e+02 2.089855874732241270e-01 1.901834598039972568e-02
1.128750000000000000e+02 2.067068402884638667e-01 1.909474135728573413e-02
1.130250000000085180e+02 2.043311692592059137e-01 1.898906885696374433e-02
1.131750000000211855e+02 2.018833053193868632e-01 1.866324094397523239e-02
1.133249999999787860e+02 1.990617715003900057e-01 1.883684527892955790e-02
1.134749999999919083e+02 1.966817630043870280e-01 1.852951456302269831e-02
1.136250000000000000e+02 1.945894230107516332e-01 1.842380029582209311e-02
1.137750000000078359e+02 1.920018648609802259e-01 1.819266239273753527e-02
1.139250000000213561e+02 1.896609408406162989e-01 1.809804430500907765e-02
1.140749999999786297e+02 1.873821413413999104e-01 1.805096440256151805e-02
1.142249999999925620e+02 1.849008629712952934e-01 1.771678608114546360e-02
1.143750000000000000e+02 1.823457426470624088e-01 1.784556920206294833e-02
1.145250000000071680e+02 1.800149510486173388e-01 1.779254944295024371e-02
1.146750000000215124e+02 1.779575255119767996e-01 1.745876053124735885e-02
1.148249999999784308e+02 1.756321765058116158e-01 1.751251506843670355e-02
1.149749999999932157e+02 1.731153108726549428e-01 1.730957890735712948e-02
1.151250000000000000e+02 1.710433086120612955e-01 1.710752791557572025e-02
1.152750000000065285e+02 1.686104155230879476e-01 1.709202517917313147e-02
1.154250000000216829e+02 1.663519044979251404e-01 1.670402491774405571e-02
1.155749999999783029e+02 1.643382355450594967e-01 1.695833768174149700e-02
1.157249999999938694e+02 1.619720065405046705e-01 1.658988837712348230e-02
1.158750000000000000e+02 1.597352092899103349e-01 1.648356767270466039e-02
1.160250000000058748e+02 1.572699164564792529e-01 1.620206864891383935e-02
1.161750000000218392e+02 1.547599544389571258e-01 1.621413539074855262e-02
1.163249999999781323e+02 1.528555328930260304e-01 1.610453740398756078e-02
1.164749999999945089e+02 1.504336861588841390e-01 1.593192976158746763e-02
1.166250000000000000e+02 1.481583333662847279e-01 1.566527670741270362e-02
1.167750000000052495e+02 1.462085613079656676e-01 1.564239539098171219e-02
1.169250000000220098e+02 1.442056445857048674e-01 1.559610659602471763e-02
1.170749999999779760e+02 1.420866537415904352e-01 1.542708815703445861e-02
1.172249999999951484e+02 1.398781487879353358e-01 1.518583597775336087e-02
1.173750000000000000e+02 1.374810382579913504e-01 1.547955886496749263e-02
1.175250000000046242e+02 1.356532853226740387e-01 1.517338384118328831e-02
1.176750000000221377e+02 1.332543913834993987e-01 1.483272567668096099e-02
1.178249999999778055e+02 1.311207796623514998e-01 1.477376907151733282e-02
1.179749999999957453e+02 1.291049301823813944e-01 1.448362816899529532e-02
1.181250000000000000e+02 1.269183082857319178e-01 1.446148432571342166e-02
1.182750000000039989e+02 1.247698484622844634e-01 1.438790124178250009e-02
1.184250000000223082e+02 1.228742337170919408e-01 1.438899326990284236e-02
1.185749999999776634e+02 1.209667421045516750e-01 1.417449593514077261e-02
1.187249999999963705e+02 1.192258448336073889e-01 1.398520709321707071e-02
1.188750000000000000e+02 1.168538982971841500e-01 1.381354300207097985e-02
1.190250000000033879e+02 1.151422423333534201e-01 1.400559326788402247e-02
1.191750000000224645e+02 1.132294240546290326e-01 1.364057408587538919e-02
1.193249999999775071e+02 1.112505528310831077e-01 1.354372640894430102e-02
1.194749999999969816e+02 1.091979619663309281e-01 1.344937305488855261e-02
1.196250000000000000e+02 1.074220214631087245e-01 1.332956498903790227e-02
1.197750000000027910e+02 1.054830581639217696e-01 1.315041483207691174e-02
1.199250000000226066e+02 1.031747091003793609e-01 1.313046585015131655e-02
1.200749999999773650e+02 1.011925475109313327e-01 1.300286035081910790e-02
1.202249999999975927e+02 9.975952444715409373e-02 1.279088175883029421e-02
1.203750000000000000e+02 9.732717047078447148e-02 1.255482043362680933e-02
1.205250000000021799e+02 9.579110160876427860e-02 1.246016980595604159e-02
1.206750000000227772e+02 9.369888647963880990e-02 1.240178287145926421e-02
1.208249999999772086e+02 9.158492840379427180e-02 1.218004537335776183e-02
1.209749999999981753e+02 8.967780527353658160e-02 1.204952896177383798e-02
1.211250000000000000e+02 8.798333209834967306e-02 1.208183540426202573e-02
1.212750000000015973e+02 8.613029623171797322e-02 1.182766376900924558e-02
1.214250000000229193e+02 8.426070294962539897e-02 1.168294152165757875e-02
1.215749999999770665e+02 8.236460741754111914e-02 1.159029271995329173e-02
1.217249999999987580e+02 8.032527597221343629e-02 1.135443251994824009e-02
1.218750000000000000e+02 7.850630891520149479e-02 1.147165905586225443e-02
1.220250000000010147e+02 7.666892094256007317e-02 1.104576705978080678e-02
1.221750000000230472e+02 7.484383283416304322e-02 1.091697585561948042e-02
1.223249999999769244e+02 7.321657761416092147e-02 1.105660284979941184e-02
1.224749999999993406e+02 7.104622612541852678e-02 1.057899821003546736e-02
1.226250000000000000e+02 6.962677772564179746e-02 1.054536242829071969e-02
1.227750000000004320e+02 6.780925829997458409e-02 1.040474957881681178e-02
1.229250000000231893e+02 6.578967658349363368e-02 1.038215098069442469e-02
1.230749999999767681e+02 6.424984776450858026e-02 1.011383404165143614e-02
1.232249999999999233e+02 6.238434889325791127e-02 9.952050860036171231e-03
1.233750000000000000e+02 6.047905004407887891e-02 9.906313299448205739e-03
1.235249999999998494e+02 5.894788169810998707e-02 9.709215455883893342e-03
1.236750000000233314e+02 5.716734574665842394e-02 9.584970208335286471e-03
1.238249999999766402e+02 5.539204152438980538e-02 9.359941641124131309e-03
1.239750000000004775e+02 5.372033963442894577e-02 9.158315477562699661e-03
1.241250000000000000e+02 5.208910930364015618e-02 9.144724129443832297e-03
1.242749999999992951e+02 5.035467529674420017e-02 8.797218258074878186e-03
1.244250000000234735e+02 4.860961304838708197e-02 8.819905731315063474e-03
1.245749999999764839e+02 4.707586894948807832e-02 8.682183425367322530e-03
1.247250000000010317e+02 4.514942633030682301e-02 8.464497815002670900e-03
1.248750000000000000e+02 4.384160269196676896e-02 8.324535667656245488e-03
1.250249999999987551e+02 4.179524684752397579e-02 8.003820265924209768e-03
1.251750000000236156e+02 4.012336095559039528e-02 7.933224296647672577e-03
1.253249999999763702e+02 3.850514938458492881e-02 7.692166876123734606e-03
1.254750000000015859e+02 3.677544579474519015e-02 7.585886213914160708e-03
1.256250000000000000e+02 3.514013692447481851e-02 7.413199251562730373e-03
1.257749999999982009e+02 3.345859751805112248e-02 7.208507918429632975e-03
1.259250000000237577e+02 3.189197206112021760e-02 7.004001862822518444e-03
1.260749999999762281e+02 3.022560414769741646e-02 6.892503817011468373e-03
1.262250000000021259e+02 2.843146420283871809e-02 6.583526434082055158e-03
1.263750000000000000e+02 2.699385658563241766e-02 6.510487115351959453e-03
1.265249999999976609e+02 2.528854598944621501e-02 6.292970250174069122e-03
1.266750000000238856e+02 2.374990730432279679e-02 6.093993929052685284e-03
1.268249999999760860e+02 2.212645085167837949e-02 5.933222033231502768e-03
1.269750000000026660e+02 2.050095949549400956e-02 5.661692531846227935e-03
1.271250000000000000e+02 1.911117794870594716e-02 5.490757622964716027e-03
1.272749999999971209e+02 1.735108632732932851e-02 5.151020308790853208e-03
1.274250000000240277e+02 1.580263626108906541e-02 4.887374216929087425e-03
1.275749999999759439e+02 1.430956634124180490e-02 4.673550388232515854e-03
1.277250000000031918e+02 1.259004134215681997e-02 4.394404701850619481e-03
1.278750000000000000e+02 1.116073046044746553e-02 4.173454505235841931e-03
1.280249999999965951e+02 9.536691416507115174e-03 3.827333580618816518e-03
1.281750000000241414e+02 7.962708237873480227e-03 3.474099975609711965e-03
1.283249999999758018e+02 6.411279022444928491e-03 3.140957396838792073e-03
1.284750000000037176e+02 4.843344667081303685e-03 2.750723008010758780e-03
1.286250000000000000e+02 3.280370499547669190e-03 2.273189169802506369e-03
1.287749999999960835e+02 1.724073203637632159e-03 1.647189205300227414e-03
1.289250000000242835e+02 2.937009871459981734e-04 6.783957398748177020e-04
