# Radius RDF_mean RDF_std
7.500000000000896228e-02 1.743537086888542035e+03 1.278768731562956784e+00
2.249999999999577616e-01 1.963861697071246359e-01 7.368042007415293027e-01
3.750000000000000000e-01 1.996266811845032463e-01 5.697059475513960303e-01
5.249999999999700462e-01 2.062832983572629175e-01 4.948395100331735019e-01
6.750000000001169509e-01 2.045805665464880130e-01 4.354292521630276913e-01
8.249999999998777200e-01 2.073063886356239227e-01 3.937473033777637577e-01
9.750000000001839418e-01 2.153822714711043085e-01 3.793797378274296750e-01
1.125000000000000000e+00 2.140972410576566232e-01 3.499015132599179734e-01
1.274999999999773648e+00 2.237629046022740764e-01 3.349865661687664309e-01
1.424999999999764455e+00 2.343048589093860434e-01 3.200556339836722053e-01
1.575000000000282396e+00 2.412824186240979107e-01 3.067333793071062575e-01
1.725000000000170397e+00 2.576862500158550451e-01 3.064630460405666779e-01
1.875000000000000000e+00 2.621462043430439759e-01 2.985230816543788523e-01
2.025000000000070521e+00 2.724947342909538328e-01 2.903727397834408031e-01
2.174999999999594813e+00 2.947381976028488060e-01 2.932489725999178898e-01
2.325000000000426059e+00 3.129220273978044475e-01 2.912114638565194702e-01
2.474999999999678124e+00 3.370792228789379341e-01 2.980405545864394656e-01
2.625000000000000000e+00 3.571346947183591802e-01 2.885600908391894315e-01
2.775000000000444444e+00 3.887481254873201841e-01 2.959908600380575239e-01
2.924999999999512212e+00 4.185589028947591106e-01 3.034606960683680632e-01
3.075000000000499334e+00 4.572350792955368615e-01 3.087883911974375617e-01
3.224999999999414779e+00 4.987646103716508184e-01 3.143260645188456492e-01
3.375000000000000000e+00 5.558780837759944582e-01 3.251391535448920345e-01
3.525000000000659384e+00 6.107163505162358508e-01 3.312798779454249054e-01
3.674999999999857714e+00 6.795325202746523852e-01 3.428591895801991751e-01
3.825000000000022382e+00 7.556373213799726374e-01 3.521908681820655196e-01
3.974999999999250466e+00 8.532907653913400781e-01 3.667922825976567269e-01
4.125000000000000000e+00 9.695173531582986781e-01 3.782715092128398071e-01
4.275000000000798828e+00 1.117403047957824525e+00 4.060269563011584815e-01
4.425000000000374634e+00 1.330489429656719791e+00 4.316457254102245011e-01
4.574999999999541878e+00 1.624290349506607889e+00 4.727210680070792481e-01
4.724999999999138112e+00 1.951423773297169317e+00 5.145315258673465175e-01
4.875000000000000000e+00 2.152920184989399743e+00 5.277677260658432123e-01
5.025000000000897415e+00 2.182066699203963456e+00 5.235352695691511959e-01
5.175000000000743228e+00 2.041740855965440193e+00 5.004755743855666683e-01
5.324999999999196376e+00 1.838026293878355810e+00 4.619285998267477766e-01
5.474999999999057287e+00 1.629482088683747998e+00 4.318971758645821502e-01
5.625000000000000000e+00 1.439189366349835408e+00 4.040913568255554700e-01
5.775000000000969358e+00 1.283412334495385387e+00 3.763601256611699419e-01
5.925000000001017675e+00 1.161364800845783529e+00 3.494580807624983465e-01
6.074999999998936140e+00 1.065913069678504188e+00 3.299061782173779434e-01
6.224999999998995115e+00 9.855321647807921970e-01 3.153422165352230411e-01
6.375000000000000000e+00 9.374576220528755277e-01 3.031094783944859317e-01
6.525000000001025313e+00 8.956488589311240034e-01 2.965952552684572030e-01
6.675000000001229949e+00 8.734785504276376678e-01 2.876627497348114848e-01
6.824999999998733635e+00 8.617777420322820792e-01 2.799892052646297258e-01
6.974999999999387690e+00 8.580777068638744121e-01 2.758428286747707792e-01
7.125000000000000000e+00 8.516752256660045095e-01 2.697491587064932972e-01
7.275000000000346745e+00 8.659526778052180074e-01 2.731733314936248269e-01
7.425000000001398703e+00 8.850456503676757958e-01 2.731776235892985349e-01
7.574999999998571099e+00 9.192309896410327807e-01 2.769263773285395858e-01
7.725000000000012079e+00 9.427398618865985291e-01 2.780542787939276894e-01
7.875000000000000000e+00 9.843971491427857545e-01 2.805183383727360980e-01
8.024999999999771205e+00 1.020792444846335911e+00 2.827864148240419317e-01
8.175000000001539036e+00 1.070522085674841195e+00 2.879923928570892189e-01
8.324999999998437872e+00 1.115039463042387879e+00 2.882047364749806273e-01
8.475000000000525446e+00 1.168453087212273589e+00 2.961760987529899469e-01
8.625000000000000000e+00 1.208756935276539712e+00 2.945543806841653955e-01
8.774999999999291589e+00 1.246300427685441692e+00 3.016003885779454663e-01
8.925000000001652722e+00 1.284398931566144597e+00 3.032249568240623083e-01
9.074999999998325961e+00 1.315011378140931164e+00 3.012859947840612063e-01
9.225000000000957101e+00 1.331777993863194398e+00 3.028153017348806930e-01
9.375000000000000000e+00 1.344997754461991546e+00 3.024738886185741049e-01
9.524999999998890132e+00 1.343593661867408473e+00 3.004442080649107893e-01
9.675000000001750422e+00 1.337503571431199134e+00 2.967906270770888089e-01
9.824999999998231814e+00 1.320608653436250668e+00 2.919450754118096958e-01
9.975000000001321254e+00 1.296654078546052968e+00 2.879045785531464952e-01
1.012500000000000000e+01 1.263234559428874526e+00 2.810887935829304851e-01
1.027499999999854730e+01 1.229328769834605151e+00 2.744243717047235576e-01
1.042500000000183391e+01 1.188705385785869595e+00 2.686598240618230382e-01
1.057499999999815010e+01 1.153080019466141470e+00 2.625989563410006666e-01
1.072500000000163745e+01 1.110486635123763222e+00 2.564040186059582394e-01
1.087500000000000000e+01 1.080431223270650998e+00 2.506652879973950143e-01
1.102499999999824887e+01 1.051062520201315076e+00 2.447665978247176854e-01
1.117500000000190674e+01 1.028022455895082343e+00 2.402615618403136089e-01
1.132499999999808082e+01 1.014600517512066036e+00 2.360124003808710402e-01
1.147500000000190923e+01 1.005073446561238093e+00 2.359892225926399079e-01
1.162500000000000000e+01 1.001231536751034268e+00 2.321956197815764900e-01
1.177499999999798952e+01 9.994091838323396759e-01 2.301677211681716906e-01
1.192500000000196891e+01 1.006524580730620899e+00 2.332373418737021531e-01
1.207499999999801865e+01 1.012052544427329615e+00 2.346984834589527225e-01
1.222500000000215081e+01 1.024349877294234989e+00 2.297941756941237756e-01
1.237500000000000000e+01 1.036760505899864349e+00 2.310681810410969705e-01
1.252499999999776215e+01 1.056878131331784987e+00 2.309644742712062826e-01
1.267500000000202398e+01 1.079460259976515291e+00 2.334673747747118833e-01
1.282499999999796536e+01 1.094118610527295976e+00 2.335958888109984921e-01
1.297500000000236220e+01 1.116416596190666244e+00 2.324297972958709602e-01
1.312500000000000000e+01 1.128492957044529010e+00 2.353241277709046675e-01
1.327499999999756142e+01 1.144567214311102532e+00 2.371538986421008466e-01
1.342500000000173088e+01 1.160141812759360347e+00 2.352847419862172107e-01
1.357499999999841833e+01 1.159837953697699708e+00 2.364242807987559369e-01
1.372500000000255049e+01 1.169148697188830521e+00 2.330493029165789098e-01
1.387500000000000000e+01 1.167657758914272481e+00 2.339328808936762538e-01
1.402499999999738023e+01 1.166382458869307470e+00 2.315772821047140384e-01
1.417500000000102034e+01 1.160753162246582759e+00 2.295512642673596670e-01
1.432499999999911111e+01 1.151477053392811589e+00 2.294851841204519072e-01
1.447500000000271925e+01 1.144199591034684271e+00 2.228313008960960684e-01
1.462500000000000000e+01 1.127100605409812273e+00 2.230641384246867254e-01
1.477499999999721680e+01 1.115275088105271761e+00 2.201819350009426579e-01
1.492500000000038618e+01 1.106584694562717797e+00 2.185146790894415547e-01
1.507499999999973639e+01 1.086351035668502441e+00 2.167493155479530698e-01
1.522500000000287201e+01 1.077501717226375888e+00 2.157315576832101178e-01
1.537500000000000000e+01 1.061503256735371936e+00 2.094178101943216519e-01
1.552499999999706937e+01 1.055198634900283983e+00 2.105024083432251725e-01
1.567499999999980886e+01 1.040565874723516471e+00 2.067998237629439240e-01
1.582500000000029772e+01 1.032803807155705966e+00 2.039057484863120162e-01
1.597500000000300879e+01 1.030652623213253571e+00 2.023222336274952682e-01
1.612500000000000000e+01 1.026428762154736996e+00 2.003308920305133800e-01
1.627499999999693969e+01 1.023190340371876506e+00 1.993106185834441768e-01
1.642499999999928662e+01 1.030484945872736757e+00 2.014549318337798267e-01
1.657500000000081286e+01 1.029695401194363980e+00 1.977910436190540855e-01
1.672500000000313847e+01 1.032629294492496852e+00 1.972941270252805968e-01
1.687500000000000000e+01 1.038103438869464101e+00 1.963884598791563740e-01
1.702499999999681535e+01 1.042122500089015746e+00 1.982398050962874692e-01
1.717499999999880700e+01 1.049478507595116961e+00 1.995081680776945032e-01
1.732500000000128182e+01 1.055074547478284108e+00 1.964772582848522964e-01
1.747500000000325215e+01 1.067635111499210865e+00 1.963318050569439477e-01
1.762500000000000000e+01 1.069768204946299983e+00 1.954213214240809182e-01
1.777499999999670521e+01 1.072544234183813172e+00 1.960130668689789024e-01
1.792499999999837357e+01 1.078282414909666143e+00 1.975055081953254743e-01
1.807500000000171170e+01 1.083984472620612705e+00 1.945790370986874851e-01
1.822500000000335874e+01 1.081281012572522071e+00 1.984662021686010580e-01
1.837500000000000000e+01 1.078871399308290346e+00 1.957582563495288697e-01
1.852499999999660218e+01 1.078336404284744976e+00 1.926303418377361409e-01
1.867499999999797211e+01 1.078691821181418264e+00 1.916742340156519231e-01
1.882500000000210960e+01 1.070817869122685284e+00 1.901502851595816834e-01
1.897500000000345466e+01 1.067947723658736026e+00 1.891179361185278407e-01
1.912500000000000000e+01 1.061625739828882198e+00 1.880918182346119072e-01
1.927499999999650626e+01 1.056328261509663191e+00 1.883604625805716248e-01
1.942499999999759908e+01 1.049779462064050817e+00 1.849597812146903941e-01
1.957500000000247198e+01 1.045642926155803121e+00 1.850493503805152873e-01
1.972500000000354348e+01 1.038669540546740988e+00 1.849916671814593461e-01
1.987500000000000000e+01 1.031538925833699105e+00 1.810122949553133742e-01
2.002499999999642100e+01 1.029854259264681549e+00 1.802741173192357882e-01
2.017499999999725446e+01 1.021960574021889112e+00 1.796338970992743533e-01
2.032500000000281304e+01 1.016697590677689389e+00 1.800781887404492576e-01
2.047500000000362874e+01 1.017390443150316015e+00 1.767045617207707586e-01
2.062500000000000000e+01 1.013919471238718284e+00 1.768002915824183618e-01
2.077499999999633928e+01 1.017212204667961029e+00 1.763399270543827002e-01
2.092499999999693472e+01 1.011635537078325209e+00 1.752836170294128915e-01
2.107500000000312212e+01 1.016934655480884464e+00 1.734484134127162458e-01
2.122500000000370690e+01 1.017026847398468048e+00 1.738736937623859835e-01
2.137500000000000000e+01 1.016217930047708107e+00 1.740513671068354695e-01
2.152499999999626468e+01 1.017125614244898113e+00 1.728355796579832127e-01
2.167499999999663984e+01 1.022909921311030645e+00 1.744497043829658367e-01
2.182500000000341700e+01 1.025034950279346768e+00 1.704446058358092819e-01
2.197500000000377796e+01 1.025995435728265237e+00 1.718444664459689297e-01
2.212500000000000000e+01 1.026675853742499589e+00 1.737510779298953034e-01
2.227499999999619718e+01 1.027172158633980592e+00 1.694722614043184805e-01
2.242499999999636273e+01 1.028855853999710135e+00 1.709784217339522516e-01
2.257500000000369056e+01 1.031026694896510110e+00 1.705238823696028083e-01
2.272500000000384546e+01 1.031130420198087760e+00 1.717625067536980854e-01
2.287500000000000000e+01 1.029729766701344307e+00 1.704642392620234204e-01
2.302499999999612967e+01 1.026026992024932749e+00 1.684383627759234170e-01
2.317499999999610338e+01 1.025325712645245746e+00 1.670195316751359460e-01
2.332500000000394635e+01 1.024194210749413303e+00 1.665356557705932605e-01
2.347500000000390941e+01 1.021556338392646923e+00 1.648751566394209556e-01
2.362500000000000000e+01 1.019239298820822981e+00 1.651593341755628885e-01
2.377499999999606928e+01 1.013096933847608794e+00 1.652098021562779240e-01
2.392499999999586180e+01 1.011319110526097242e+00 1.642010337578242996e-01
2.407500000000418439e+01 1.015299344501194412e+00 1.632633087773611991e-01
2.422500000000396625e+01 1.003966119011986402e+00 1.619188935054403644e-01
2.437500000000000000e+01 1.003432544717792751e+00 1.611483683778283382e-01
2.452499999999600888e+01 1.001849588809444525e+00 1.600274040252878394e-01
2.467499999999563087e+01 1.000420885725518572e+00 1.593980607490851908e-01
2.482500000000441176e+01 9.983334270758269513e-01 1.621402535069455253e-01
2.497500000000402309e+01 9.966082816950416756e-01 1.592195606657582918e-01
2.512500000000000000e+01 9.959019059962828102e-01 1.604584643527257604e-01
2.527499999999595559e+01 9.935650904739000699e-01 1.576492752417327503e-01
2.542499999999541771e+01 9.920988556354604082e-01 1.569770174275891550e-01
2.557500000000462137e+01 9.927535801383305936e-01 1.569022123330638674e-01
2.572500000000407638e+01 9.949888359984161434e-01 1.554772551378797163e-01
2.587500000000000000e+01 9.920556250256771236e-01 1.561235339944536671e-01
2.602499999999590585e+01 9.922114138655266924e-01 1.531286512599005223e-01
2.617499999999521521e+01 9.950356933898146794e-01 1.545612852585478425e-01
2.632500000000482032e+01 9.934631727588614236e-01 1.518316439707103893e-01
2.647500000000383480e+01 9.934041647901794558e-01 1.532850968198649910e-01
2.662500000000000000e+01 9.947244948686290167e-01 1.533786906098339453e-01
2.677499999999647073e+01 9.984503206207803183e-01 1.530575116202430863e-01
2.692499999999502691e+01 9.947694804790851997e-01 1.534554696242741989e-01
2.707500000000501217e+01 9.963412040451951057e-01 1.528694249306213060e-01
2.722500000000308873e+01 9.943471143701682058e-01 1.523095929052411812e-01
2.737500000000000000e+01 9.960072507774884176e-01 1.519135026416735812e-01
2.752499999999719549e+01 9.949569861172193885e-01 1.510769158671034784e-01
2.767499999999484928e+01 9.932344829783972262e-01 1.512437505775512669e-01
2.782500000000518625e+01 9.903288001359643600e-01 1.489002391217910948e-01
2.797500000000238529e+01 9.911817493788789291e-01 1.503502207005707469e-01
2.812500000000000000e+01 9.883448264253412718e-01 1.473839865195515353e-01
2.827499999999788827e+01 9.891570142557929435e-01 1.495169730645881101e-01
2.842499999999467164e+01 9.861484371702691210e-01 1.462467440229706928e-01
2.857500000000536033e+01 9.832132393795606218e-01 1.483647921696659433e-01
2.872500000000171028e+01 9.835515419052721642e-01 1.474586666879913743e-01
2.887500000000000000e+01 9.827935821107677272e-01 1.452632550505022491e-01
2.902499999999854552e+01 9.779852377953477394e-01 1.437696008001552728e-01
2.917499999999451177e+01 9.815337199904999865e-01 1.459411498687851749e-01
2.932500000000552021e+01 9.779512981059127474e-01 1.437219583774143883e-01
2.947500000000107434e+01 9.788750095338361046e-01 1.451045731988176435e-01
2.962500000000000000e+01 9.758133399630632976e-01 1.440533716609936066e-01
2.977499999999917080e+01 9.793160347055986925e-01 1.421126562308326347e-01
2.992499999999435900e+01 9.744953995921700196e-01 1.425076484612614325e-01
3.007500000000566942e+01 9.763542094487548395e-01 1.410014276146207557e-01
3.022500000000047393e+01 9.762356225798139997e-01 1.419254830680409252e-01
3.037500000000000000e+01 9.750276899860985669e-01 1.421226779653231020e-01
3.052499999999976410e+01 9.753862672984496829e-01 1.418052238548258293e-01
3.067499999999420623e+01 9.758581338518895754e-01 1.415986980446788668e-01
3.082500000000581508e+01 9.764946519595238961e-01 1.394243271417834606e-01
3.097499999999989839e+01 9.755056964683844756e-01 1.413879322447548492e-01
3.112500000000000000e+01 9.751906654398433405e-01 1.396476462241483529e-01
3.127500000000032898e+01 9.768582542854717943e-01 1.390695939740461684e-01
3.142499999999406768e+01 9.758337212496519530e-01 1.384483875072934633e-01
3.157500000000595364e+01 9.771977482880426225e-01 1.408940518375681461e-01
3.172499999999935127e+01 9.771580482488561037e-01 1.403083251588115588e-01
3.187500000000000000e+01 9.739991544184585237e-01 1.395558230440379910e-01
3.202500000000086544e+01 9.730503868554862823e-01 1.383384196340539662e-01
3.217499999999394333e+01 9.771310313786929491e-01 1.361812839975442835e-01
3.232500000000609219e+01 9.732715091208591351e-01 1.384405595863851812e-01
3.247499999999882903e+01 9.752250517099577687e-01 1.384451339985689755e-01
3.262500000000000000e+01 9.734057217297670261e-01 1.379456535352849567e-01
3.277500000000137703e+01 9.741076457698424340e-01 1.372810663178939961e-01
3.292499999999381544e+01 9.710519340321657200e-01 1.361168055125142884e-01
3.307500000000621299e+01 9.695043269835155186e-01 1.353790022644187074e-01
3.322499999999832454e+01 9.704848837527844108e-01 1.353570408833456862e-01
3.337500000000000000e+01 9.690836832150685476e-01 1.353421088076890710e-01
3.352500000000186731e+01 9.682874777759974405e-01 1.350606566865248659e-01
3.367499999999368754e+01 9.666211054429330041e-01 1.335983359959718730e-01
3.382500000000633378e+01 9.710756677799846637e-01 1.339373842214900689e-01
3.397499999999784848e+01 9.680648782667036212e-01 1.344956602988885697e-01
3.412500000000000000e+01 9.671655850798229759e-01 1.327848421638148091e-01
3.427500000000233626e+01 9.672827732823489066e-01 1.334042295679796486e-01
3.442499999999357385e+01 9.682516103180114353e-01 1.327397071220374758e-01
3.457500000000644746e+01 9.682739917838256716e-01 1.330684423529598370e-01
3.472499999999739373e+01 9.676427439150687704e-01 1.315188080219188427e-01
3.487500000000000000e+01 9.668889637801695303e-01 1.309606374360012260e-01
3.502500000000278391e+01 9.681425834625598803e-01 1.317861417678022895e-01
3.517499999999346016e+01 9.693837243772436274e-01 1.297014195445815032e-01
3.532500000000656115e+01 9.689684467605425011e-01 1.316848564410992017e-01
3.547499999999695319e+01 9.671640430261994048e-01 1.297476444209824387e-01
3.562500000000000000e+01 9.666557478818660343e-01 1.295232194957749439e-01
3.577500000000321734e+01 9.698184617837897203e-01 1.308738217587643582e-01
3.592499999999336069e+01 9.686472242608477057e-01 1.303468177913238712e-01
3.607500000000666773e+01 9.673324012462740651e-01 1.280708214691338442e-01
3.622499999999653397e+01 9.690788092804151210e-01 1.290980834074433314e-01
3.637500000000000000e+01 9.693403152288118108e-01 1.277655900472199346e-01
3.652500000000362235e+01 9.701675601289945217e-01 1.278058977058841861e-01
3.667499999999325411e+01 9.679768372975813273e-01 1.274195065382689729e-01
3.682500000000676721e+01 9.711412812104622816e-01 1.275014605517907906e-01
3.697499999999613607e+01 9.676010425008375604e-01 1.281710915051076649e-01
3.712500000000000000e+01 9.682441741452373352e-01 1.264065820768861537e-01
3.727500000000402736e+01 9.686342517984617428e-01 1.263341656610904307e-01
3.742499999999315463e+01 9.692277793053114543e-01 1.261131883143584709e-01
3.757500000000686668e+01 9.659407343438315419e-01 1.260527489221563990e-01
3.772499999999575238e+01 9.689994594152836482e-01 1.277238230996044499e-01
3.787500000000000000e+01 9.660247940766251151e-01 1.264161224635658165e-01
3.802500000000440394e+01 9.673647461387732127e-01 1.276820534345639024e-01
3.817499999999306226e+01 9.659395906742705984e-01 1.265139569966113320e-01
3.832500000000695906e+01 9.661771169673819548e-01 1.242660619058927191e-01
3.847499999999537579e+01 9.657723997441212127e-01 1.255265173911639942e-01
3.862500000000000000e+01 9.671511002556610892e-01 1.249449336911171854e-01
3.877500000000476632e+01 9.671882828135150989e-01 1.248748114558085320e-01
3.892499999999297700e+01 9.654295595245457884e-01 1.255437889923787520e-01
3.907500000000705143e+01 9.679856465858140968e-01 1.242895205700575018e-01
3.922499999999502052e+01 9.661652164451268732e-01 1.250277232186387810e-01
3.937500000000000000e+01 9.664434385092173230e-01 1.232336331235593385e-01
3.952500000000512159e+01 9.653996388690448960e-01 1.232099527571856867e-01
3.967499999999288463e+01 9.653760616402820016e-01 1.237048632522534386e-01
3.982500000000712959e+01 9.670240538230144844e-01 1.221890947585655973e-01
3.997499999999467946e+01 9.663247364584480747e-01 1.226175253581459623e-01
4.012500000000000000e+01 9.663418265959480280e-01 1.213866339613761530e-01
4.027500000000545555e+01 9.686560505069834459e-01 1.237829845558030828e-01
4.042499999999279936e+01 9.666041891073520187e-01 1.222314547588449207e-01
4.057500000000721485e+01 9.664574010674253923e-01 1.229626813850222683e-01
4.072499999999434550e+01 9.648840542568350997e-01 1.223654023626147141e-01
4.087500000000000000e+01 9.676279013250820293e-01 1.213408304088399170e-01
4.102500000000578240e+01 9.646231302653297535e-01 1.222986051738460811e-01
4.117499999999272120e+01 9.666991623092199282e-01 1.213761517767427411e-01
4.132500000000730012e+01 9.662307235402687322e-01 1.217058947731241014e-01
4.147499999999402576e+01 9.664279401472786191e-01 1.209835547746997003e-01
4.162500000000000000e+01 9.660831467857741162e-01 1.211327539052192426e-01
4.177500000000609504e+01 9.673627904529604749e-01 1.201894542601090188e-01
4.192499999999264304e+01 9.655134031196698219e-01 1.192372482175257514e-01
4.207500000000737828e+01 9.679631266503330167e-01 1.203352100916065814e-01
4.222499999999372022e+01 9.657570701138405989e-01 1.198074126395459876e-01
4.237500000000000000e+01 9.669114684397106529e-01 1.217181280059948661e-01
4.252500000000640057e+01 9.660460752973965004e-01 1.181384121732736991e-01
4.267499999999256488e+01 9.677893279316087671e-01 1.198873090584127998e-01
4.282500000000744933e+01 9.647004038043439644e-01 1.192104381898578952e-01
4.297499999999342180e+01 9.666979874429210140e-01 1.174718563443895164e-01
4.312500000000000000e+01 9.687210273856903253e-01 1.176740521603014400e-01
4.327500000000669900e+01 9.693690976851679908e-01 1.183410968911081246e-01
4.342499999999249383e+01 9.672321733288683498e-01 1.184495166335239325e-01
4.357500000000752038e+01 9.690045753802380979e-01 1.172437222545698043e-01
4.372499999999313758e+01 9.699310660596864864e-01 1.180739695067349049e-01
4.387500000000000000e+01 9.677539689687585378e-01 1.172668344801855445e-01
4.402500000000697611e+01 9.703559615954342465e-01 1.182332665405717437e-01
4.417499999999242277e+01 9.680570352728490313e-01 1.174324667028752156e-01
4.432500000000759144e+01 9.672938104341159971e-01 1.171798471662070518e-01
4.447499999999286047e+01 9.657188694138562068e-01 1.168564846225650933e-01
4.462500000000000000e+01 9.711857970039708965e-01 1.177115576862037272e-01
4.477500000000724611e+01 9.695030855355617483e-01 1.156048316610471943e-01
4.492499999999235882e+01 9.684821942450069221e-01 1.167181245533634032e-01
4.507500000000766249e+01 9.702388659630998280e-01 1.162588675981442027e-01
4.522499999999259757e+01 9.676670943357507104e-01 1.158702366672556550e-01
4.537500000000000000e+01 9.699149137712997915e-01 1.161501598476753216e-01
4.552500000000750902e+01 9.686327489021563375e-01 1.155401711834411344e-01
4.567499999999228777e+01 9.703149332219492829e-01 1.151085107681533576e-01
4.582500000000772644e+01 9.736059948502686634e-01 1.154783840247096821e-01
4.597499999999233466e+01 9.729313519029764157e-01 1.153591760461044891e-01
4.612500000000000000e+01 9.714761790425395782e-01 1.156150261005049890e-01
4.627500000000776481e+01 9.715299893087576688e-01 1.144454970147400635e-01
4.642499999999223093e+01 9.720153455455756708e-01 1.136101800370817455e-01
4.657500000000779039e+01 9.717890678623845035e-01 1.137502332751438999e-01
4.672499999999207887e+01 9.715857663007974043e-01 1.145733896198274093e-01
4.687500000000000000e+01 9.714146065990625356e-01 1.142257410289569258e-01
4.702500000000801350e+01 9.698317271475120904e-01 1.124623621248969502e-01
4.717499999999216698e+01 9.699310432059455866e-01 1.133301443164813765e-01
4.732500000000784723e+01 9.698119129131821392e-01 1.130147182250322568e-01
4.747499999999183729e+01 9.727399551396190835e-01 1.134885918811491395e-01
4.762500000000000000e+01 9.711226913300314845e-01 1.126806806644341102e-01
4.777500000000825509e+01 9.693103430280742838e-01 1.139306489498059516e-01
4.792499999999211013e+01 9.715304697045981097e-01 1.119324980359860250e-01
4.807500000000790408e+01 9.747774573647445262e-01 1.131033538918772702e-01
4.822499999999160281e+01 9.707627533945967224e-01 1.118542636812532853e-01
4.837500000000000000e+01 9.746325514351841246e-01 1.134838800269861170e-01
4.852500000000848956e+01 9.741404434049759642e-01 1.131375666552520975e-01
4.867499999999204618e+01 9.722180089565153338e-01 1.137068638944786492e-01
4.882500000000796092e+01 9.743895660651960000e-01 1.108465845934382826e-01
4.897499999999137543e+01 9.767390484498567060e-01 1.119773178563909927e-01
4.912500000000000000e+01 9.764781058088097820e-01 1.120187783248565855e-01
4.927500000000870983e+01 9.770695710831159841e-01 1.121279329042631917e-01
4.942499999999198934e+01 9.761695341762004485e-01 1.116986757690573429e-01
4.957500000000802487e+01 9.765073152541051682e-01 1.121541343633019466e-01
4.972499999999115516e+01 9.774561213434035389e-01 1.108031105480964951e-01
4.987500000000000000e+01 9.782870584714622453e-01 1.115827132760668639e-01
5.002500000000893010e+01 9.762658588438244411e-01 1.113657669188803240e-01
5.017499999999193960e+01 9.769262701560881279e-01 1.096970664063784268e-01
5.032500000000807461e+01 9.762688211842016628e-01 1.097555250698505624e-01
5.047499999999094200e+01 9.773026137949706316e-01 1.106838328406271887e-01
5.062500000000000000e+01 9.792664279875425981e-01 1.091583395255379813e-01
5.077500000000914326e+01 9.795462262379758256e-01 1.086580172635098901e-01
5.092499999999188276e+01 9.798539984597331998e-01 1.108017834833709830e-01
5.107500000000812435e+01 9.777516076966142888e-01 1.098991588878302922e-01
5.122499999999072884e+01 9.802273181797820367e-01 1.099991866211221941e-01
5.137500000000000000e+01 9.796788847326824978e-01 1.109155967932350384e-01
5.152500000000934932e+01 9.811464603109598670e-01 1.089329455421449988e-01
5.167499999999183302e+01 9.791766327223501154e-01 1.084468496681174482e-01
5.182500000000818119e+01 9.792363516798820999e-01 1.081121821728177196e-01
5.197499999999052989e+01 9.794408451276699346e-01 1.085493374212014028e-01
5.212500000000000000e+01 9.822934063813835159e-01 1.110642064502612436e-01
5.227500000000954827e+01 9.821512860402715761e-01 1.100681204503191346e-01
5.242499999999178328e+01 9.816263162301187561e-01 1.086922073369027131e-01
5.257500000000806040e+01 9.813972456938298006e-01 1.087077174104034011e-01
5.272499999999033804e+01 9.833689476964436738e-01 1.066288600675957821e-01
5.287500000000000000e+01 9.832515412177843528e-01 1.077065256336608989e-01
5.302500000000974723e+01 9.841471130916168431e-01 1.084516854433841965e-01
5.317499999999255778e+01 9.827610316107112665e-01 1.088587928010636002e-01
5.332500000000729301e+01 9.825496716571172628e-01 1.063689368983742611e-01
5.347499999999015330e+01 9.835254804591232469e-01 1.090940544882744168e-01
5.362500000000000000e+01 9.845274773370135124e-01 1.072395718367088885e-01
5.377500000000993197e+01 9.841458136379336308e-01 1.084128499128199918e-01
5.392499999999331095e+01 9.843793765834605303e-01 1.078240266354370813e-01
5.407500000000654694e+01 9.849510535868033489e-01 1.093030136757876525e-01
5.422499999998996145e+01 9.860516162785372130e-01 1.068148616261966610e-01
5.437500000000000000e+01 9.853959995125600724e-01 1.073075402075502061e-01
5.452500000001011671e+01 9.854137489804072336e-01 1.070494898541903828e-01
5.467499999999403570e+01 9.874087246494728243e-01 1.064503220523876081e-01
5.482500000000581508e+01 9.863122420079715180e-01 1.071147376836208698e-01
5.497499999998977671e+01 9.874329495139960722e-01 1.050384597446781948e-01
5.512500000000000000e+01 9.867574090858536318e-01 1.062927341671456999e-01
5.527500000001029434e+01 9.857660021322255384e-01 1.065266441063920100e-01
5.542499999999475335e+01 9.857881322735573271e-01 1.056460941016457711e-01
5.557500000000510454e+01 9.881331956464565192e-01 1.057913801198060583e-01
5.572499999998960618e+01 9.856008063639389860e-01 1.065006204752684260e-01
5.587500000000000000e+01 9.882082614774069240e-01 1.068849624325947795e-01
5.602500000001046487e+01 9.894262983280335266e-01 1.049360833733734011e-01
5.617499999999544258e+01 9.891384914043046539e-01 1.060473665954173583e-01
5.632500000000441531e+01 9.913920737327552857e-01 1.051786570812225791e-01
5.647499999998942855e+01 9.896871078040179182e-01 1.043818336839567595e-01
5.662500000000000000e+01 9.889147094782523295e-01 1.043112772474870387e-01
5.677500000001062830e+01 9.901967138594991447e-01 1.044548694824651847e-01
5.692499999999611759e+01 9.896103351531688741e-01 1.043325087506312004e-01
5.707500000000374030e+01 9.895369246844570865e-01 1.043229583160408258e-01
5.722499999998926512e+01 9.896868700406702413e-01 1.047090728580040708e-01
5.737500000000000000e+01 9.898929977640257283e-01 1.043381545101865898e-01
5.752500000001079172e+01 9.904498841261487607e-01 1.033533953675726258e-01
5.767499999999677129e+01 9.916250650825780832e-01 1.046504513723423707e-01
5.782500000000310081e+01 9.918310828493213105e-01 1.049313795084931139e-01
5.797499999998910170e+01 9.910093256761156599e-01 1.045757774054156541e-01
5.812500000000000000e+01 9.936057012876857719e-01 1.029461267006527847e-01
5.827500000001095515e+01 9.930165817817399043e-01 1.044528338131303496e-01
5.842499999999741078e+01 9.921540016936596373e-01 1.041381623944441642e-01
5.857500000000246132e+01 9.926790194685408686e-01 1.031902353334607642e-01
5.872499999998893827e+01 9.935727574203851997e-01 1.040287906737978746e-01
5.887500000000000000e+01 9.930505786184171679e-01 1.037614241927417025e-01
5.902500000001111857e+01 9.929165416646525966e-01 1.021954541433274105e-01
5.917499999999803606e+01 9.948406349837907170e-01 1.037636537183456720e-01
5.932500000000184315e+01 9.943637102612647993e-01 1.019626713796096817e-01
5.947499999998878906e+01 9.949121991402285481e-01 1.023254774194951311e-01
5.962500000000000000e+01 9.954610908297698568e-01 1.037066086943044252e-01
5.977500000001126779e+01 9.938621221359902336e-01 1.017725574015448387e-01
5.992499999999864002e+01 9.933955686442536015e-01 1.013679949301992400e-01
6.007500000000123919e+01 9.955219127521139910e-01 1.016109002105107240e-01
6.022499999998863984e+01 9.947383623888301774e-01 1.019864309023569837e-01
6.037500000000000000e+01 9.938212838816078420e-01 1.020020950040580604e-01
6.052500000001142411e+01 9.955402905658434776e-01 1.010202001530776106e-01
6.067499999999923688e+01 9.964334530216474306e-01 1.031265051221688517e-01
6.082500000000064944e+01 9.975588520359318645e-01 1.027402359281352484e-01
6.097499999998849773e+01 9.948502181583614989e-01 1.025704214862218078e-01
6.112500000000000000e+01 9.959410734273750343e-01 1.011615934359320484e-01
6.127500000001155911e+01 9.975364012123492108e-01 1.015173845414603371e-01
6.142499999999980531e+01 9.960090842643883891e-01 1.019579317191914303e-01
6.157500000000007390e+01 9.977495912992399019e-01 1.008860386381395940e-01
6.172499999998834852e+01 9.958911028660646370e-01 1.020635000190738828e-01
6.187500000000000000e+01 9.984158078632120459e-01 9.985267362325221663e-02
6.202500000001170122e+01 9.972923024764851485e-01 1.018963681474249622e-01
6.217500000000037375e+01 9.972276101100601142e-01 9.918615090013893631e-02
6.232499999999951967e+01 9.972207136260737848e-01 1.017541888860588606e-01
6.247499999998820641e+01 9.985821168921221735e-01 9.987903148563347100e-02
6.262500000000000000e+01 9.996910996494435819e-01 9.839549172391029441e-02
6.277500000001184333e+01 9.993659697677717002e-01 9.932095657579322057e-02
6.292500000000092086e+01 9.993880036833072689e-01 9.947745833560163453e-02
6.307499999999897256e+01 9.981214478253280786e-01 9.938897004610934560e-02
6.322499999998807851e+01 9.983183166891429483e-01 9.970493029923309380e-02
6.337500000000000000e+01 9.999583011842262392e-01 9.999886346686502614e-02
6.352500000001197833e+01 1.000167713091110633e+00 1.000668433226783866e-01
6.367500000000146798e+01 9.984068376513260956e-01 9.963170174852595262e-02
6.382499999999843254e+01 1.002825969597030520e+00 9.935532138401687030e-02
6.397499999998793641e+01 1.000864725981719827e+00 9.843442200129425002e-02
6.412500000000000000e+01 1.000219252390745162e+00 9.907778319761793850e-02
6.427500000001211333e+01 1.001529664833224365e+00 9.949652580330423102e-02
6.442500000000200089e+01 1.000123684337871799e+00 9.977121165752300680e-02
6.457499999999791385e+01 1.001659890688419985e+00 9.799958142812500994e-02
6.472499999998781561e+01 1.000379570978440880e+00 9.964452203034400435e-02
6.487500000000000000e+01 1.001491472330947596e+00 9.741460134212391597e-02
6.502500000001224123e+01 1.002172929089205855e+00 9.790464322117209406e-02
6.517500000000251248e+01 1.002895611492367278e+00 9.843207803159001457e-02
6.532499999999740226e+01 1.003857445704032569e+00 9.740749461498690587e-02
6.547499999998768772e+01 1.003039868228780884e+00 9.813617804624431840e-02
6.562500000000000000e+01 1.001503857121254226e+00 9.807622949530692136e-02
6.577500000001236913e+01 1.001614665500293322e+00 9.789622111142472216e-02
6.592500000000300986e+01 1.002031973484930782e+00 9.707136479735008205e-02
6.607499999999690488e+01 1.005127096590011870e+00 9.809592088925139786e-02
6.622499999998755982e+01 1.003822365717359499e+00 9.708021942831951412e-02
6.637500000000000000e+01 1.004377687828402754e+00 9.826930518248540303e-02
6.652500000001249703e+01 1.004100945816186252e+00 9.604893237482697854e-02
6.667500000000349303e+01 1.002145551547495739e+00 9.844326399848989106e-02
6.682499999999640750e+01 1.004526578020493943e+00 9.859004890607037108e-02
6.697499999998743192e+01 1.002764808442399902e+00 9.617826017254080262e-02
6.712500000000000000e+01 1.003361235505934257e+00 9.618016028270973128e-02
6.727500000001261071e+01 1.001230596427538311e+00 9.589264926399666822e-02
6.742500000000397620e+01 1.002915680445673585e+00 9.616683602383226115e-02
6.757499999999593854e+01 1.003622209042096758e+00 9.648181613125644818e-02
6.772499999998731823e+01 1.004018410871024169e+00 9.527834706415778954e-02
6.787500000000000000e+01 1.004310997482570356e+00 9.656157720902194819e-02
6.802500000001272440e+01 1.005019015414672534e+00 9.660549219550840228e-02
6.817500000000444516e+01 1.005870509688970849e+00 9.472996216308378348e-02
6.832499999999546958e+01 1.003885776830254262e+00 9.591949995795728823e-02
6.847499999998720455e+01 1.006450702395874641e+00 9.518107747017140463e-02
6.862500000000000000e+01 1.004829669181773077e+00 9.567649658331081608e-02
6.877500000001283809e+01 1.005444754346701552e+00 9.630082058141421764e-02
6.892500000000489990e+01 1.005672328022152451e+00 9.609806977240221981e-02
6.907499999999501483e+01 1.006828881514455043e+00 9.629302819918844625e-02
6.922499999998709086e+01 1.005644196525044887e+00 9.580394931069946551e-02
6.937500000000000000e+01 1.005199412170118434e+00 9.572915897324343892e-02
6.952500000001295177e+01 1.004751122699258925e+00 9.528269142881061471e-02
6.967500000000535465e+01 1.004213649981107626e+00 9.551420706686018780e-02
6.982499999999456008e+01 1.005101663824617297e+00 9.450684815262713756e-02
6.997499999998697717e+01 1.005032831761839551e+00 9.478253336367645221e-02
7.012500000000000000e+01 1.005791601588080564e+00 9.459308388092294018e-02
7.027500000001306546e+01 1.004574955528803937e+00 9.536404528399027025e-02
7.042500000000579519e+01 1.007018305051486928e+00 9.480493860680547225e-02
7.057499999999413376e+01 1.007219401587190477e+00 9.456657965940441779e-02
7.072499999998686349e+01 1.005829724365186806e+00 9.448754872738171495e-02
7.087500000000000000e+01 1.006002332671001254e+00 9.415743965274854521e-02
7.102500000001316494e+01 1.006462710994418641e+00 9.412966647413133214e-02
7.117500000000620730e+01 1.007519008548267925e+00 9.375793146039526627e-02
7.132499999999369322e+01 1.005202747560644205e+00 9.479594215311609728e-02
7.147499999998676401e+01 1.006104241043319414e+00 9.475334963571813152e-02
7.162500000000000000e+01 1.006380650966192558e+00 9.299047753676936701e-02
7.177500000001327862e+01 1.005985104632500571e+00 9.386253548283934878e-02
7.192500000000663363e+01 1.007373075796975437e+00 9.348560714095753565e-02
7.207499999999328111e+01 1.007180303748006045e+00 9.277704777360853972e-02
7.222499999998666453e+01 1.006171155413672080e+00 9.440901957260981747e-02
7.237500000000000000e+01 1.005367672656503064e+00 9.345326273515407178e-02
7.252500000001337810e+01 1.007126769935152044e+00 9.380322227400232638e-02
7.267500000000704574e+01 1.006540850160745793e+00 9.363327737796336980e-02
7.282499999999286899e+01 1.005270322025709318e+00 9.282616378208975727e-02
7.297499999998655085e+01 1.005784501925030661e+00 9.179239207935949163e-02
7.312500000000000000e+01 1.008343165956569587e+00 9.252631702749854192e-02
7.327500000001347757e+01 1.006382796794835777e+00 9.147549946702636381e-02
7.342500000000745786e+01 1.006602211189819851e+00 9.226786536730281763e-02
7.357499999999247109e+01 1.009213610989930565e+00 9.355942790071011816e-02
7.372499999998646558e+01 1.006356316049712651e+00 9.183465940869835198e-02
7.387500000000000000e+01 1.007092600528758819e+00 9.248749909022532800e-02
7.402500000001359126e+01 1.008501785979761145e+00 9.254444945544150480e-02
7.417500000000785576e+01 1.007844432786370925e+00 9.270688690883524541e-02
7.432499999999207319e+01 1.006738142765095434e+00 9.225786789182337244e-02
7.447499999998635190e+01 1.005729989891693377e+00 9.278567788534726468e-02
7.462500000000000000e+01 1.007804403873522991e+00 9.225050217236341332e-02
7.477500000001367653e+01 1.006452676343713826e+00 9.190904458476073513e-02
7.492500000000823945e+01 1.006425115418897676e+00 9.118311009685668711e-02
7.507499999999168949e+01 1.005864351610192609e+00 9.231966798840822441e-02
7.522499999998626663e+01 1.007410591331821426e+00 9.121732353608656696e-02
7.537500000000000000e+01 1.009123292891273005e+00 9.260669156497626509e-02
7.552500000001377600e+01 1.008419031033585433e+00 9.129162523785450123e-02
7.567500000000862315e+01 1.008729217305531556e+00 9.184789622037367596e-02
7.582499999999130580e+01 1.005262332226018795e+00 9.133655852176310319e-02
7.597499999998616715e+01 1.005905967449423954e+00 9.173741132639905149e-02
7.612500000000000000e+01 1.005793222036618362e+00 9.041005549660137419e-02
7.627500000001386127e+01 1.006701923454291769e+00 9.110499078388668848e-02
7.642500000000899263e+01 1.007644889942370447e+00 9.133625155392061101e-02
7.657499999999093632e+01 1.006505830794044654e+00 9.127804088798910365e-02
7.672499999998608189e+01 1.006277284119702520e+00 9.202728691520026261e-02
7.687500000000000000e+01 1.006459258329836182e+00 8.992408953035894992e-02
7.702500000001396074e+01 1.007117901616239486e+00 9.052334085681543185e-02
7.717500000000934790e+01 1.006527884608932943e+00 9.140512347732650256e-02
7.732499999999058105e+01 1.006535986395577398e+00 9.057915255313145342e-02
7.747499999998598241e+01 1.006712805279954548e+00 8.860343687493012210e-02
7.762500000000000000e+01 1.006388531987500334e+00 8.928759848989194225e-02
7.777500000001404601e+01 1.006387157722795855e+00 9.007203944277661356e-02
7.792500000000971738e+01 1.005596928382876065e+00 8.893869288929490136e-02
7.807499999999021156e+01 1.004961891054013012e+00 8.917565866282479992e-02
7.822499999998589715e+01 1.006824194795687744e+00 8.971240418244955106e-02
7.837500000000000000e+01 1.007413052425975675e+00 9.038259296314374303e-02
7.852500000001413127e+01 1.006546857196801259e+00 8.918669369922027634e-02
7.867500000001005844e+01 1.005969178062718239e+00 8.955752064300154247e-02
7.882499999998987050e+01 1.006074673796321983e+00 8.965486857897750350e-02
7.897499999998581188e+01 1.004761507794966091e+00 8.907041258180270482e-02
7.912500000000000000e+01 1.005227155103716186e+00 8.971498482056360080e-02
7.927500000001423075e+01 1.004971114543469657e+00 8.944825175855954102e-02
7.942500000001041371e+01 1.006256051669327078e+00 8.905590324793882795e-02
7.957499999998951523e+01 1.005557493651086043e+00 8.890552163175240163e-02
7.972499999998572662e+01 1.004654216517854692e+00 8.764521397684865711e-02
7.987500000000000000e+01 1.004469636718053449e+00 8.949242788320842246e-02
8.002500000001430180e+01 1.004371361717045552e+00 8.898896083152516012e-02
8.017500000001075477e+01 1.004186433837029879e+00 8.848656281649601441e-02
8.032499999998918838e+01 1.004108617368821177e+00 8.875087574009160596e-02
8.047499999998564135e+01 1.005134710245732421e+00 8.827846909749006987e-02
8.062500000000000000e+01 1.005530191703816412e+00 8.739665887734428262e-02
8.077500000001438707e+01 1.003206140127014923e+00 8.948103530427631291e-02
8.092500000001108162e+01 1.003894994112255912e+00 8.846550633962152466e-02
8.107499999998886153e+01 1.003044720528118328e+00 8.927066322367192830e-02
8.122499999998557030e+01 1.002513312064964524e+00 8.864268181406982638e-02
8.137500000000000000e+01 1.005434984262532971e+00 8.842105953158109488e-02
8.152500000001447233e+01 1.003773949803650201e+00 8.833595469176457049e-02
8.167500000001139426e+01 1.004919487001576295e+00 8.800889593121793975e-02
8.182499999998853468e+01 1.003712557016199103e+00 8.798328854848125324e-02
8.197499999998548503e+01 1.003412514715602555e+00 8.758416066710726644e-02
8.212500000000000000e+01 1.003745751379234274e+00 8.825512990618036846e-02
8.227500000001455760e+01 1.002717925468609383e+00 8.748383099770501437e-02
8.242500000001172111e+01 1.003344802357337473e+00 8.759387941976133629e-02
8.257499999998822204e+01 1.003533243473181846e+00 8.774163144323131325e-02
8.272499999998539977e+01 1.002121614744444944e+00 8.784253257926838421e-02
8.287500000000000000e+01 1.002787122202440706e+00 8.724113171408684475e-02
8.302500000001462865e+01 1.003072452945831028e+00 8.803900613094838012e-02
8.317500000001203375e+01 1.003896319201027731e+00 8.674414720957411562e-02
8.332499999998789519e+01 1.003336790921548038e+00 8.598846312327114438e-02
8.347499999998531450e+01 1.004239295775252838e+00 8.675036612279747594e-02
8.362500000000000000e+01 1.001240629004536364e+00 8.609454160181791160e-02
8.377500000001469971e+01 1.001884808398456395e+00 8.684942102358544913e-02
8.392500000001234639e+01 1.001040789105319240e+00 8.652580315566681113e-02
8.407499999998758256e+01 1.002030661989687266e+00 8.721338073625023446e-02
8.422499999998524345e+01 1.002739395921259824e+00 8.602152522491116060e-02
8.437500000000000000e+01 1.002299884242754402e+00 8.570002356371229923e-02
8.452500000001478497e+01 1.002045607422368700e+00 8.654609763730845839e-02
8.467500000001264482e+01 1.003173662694984092e+00 8.568318529855109555e-02
8.482499999998728413e+01 1.000766154774458183e+00 8.563135164568408397e-02
8.497499999998517239e+01 1.003168442967847573e+00 8.597598277737766859e-02
8.512500000000000000e+01 1.000765736945688378e+00 8.677866964342398348e-02
8.527500000001485603e+01 1.000536296336588471e+00 8.587383074110539749e-02
8.542500000001294325e+01 1.001394421377985955e+00 8.556082949290133577e-02
8.557499999998699991e+01 1.000159154053626320e+00 8.545683744539951665e-02
8.572499999998510134e+01 9.997237465403417955e-01 8.667015283631979150e-02
8.587500000000000000e+01 1.000084007432999300e+00 8.557575036274421565e-02
8.602500000001494129e+01 1.003033190210035119e+00 8.581904741779280976e-02
8.617500000001324167e+01 1.001123154852467723e+00 8.466345580848033681e-02
8.632499999998670148e+01 9.990056907610495029e-01 8.543645789360129750e-02
8.647499999998503029e+01 1.000722461882059600e+00 8.545853476745771116e-02
8.662500000000000000e+01 9.994235155075882338e-01 8.524131368188032909e-02
8.677500000001501235e+01 1.000227477692825939e+00 8.471744929870438090e-02
8.692500000001352589e+01 9.996598525610201902e-01 8.568969467524722994e-02
8.707499999998641727e+01 1.000095383601359744e+00 8.508726199689883862e-02
8.722499999998494502e+01 1.000518607613354538e+00 8.525720578368281566e-02
8.737500000000000000e+01 9.983945363797865902e-01 8.374086291993930453e-02
8.752500000001508340e+01 9.997413097426591788e-01 8.471322721812123147e-02
8.767500000001381011e+01 9.976731521611903464e-01 8.501280695515038566e-02
8.782499999998613305e+01 9.980367888881007676e-01 8.457832963766483136e-02
8.797499999998487397e+01 9.989478920069073675e-01 8.374254830268818006e-02
8.812500000000000000e+01 1.000123360512829462e+00 8.410604190449785800e-02
8.827500000001514024e+01 9.989380036658110917e-01 8.341932446828564940e-02
8.842500000001409433e+01 9.979336639454899904e-01 8.424121803886130966e-02
8.857499999998586304e+01 1.000341748878033510e+00 8.430593830929435095e-02
8.872499999998480291e+01 9.990323935339909811e-01 8.405794706127298066e-02
8.887500000000000000e+01 9.975513585751200063e-01 8.463909188554143148e-02
8.902500000001521130e+01 9.985153707518412691e-01 8.334906237266613560e-02
8.917500000001436433e+01 9.969379850823077982e-01 8.484494269275348610e-02
8.932499999998557882e+01 9.985267538587586644e-01 8.503303595502439971e-02
8.947499999998473186e+01 9.975011703971394805e-01 8.385528694894089918e-02
8.962500000000000000e+01 9.977483877142839797e-01 8.351699197029639754e-02
8.977500000001528235e+01 9.961758244492981973e-01 8.340614311496818978e-02
8.992500000001462013e+01 9.969598376967581110e-01 8.286825234574821120e-02
9.007499999998532303e+01 9.962277015860424578e-01 8.319922336227765503e-02
9.022499999998467501e+01 9.983695684023027317e-01 8.370472488991313742e-02
9.037500000000000000e+01 9.953444981336684316e-01 8.394808782347440435e-02
9.052500000001533920e+01 9.957914112620627201e-01 8.239712920896788417e-02
9.067500000001489013e+01 9.966368147786053289e-01 8.273560542828581332e-02
9.082499999998505302e+01 9.955230220934219165e-01 8.316560314912938012e-02
9.097499999998460396e+01 9.949656233251442661e-01 8.270025579180810549e-02
9.112500000000000000e+01 9.952508819838413734e-01 8.320749553648153218e-02
9.127500000001541025e+01 9.955469097811571189e-01 8.310831574742713612e-02
9.142500000001514593e+01 9.951475905256074173e-01 8.299496436926737108e-02
9.157499999998479723e+01 9.952794605859792698e-01 8.187304485118647446e-02
9.172499999998454712e+01 9.949051832994080247e-01 8.319667969686395104e-02
9.187500000000000000e+01 9.954399730541777513e-01 8.259205879215976431e-02
9.202500000001548131e+01 9.943419719770377752e-01 8.147885710255871328e-02
9.217500000001541594e+01 9.950293667026067768e-01 8.213712801514694295e-02
9.232499999998454143e+01 9.946252497466769871e-01 8.319366120236269813e-02
9.247499999998447606e+01 9.932633948613338593e-01 8.299804629153278990e-02
9.262500000000000000e+01 9.948510478289817049e-01 8.280289746581226407e-02
9.277500000001553815e+01 9.940867186394087840e-01 8.116337697325484712e-02
9.292500000001565752e+01 9.948217368498869506e-01 8.136568486974284087e-02
9.307499999998428564e+01 9.956772928928888655e-01 8.212897133534896588e-02
9.322499999998441922e+01 9.953684037929501072e-01 8.177333383783519372e-02
9.337500000000000000e+01 9.951204168546632367e-01 8.223798638710003162e-02
9.352500000001559499e+01 9.933738514851209178e-01 8.123599641109501002e-02
9.367500000001591332e+01 9.940772868450444832e-01 8.169898717720104619e-02
9.382499999998402984e+01 9.933260979010239966e-01 8.136542980277271242e-02
9.397499999998436238e+01 9.933545053860589613e-01 8.236906205838430417e-02
9.412500000000000000e+01 9.927063616630197318e-01 8.190365211747095697e-02
9.427500000001566605e+01 9.931836986539781531e-01 8.268205666085129413e-02
9.442500000001615490e+01 9.938638760652475090e-01 8.131225440377408409e-02
9.457499999998380247e+01 9.919373200635430710e-01 8.054736698233716519e-02
9.472499999998429132e+01 9.915403757725947953e-01 8.028337429757732846e-02
9.487500000000000000e+01 9.928645383105224598e-01 8.087137513310672932e-02
9.502500000001572289e+01 9.925599872356114517e-01 8.044724848935463912e-02
9.517500000001639648e+01 9.924829175797343916e-01 8.052616027551856570e-02
9.532499999998356088e+01 9.918667232098469233e-01 8.137484459897699474e-02
9.547499999998423448e+01 9.924782889864282032e-01 8.077359708268008753e-02
9.562500000000000000e+01 9.920125858662940388e-01 8.015226630324120971e-02
9.577500000001577973e+01 9.921429267353338854e-01 8.027150266637053666e-02
9.592500000001662386e+01 9.938710119805281851e-01 8.073686135890124904e-02
9.607499999998331930e+01 9.913405789279348124e-01 8.078729982448179525e-02
9.622499999998417763e+01 9.926066298568596569e-01 8.174599194807459501e-02
9.637500000000000000e+01 9.917373849795598773e-01 8.156001921878953953e-02
9.652500000001585079e+01 9.923672438109382155e-01 8.098290443298161723e-02
9.667500000001686544e+01 9.925796923301154484e-01 8.058673453153680777e-02
9.682499999998309193e+01 9.915937856155386809e-01 7.991387258470492028e-02
9.697499999998412079e+01 9.907619487995144025e-01 8.074070266141208929e-02
9.712500000000000000e+01 9.910962627049135776e-01 8.047491534204821717e-02
9.727500000001590763e+01 9.919348389505107111e-01 7.989941370724769343e-02
9.742500000001709282e+01 9.903418042039139335e-01 8.004671578512012609e-02
9.757499999998287876e+01 9.914044210118413414e-01 8.018532558645682928e-02
9.772499999998406395e+01 9.904056003146335385e-01 8.012250933761164151e-02
9.787500000000000000e+01 9.917814639838148372e-01 7.939427350374764214e-02
9.802500000001595026e+01 9.908389849202393629e-01 7.960538888278907710e-02
9.817500000001732019e+01 9.906612615929833998e-01 8.002141830004334822e-02
9.832499999998263718e+01 9.910766699091972942e-01 7.958932031838115984e-02
9.847499999998402131e+01 9.923939807043089534e-01 7.936835983310544518e-02
9.862500000000000000e+01 9.902587973317695802e-01 7.951016465571068836e-02
9.877500000001600711e+01 9.925736799037999658e-01 7.956956663103144367e-02
9.892500000001753335e+01 9.921303565045501704e-01 7.962479117468646006e-02
9.907499999998242401e+01 9.921261224161843639e-01 7.926633119753319356e-02
9.922499999998395026e+01 9.905648643767100969e-01 8.017454001861352986e-02
9.937500000000000000e+01 9.899083679423394955e-01 7.902850589060500530e-02
9.952500000001606395e+01 9.908112461243017144e-01 7.888864497388470287e-02
9.967500000001776073e+01 9.900617652845445926e-01 7.876669575644393295e-02
9.982499999998221085e+01 9.911065189395432684e-01 7.863254286692007711e-02
9.997499999998389342e+01 9.905990092650788226e-01 7.928426866602637790e-02
1.001250000000000000e+02 9.889442143289793874e-01 7.864290774737459078e-02
1.002750000000161208e+02 9.899144933110310962e-01 7.892997557841922862e-02
1.004250000000179597e+02 9.898341381615706203e-01 7.836577478005175845e-02
1.005749999999819835e+02 9.922163414567813922e-01 7.837332583100808936e-02
1.007249999999838508e+02 9.894338968769974541e-01 7.917924300939359339e-02
1.008750000000000000e+02 9.908724752253352808e-01 7.917970607475095790e-02
1.010250000000161776e+02 9.903270359227824837e-01 7.781976055067602038e-02
1.011750000000181871e+02 9.906405359304457647e-01 7.910567977958653241e-02
1.013249999999817845e+02 9.708761875817871756e-01 7.801518762637955906e-02
1.014749999999837939e+02 9.508760501125185227e-01 7.744835778745896848e-02
1.016250000000000000e+02 9.370778649500600688e-01 7.577972862926439512e-02
1.017750000000162345e+02 9.270196886205420705e-01 7.600916258361661848e-02
1.019250000000184002e+02 9.198709960125437402e-01 7.556438806278623077e-02
1.020749999999815714e+02 9.117494603355049687e-01 7.503222390782547657e-02
1.022249999999837513e+02 9.058412992738282821e-01 7.448876289494267555e-02
1.023750000000000000e+02 8.989435475972948897e-01 7.456518496046996014e-02
1.025250000000162771e+02 8.932559436145889320e-01 7.428190605830904680e-02
1.026750000000185992e+02 8.881928445886984047e-01 7.424579743780662655e-02
1.028249999999813582e+02 8.816811159672582887e-01 7.316135708190298070e-02
1.029749999999836945e+02 8.773766006684645680e-01 7.377053673847838722e-02
1.031250000000000000e+02 8.712140502811009934e-01 7.288080916023904898e-02
1.032750000000163340e+02 8.693674427542232852e-01 7.232489996205387905e-02
1.034250000000187981e+02 8.656622755817027226e-01 7.309287360486209362e-02
1.035749999999811592e+02 8.597467600693665668e-01 7.192981846164288318e-02
1.037249999999836376e+02 8.546761155243325359e-01 7.156509798477676820e-02
1.038750000000000000e+02 8.502367122025915602e-01 7.128433317495257160e-02
1.040250000000163766e+02 8.478783819407286204e-01 7.155023301044995121e-02
1.041750000000189971e+02 8.432027107421760093e-01 7.182036287536207320e-02
1.043249999999809603e+02 8.406130499547779245e-01 7.089484565458513410e-02
1.044749999999835950e+02 8.349053846673766266e-01 7.120609509031779194e-02
1.046250000000000000e+02 8.315678718688293003e-01 7.033083579276136477e-02
1.047750000000164334e+02 8.288716122699424371e-01 7.039714562297300082e-02
1.049250000000191818e+02 8.247237892740701959e-01 6.986030676920194915e-02
1.050749999999807613e+02 8.222758991558590802e-01 6.985414059986225221e-02
1.052249999999839503e+02 8.184252735718765548e-01 6.993100559557680063e-02
1.053750000000000000e+02 8.157475660208364232e-01 6.876135100570694714e-02
1.055250000000157229e+02 8.120208083722387782e-01 6.906194342289173616e-02
1.056750000000193808e+02 8.097273754046735439e-01 6.999155897391434733e-02
1.058249999999805766e+02 8.070015150405626114e-01 6.921826707218990682e-02
1.059749999999847319e+02 8.042371086771819000e-01 6.838587458968897748e-02
1.061250000000000000e+02 8.008947609772393283e-01 6.852295483984954805e-02
1.062750000000149555e+02 8.002179825998414486e-01 6.849616041299379232e-02
1.064250000000195797e+02 7.952269973311369977e-01 6.817901458325092978e-02
1.065749999999803919e+02 7.927931499563188877e-01 6.803993146549340565e-02
1.067249999999854850e+02 7.908219845167447914e-01 6.914386736916500187e-02
1.068750000000000000e+02 7.885293604523821998e-01 6.745368033701470978e-02
1.070250000000141881e+02 7.843726430761814861e-01 6.765006254082163439e-02
1.071750000000197645e+02 7.830854214272787717e-01 6.737137540445171935e-02
1.073249999999802071e+02 7.794498326372931718e-01 6.818193853777941571e-02
1.074749999999862524e+02 7.774625046255367877e-01 6.797391388798602885e-02
1.076250000000000000e+02 7.760910131811968871e-01 6.699939428852862144e-02
1.077750000000134492e+02 7.729101599590663119e-01 6.762822442635076092e-02
1.079250000000199492e+02 7.709908756037797684e-01 6.704583585543927304e-02
1.080749999999800224e+02 7.683156247395008798e-01 6.623280525664140828e-02
1.082249999999869914e+02 7.655984235092327950e-01 6.647801702224509501e-02
1.083750000000000000e+02 7.624189645082226630e-01 6.692515502318335807e-02
1.085250000000127244e+02 7.617427926707213137e-01 6.602428070057272946e-02
1.086750000000201481e+02 7.589169377155747798e-01 6.584185990537366751e-02
1.088249999999798376e+02 7.569045918863225308e-01 6.704363768215458597e-02
1.089749999999877161e+02 7.547974259378590345e-01 6.557555243613874540e-02
1.091250000000000000e+02 7.524524097367222275e-01 6.598698691026355645e-02
1.092750000000119854e+02 7.489254726432806875e-01 6.545471705711887467e-02
1.094250000000203045e+02 7.472997351649592890e-01 6.622796673710214244e-02
1.095749999999796529e+02 7.472972130319759376e-01 6.609861607182758447e-02
1.097249999999884409e+02 7.442626614883314229e-01 6.515899526149550314e-02
1.098750000000000000e+02 7.416065162038990577e-01 6.527378367325678554e-02
1.100250000000112749e+02 7.391695570614624788e-01 6.415454933685678374e-02
1.101750000000204892e+02 7.384136487431052220e-01 6.537341931362557201e-02
1.103249999999794682e+02 7.353729256690950677e-01 6.444159619387540561e-02
1.104749999999891372e+02 7.344131445787637213e-01 6.500650007224711979e-02
1.106250000000000000e+02 7.320321109201012311e-01 6.388876141371981066e-02
1.107750000000105643e+02 7.296614974224571171e-01 6.340129182112226591e-02
1.109250000000206740e+02 7.287054003460891050e-01 6.394945513871203024e-02
1.110749999999792976e+02 7.262325067758328423e-01 6.386650699495546868e-02
1.112249999999898620e+02 7.248812521072094395e-01 6.371965730347615986e-02
1.113750000000000000e+02 7.229179287140655719e-01 6.364898026681371779e-02
1.115250000000098822e+02 7.220216964947216987e-01 6.399968392406107931e-02
1.116750000000208445e+02 7.190279294920681741e-01 6.389961351005678247e-02
1.118249999999791129e+02 7.175862315632741684e-01 6.345430981801890302e-02
1.119749999999905299e+02 7.158503308029147139e-01 6.165421761312712273e-02
1.121250000000000000e+02 7.141151505508054331e-01 6.280837477993762852e-02
1.122750000000091859e+02 7.133273579675902809e-01 6.294665300891871818e-02
1.124250000000210008e+02 7.098563986581336582e-01 6.273927400527148923e-02
1.125749999999789566e+02 7.082042581595198172e-01 6.215450323839977198e-02
1.127249999999912120e+02 7.065096767053109517e-01 6.281400797708709682e-02
1.128750000000000000e+02 7.058397532679677733e-01 6.262522201083298157e-02
1.130250000000085180e+02 7.035755617384701344e-01 6.258190949328876207e-02
1.131750000000211855e+02 7.029873895255264182e-01 6.293991110245378273e-02
1.133249999999787860e+02 7.000013952055632593e-01 6.224406172653665359e-02
1.134749999999919083e+02 6.982734662358816013e-01 6.231661194600416481e-02
1.136250000000000000e+02 6.968189435276205268e-01 6.258127339406287237e-02
1.137750000000078359e+02 6.953859344099182493e-01 6.186478594969893607e-02
1.139250000000213561e+02 6.938954578851732613e-01 6.172096409253479549e-02
1.140749999999786297e+02 6.920110827371716011e-01 6.112321275686385946e-02
1.142249999999925620e+02 6.905135450414988663e-01 6.130989608883195136e-02
1.143750000000000000e+02 6.899920887567606576e-01 6.144320816650263722e-02
1.145250000000071680e+02 6.869781152030488558e-01 6.104109699215547191e-02
1.146750000000215124e+02 6.857670934118190731e-01 6.190072487827933539e-02
1.148249999999784308e+02 6.843703839942200107e-01 6.091100467172073235e-02
1.149749999999932157e+02 6.828483020363602662e-01 6.055024486729329580e-02
1.151250000000000000e+02 6.818035420461552309e-01 6.020273299123685140e-02
1.152750000000065285e+02 6.788192879236121247e-01 6.051227690050160063e-02
1.154250000000216829e+02 6.786978687374954911e-01 6.062296343976023016e-02
1.155749999999783029e+02 6.766727675380960205e-01 6.132758014789174705e-02
1.157249999999938694e+02 6.753307534544239488e-01 6.002070122768406873e-02
1.158750000000000000e+02 6.744733543966873190e-01 6.017526264506211503e-02
1.160250000000058748e+02 6.730276816381932647e-01 6.093309263490718358e-02
1.161750000000218392e+02 6.709224330689692595e-01 6.071497434376806751e-02
1.163249999999781323e+02 6.689117695679530629e-01 6.025696392602459400e-02
1.164749999999945089e+02 6.682785932913544169e-01 6.019752920525738710e-02
1.166250000000000000e+02 6.656572517111847276e-01 5.990079834387553731e-02
1.167750000000052495e+02 6.650971644871412902e-01 6.008313545187909943e-02
1.169250000000220098e+02 6.647970829093504674e-01 5.937851470439967083e-02
1.170749999999779760e+02 6.622772514681684042e-01 5.918643269649770389e-02
1.172249999999951484e+02 6.610169422845572074e-01 5.919207961805966756e-02
1.173750000000000000e+02 6.584719679051629360e-01 5.985127165209634670e-02
1.175250000000046242e+02 6.583695961350837234e-01 5.981811323809965719e-02
1.176750000000221377e+02 6.567921948023835998e-01 5.845323790944055575e-02
1.178249999999778055e+02 6.553596428141645891e-01 5.896534647261081341e-02
1.179749999999957453e+02 6.544922840488743843e-01 5.884260686803200607e-02
1.181250000000000000e+02 6.523958401588894063e-01 5.800622166117149620e-02
1.182750000000039989e+02 6.518649889530583330e-01 5.893095308542535549e-02
1.184250000000223082e+02 6.501131520567258182e-01 5.818953456847713451e-02
1.185749999999776634e+02 6.476082568891515789e-01 5.851541095532231118e-02
1.187249999999963705e+02 6.483793557850295874e-01 5.862945499698146018e-02
1.188750000000000000e+02 6.456434476788955878e-01 5.793664890426845904e-02
1.190250000000033879e+02 6.453541659993552448e-01 5.817396469010990140e-02
1.191750000000224645e+02 6.431104830768858971e-01 5.773049410728122582e-02
1.193249999999775071e+02 6.426781488464807790e-01 5.863978507464123746e-02
1.194749999999969816e+02 6.407485924071220085e-01 5.811969604655601446e-02
1.196250000000000000e+02 6.403234566081407175e-01 5.780453598615570288e-02
1.197750000000027910e+02 6.387154965817460894e-01 5.756918180370393379e-02
1.199250000000226066e+02 6.371393371780379455e-01 5.747912491495810183e-02
1.200749999999773650e+02 6.353922792678100562e-01 5.696610402749369140e-02
1.202249999999975927e+02 6.351076959751058570e-01 5.770525537842951386e-02
1.203750000000000000e+02 6.332589149152886288e-01 5.686170081918999475e-02
1.205250000000021799e+02 6.332718255681378805e-01 5.699377530810256776e-02
1.206750000000227772e+02 6.316340996256559759e-01 5.730473363057014130e-02
1.208249999999772086e+02 6.306517468500105750e-01 5.778312085832822131e-02
1.209749999999981753e+02 6.293102107793819844e-01 5.717807811967102333e-02
1.211250000000000000e+02 6.271635127907682072e-01 5.648999490005515017e-02
1.212750000000015973e+02 6.268729130601013999e-01 5.667500981301291929e-02
1.214250000000229193e+02 6.248095878743040732e-01 5.618365259672532253e-02
1.215749999999770665e+02 6.239740683864039017e-01 5.660052376244784772e-02
1.217249999999987580e+02 6.230259746671006349e-01 5.648792168547212694e-02
1.218750000000000000e+02 6.206557649503100516e-01 5.645018231984572782e-02
1.220250000000010147e+02 6.198310082647897623e-01 5.560382925650243086e-02
1.221750000000230472e+02 6.188904643034821573e-01 5.602766663015908144e-02
1.223249999999769244e+02 6.190677607031751517e-01 5.625644774843117923e-02
1.224749999999993406e+02 6.180929914199195796e-01 5.576311934537941939e-02
1.226250000000000000e+02 6.156536116626806221e-01 5.707796785231890324e-02
1.227750000000004320e+02 6.145758379971425489e-01 5.672188049260515341e-02
1.229250000000231893e+02 6.135375101236989481e-01 5.528895099763081467e-02
1.230749999999767681e+02 6.125308232742044945e-01 5.514235398866864507e-02
1.232249999999999233e+02 6.113822343126059655e-01 5.579938044500450806e-02
1.233750000000000000e+02 6.108574712078677083e-01 5.601630469073012875e-02
1.235249999999998494e+02 6.098200518227177014e-01 5.578508726104959570e-02
1.236750000000233314e+02 6.088832363775175116e-01 5.543909363234383880e-02
1.238249999999766402e+02 6.070283945695653660e-01 5.500204467966521987e-02
1.239750000000004775e+02 6.062533783238277518e-01 5.509551625249289875e-02
1.241250000000000000e+02 6.056063245131295680e-01 5.522020787018786653e-02
1.242749999999992951e+02 6.044297726556162598e-01 5.442955779944948919e-02
1.244250000000234735e+02 6.022512908871052728e-01 5.551669587199487693e-02
1.245749999999764839e+02 6.017597320263126104e-01 5.525416457462887371e-02
1.247250000000010317e+02 6.011816687872255649e-01 5.490329572428191696e-02
1.248750000000000000e+02 6.001268200259550767e-01 5.495423941234975351e-02
1.250249999999987551e+02 5.989040744031783881e-01 5.468062112319218432e-02
1.251750000000236156e+02 5.976566418423475691e-01 5.442569457046900205e-02
1.253249999999763702e+02 5.975602066805157930e-01 5.400836116452660540e-02
1.254750000000015859e+02 5.961345220911582476e-01 5.451243627487374621e-02
1.256250000000000000e+02 5.946031688069470800e-01 5.439383117854895006e-02
1.257749999999982009e+02 5.927381438928920332e-01 5.411213862573988759e-02
1.259250000000237577e+02 5.939378159844371785e-01 5.386979501957173816e-02
1.260749999999762281e+02 5.912564094316571373e-01 5.426742699660874053e-02
1.262250000000021259e+02 5.915462177288511869e-01 5.400238179702393504e-02
1.263750000000000000e+02 5.900821195501255723e-01 5.335451708580036395e-02
1.265249999999976609e+02 5.870139214967657892e-01 5.407935285062619168e-02
1.266750000000238856e+02 5.628550311511810733e-01 5.307746376706664465e-02
1.268249999999760860e+02 5.478228079797126115e-01 5.202958801287361351e-02
1.269750000000026660e+02 5.370144374869153525e-01 5.173240473563359837e-02
1.271250000000000000e+02 5.266938679850972083e-01 5.078450671606639377e-02
1.272749999999971209e+02 5.180041188931790996e-01 5.044740500538445749e-02
1.274250000000240277e+02 5.111890248868237174e-01 4.999282612623769800e-02
1.275749999999759439e+02 5.033799453332178375e-01 5.010127271264386978e-02
1.277250000000031918e+02 4.979208248493539046e-01 4.870038341100229456e-02
1.278750000000000000e+02 4.919741313620792922e-01 4.861579653931649703e-02
1.280249999999965951e+02 4.849303374040190850e-01 4.863592427180511713e-02
1.281750000000241414e+02 4.798248379456246937e-01 4.830480343017615197e-02
1.283249999999758018e+02 4.750432825715510954e-01 4.830288156000907968e-02
1.284750000000037176e+02 4.686432434412173276e-01 4.736326855731001761e-02
1.286250000000000000e+02 4.644092421306286189e-01 4.767426345169448881e-02
1.287749999999960835e+02 4.593719341954521918e-01 4.741376852032342520e-02
1.289250000000242835e+02 4.544404409497277975e-01 4.700762114978650208e-02
1.290749999999756881e+02 4.493825991016752175e-01 4.674619504350606414e-02
1.292250000000042292e+02 4.453579344590268829e-01 4.660902685483120367e-02
1.293750000000000000e+02 4.401804879112209412e-01 4.628944781273078291e-02
1.295249999999955719e+02 4.366004140502406372e-01 4.541087302152994193e-02
1.296750000000243972e+02 4.331250798623407783e-01 4.591420000500154308e-02
1.298249999999755460e+02 4.290908370650206027e-01 4.529827654055474523e-02
1.299750000000047692e+02 4.236852533630401374e-01 4.488165807403626112e-02
1.301250000000000000e+02 4.196538038480854826e-01 4.498334601180373205e-02
1.302749999999950319e+02 4.165690917052970454e-01 4.493430353821352419e-02
1.304250000000245393e+02 4.115589655101638544e-01 4.433231014227239503e-02
1.305749999999754323e+02 4.086504541400395318e-01 4.361459201588882562e-02
1.307250000000052523e+02 4.041744239852523846e-01 4.364648884721936128e-02
1.308750000000000000e+02 4.008521662483048309e-01 4.370109987873183055e-02
1.310249999999945487e+02 3.970112671699107532e-01 4.375757221079649983e-02
1.311750000000246530e+02 3.935797360309373216e-01 4.312697859141989554e-02
1.313249999999753186e+02 3.898262748530335609e-01 4.285489953564208115e-02
1.314750000000057639e+02 3.868936256624142533e-01 4.330314593689985059e-02
1.316250000000000000e+02 3.834165921603428506e-01 4.257347062747420668e-02
1.317749999999940655e+02 3.797418938011696832e-01 4.246609631701060011e-02
1.319250000000247951e+02 3.773162094617779627e-01 4.210504046135285505e-02
1.320749999999751765e+02 3.735206783094615068e-01 4.215256405077200813e-02
1.322250000000062471e+02 3.698730397693590910e-01 4.173959668689775082e-02
1.323750000000000000e+02 3.667322324094074992e-01 4.114289874859972107e-02
1.325249999999935540e+02 3.637014550259054513e-01 4.136495229965227866e-02
1.326750000000249088e+02 3.604847145791275631e-01 4.155673989287479025e-02
1.328249999999750628e+02 3.573211413278094550e-01 4.095025245240288547e-02
1.329750000000067303e+02 3.537199125296238145e-01 4.073837267221996211e-02
1.331250000000000000e+02 3.517552388199520763e-01 4.082799184654509889e-02
1.332749999999930424e+02 3.472756098351956755e-01 4.002928111794418903e-02
1.334250000000250225e+02 3.447012350520174406e-01 4.012063372926290283e-02
1.335749999999749491e+02 3.417081990620491894e-01 4.022025447900401396e-02
1.337250000000072134e+02 3.393347966695106077e-01 3.940267243149540854e-02
1.338750000000000000e+02 3.367958136403595981e-01 3.984806236845424982e-02
1.340249999999925876e+02 3.328771534456443359e-01 3.902795647004694835e-02
1.341750000000251362e+02 3.303988488270560575e-01 3.875567532776305613e-02
1.343249999999748354e+02 3.278090966317934174e-01 3.920067160760037223e-02
1.344750000000077250e+02 3.253653444380562032e-01 3.850216842910725301e-02
1.346250000000000000e+02 3.212028218785324962e-01 3.842625719019887587e-02
1.347749999999921044e+02 3.187583371985035496e-01 3.807911463040920819e-02
1.349250000000252783e+02 3.169300164664046737e-01 3.800872193731883592e-02
1.350749999999746933e+02 3.138558740929049962e-01 3.767291540564543517e-02
1.352250000000081798e+02 3.112394233351963857e-01 3.770330575410184987e-02
1.353750000000000000e+02 3.079443911256332655e-01 3.735406147573130248e-02
1.355249999999916213e+02 3.051250778287111221e-01 3.815446465968944795e-02
1.356750000000253920e+02 3.031171693363007291e-01 3.691718437385835272e-02
1.358249999999746080e+02 3.009984678394855284e-01 3.743159897782817602e-02
1.359750000000086345e+02 2.986167967605811158e-01 3.722404626422592261e-02
1.361250000000000000e+02 2.951368090789105447e-01 3.632046449144299416e-02
1.362749999999911665e+02 2.932474395818029933e-01 3.661083831274340727e-02
1.364250000000255056e+02 2.902048773609062771e-01 3.610966891156520281e-02
1.365749999999744659e+02 2.875385562653948734e-01 3.635763790119458244e-02
1.367250000000091177e+02 2.855267456576418006e-01 3.644081217205948076e-02
1.368750000000000000e+02 2.831074306392415973e-01 3.564946209413020345e-02
1.370249999999907118e+02 2.802746101228602016e-01 3.563495525298628758e-02
1.371750000000256193e+02 2.782347289124921241e-01 3.534109885870504592e-02
1.373249999999743522e+02 2.754298969077362824e-01 3.549909792437984379e-02
1.374750000000095724e+02 2.725027100404878722e-01 3.561146509524071302e-02
1.376250000000000000e+02 2.712895435956903523e-01 3.474918546239323669e-02
1.377749999999902286e+02 2.682272501382920171e-01 3.490190063275089988e-02
1.379250000000257330e+02 2.664216488188504983e-01 3.485979691575263884e-02
1.380749999999742386e+02 2.638501905427543259e-01 3.449293204733260704e-02
1.382250000000100272e+02 2.608491388008165601e-01 3.401055946359164001e-02
1.383750000000000000e+02 2.592990602527410204e-01 3.403284970288133343e-02
1.385249999999898023e+02 2.570308873063400501e-01 3.392095111605938212e-02
1.386750000000258467e+02 2.550182696352405465e-01 3.381712504490125282e-02
1.388249999999741249e+02 2.523163691304989853e-01 3.383036719959324479e-02
1.389750000000104535e+02 2.503679096719722552e-01 3.332468069952337908e-02
1.391250000000000000e+02 2.474003561075628910e-01 3.306189951212171879e-02
1.392749999999893475e+02 2.455304370640903622e-01 3.351588106513541526e-02
1.394250000000259604e+02 2.434183970454790458e-01 3.310632702396820032e-02
1.395749999999740112e+02 2.409492819702576949e-01 3.269252881546388240e-02
1.397250000000109367e+02 2.392897931237811804e-01 3.270105674091845771e-02
1.398750000000000000e+02 2.363158797507668996e-01 3.248736068428596802e-02
1.400249999999889212e+02 2.340472477018160358e-01 3.200921811460948063e-02
1.401750000000260741e+02 2.328089662816982264e-01 3.208394069041812374e-02
1.403249999999738975e+02 2.306658408494460522e-01 3.147137035738710453e-02
1.404750000000113346e+02 2.287165612704737394e-01 3.179154651037140872e-02
1.406250000000000000e+02 2.263481623105897955e-01 3.160881437895483176e-02
1.407749999999884665e+02 2.243857593288692553e-01 3.154181976024208328e-02
1.409250000000261593e+02 2.218673383006604383e-01 3.160780235817238493e-02
1.410749999999738122e+02 2.205951054761481900e-01 3.136210402336350039e-02
1.412250000000117893e+02 2.176930652691433377e-01 3.094912506500365965e-02
1.413750000000000000e+02 2.157810740131959060e-01 3.090290103484129650e-02
1.415249999999880401e+02 2.144123031214312247e-01 3.120211598796475416e-02
1.416750000000263014e+02 2.117341006803432901e-01 3.038732352201114345e-02
1.418249999999736986e+02 2.098473308484165023e-01 3.017855793270699666e-02
1.419750000000122441e+02 2.084333851728069342e-01 3.015013153866206302e-02
1.421250000000000000e+02 2.059433346416346955e-01 2.986036622064841203e-02
1.422749999999876138e+02 2.036056485202429045e-01 2.952517015429880279e-02
1.424250000000264151e+02 2.022027439392868886e-01 3.001842325335687608e-02
1.425749999999735849e+02 1.995692820033582449e-01 2.935560391927422019e-02
1.427250000000126420e+02 1.980771228169138642e-01 2.931553149847111045e-02
1.428750000000000000e+02 1.963465761647688879e-01 2.933134945425508108e-02
1.430249999999871875e+02 1.946671218169868656e-01 2.875904994030518969e-02
1.431750000000265004e+02 1.919603993488374072e-01 2.915461195590392934e-02
1.433249999999734712e+02 1.901359978920802440e-01 2.922020871873149198e-02
1.434750000000130683e+02 1.885475980880990943e-01 2.849281520599810866e-02
1.436250000000000000e+02 1.867660197836856217e-01 2.867809397235484420e-02
1.437749999999867612e+02 1.847555821316571034e-01 2.786933432220067147e-02
1.439250000000266141e+02 1.836315069825418533e-01 2.854302216283929189e-02
1.440749999999733575e+02 1.811036932818599621e-01 2.823257166715946453e-02
1.442250000000134946e+02 1.788914346169110936e-01 2.779678961477441423e-02
1.443750000000000000e+02 1.770094203119212395e-01 2.743394355615820165e-02
1.445249999999863348e+02 1.758850042315279749e-01 2.769138687131324911e-02
1.446750000000266994e+02 1.732944625243879599e-01 2.776604106712887710e-02
1.448249999999732722e+02 1.713650683226637106e-01 2.722071329816173196e-02
1.449750000000139210e+02 1.701415934591539170e-01 2.693213849075179814e-02
1.451250000000000000e+02 1.685044312858108018e-01 2.685115177549391927e-02
1.452749999999859369e+02 1.668823317651265403e-01 2.697282335041416290e-02
1.454250000000268130e+02 1.649459010752483412e-01 2.659569665993669410e-02
1.455749999999731870e+02 1.626132112568247912e-01 2.653665808183697239e-02
1.457250000000142904e+02 1.608218912380947330e-01 2.631855233393903121e-02
1.458750000000000000e+02 1.587752957586351377e-01 2.576377461095157029e-02
1.460249999999855390e+02 1.579153188221014970e-01 2.605863449362834025e-02
1.461750000000269267e+02 1.562242034916148936e-01 2.564407706353837024e-02
1.463249999999730733e+02 1.538574276605243485e-01 2.544899231759021468e-02
1.464750000000146883e+02 1.521434642749627253e-01 2.537536555750504602e-02
1.466250000000000000e+02 1.504681592245559751e-01 2.515406252069188331e-02
1.467749999999851411e+02 1.487808618087596013e-01 2.501614651067954678e-02
1.469250000000270120e+02 1.472642800361859683e-01 2.498831713258317308e-02
1.470749999999729596e+02 1.453131697039305170e-01 2.459456918797355007e-02
1.472250000000150862e+02 1.437212407867935748e-01 2.487248255393129798e-02
1.473750000000000000e+02 1.415239436089938685e-01 2.440428646153877668e-02
1.475249999999847432e+02 1.402433127972949056e-01 2.428303456133191346e-02
1.476750000000270973e+02 1.382851285822809251e-01 2.430534817841656717e-02
1.478249999999728743e+02 1.367471862345514266e-01 2.401502147566735024e-02
1.479750000000154841e+02 1.347328010530115250e-01 2.398739661206453905e-02
1.481250000000000000e+02 1.329418772758132195e-01 2.377143582051848003e-02
1.482749999999843453e+02 1.318671639814018026e-01 2.346982284072138270e-02
1.484250000000272109e+02 1.303093169307267263e-01 2.338603439657934574e-02
1.485749999999727606e+02 1.287211944567706046e-01 2.335456938386577461e-02
1.487250000000158821e+02 1.273877367136137806e-01 2.327656325413654873e-02
1.488750000000000000e+02 1.250593118279239857e-01 2.297442756725519286e-02
1.490249999999839474e+02 1.235027796780747006e-01 2.275708990970867415e-02
1.491750000000273246e+02 1.218920743346700170e-01 2.260077963633877474e-02
1.493249999999726754e+02 1.203330114334495993e-01 2.239485851682176260e-02
1.494750000000162800e+02 1.182535508537377184e-01 2.215925077550301436e-02
1.496250000000000000e+02 1.170234643233030170e-01 2.197878133469373385e-02
1.497749999999835779e+02 1.153241425310638363e-01 2.202700416080173237e-02
1.499250000000274099e+02 1.136051628123443819e-01 2.189554920267724678e-02
1.500749999999725617e+02 1.119913931405647350e-01 2.154681984791081278e-02
1.502250000000166494e+02 1.105155722783404265e-01 2.161078727869225266e-02
1.503750000000000000e+02 1.088466599396023665e-01 2.140617168988886640e-02
1.505249999999831800e+02 1.071547668637546080e-01 2.122922216432304721e-02
1.506750000000274952e+02 1.053056379475748455e-01 2.087122746535200954e-02
1.508249999999724764e+02 1.040827960057576357e-01 2.086104334225091436e-02
1.509750000000170473e+02 1.026671272750277475e-01 2.042589914401315987e-02
1.511250000000000000e+02 1.011611044464248571e-01 2.050491936975287754e-02
1.512749999999828106e+02 9.918481388241384700e-02 2.015895848461190382e-02
1.514250000000275804e+02 9.775288369280717149e-02 2.018615457169831845e-02
1.515749999999723912e+02 9.620601918347698733e-02 2.035325428247214408e-02
1.517250000000174168e+02 9.495841454904516143e-02 1.983772780739521263e-02
1.518750000000000000e+02 9.337432426774511240e-02 1.970797766139482238e-02
1.520249999999824411e+02 9.214934048556491786e-02 1.934384092029589261e-02
1.521750000000276941e+02 8.987227405022558957e-02 1.943586975301136999e-02
1.523249999999722775e+02 8.872701324619454433e-02 1.921810825978483017e-02
1.524750000000177863e+02 8.746404689326489623e-02 1.895190966564990614e-02
1.526250000000000000e+02 8.550634377193526425e-02 1.892824274666995640e-02
1.527749999999820716e+02 8.446995238390601901e-02 1.864393694999065543e-02
1.529250000000277794e+02 8.293250953453207286e-02 1.858054355961288179e-02
1.530749999999721922e+02 8.116279794089396871e-02 1.837643916790930934e-02
1.532250000000181558e+02 7.965498489529716786e-02 1.797220486203144132e-02
1.533750000000000000e+02 7.820708483390627352e-02 1.806213488359859412e-02
1.535249999999817021e+02 7.653806653508327118e-02 1.780391093905873967e-02
1.536750000000278646e+02 7.527109206422266663e-02 1.758525304082427659e-02
1.538249999999721069e+02 7.359920232016722852e-02 1.754594587607088974e-02
1.539750000000185253e+02 7.234817294060681692e-02 1.733551588689785997e-02
1.541250000000000000e+02 7.084265413538100298e-02 1.691190960840395843e-02
1.542749999999813326e+02 6.925491211323168972e-02 1.686916523170638171e-02
1.544250000000279783e+02 6.771502727054383441e-02 1.698865447217980801e-02
1.545749999999720217e+02 6.651156720036073555e-02 1.657737458287499369e-02
1.547250000000188948e+02 6.506182457693712728e-02 1.628268949024043802e-02
1.548750000000000000e+02 6.340669332922969914e-02 1.605180956882026541e-02
1.550249999999809631e+02 6.218089206075776143e-02 1.595908134184648858e-02
1.551750000000280636e+02 6.105629458806860477e-02 1.579865176874999805e-02
1.553249999999719080e+02 5.927062160581450523e-02 1.578821060337199517e-02
1.554750000000192358e+02 5.772449115457550795e-02 1.512245944148431914e-02
1.556250000000000000e+02 5.644669425442946226e-02 1.498848229615037247e-02
1.557749999999806221e+02 5.519112955935553261e-02 1.502404157653351724e-02
1.559250000000281489e+02 5.351391005591266126e-02 1.477495683887368461e-02
1.560749999999718511e+02 5.230183591438605784e-02 1.453244202582553053e-02
1.562250000000196053e+02 5.063061135347635133e-02 1.441966298383590313e-02
1.563750000000000000e+02 4.933801318714216289e-02 1.404333850619556880e-02
1.565249999999802810e+02 4.819566786790623752e-02 1.397580531520351867e-02
1.566750000000282341e+02 4.684489083105052715e-02 1.350080166345175164e-02
1.568249999999717659e+02 4.548948345871422355e-02 1.353767069701556497e-02
1.569750000000199748e+02 4.398010517097668964e-02 1.311775376679200945e-02
1.571250000000000000e+02 4.261401935867796531e-02 1.312434830660977325e-02
1.572749999999799115e+02 4.114862891996520083e-02 1.297099779403976944e-02
1.574250000000283194e+02 3.988047449613987827e-02 1.253334075558877950e-02
1.575749999999716522e+02 3.855051351556829098e-02 1.244431061120222261e-02
1.577250000000202874e+02 3.715852380803448540e-02 1.229488080936053974e-02
1.578750000000000000e+02 3.575046710910699532e-02 1.187424219975491933e-02
1.580249999999795705e+02 3.449901350888075896e-02 1.167636108687254357e-02
1.581750000000284047e+02 3.336715900385690825e-02 1.160529716671461486e-02
1.583249999999715669e+02 3.197701832385039383e-02 1.123834416647339317e-02
1.584750000000206569e+02 3.064424314310301711e-02 1.103062017826733979e-02
1.586250000000000000e+02 2.926921261783101830e-02 1.078385516090310699e-02
1.587749999999792294e+02 2.795814049390283815e-02 1.061162288656792435e-02
1.589250000000284899e+02 2.665191625500034842e-02 1.020433076745996467e-02
1.590749999999715101e+02 2.542006845171139798e-02 9.923052465516151582e-03
1.592250000000209980e+02 2.407251007875597232e-02 9.774938177202473558e-03
1.593750000000000000e+02 2.274484112663192892e-02 9.484481028981708861e-03
1.595249999999788884e+02 2.148034679887635134e-02 9.164974222330960277e-03
1.596750000000285752e+02 2.008045360673114954e-02 9.003029939664914522e-03
1.598249999999713964e+02 1.891561202924127785e-02 8.604683156868216456e-03
1.599750000000213390e+02 1.756907600063041183e-02 8.263346855099166360e-03
1.601250000000000000e+02 1.615440636441416861e-02 8.043239509629384471e-03
1.602749999999785473e+02 1.507808060960591501e-02 7.696869195575126686e-03
1.604250000000286605e+02 1.388779438838221199e-02 7.397501567354270238e-03
1.605749999999713395e+02 1.255724945576749442e-02 6.997268234688617562e-03
1.607250000000216517e+02 1.136254295969174773e-02 6.623879422542841046e-03
1.608750000000000000e+02 1.012669604320930172e-02 6.202599895655028055e-03
1.610249999999782062e+02 8.674560320169022801e-03 5.804941479806262523e-03
1.611750000000287457e+02 7.548419492179532161e-03 5.433758317761910872e-03
1.613249999999712543e+02 6.311384290649250939e-03 4.934827852208821877e-03
1.614750000000219927e+02 5.085989432972413959e-03 4.461837111046016748e-03
1.616250000000000000e+02 3.789368409751140993e-03 3.862660269599901396e-03
1.617749999999778652e+02 2.547603682943570032e-03 3.149904164268474936e-03
1.619250000000288310e+02 1.333370764500881175e-03 2.288418869640671503e-03
1.620749999999711406e+02 2.117457514863363205e-04 9.195722726382177855e-04
